time,low95:SS:Japan__all,SS:Japan__all,high95:SS:Japan__all,low95:IS:Japan__all,IS:Japan__all,high95:IS:Japan__all,low95:SI:Japan__all,SI:Japan__all,high95:SI:Japan__all,low95:RS:Japan__all,RS:Japan__all,high95:RS:Japan__all,low95:SR:Japan__all,SR:Japan__all,high95:SR:Japan__all,low95:IR:Japan__all,IR:Japan__all,high95:IR:Japan__all,low95:RI:Japan__all,RI:Japan__all,high95:RI:Japan__all,low95:RR:Japan__all,RR:Japan__all,high95:RR:Japan__all,low95:EV71_JAP__IASR__inc,EV71_JAP__IASR__inc,high95:EV71_JAP__IASR__inc,low95:CA16_JAP__IASR__inc,CA16_JAP__IASR__inc,high95:CA16_JAP__IASR__inc
0,7.22936e+06,7.22936e+06,7.22936e+06,1925.18,1925.18,1925.18,2128.51,2128.51,2128.51,2.38728e+06,2.38728e+06,2.38728e+06,2.73632e+06,2.73632e+06,2.73632e+06,2812.18,2812.18,2812.18,2921.96,2921.96,2921.96,1.14346e+08,1.14346e+08,1.14346e+08,0,0,0,0,0,0
1,7.23204e+06,7.23204e+06,7.23204e+06,1956.26,1956.26,1956.26,2161.37,2161.37,2161.37,2.38737e+06,2.38737e+06,2.38737e+06,2.73641e+06,2.73641e+06,2.73641e+06,2855.53,2855.53,2855.53,2968.6,2968.6,2968.6,1.14343e+08,1.14343e+08,1.14343e+08,1.46896,1.46896,1.46896,2.424,2.424,2.424
2,7.23442e+06,7.23442e+06,7.23442e+06,1986.33,1986.33,1986.33,2194.42,2194.42,2194.42,2.38746e+06,2.38746e+06,2.38746e+06,2.73651e+06,2.73651e+06,2.73651e+06,2898.94,2898.94,2898.94,3013.69,3013.69,3013.69,1.14349e+08,1.14349e+08,1.14349e+08,1.49174,1.49174,1.49174,2.46157,2.46157,2.46157
3,7.2365e+06,7.2365e+06,7.2365e+06,2015.74,2015.74,2015.74,2226.67,2226.67,2226.67,2.38757e+06,2.38757e+06,2.38757e+06,2.73663e+06,2.73663e+06,2.73663e+06,2941.5,2941.5,2941.5,3057.64,3057.64,3057.64,1.14355e+08,1.14355e+08,1.14355e+08,1.51412,1.51412,1.51412,2.49832,2.49832,2.49832
4,7.2383e+06,7.2383e+06,7.2383e+06,2044.51,2044.51,2044.51,2258.09,2258.09,2258.09,2.38768e+06,2.38768e+06,2.38768e+06,2.73675e+06,2.73675e+06,2.73675e+06,2983.18,2983.18,2983.18,3100.49,3100.49,3100.49,1.14361e+08,1.14361e+08,1.14361e+08,1.53603,1.53603,1.53603,2.53415,2.53415,2.53415
5,7.23982e+06,7.23982e+06,7.23982e+06,2072.6,2072.6,2072.6,2288.63,2288.63,2288.63,2.3878e+06,2.3878e+06,2.3878e+06,2.73687e+06,2.73687e+06,2.73687e+06,3023.93,3023.93,3023.93,3142.19,3142.19,3142.19,1.14368e+08,1.14368e+08,1.14368e+08,1.55746,1.55746,1.55746,2.56904,2.56904,2.56904
6,7.24106e+06,7.24106e+06,7.24106e+06,2100,2100,2100,2318.29,2318.29,2318.29,2.38794e+06,2.38794e+06,2.38794e+06,2.73701e+06,2.73701e+06,2.73701e+06,3063.71,3063.71,3063.71,3182.73,3182.73,3182.73,1.14375e+08,1.14375e+08,1.14375e+08,1.57838,1.57838,1.57838,2.60296,2.60296,2.60296
7,7.24204e+06,7.24204e+06,7.24204e+06,2126.68,2126.68,2126.68,2347.03,2347.03,2347.03,2.38808e+06,2.38808e+06,2.38808e+06,2.73715e+06,2.73715e+06,2.73715e+06,3102.49,3102.49,3102.49,3222.06,3222.06,3222.06,1.14383e+08,1.14383e+08,1.14383e+08,1.59879,1.59879,1.59879,2.63588,2.63588,2.63588
8,7.24277e+06,7.24277e+06,7.24277e+06,2152.62,2152.62,2152.62,2374.84,2374.84,2374.84,2.38822e+06,2.38822e+06,2.38822e+06,2.7373e+06,2.7373e+06,2.7373e+06,3140.23,3140.23,3140.23,3260.17,3260.17,3260.17,1.1439e+08,1.1439e+08,1.1439e+08,1.61865,1.61865,1.61865,2.66779,2.66779,2.66779
9,7.24324e+06,7.24324e+06,7.24324e+06,2177.78,2177.78,2177.78,2401.7,2401.7,2401.7,2.38838e+06,2.38838e+06,2.38838e+06,2.73746e+06,2.73746e+06,2.73746e+06,3176.91,3176.91,3176.91,3297.02,3297.02,3297.02,1.14398e+08,1.14398e+08,1.14398e+08,1.63796,1.63796,1.63796,2.69865,2.69865,2.69865
10,7.24347e+06,7.24347e+06,7.24347e+06,2202.15,2202.15,2202.15,2427.59,2427.59,2427.59,2.38855e+06,2.38855e+06,2.38855e+06,2.73762e+06,2.73762e+06,2.73762e+06,3212.48,3212.48,3212.48,3332.59,3332.59,3332.59,1.14406e+08,1.14406e+08,1.14406e+08,1.6567,1.6567,1.6567,2.72845,2.72845,2.72845
11,7.24348e+06,7.24348e+06,7.24348e+06,2225.7,2225.7,2225.7,2452.47,2452.47,2452.47,2.38872e+06,2.38872e+06,2.38872e+06,2.73779e+06,2.73779e+06,2.73779e+06,3246.91,3246.91,3246.91,3366.83,3366.83,3366.83,1.14414e+08,1.14414e+08,1.14414e+08,1.67484,1.67484,1.67484,2.75717,2.75717,2.75717
12,7.24326e+06,7.24326e+06,7.24326e+06,2248.4,2248.4,2248.4,2476.33,2476.33,2476.33,2.3889e+06,2.3889e+06,2.3889e+06,2.73796e+06,2.73796e+06,2.73796e+06,3280.14,3280.14,3280.14,3399.73,3399.73,3399.73,1.14423e+08,1.14423e+08,1.14423e+08,1.69236,1.69236,1.69236,2.78476,2.78476,2.78476
13,7.24282e+06,7.24282e+06,7.24282e+06,2270.21,2270.21,2270.21,2499.14,2499.14,2499.14,2.38909e+06,2.38909e+06,2.38909e+06,2.73814e+06,2.73814e+06,2.73814e+06,3312.14,3312.14,3312.14,3431.22,3431.22,3431.22,1.14431e+08,1.14431e+08,1.14431e+08,1.70925,1.70925,1.70925,2.81121,2.81121,2.81121
14,7.24218e+06,7.24218e+06,7.24218e+06,2291.11,2291.11,2291.11,2520.86,2520.86,2520.86,2.38928e+06,2.38928e+06,2.38928e+06,2.73832e+06,2.73832e+06,2.73832e+06,3342.85,3342.85,3342.85,3461.28,3461.28,3461.28,1.1444e+08,1.1444e+08,1.1444e+08,1.72547,1.72547,1.72547,2.83647,2.83647,2.83647
15,7.24135e+06,7.24135e+06,7.24135e+06,2311.05,2311.05,2311.05,2541.46,2541.46,2541.46,2.38948e+06,2.38948e+06,2.38948e+06,2.7385e+06,2.7385e+06,2.7385e+06,3372.21,3372.21,3372.21,3489.85,3489.85,3489.85,1.14449e+08,1.14449e+08,1.14449e+08,1.74099,1.74099,1.74099,2.86051,2.86051,2.86051
16,7.24033e+06,7.24033e+06,7.24033e+06,2329.99,2329.99,2329.99,2560.89,2560.89,2560.89,2.38969e+06,2.38969e+06,2.38969e+06,2.73868e+06,2.73868e+06,2.73868e+06,3400.16,3400.16,3400.16,3516.86,3516.86,3516.86,1.14458e+08,1.14458e+08,1.14458e+08,1.75579,1.75579,1.75579,2.88328,2.88328,2.88328
17,7.23914e+06,7.23914e+06,7.23914e+06,2347.88,2347.88,2347.88,2579.12,2579.12,2579.12,2.38991e+06,2.38991e+06,2.38991e+06,2.73887e+06,2.73887e+06,2.73887e+06,3426.61,3426.61,3426.61,3542.26,3542.26,3542.26,1.14468e+08,1.14468e+08,1.14468e+08,1.76983,1.76983,1.76983,2.90473,2.90473,2.90473
18,7.23778e+06,7.23778e+06,7.23778e+06,2364.66,2364.66,2364.66,2596.09,2596.09,2596.09,2.39013e+06,2.39013e+06,2.39013e+06,2.73905e+06,2.73905e+06,2.73905e+06,3451.5,3451.5,3451.5,3565.98,3565.98,3565.98,1.14477e+08,1.14477e+08,1.14477e+08,1.78306,1.78306,1.78306,2.92481,2.92481,2.92481
19,7.23628e+06,7.23628e+06,7.23628e+06,2380.29,2380.29,2380.29,2611.75,2611.75,2611.75,2.39035e+06,2.39035e+06,2.39035e+06,2.73924e+06,2.73924e+06,2.73924e+06,3474.74,3474.74,3474.74,3587.94,3587.94,3587.94,1.14487e+08,1.14487e+08,1.14487e+08,1.79546,1.79546,1.79546,2.94346,2.94346,2.94346
20,7.23463e+06,7.23463e+06,7.23463e+06,2394.7,2394.7,2394.7,2626.05,2626.05,2626.05,2.39059e+06,2.39059e+06,2.39059e+06,2.73943e+06,2.73943e+06,2.73943e+06,3496.25,3496.25,3496.25,3608.08,3608.08,3608.08,1.14497e+08,1.14497e+08,1.14497e+08,1.80697,1.80697,1.80697,2.96062,2.96062,2.96062
21,7.23286e+06,7.23286e+06,7.23286e+06,2407.84,2407.84,2407.84,2638.93,2638.93,2638.93,2.39082e+06,2.39082e+06,2.39082e+06,2.73962e+06,2.73962e+06,2.73962e+06,3515.93,3515.93,3515.93,3626.3,3626.3,3626.3,1.14507e+08,1.14507e+08,1.14507e+08,1.81755,1.81755,1.81755,2.97623,2.97623,2.97623
22,7.23097e+06,7.23097e+06,7.23097e+06,2419.64,2419.64,2419.64,2650.34,2650.34,2650.34,2.39106e+06,2.39106e+06,2.39106e+06,2.7398e+06,2.7398e+06,2.7398e+06,3533.7,3533.7,3533.7,3642.53,3642.53,3642.53,1.14517e+08,1.14517e+08,1.14517e+08,1.82715,1.82715,1.82715,2.99022,2.99022,2.99022
23,7.22898e+06,7.22898e+06,7.22898e+06,2430.05,2430.05,2430.05,2660.22,2660.22,2660.22,2.39131e+06,2.39131e+06,2.39131e+06,2.73999e+06,2.73999e+06,2.73999e+06,3549.46,3549.46,3549.46,3656.69,3656.69,3656.69,1.14527e+08,1.14527e+08,1.14527e+08,1.83573,1.83573,1.83573,3.00253,3.00253,3.00253
24,7.22691e+06,7.22691e+06,7.22691e+06,2439.01,2439.01,2439.01,2668.52,2668.52,2668.52,2.39156e+06,2.39156e+06,2.39156e+06,2.74018e+06,2.74018e+06,2.74018e+06,3563.12,3563.12,3563.12,3668.71,3668.71,3668.71,1.14538e+08,1.14538e+08,1.14538e+08,1.84324,1.84324,1.84324,3.0131,3.0131,3.0131
25,7.22476e+06,7.22476e+06,7.22476e+06,2446.47,2446.47,2446.47,2675.19,2675.19,2675.19,2.39181e+06,2.39181e+06,2.39181e+06,2.74036e+06,2.74036e+06,2.74036e+06,3574.61,3574.61,3574.61,3678.51,3678.51,3678.51,1.14548e+08,1.14548e+08,1.14548e+08,1.84963,1.84963,1.84963,3.02187,3.02187,3.02187
26,7.22256e+06,7.22256e+06,7.22256e+06,2452.36,2452.36,2452.36,2680.19,2680.19,2680.19,2.39207e+06,2.39207e+06,2.39207e+06,2.74054e+06,2.74054e+06,2.74054e+06,3583.83,3583.83,3583.83,3686.04,3686.04,3686.04,1.14558e+08,1.14558e+08,1.14558e+08,1.85487,1.85487,1.85487,3.02877,3.02877,3.02877
27,7.22032e+06,7.22032e+06,7.22032e+06,2456.66,2456.66,2456.66,2683.48,2683.48,2683.48,2.39232e+06,2.39232e+06,2.39232e+06,2.74072e+06,2.74072e+06,2.74072e+06,3590.74,3590.74,3590.74,3691.23,3691.23,3691.23,1.14569e+08,1.14569e+08,1.14569e+08,1.85893,1.85893,1.85893,3.03378,3.03378,3.03378
28,7.21805e+06,7.21805e+06,7.21805e+06,2459.32,2459.32,2459.32,2685.04,2685.04,2685.04,2.39258e+06,2.39258e+06,2.39258e+06,2.7409e+06,2.7409e+06,2.7409e+06,3595.25,3595.25,3595.25,3694.04,3694.04,3694.04,1.14579e+08,1.14579e+08,1.14579e+08,1.86176,1.86176,1.86176,3.03684,3.03684,3.03684
29,7.21578e+06,7.21578e+06,7.21578e+06,2460.32,2460.32,2460.32,2684.85,2684.85,2684.85,2.39284e+06,2.39284e+06,2.39284e+06,2.74107e+06,2.74107e+06,2.74107e+06,3597.35,3597.35,3597.35,3694.45,3694.45,3694.45,1.1459e+08,1.1459e+08,1.1459e+08,1.86334,1.86334,1.86334,3.03794,3.03794,3.03794
30,7.21351e+06,7.21351e+06,7.21351e+06,2459.64,2459.64,2459.64,2682.9,2682.9,2682.9,2.39311e+06,2.39311e+06,2.39311e+06,2.74124e+06,2.74124e+06,2.74124e+06,3596.99,3596.99,3596.99,3692.44,3692.44,3692.44,1.146e+08,1.146e+08,1.146e+08,1.86365,1.86365,1.86365,3.03705,3.03705,3.03705
31,7.21127e+06,7.21127e+06,7.21127e+06,2457.29,2457.29,2457.29,2679.21,2679.21,2679.21,2.39337e+06,2.39337e+06,2.39337e+06,2.74141e+06,2.74141e+06,2.74141e+06,3594.16,3594.16,3594.16,3688.02,3688.02,3688.02,1.14611e+08,1.14611e+08,1.14611e+08,1.8627,1.8627,1.8627,3.03417,3.03417,3.03417
32,7.20906e+06,7.20906e+06,7.20906e+06,2453.26,2453.26,2453.26,2673.78,2673.78,2673.78,2.39363e+06,2.39363e+06,2.39363e+06,2.74157e+06,2.74157e+06,2.74157e+06,3588.89,3588.89,3588.89,3681.22,3681.22,3681.22,1.14621e+08,1.14621e+08,1.14621e+08,1.86047,1.86047,1.86047,3.02932,3.02932,3.02932
33,7.20691e+06,7.20691e+06,7.20691e+06,2447.59,2447.59,2447.59,2666.67,2666.67,2666.67,2.39389e+06,2.39389e+06,2.39389e+06,2.74174e+06,2.74174e+06,2.74174e+06,3581.19,3581.19,3581.19,3672.07,3672.07,3672.07,1.14632e+08,1.14632e+08,1.14632e+08,1.85698,1.85698,1.85698,3.02254,3.02254,3.02254
34,7.20483e+06,7.20483e+06,7.20483e+06,2440.31,2440.31,2440.31,2657.91,2657.91,2657.91,2.39415e+06,2.39415e+06,2.39415e+06,2.74189e+06,2.74189e+06,2.74189e+06,3571.12,3571.12,3571.12,3660.65,3660.65,3660.65,1.14642e+08,1.14642e+08,1.14642e+08,1.85225,1.85225,1.85225,3.01386,3.01386,3.01386
35,7.20283e+06,7.20283e+06,7.20283e+06,2431.48,2431.48,2431.48,2647.59,2647.59,2647.59,2.39441e+06,2.39441e+06,2.39441e+06,2.74204e+06,2.74204e+06,2.74204e+06,3558.76,3558.76,3558.76,3647.04,3647.04,3647.04,1.14652e+08,1.14652e+08,1.14652e+08,1.84632,1.84632,1.84632,3.00335,3.00335,3.00335
36,7.20094e+06,7.20094e+06,7.20094e+06,2421.17,2421.17,2421.17,2635.77,2635.77,2635.77,2.39467e+06,2.39467e+06,2.39467e+06,2.74219e+06,2.74219e+06,2.74219e+06,3544.19,3544.19,3544.19,3631.35,3631.35,3631.35,1.14663e+08,1.14663e+08,1.14663e+08,1.83923,1.83923,1.83923,2.99109,2.99109,2.99109
37,7.19915e+06,7.19915e+06,7.19915e+06,2409.45,2409.45,2409.45,2622.56,2622.56,2622.56,2.39492e+06,2.39492e+06,2.39492e+06,2.74234e+06,2.74234e+06,2.74234e+06,3527.55,3527.55,3527.55,3613.7,3613.7,3613.7,1.14673e+08,1.14673e+08,1.14673e+08,1.83103,1.83103,1.83103,2.97718,2.97718,2.97718
38,7.19749e+06,7.19749e+06,7.19749e+06,2396.43,2396.43,2396.43,2608.06,2608.06,2608.06,2.39517e+06,2.39517e+06,2.39517e+06,2.74248e+06,2.74248e+06,2.74248e+06,3508.95,3508.95,3508.95,3594.25,3594.25,3594.25,1.14682e+08,1.14682e+08,1.14682e+08,1.8218,1.8218,1.8218,2.96174,2.96174,2.96174
39,7.19597e+06,7.19597e+06,7.19597e+06,2382.21,2382.21,2382.21,2592.39,2592.39,2592.39,2.39542e+06,2.39542e+06,2.39542e+06,2.74261e+06,2.74261e+06,2.74261e+06,3488.56,3488.56,3488.56,3573.16,3573.16,3573.16,1.14692e+08,1.14692e+08,1.14692e+08,1.8116,1.8116,1.8116,2.94489,2.94489,2.94489
40,7.19459e+06,7.19459e+06,7.19459e+06,2366.91,2366.91,2366.91,2575.69,2575.69,2575.69,2.39566e+06,2.39566e+06,2.39566e+06,2.74275e+06,2.74275e+06,2.74275e+06,3466.56,3466.56,3466.56,3550.6,3550.6,3550.6,1.14702e+08,1.14702e+08,1.14702e+08,1.80053,1.80053,1.80053,2.92678,2.92678,2.92678
41,7.19337e+06,7.19337e+06,7.19337e+06,2350.67,2350.67,2350.67,2558.11,2558.11,2558.11,2.3959e+06,2.3959e+06,2.3959e+06,2.74287e+06,2.74287e+06,2.74287e+06,3443.13,3443.13,3443.13,3526.78,3526.78,3526.78,1.14711e+08,1.14711e+08,1.14711e+08,1.78869,1.78869,1.78869,2.90756,2.90756,2.90756
42,7.1923e+06,7.1923e+06,7.1923e+06,2333.62,2333.62,2333.62,2539.78,2539.78,2539.78,2.39613e+06,2.39613e+06,2.39613e+06,2.743e+06,2.743e+06,2.743e+06,3418.48,3418.48,3418.48,3501.9,3501.9,3501.9,1.1472e+08,1.1472e+08,1.1472e+08,1.77616,1.77616,1.77616,2.8874,2.8874,2.8874
43,7.19141e+06,7.19141e+06,7.19141e+06,2315.9,2315.9,2315.9,2520.87,2520.87,2520.87,2.39635e+06,2.39635e+06,2.39635e+06,2.74312e+06,2.74312e+06,2.74312e+06,3392.81,3392.81,3392.81,3476.17,3476.17,3476.17,1.14729e+08,1.14729e+08,1.14729e+08,1.76306,1.76306,1.76306,2.86647,2.86647,2.86647
44,7.19069e+06,7.19069e+06,7.19069e+06,2297.68,2297.68,2297.68,2501.54,2501.54,2501.54,2.39657e+06,2.39657e+06,2.39657e+06,2.74324e+06,2.74324e+06,2.74324e+06,3366.35,3366.35,3366.35,3449.82,3449.82,3449.82,1.14738e+08,1.14738e+08,1.14738e+08,1.7495,1.7495,1.7495,2.84495,2.84495,2.84495
45,7.19014e+06,7.19014e+06,7.19014e+06,2279.1,2279.1,2279.1,2481.95,2481.95,2481.95,2.39679e+06,2.39679e+06,2.39679e+06,2.74335e+06,2.74335e+06,2.74335e+06,3339.33,3339.33,3339.33,3423.06,3423.06,3423.06,1.14747e+08,1.14747e+08,1.14747e+08,1.73561,1.73561,1.73561,2.82302,2.82302,2.82302
46,7.18977e+06,7.18977e+06,7.18977e+06,2260.32,2260.32,2260.32,2462.26,2462.26,2462.26,2.397e+06,2.397e+06,2.397e+06,2.74346e+06,2.74346e+06,2.74346e+06,3311.96,3311.96,3311.96,3396.12,3396.12,3396.12,1.14755e+08,1.14755e+08,1.14755e+08,1.72148,1.72148,1.72148,2.80087,2.80087,2.80087
47,7.18958e+06,7.18958e+06,7.18958e+06,2241.48,2241.48,2241.48,2442.64,2442.64,2442.64,2.3972e+06,2.3972e+06,2.3972e+06,2.74357e+06,2.74357e+06,2.74357e+06,3284.48,3284.48,3284.48,3369.23,3369.23,3369.23,1.14763e+08,1.14763e+08,1.14763e+08,1.70725,1.70725,1.70725,2.77867,2.77867,2.77867
48,7.18956e+06,7.18956e+06,7.18956e+06,2222.75,2222.75,2222.75,2423.23,2423.23,2423.23,2.39739e+06,2.39739e+06,2.39739e+06,2.74367e+06,2.74367e+06,2.74367e+06,3257.11,3257.11,3257.11,3342.6,3342.6,3342.6,1.14771e+08,1.14771e+08,1.14771e+08,1.69302,1.69302,1.69302,2.75662,2.75662,2.75662
49,7.18972e+06,7.18972e+06,7.18972e+06,2204.27,2204.27,2204.27,2404.2,2404.2,2404.2,2.39758e+06,2.39758e+06,2.39758e+06,2.74377e+06,2.74377e+06,2.74377e+06,3230.07,3230.07,3230.07,3316.45,3316.45,3316.45,1.14779e+08,1.14779e+08,1.14779e+08,1.67892,1.67892,1.67892,2.73489,2.73489,2.73489
50,7.19004e+06,7.19004e+06,7.19004e+06,2186.18,2186.18,2186.18,2385.69,2385.69,2385.69,2.39776e+06,2.39776e+06,2.39776e+06,2.74387e+06,2.74387e+06,2.74387e+06,3203.56,3203.56,3203.56,3290.97,3290.97,3290.97,1.14786e+08,1.14786e+08,1.14786e+08,1.66505,1.66505,1.66505,2.71365,2.71365,2.71365
51,7.19053e+06,7.19053e+06,7.19053e+06,2168.62,2168.62,2168.62,2367.84,2367.84,2367.84,2.39794e+06,2.39794e+06,2.39794e+06,2.74397e+06,2.74397e+06,2.74397e+06,3177.79,3177.79,3177.79,3266.36,3266.36,3266.36,1.14793e+08,1.14793e+08,1.14793e+08,1.65151,1.65151,1.65151,2.69305,2.69305,2.69305
52,7.19117e+06,7.19117e+06,7.19117e+06,2151.71,2151.71,2151.71,2350.77,2350.77,2350.77,2.3981e+06,2.3981e+06,2.3981e+06,2.74406e+06,2.74406e+06,2.74406e+06,3152.94,3152.94,3152.94,3242.8,3242.8,3242.8,1.148e+08,1.148e+08,1.148e+08,1.63841,1.63841,1.63841,2.67325,2.67325,2.67325
53,7.19197e+06,7.19197e+06,7.19197e+06,2135.57,2135.57,2135.57,2334.6,2334.6,2334.6,2.39827e+06,2.39827e+06,2.39827e+06,2.74416e+06,2.74416e+06,2.74416e+06,3129.19,3129.19,3129.19,3220.45,3220.45,3220.45,1.14807e+08,1.14807e+08,1.14807e+08,1.62584,1.62584,1.62584,2.6544,2.6544,2.6544
54,7.1929e+06,7.1929e+06,7.1929e+06,2120.3,2120.3,2120.3,2319.45,2319.45,2319.45,2.39842e+06,2.39842e+06,2.39842e+06,2.74425e+06,2.74425e+06,2.74425e+06,3106.69,3106.69,3106.69,3199.47,3199.47,3199.47,1.14814e+08,1.14814e+08,1.14814e+08,1.61389,1.61389,1.61389,2.63661,2.63661,2.63661
55,7.19396e+06,7.19396e+06,7.19396e+06,2106.01,2106.01,2106.01,2305.4,2305.4,2305.4,2.39857e+06,2.39857e+06,2.39857e+06,2.74434e+06,2.74434e+06,2.74434e+06,3085.6,3085.6,3085.6,3179.99,3179.99,3179.99,1.1482e+08,1.1482e+08,1.1482e+08,1.60264,1.60264,1.60264,2.62002,2.62002,2.62002
56,7.19515e+06,7.19515e+06,7.19515e+06,2092.78,2092.78,2092.78,2292.55,2292.55,2292.55,2.39871e+06,2.39871e+06,2.39871e+06,2.74443e+06,2.74443e+06,2.74443e+06,3066.04,3066.04,3066.04,3162.13,3162.13,3162.13,1.14826e+08,1.14826e+08,1.14826e+08,1.59214,1.59214,1.59214,2.60471,2.60471,2.60471
57,7.19644e+06,7.19644e+06,7.19644e+06,2080.69,2080.69,2080.69,2280.97,2280.97,2280.97,2.39884e+06,2.39884e+06,2.39884e+06,2.74453e+06,2.74453e+06,2.74453e+06,3048.13,3048.13,3048.13,3145.99,3145.99,3145.99,1.14832e+08,1.14832e+08,1.14832e+08,1.58248,1.58248,1.58248,2.59079,2.59079,2.59079
58,7.19782e+06,7.19782e+06,7.19782e+06,2069.79,2069.79,2069.79,2270.71,2270.71,2270.71,2.39897e+06,2.39897e+06,2.39897e+06,2.74462e+06,2.74462e+06,2.74462e+06,3031.95,3031.95,3031.95,3131.66,3131.66,3131.66,1.14838e+08,1.14838e+08,1.14838e+08,1.57369,1.57369,1.57369,2.57833,2.57833,2.57833
59,7.1993e+06,7.1993e+06,7.1993e+06,2060.15,2060.15,2060.15,2261.82,2261.82,2261.82,2.3991e+06,2.3991e+06,2.3991e+06,2.74471e+06,2.74471e+06,2.74471e+06,3017.59,3017.59,3017.59,3119.21,3119.21,3119.21,1.14844e+08,1.14844e+08,1.14844e+08,1.56583,1.56583,1.56583,2.5674,2.5674,2.5674
60,7.20084e+06,7.20084e+06,7.20084e+06,2051.8,2051.8,2051.8,2254.35,2254.35,2254.35,2.39922e+06,2.39922e+06,2.39922e+06,2.7448e+06,2.7448e+06,2.7448e+06,3005.11,3005.11,3005.11,3108.69,3108.69,3108.69,1.14849e+08,1.14849e+08,1.14849e+08,1.55893,1.55893,1.55893,2.55803,2.55803,2.55803
61,7.20244e+06,7.20244e+06,7.20244e+06,2044.76,2044.76,2044.76,2248.31,2248.31,2248.31,2.39933e+06,2.39933e+06,2.39933e+06,2.74489e+06,2.74489e+06,2.74489e+06,2994.55,2994.55,2994.55,3100.14,3100.14,3100.14,1.14855e+08,1.14855e+08,1.14855e+08,1.55302,1.55302,1.55302,2.55027,2.55027,2.55027
62,7.20409e+06,7.20409e+06,7.20409e+06,2039.07,2039.07,2039.07,2243.72,2243.72,2243.72,2.39944e+06,2.39944e+06,2.39944e+06,2.74499e+06,2.74499e+06,2.74499e+06,2985.93,2985.93,2985.93,3093.56,3093.56,3093.56,1.1486e+08,1.1486e+08,1.1486e+08,1.54811,1.54811,1.54811,2.54414,2.54414,2.54414
63,7.20577e+06,7.20577e+06,7.20577e+06,2034.71,2034.71,2034.71,2240.58,2240.58,2240.58,2.39955e+06,2.39955e+06,2.39955e+06,2.74508e+06,2.74508e+06,2.74508e+06,2979.28,2979.28,2979.28,3088.98,3088.98,3088.98,1.14865e+08,1.14865e+08,1.14865e+08,1.54422,1.54422,1.54422,2.53964,2.53964,2.53964
64,7.20747e+06,7.20747e+06,7.20747e+06,2031.69,2031.69,2031.69,2238.86,2238.86,2238.86,2.39965e+06,2.39965e+06,2.39965e+06,2.74518e+06,2.74518e+06,2.74518e+06,2974.59,2974.59,2974.59,3086.36,3086.36,3086.36,1.1487e+08,1.1487e+08,1.1487e+08,1.54134,1.54134,1.54134,2.53677,2.53677,2.53677
65,7.20918e+06,7.20918e+06,7.20918e+06,2030,2030,2030,2238.56,2238.56,2238.56,2.39975e+06,2.39975e+06,2.39975e+06,2.74528e+06,2.74528e+06,2.74528e+06,2971.83,2971.83,2971.83,3085.69,3085.69,3085.69,1.14875e+08,1.14875e+08,1.14875e+08,1.53947,1.53947,1.53947,2.53551,2.53551,2.53551
66,7.21088e+06,7.21088e+06,7.21088e+06,2029.6,2029.6,2029.6,2239.64,2239.64,2239.64,2.39984e+06,2.39984e+06,2.39984e+06,2.74538e+06,2.74538e+06,2.74538e+06,2970.97,2970.97,2970.97,3086.91,3086.91,3086.91,1.14879e+08,1.14879e+08,1.14879e+08,1.53859,1.53859,1.53859,2.53583,2.53583,2.53583
67,7.21256e+06,7.21256e+06,7.21256e+06,2030.45,2030.45,2030.45,2242.04,2242.04,2242.04,2.39994e+06,2.39994e+06,2.39994e+06,2.74548e+06,2.74548e+06,2.74548e+06,2971.95,2971.95,2971.95,3089.97,3089.97,3089.97,1.14884e+08,1.14884e+08,1.14884e+08,1.53868,1.53868,1.53868,2.53768,2.53768,2.53768
68,7.21421e+06,7.21421e+06,7.21421e+06,2032.52,2032.52,2032.52,2245.72,2245.72,2245.72,2.40003e+06,2.40003e+06,2.40003e+06,2.74559e+06,2.74559e+06,2.74559e+06,2974.71,2974.71,2974.71,3094.78,3094.78,3094.78,1.14889e+08,1.14889e+08,1.14889e+08,1.53971,1.53971,1.53971,2.54101,2.54101,2.54101
69,7.21582e+06,7.21582e+06,7.21582e+06,2035.74,2035.74,2035.74,2250.61,2250.61,2250.61,2.40012e+06,2.40012e+06,2.40012e+06,2.7457e+06,2.7457e+06,2.7457e+06,2979.17,2979.17,2979.17,3101.27,3101.27,3101.27,1.14893e+08,1.14893e+08,1.14893e+08,1.54164,1.54164,1.54164,2.54575,2.54575,2.54575
70,7.21738e+06,7.21738e+06,7.21738e+06,2040.05,2040.05,2040.05,2256.63,2256.63,2256.63,2.40021e+06,2.40021e+06,2.40021e+06,2.74581e+06,2.74581e+06,2.74581e+06,2985.23,2985.23,2985.23,3109.32,3109.32,3109.32,1.14897e+08,1.14897e+08,1.14897e+08,1.54442,1.54442,1.54442,2.55181,2.55181,2.55181
71,7.21888e+06,7.21888e+06,7.21888e+06,2045.38,2045.38,2045.38,2263.69,2263.69,2263.69,2.40029e+06,2.40029e+06,2.40029e+06,2.74593e+06,2.74593e+06,2.74593e+06,2992.79,2992.79,2992.79,3118.81,3118.81,3118.81,1.14902e+08,1.14902e+08,1.14902e+08,1.548,1.548,1.548,2.55911,2.55911,2.55911
72,7.2203e+06,7.2203e+06,7.2203e+06,2051.64,2051.64,2051.64,2271.71,2271.71,2271.71,2.40038e+06,2.40038e+06,2.40038e+06,2.74605e+06,2.74605e+06,2.74605e+06,3001.73,3001.73,3001.73,3129.63,3129.63,3129.63,1.14906e+08,1.14906e+08,1.14906e+08,1.55233,1.55233,1.55233,2.56755,2.56755,2.56755
73,7.22165e+06,7.22165e+06,7.22165e+06,2058.74,2058.74,2058.74,2280.57,2280.57,2280.57,2.40047e+06,2.40047e+06,2.40047e+06,2.74617e+06,2.74617e+06,2.74617e+06,3011.91,3011.91,3011.91,3141.63,3141.63,3141.63,1.1491e+08,1.1491e+08,1.1491e+08,1.55733,1.55733,1.55733,2.57701,2.57701,2.57701
74,7.22291e+06,7.22291e+06,7.22291e+06,2066.58,2066.58,2066.58,2290.17,2290.17,2290.17,2.40055e+06,2.40055e+06,2.40055e+06,2.7463e+06,2.7463e+06,2.7463e+06,3023.2,3023.2,3023.2,3154.66,3154.66,3154.66,1.14914e+08,1.14914e+08,1.14914e+08,1.56294,1.56294,1.56294,2.58738,2.58738,2.58738
75,7.22408e+06,7.22408e+06,7.22408e+06,2075.07,2075.07,2075.07,2300.39,2300.39,2300.39,2.40064e+06,2.40064e+06,2.40064e+06,2.74643e+06,2.74643e+06,2.74643e+06,3035.45,3035.45,3035.45,3168.56,3168.56,3168.56,1.14918e+08,1.14918e+08,1.14918e+08,1.56908,1.56908,1.56908,2.59852,2.59852,2.59852
76,7.22516e+06,7.22516e+06,7.22516e+06,2084.08,2084.08,2084.08,2311.11,2311.11,2311.11,2.40073e+06,2.40073e+06,2.40073e+06,2.74657e+06,2.74657e+06,2.74657e+06,3048.48,3048.48,3048.48,3183.16,3183.16,3183.16,1.14922e+08,1.14922e+08,1.14922e+08,1.57567,1.57567,1.57567,2.6103,2.6103,2.6103
77,7.22613e+06,7.22613e+06,7.22613e+06,2093.51,2093.51,2093.51,2322.19,2322.19,2322.19,2.40082e+06,2.40082e+06,2.40082e+06,2.7467e+06,2.7467e+06,2.7467e+06,3062.15,3062.15,3062.15,3198.29,3198.29,3198.29,1.14927e+08,1.14927e+08,1.14927e+08,1.58262,1.58262,1.58262,2.62258,2.62258,2.62258
78,7.227e+06,7.227e+06,7.227e+06,2103.24,2103.24,2103.24,2333.52,2333.52,2333.52,2.40091e+06,2.40091e+06,2.40091e+06,2.74684e+06,2.74684e+06,2.74684e+06,3076.27,3076.27,3076.27,3213.77,3213.77,3213.77,1.14931e+08,1.14931e+08,1.14931e+08,1.58985,1.58985,1.58985,2.63522,2.63522,2.63522
79,7.22776e+06,7.22776e+06,7.22776e+06,2113.14,2113.14,2113.14,2344.95,2344.95,2344.95,2.401e+06,2.401e+06,2.401e+06,2.74699e+06,2.74699e+06,2.74699e+06,3090.67,3090.67,3090.67,3229.41,3229.41,3229.41,1.14934e+08,1.14934e+08,1.14934e+08,1.59726,1.59726,1.59726,2.64806,2.64806,2.64806
80,7.22842e+06,7.22842e+06,7.22842e+06,2123.1,2123.1,2123.1,2356.35,2356.35,2356.35,2.40109e+06,2.40109e+06,2.40109e+06,2.74714e+06,2.74714e+06,2.74714e+06,3105.17,3105.17,3105.17,3245.03,3245.03,3245.03,1.14938e+08,1.14938e+08,1.14938e+08,1.60477,1.60477,1.60477,2.66095,2.66095,2.66095
81,7.22898e+06,7.22898e+06,7.22898e+06,2133,2133,2133,2367.59,2367.59,2367.59,2.40119e+06,2.40119e+06,2.40119e+06,2.74729e+06,2.74729e+06,2.74729e+06,3119.6,3119.6,3119.6,3260.45,3260.45,3260.45,1.14942e+08,1.14942e+08,1.14942e+08,1.61229,1.61229,1.61229,2.67374,2.67374,2.67374
82,7.22943e+06,7.22943e+06,7.22943e+06,2142.71,2142.71,2142.71,2378.54,2378.54,2378.54,2.40128e+06,2.40128e+06,2.40128e+06,2.74745e+06,2.74745e+06,2.74745e+06,3133.79,3133.79,3133.79,3275.48,3275.48,3275.48,1.14946e+08,1.14946e+08,1.14946e+08,1.61971,1.61971,1.61971,2.68629,2.68629,2.68629
83,7.22978e+06,7.22978e+06,7.22978e+06,2152.11,2152.11,2152.11,2389.07,2389.07,2389.07,2.40138e+06,2.40138e+06,2.40138e+06,2.7476e+06,2.7476e+06,2.7476e+06,3147.55,3147.55,3147.55,3289.97,3289.97,3289.97,1.1495e+08,1.1495e+08,1.1495e+08,1.62696,1.62696,1.62696,2.69845,2.69845,2.69845
84,7.23004e+06,7.23004e+06,7.23004e+06,2161.11,2161.11,2161.11,2399.06,2399.06,2399.06,2.40149e+06,2.40149e+06,2.40149e+06,2.74777e+06,2.74777e+06,2.74777e+06,3160.73,3160.73,3160.73,3303.73,3303.73,3303.73,1.14954e+08,1.14954e+08,1.14954e+08,1.63394,1.63394,1.63394,2.71007,2.71007,2.71007
85,7.23021e+06,7.23021e+06,7.23021e+06,2169.59,2169.59,2169.59,2408.4,2408.4,2408.4,2.40159e+06,2.40159e+06,2.40159e+06,2.74793e+06,2.74793e+06,2.74793e+06,3173.18,3173.18,3173.18,3316.61,3316.61,3316.61,1.14958e+08,1.14958e+08,1.14958e+08,1.64058,1.64058,1.64058,2.72103,2.72103,2.72103
86,7.2303e+06,7.2303e+06,7.2303e+06,2177.45,2177.45,2177.45,2416.99,2416.99,2416.99,2.4017e+06,2.4017e+06,2.4017e+06,2.74809e+06,2.74809e+06,2.74809e+06,3184.74,3184.74,3184.74,3328.48,3328.48,3328.48,1.14961e+08,1.14961e+08,1.14961e+08,1.64679,1.64679,1.64679,2.7312,2.7312,2.7312
87,7.23031e+06,7.23031e+06,7.23031e+06,2184.61,2184.61,2184.61,2424.73,2424.73,2424.73,2.4018e+06,2.4018e+06,2.4018e+06,2.74826e+06,2.74826e+06,2.74826e+06,3195.3,3195.3,3195.3,3339.2,3339.2,3339.2,1.14965e+08,1.14965e+08,1.14965e+08,1.65251,1.65251,1.65251,2.74047,2.74047,2.74047
88,7.23025e+06,7.23025e+06,7.23025e+06,2190.99,2190.99,2190.99,2431.55,2431.55,2431.55,2.40192e+06,2.40192e+06,2.40192e+06,2.74843e+06,2.74843e+06,2.74843e+06,3204.73,3204.73,3204.73,3348.66,3348.66,3348.66,1.14969e+08,1.14969e+08,1.14969e+08,1.65767,1.65767,1.65767,2.74875,2.74875,2.74875
89,7.23013e+06,7.23013e+06,7.23013e+06,2196.53,2196.53,2196.53,2437.38,2437.38,2437.38,2.40203e+06,2.40203e+06,2.40203e+06,2.7486e+06,2.7486e+06,2.7486e+06,3212.95,3212.95,3212.95,3356.78,3356.78,3356.78,1.14972e+08,1.14972e+08,1.14972e+08,1.66222,1.66222,1.66222,2.75595,2.75595,2.75595
90,7.22997e+06,7.22997e+06,7.22997e+06,2201.18,2201.18,2201.18,2442.18,2442.18,2442.18,2.40214e+06,2.40214e+06,2.40214e+06,2.74877e+06,2.74877e+06,2.74877e+06,3219.87,3219.87,3219.87,3363.48,3363.48,3363.48,1.14976e+08,1.14976e+08,1.14976e+08,1.66612,1.66612,1.66612,2.76202,2.76202,2.76202
91,7.22976e+06,7.22976e+06,7.22976e+06,2204.9,2204.9,2204.9,2445.9,2445.9,2445.9,2.40226e+06,2.40226e+06,2.40226e+06,2.74895e+06,2.74895e+06,2.74895e+06,3225.45,3225.45,3225.45,3368.72,3368.72,3368.72,1.14979e+08,1.14979e+08,1.14979e+08,1.66934,1.66934,1.66934,2.76689,2.76689,2.76689
92,7.22952e+06,7.22952e+06,7.22952e+06,2207.68,2207.68,2207.68,2448.54,2448.54,2448.54,2.40238e+06,2.40238e+06,2.40238e+06,2.74912e+06,2.74912e+06,2.74912e+06,3229.64,3229.64,3229.64,3372.48,3372.48,3372.48,1.14983e+08,1.14983e+08,1.14983e+08,1.67184,1.67184,1.67184,2.77055,2.77055,2.77055
93,7.22925e+06,7.22925e+06,7.22925e+06,2209.49,2209.49,2209.49,2450.1,2450.1,2450.1,2.4025e+06,2.4025e+06,2.4025e+06,2.74929e+06,2.74929e+06,2.74929e+06,3232.45,3232.45,3232.45,3374.74,3374.74,3374.74,1.14986e+08,1.14986e+08,1.14986e+08,1.67362,1.67362,1.67362,2.77298,2.77298,2.77298
94,7.22898e+06,7.22898e+06,7.22898e+06,2210.36,2210.36,2210.36,2450.58,2450.58,2450.58,2.40262e+06,2.40262e+06,2.40262e+06,2.74946e+06,2.74946e+06,2.74946e+06,3233.87,3233.87,3233.87,3375.54,3375.54,3375.54,1.1499e+08,1.1499e+08,1.1499e+08,1.67468,1.67468,1.67468,2.77419,2.77419,2.77419
95,7.2287e+06,7.2287e+06,7.2287e+06,2210.31,2210.31,2210.31,2450.04,2450.04,2450.04,2.40274e+06,2.40274e+06,2.40274e+06,2.74964e+06,2.74964e+06,2.74964e+06,3233.94,3233.94,3233.94,3374.91,3374.91,3374.91,1.14993e+08,1.14993e+08,1.14993e+08,1.67504,1.67504,1.67504,2.77422,2.77422,2.77422
96,7.22842e+06,7.22842e+06,7.22842e+06,2209.37,2209.37,2209.37,2448.5,2448.5,2448.5,2.40287e+06,2.40287e+06,2.40287e+06,2.74981e+06,2.74981e+06,2.74981e+06,3232.72,3232.72,3232.72,3372.93,3372.93,3372.93,1.14996e+08,1.14996e+08,1.14996e+08,1.6747,1.6747,1.6747,2.77309,2.77309,2.77309
97,7.22816e+06,7.22816e+06,7.22816e+06,2207.59,2207.59,2207.59,2446.05,2446.05,2446.05,2.40299e+06,2.40299e+06,2.40299e+06,2.74998e+06,2.74998e+06,2.74998e+06,3230.27,3230.27,3230.27,3369.68,3369.68,3369.68,1.14999e+08,1.14999e+08,1.14999e+08,1.67372,1.67372,1.67372,2.77089,2.77089,2.77089
98,7.22792e+06,7.22792e+06,7.22792e+06,2205.05,2205.05,2205.05,2442.75,2442.75,2442.75,2.40311e+06,2.40311e+06,2.40311e+06,2.75015e+06,2.75015e+06,2.75015e+06,3226.69,3226.69,3226.69,3365.26,3365.26,3365.26,1.15002e+08,1.15002e+08,1.15002e+08,1.67212,1.67212,1.67212,2.76769,2.76769,2.76769
99,7.22771e+06,7.22771e+06,7.22771e+06,2201.81,2201.81,2201.81,2438.7,2438.7,2438.7,2.40324e+06,2.40324e+06,2.40324e+06,2.75031e+06,2.75031e+06,2.75031e+06,3222.09,3222.09,3222.09,3359.79,3359.79,3359.79,1.15005e+08,1.15005e+08,1.15005e+08,1.66997,1.66997,1.66997,2.76357,2.76357,2.76357
100,7.22753e+06,7.22753e+06,7.22753e+06,2197.96,2197.96,2197.96,2433.98,2433.98,2433.98,2.40336e+06,2.40336e+06,2.40336e+06,2.75048e+06,2.75048e+06,2.75048e+06,3216.59,3216.59,3216.59,3353.42,3353.42,3353.42,1.15008e+08,1.15008e+08,1.15008e+08,1.66732,1.66732,1.66732,2.75866,2.75866,2.75866
101,7.22739e+06,7.22739e+06,7.22739e+06,2193.6,2193.6,2193.6,2428.72,2428.72,2428.72,2.40349e+06,2.40349e+06,2.40349e+06,2.75064e+06,2.75064e+06,2.75064e+06,3210.32,3210.32,3210.32,3346.27,3346.27,3346.27,1.15011e+08,1.15011e+08,1.15011e+08,1.66424,1.66424,1.66424,2.75305,2.75305,2.75305
102,7.22729e+06,7.22729e+06,7.22729e+06,2188.81,2188.81,2188.81,2423.02,2423.02,2423.02,2.40361e+06,2.40361e+06,2.40361e+06,2.7508e+06,2.7508e+06,2.7508e+06,3203.43,3203.43,3203.43,3338.52,3338.52,3338.52,1.15014e+08,1.15014e+08,1.15014e+08,1.6608,1.6608,1.6608,2.74688,2.74688,2.74688
103,7.22724e+06,7.22724e+06,7.22724e+06,2183.71,2183.71,2183.71,2417,2417,2417,2.40374e+06,2.40374e+06,2.40374e+06,2.75096e+06,2.75096e+06,2.75096e+06,3196.06,3196.06,3196.06,3330.3,3330.3,3330.3,1.15017e+08,1.15017e+08,1.15017e+08,1.65708,1.65708,1.65708,2.74028,2.74028,2.74028
104,7.22723e+06,7.22723e+06,7.22723e+06,2178.39,2178.39,2178.39,2410.77,2410.77,2410.77,2.40386e+06,2.40386e+06,2.40386e+06,2.75112e+06,2.75112e+06,2.75112e+06,3188.37,3188.37,3188.37,3321.8,3321.8,3321.8,1.15019e+08,1.15019e+08,1.15019e+08,1.65315,1.65315,1.65315,2.73337,2.73337,2.73337
105,7.22728e+06,7.22728e+06,7.22728e+06,2172.97,2172.97,2172.97,2404.46,2404.46,2404.46,2.40398e+06,2.40398e+06,2.40398e+06,2.75127e+06,2.75127e+06,2.75127e+06,3180.51,3180.51,3180.51,3313.18,3313.18,3313.18,1.15022e+08,1.15022e+08,1.15022e+08,1.6491,1.6491,1.6491,2.7263,2.7263,2.7263
106,7.22737e+06,7.22737e+06,7.22737e+06,2167.55,2167.55,2167.55,2398.18,2398.18,2398.18,2.4041e+06,2.4041e+06,2.4041e+06,2.75142e+06,2.75142e+06,2.75142e+06,3172.64,3172.64,3172.64,3304.58,3304.58,3304.58,1.15024e+08,1.15024e+08,1.15024e+08,1.64501,1.64501,1.64501,2.71919,2.71919,2.71919
107,7.22751e+06,7.22751e+06,7.22751e+06,2162.23,2162.23,2162.23,2392.05,2392.05,2392.05,2.40422e+06,2.40422e+06,2.40422e+06,2.75157e+06,2.75157e+06,2.75157e+06,3164.91,3164.91,3164.91,3296.18,3296.18,3296.18,1.15027e+08,1.15027e+08,1.15027e+08,1.64095,1.64095,1.64095,2.71218,2.71218,2.71218
108,7.2277e+06,7.2277e+06,7.2277e+06,2157.1,2157.1,2157.1,2386.17,2386.17,2386.17,2.40434e+06,2.40434e+06,2.40434e+06,2.75172e+06,2.75172e+06,2.75172e+06,3157.45,3157.45,3157.45,3288.11,3288.11,3288.11,1.15029e+08,1.15029e+08,1.15029e+08,1.637,1.637,1.637,2.70538,2.70538,2.70538
109,7.22793e+06,7.22793e+06,7.22793e+06,2152.27,2152.27,2152.27,2380.64,2380.64,2380.64,2.40445e+06,2.40445e+06,2.40445e+06,2.75187e+06,2.75187e+06,2.75187e+06,3150.42,3150.42,3150.42,3280.51,3280.51,3280.51,1.15031e+08,1.15031e+08,1.15031e+08,1.63324,1.63324,1.63324,2.69893,2.69893,2.69893
110,7.2282e+06,7.2282e+06,7.2282e+06,2147.82,2147.82,2147.82,2375.56,2375.56,2375.56,2.40457e+06,2.40457e+06,2.40457e+06,2.75201e+06,2.75201e+06,2.75201e+06,3143.92,3143.92,3143.92,3273.53,3273.53,3273.53,1.15033e+08,1.15033e+08,1.15033e+08,1.62972,1.62972,1.62972,2.69292,2.69292,2.69292
111,7.2285e+06,7.2285e+06,7.2285e+06,2143.82,2143.82,2143.82,2371,2371,2371,2.40468e+06,2.40468e+06,2.40468e+06,2.75215e+06,2.75215e+06,2.75215e+06,3138.09,3138.09,3138.09,3267.26,3267.26,3267.26,1.15035e+08,1.15035e+08,1.15035e+08,1.62652,1.62652,1.62652,2.68746,2.68746,2.68746
112,7.22883e+06,7.22883e+06,7.22883e+06,2140.35,2140.35,2140.35,2367.05,2367.05,2367.05,2.4048e+06,2.4048e+06,2.4048e+06,2.75229e+06,2.75229e+06,2.75229e+06,3133.01,3133.01,3133.01,3261.82,3261.82,3261.82,1.15037e+08,1.15037e+08,1.15037e+08,1.62369,1.62369,1.62369,2.68264,2.68264,2.68264
113,7.22918e+06,7.22918e+06,7.22918e+06,2137.46,2137.46,2137.46,2363.76,2363.76,2363.76,2.40491e+06,2.40491e+06,2.40491e+06,2.75243e+06,2.75243e+06,2.75243e+06,3128.78,3128.78,3128.78,3257.28,3257.28,3257.28,1.1504e+08,1.1504e+08,1.1504e+08,1.62127,1.62127,1.62127,2.67854,2.67854,2.67854
114,7.22955e+06,7.22955e+06,7.22955e+06,2135.2,2135.2,2135.2,2361.18,2361.18,2361.18,2.40502e+06,2.40502e+06,2.40502e+06,2.75256e+06,2.75256e+06,2.75256e+06,3125.48,3125.48,3125.48,3253.73,3253.73,3253.73,1.15042e+08,1.15042e+08,1.15042e+08,1.61932,1.61932,1.61932,2.67521,2.67521,2.67521
115,7.22993e+06,7.22993e+06,7.22993e+06,2133.61,2133.61,2133.61,2359.36,2359.36,2359.36,2.40513e+06,2.40513e+06,2.40513e+06,2.7527e+06,2.7527e+06,2.7527e+06,3123.15,3123.15,3123.15,3251.21,3251.21,3251.21,1.15044e+08,1.15044e+08,1.15044e+08,1.61786,1.61786,1.61786,2.67271,2.67271,2.67271
116,7.23032e+06,7.23032e+06,7.23032e+06,2132.72,2132.72,2132.72,2358.31,2358.31,2358.31,2.40524e+06,2.40524e+06,2.40524e+06,2.75283e+06,2.75283e+06,2.75283e+06,3121.84,3121.84,3121.84,3249.76,3249.76,3249.76,1.15046e+08,1.15046e+08,1.15046e+08,1.61692,1.61692,1.61692,2.67108,2.67108,2.67108
117,7.2307e+06,7.2307e+06,7.2307e+06,2132.54,2132.54,2132.54,2358.06,2358.06,2358.06,2.40534e+06,2.40534e+06,2.40534e+06,2.75296e+06,2.75296e+06,2.75296e+06,3121.57,3121.57,3121.57,3249.39,3249.39,3249.39,1.15048e+08,1.15048e+08,1.15048e+08,1.61651,1.61651,1.61651,2.67034,2.67034,2.67034
118,7.23106e+06,7.23106e+06,7.23106e+06,2133.08,2133.08,2133.08,2358.6,2358.6,2358.6,2.40545e+06,2.40545e+06,2.40545e+06,2.75309e+06,2.75309e+06,2.75309e+06,3122.35,3122.35,3122.35,3250.12,3250.12,3250.12,1.1505e+08,1.1505e+08,1.1505e+08,1.61664,1.61664,1.61664,2.6705,2.6705,2.6705
119,7.23141e+06,7.23141e+06,7.23141e+06,2134.33,2134.33,2134.33,2359.91,2359.91,2359.91,2.40556e+06,2.40556e+06,2.40556e+06,2.75322e+06,2.75322e+06,2.75322e+06,3124.18,3124.18,3124.18,3251.93,3251.93,3251.93,1.15052e+08,1.15052e+08,1.15052e+08,1.61732,1.61732,1.61732,2.67154,2.67154,2.67154
120,7.23174e+06,7.23174e+06,7.23174e+06,2136.27,2136.27,2136.27,2361.98,2361.98,2361.98,2.40566e+06,2.40566e+06,2.40566e+06,2.75335e+06,2.75335e+06,2.75335e+06,3127.02,3127.02,3127.02,3254.78,3254.78,3254.78,1.15054e+08,1.15054e+08,1.15054e+08,1.61853,1.61853,1.61853,2.67346,2.67346,2.67346
121,7.23203e+06,7.23203e+06,7.23203e+06,2138.87,2138.87,2138.87,2364.77,2364.77,2364.77,2.40577e+06,2.40577e+06,2.40577e+06,2.75348e+06,2.75348e+06,2.75348e+06,3130.83,3130.83,3130.83,3258.62,3258.62,3258.62,1.15057e+08,1.15057e+08,1.15057e+08,1.62025,1.62025,1.62025,2.67621,2.67621,2.67621
122,7.23228e+06,7.23228e+06,7.23228e+06,2142.09,2142.09,2142.09,2368.22,2368.22,2368.22,2.40588e+06,2.40588e+06,2.40588e+06,2.75361e+06,2.75361e+06,2.75361e+06,3135.56,3135.56,3135.56,3263.39,3263.39,3263.39,1.15059e+08,1.15059e+08,1.15059e+08,1.62246,1.62246,1.62246,2.67976,2.67976,2.67976
123,7.23249e+06,7.23249e+06,7.23249e+06,2145.88,2145.88,2145.88,2372.29,2372.29,2372.29,2.40598e+06,2.40598e+06,2.40598e+06,2.75374e+06,2.75374e+06,2.75374e+06,3141.13,3141.13,3141.13,3269.02,3269.02,3269.02,1.15061e+08,1.15061e+08,1.15061e+08,1.62513,1.62513,1.62513,2.68403,2.68403,2.68403
124,7.23265e+06,7.23265e+06,7.23265e+06,2150.18,2150.18,2150.18,2376.89,2376.89,2376.89,2.40609e+06,2.40609e+06,2.40609e+06,2.75387e+06,2.75387e+06,2.75387e+06,3147.46,3147.46,3147.46,3275.39,3275.39,3275.39,1.15064e+08,1.15064e+08,1.15064e+08,1.62821,1.62821,1.62821,2.68896,2.68896,2.68896
125,7.23275e+06,7.23275e+06,7.23275e+06,2154.92,2154.92,2154.92,2381.96,2381.96,2381.96,2.4062e+06,2.4062e+06,2.4062e+06,2.75399e+06,2.75399e+06,2.75399e+06,3154.44,3154.44,3154.44,3282.41,3282.41,3282.41,1.15066e+08,1.15066e+08,1.15066e+08,1.63165,1.63165,1.63165,2.69446,2.69446,2.69446
126,7.2328e+06,7.2328e+06,7.2328e+06,2160.02,2160.02,2160.02,2387.4,2387.4,2387.4,2.40631e+06,2.40631e+06,2.40631e+06,2.75412e+06,2.75412e+06,2.75412e+06,3161.96,3161.96,3161.96,3289.95,3289.95,3289.95,1.15069e+08,1.15069e+08,1.15069e+08,1.6354,1.6354,1.6354,2.70043,2.70043,2.70043
127,7.23279e+06,7.23279e+06,7.23279e+06,2165.4,2165.4,2165.4,2393.12,2393.12,2393.12,2.40641e+06,2.40641e+06,2.40641e+06,2.75425e+06,2.75425e+06,2.75425e+06,3169.9,3169.9,3169.9,3297.9,3297.9,3297.9,1.15072e+08,1.15072e+08,1.15072e+08,1.6394,1.6394,1.6394,2.70679,2.70679,2.70679
128,7.23272e+06,7.23272e+06,7.23272e+06,2170.96,2170.96,2170.96,2399.01,2399.01,2399.01,2.40652e+06,2.40652e+06,2.40652e+06,2.75438e+06,2.75438e+06,2.75438e+06,3178.13,3178.13,3178.13,3306.1,3306.1,3306.1,1.15075e+08,1.15075e+08,1.15075e+08,1.64358,1.64358,1.64358,2.71341,2.71341,2.71341
129,7.23259e+06,7.23259e+06,7.23259e+06,2176.62,2176.62,2176.62,2404.98,2404.98,2404.98,2.40664e+06,2.40664e+06,2.40664e+06,2.75451e+06,2.75451e+06,2.75451e+06,3186.5,3186.5,3186.5,3314.41,3314.41,3314.41,1.15078e+08,1.15078e+08,1.15078e+08,1.64786,1.64786,1.64786,2.72017,2.72017,2.72017
130,7.23239e+06,7.23239e+06,7.23239e+06,2182.27,2182.27,2182.27,2410.91,2410.91,2410.91,2.40675e+06,2.40675e+06,2.40675e+06,2.75464e+06,2.75464e+06,2.75464e+06,3194.88,3194.88,3194.88,3322.68,3322.68,3322.68,1.15081e+08,1.15081e+08,1.15081e+08,1.65219,1.65219,1.65219,2.72696,2.72696,2.72696
131,7.23213e+06,7.23213e+06,7.23213e+06,2187.82,2187.82,2187.82,2416.69,2416.69,2416.69,2.40686e+06,2.40686e+06,2.40686e+06,2.75477e+06,2.75477e+06,2.75477e+06,3203.12,3203.12,3203.12,3330.76,3330.76,3330.76,1.15084e+08,1.15084e+08,1.15084e+08,1.65647,1.65647,1.65647,2.73366,2.73366,2.73366
132,7.23181e+06,7.23181e+06,7.23181e+06,2193.15,2193.15,2193.15,2422.22,2422.22,2422.22,2.40698e+06,2.40698e+06,2.40698e+06,2.7549e+06,2.7549e+06,2.7549e+06,3211.06,3211.06,3211.06,3338.5,3338.5,3338.5,1.15088e+08,1.15088e+08,1.15088e+08,1.66064,1.66064,1.66064,2.74013,2.74013,2.74013
133,7.23144e+06,7.23144e+06,7.23144e+06,2198.17,2198.17,2198.17,2427.37,2427.37,2427.37,2.40709e+06,2.40709e+06,2.40709e+06,2.75503e+06,2.75503e+06,2.75503e+06,3218.55,3218.55,3218.55,3345.75,3345.75,3345.75,1.15091e+08,1.15091e+08,1.15091e+08,1.66461,1.66461,1.66461,2.74625,2.74625,2.74625
134,7.23101e+06,7.23101e+06,7.23101e+06,2202.79,2202.79,2202.79,2432.06,2432.06,2432.06,2.40721e+06,2.40721e+06,2.40721e+06,2.75516e+06,2.75516e+06,2.75516e+06,3225.47,3225.47,3225.47,3352.36,3352.36,3352.36,1.15095e+08,1.15095e+08,1.15095e+08,1.66832,1.66832,1.66832,2.7519,2.7519,2.7519
135,7.23053e+06,7.23053e+06,7.23053e+06,2206.9,2206.9,2206.9,2436.17,2436.17,2436.17,2.40733e+06,2.40733e+06,2.40733e+06,2.7553e+06,2.7553e+06,2.7553e+06,3231.66,3231.66,3231.66,3358.19,3358.19,3358.19,1.15099e+08,1.15099e+08,1.15099e+08,1.67168,1.67168,1.67168,2.75696,2.75696,2.75696
136,7.23001e+06,7.23001e+06,7.23001e+06,2210.43,2210.43,2210.43,2439.62,2439.62,2439.62,2.40745e+06,2.40745e+06,2.40745e+06,2.75543e+06,2.75543e+06,2.75543e+06,3237,3237,3237,3363.12,3363.12,3363.12,1.15103e+08,1.15103e+08,1.15103e+08,1.67464,1.67464,1.67464,2.76134,2.76134,2.76134
137,7.22946e+06,7.22946e+06,7.22946e+06,2213.29,2213.29,2213.29,2442.33,2442.33,2442.33,2.40757e+06,2.40757e+06,2.40757e+06,2.75556e+06,2.75556e+06,2.75556e+06,3241.38,3241.38,3241.38,3367.03,3367.03,3367.03,1.15107e+08,1.15107e+08,1.15107e+08,1.67712,1.67712,1.67712,2.76492,2.76492,2.76492
138,7.22887e+06,7.22887e+06,7.22887e+06,2215.42,2215.42,2215.42,2444.22,2444.22,2444.22,2.40769e+06,2.40769e+06,2.40769e+06,2.75569e+06,2.75569e+06,2.75569e+06,3244.68,3244.68,3244.68,3369.83,3369.83,3369.83,1.15111e+08,1.15111e+08,1.15111e+08,1.67907,1.67907,1.67907,2.76761,2.76761,2.76761
139,7.22827e+06,7.22827e+06,7.22827e+06,2216.75,2216.75,2216.75,2445.23,2445.23,2445.23,2.40782e+06,2.40782e+06,2.40782e+06,2.75582e+06,2.75582e+06,2.75582e+06,3246.83,3246.83,3246.83,3371.42,3371.42,3371.42,1.15115e+08,1.15115e+08,1.15115e+08,1.68045,1.68045,1.68045,2.76935,2.76935,2.76935
140,7.22765e+06,7.22765e+06,7.22765e+06,2217.24,2217.24,2217.24,2445.32,2445.32,2445.32,2.40794e+06,2.40794e+06,2.40794e+06,2.75594e+06,2.75594e+06,2.75594e+06,3247.75,3247.75,3247.75,3371.74,3371.74,3371.74,1.15119e+08,1.15119e+08,1.15119e+08,1.6812,1.6812,1.6812,2.77007,2.77007,2.77007
141,7.22703e+06,7.22703e+06,7.22703e+06,2216.86,2216.86,2216.86,2444.45,2444.45,2444.45,2.40807e+06,2.40807e+06,2.40807e+06,2.75607e+06,2.75607e+06,2.75607e+06,3247.38,3247.38,3247.38,3370.74,3370.74,3370.74,1.15124e+08,1.15124e+08,1.15124e+08,1.6813,1.6813,1.6813,2.76973,2.76973,2.76973
142,7.22641e+06,7.22641e+06,7.22641e+06,2215.57,2215.57,2215.57,2442.61,2442.61,2442.61,2.40819e+06,2.40819e+06,2.40819e+06,2.7562e+06,2.7562e+06,2.7562e+06,3245.69,3245.69,3245.69,3368.4,3368.4,3368.4,1.15128e+08,1.15128e+08,1.15128e+08,1.68073,1.68073,1.68073,2.76829,2.76829,2.76829
143,7.22581e+06,7.22581e+06,7.22581e+06,2213.38,2213.38,2213.38,2439.79,2439.79,2439.79,2.40832e+06,2.40832e+06,2.40832e+06,2.75633e+06,2.75633e+06,2.75633e+06,3242.68,3242.68,3242.68,3364.71,3364.71,3364.71,1.15132e+08,1.15132e+08,1.15132e+08,1.67947,1.67947,1.67947,2.76575,2.76575,2.76575
144,7.22523e+06,7.22523e+06,7.22523e+06,2210.29,2210.29,2210.29,2436.01,2436.01,2436.01,2.40844e+06,2.40844e+06,2.40844e+06,2.75645e+06,2.75645e+06,2.75645e+06,3238.34,3238.34,3238.34,3359.69,3359.69,3359.69,1.15137e+08,1.15137e+08,1.15137e+08,1.67753,1.67753,1.67753,2.7621,2.7621,2.7621
145,7.22468e+06,7.22468e+06,7.22468e+06,2206.32,2206.32,2206.32,2431.29,2431.29,2431.29,2.40857e+06,2.40857e+06,2.40857e+06,2.75657e+06,2.75657e+06,2.75657e+06,3232.72,3232.72,3232.72,3353.38,3353.38,3353.38,1.15141e+08,1.15141e+08,1.15141e+08,1.67491,1.67491,1.67491,2.75737,2.75737,2.75737
146,7.22416e+06,7.22416e+06,7.22416e+06,2201.51,2201.51,2201.51,2425.69,2425.69,2425.69,2.40869e+06,2.40869e+06,2.40869e+06,2.75669e+06,2.75669e+06,2.75669e+06,3225.84,3225.84,3225.84,3345.82,3345.82,3345.82,1.15146e+08,1.15146e+08,1.15146e+08,1.67163,1.67163,1.67163,2.75161,2.75161,2.75161
147,7.2237e+06,7.2237e+06,7.2237e+06,2195.9,2195.9,2195.9,2419.24,2419.24,2419.24,2.40882e+06,2.40882e+06,2.40882e+06,2.75681e+06,2.75681e+06,2.75681e+06,3217.79,3217.79,3217.79,3337.11,3337.11,3337.11,1.1515e+08,1.1515e+08,1.1515e+08,1.66773,1.66773,1.66773,2.74486,2.74486,2.74486
148,7.22328e+06,7.22328e+06,7.22328e+06,2189.56,2189.56,2189.56,2412.04,2412.04,2412.04,2.40894e+06,2.40894e+06,2.40894e+06,2.75693e+06,2.75693e+06,2.75693e+06,3208.65,3208.65,3208.65,3327.32,3327.32,3327.32,1.15154e+08,1.15154e+08,1.15154e+08,1.66325,1.66325,1.66325,2.7372,2.7372,2.7372
149,7.22293e+06,7.22293e+06,7.22293e+06,2182.56,2182.56,2182.56,2404.15,2404.15,2404.15,2.40906e+06,2.40906e+06,2.40906e+06,2.75704e+06,2.75704e+06,2.75704e+06,3198.53,3198.53,3198.53,3316.59,3316.59,3316.59,1.15159e+08,1.15159e+08,1.15159e+08,1.65822,1.65822,1.65822,2.72871,2.72871,2.72871
150,7.22264e+06,7.22264e+06,7.22264e+06,2174.97,2174.97,2174.97,2395.67,2395.67,2395.67,2.40918e+06,2.40918e+06,2.40918e+06,2.75716e+06,2.75716e+06,2.75716e+06,3187.53,3187.53,3187.53,3305.02,3305.02,3305.02,1.15163e+08,1.15163e+08,1.15163e+08,1.65272,1.65272,1.65272,2.71949,2.71949,2.71949
151,7.22242e+06,7.22242e+06,7.22242e+06,2166.88,2166.88,2166.88,2386.69,2386.69,2386.69,2.4093e+06,2.4093e+06,2.4093e+06,2.75727e+06,2.75727e+06,2.75727e+06,3175.79,3175.79,3175.79,3292.76,3292.76,3292.76,1.15167e+08,1.15167e+08,1.15167e+08,1.64681,1.64681,1.64681,2.70965,2.70965,2.70965
152,7.22227e+06,7.22227e+06,7.22227e+06,2158.4,2158.4,2158.4,2377.34,2377.34,2377.34,2.40942e+06,2.40942e+06,2.40942e+06,2.75738e+06,2.75738e+06,2.75738e+06,3163.46,3163.46,3163.46,3279.96,3279.96,3279.96,1.15171e+08,1.15171e+08,1.15171e+08,1.64055,1.64055,1.64055,2.69931,2.69931,2.69931
153,7.2222e+06,7.2222e+06,7.2222e+06,2149.63,2149.63,2149.63,2367.72,2367.72,2367.72,2.40953e+06,2.40953e+06,2.40953e+06,2.75748e+06,2.75748e+06,2.75748e+06,3150.67,3150.67,3150.67,3266.77,3266.77,3266.77,1.15176e+08,1.15176e+08,1.15176e+08,1.63403,1.63403,1.63403,2.6886,2.6886,2.6886
154,7.22221e+06,7.22221e+06,7.22221e+06,2140.66,2140.66,2140.66,2357.94,2357.94,2357.94,2.40964e+06,2.40964e+06,2.40964e+06,2.75759e+06,2.75759e+06,2.75759e+06,3137.59,3137.59,3137.59,3253.35,3253.35,3253.35,1.1518e+08,1.1518e+08,1.1518e+08,1.62731,1.62731,1.62731,2.67763,2.67763,2.67763
155,7.2223e+06,7.2223e+06,7.2223e+06,2131.61,2131.61,2131.61,2348.12,2348.12,2348.12,2.40975e+06,2.40975e+06,2.40975e+06,2.75769e+06,2.75769e+06,2.75769e+06,3124.37,3124.37,3124.37,3239.85,3239.85,3239.85,1.15184e+08,1.15184e+08,1.15184e+08,1.62049,1.62049,1.62049,2.66654,2.66654,2.66654
156,7.22246e+06,7.22246e+06,7.22246e+06,2122.58,2122.58,2122.58,2338.38,2338.38,2338.38,2.40986e+06,2.40986e+06,2.40986e+06,2.75779e+06,2.75779e+06,2.75779e+06,3111.16,3111.16,3111.16,3226.45,3226.45,3226.45,1.15188e+08,1.15188e+08,1.15188e+08,1.61364,1.61364,1.61364,2.65547,2.65547,2.65547
157,7.2227e+06,7.2227e+06,7.2227e+06,2113.69,2113.69,2113.69,2328.83,2328.83,2328.83,2.40996e+06,2.40996e+06,2.40996e+06,2.75789e+06,2.75789e+06,2.75789e+06,3098.13,3098.13,3098.13,3213.29,3213.29,3213.29,1.15192e+08,1.15192e+08,1.15192e+08,1.60684,1.60684,1.60684,2.64454,2.64454,2.64454
158,7.22302e+06,7.22302e+06,7.22302e+06,2105.02,2105.02,2105.02,2319.58,2319.58,2319.58,2.41006e+06,2.41006e+06,2.41006e+06,2.75798e+06,2.75798e+06,2.75798e+06,3085.42,3085.42,3085.42,3200.54,3200.54,3200.54,1.15195e+08,1.15195e+08,1.15195e+08,1.60017,1.60017,1.60017,2.63389,2.63389,2.63389
159,7.22341e+06,7.22341e+06,7.22341e+06,2096.68,2096.68,2096.68,2310.74,2310.74,2310.74,2.41016e+06,2.41016e+06,2.41016e+06,2.75808e+06,2.75808e+06,2.75808e+06,3073.18,3073.18,3073.18,3188.32,3188.32,3188.32,1.15199e+08,1.15199e+08,1.15199e+08,1.59371,1.59371,1.59371,2.62362,2.62362,2.62362
160,7.22386e+06,7.22386e+06,7.22386e+06,2088.77,2088.77,2088.77,2302.4,2302.4,2302.4,2.41026e+06,2.41026e+06,2.41026e+06,2.75817e+06,2.75817e+06,2.75817e+06,3061.54,3061.54,3061.54,3176.79,3176.79,3176.79,1.15203e+08,1.15203e+08,1.15203e+08,1.58753,1.58753,1.58753,2.61387,2.61387,2.61387
161,7.22437e+06,7.22437e+06,7.22437e+06,2081.36,2081.36,2081.36,2294.66,2294.66,2294.66,2.41035e+06,2.41035e+06,2.41035e+06,2.75826e+06,2.75826e+06,2.75826e+06,3050.64,3050.64,3050.64,3166.07,3166.07,3166.07,1.15206e+08,1.15206e+08,1.15206e+08,1.5817,1.5817,1.5817,2.60473,2.60473,2.60473
162,7.22494e+06,7.22494e+06,7.22494e+06,2074.54,2074.54,2074.54,2287.59,2287.59,2287.59,2.41044e+06,2.41044e+06,2.41044e+06,2.75835e+06,2.75835e+06,2.75835e+06,3040.58,3040.58,3040.58,3156.26,3156.26,3156.26,1.1521e+08,1.1521e+08,1.1521e+08,1.57628,1.57628,1.57628,2.59631,2.59631,2.59631
163,7.22556e+06,7.22556e+06,7.22556e+06,2068.38,2068.38,2068.38,2281.26,2281.26,2281.26,2.41053e+06,2.41053e+06,2.41053e+06,2.75844e+06,2.75844e+06,2.75844e+06,3031.47,3031.47,3031.47,3147.47,3147.47,3147.47,1.15214e+08,1.15214e+08,1.15214e+08,1.57133,1.57133,1.57133,2.58869,2.58869,2.58869
164,7.22623e+06,7.22623e+06,7.22623e+06,2062.93,2062.93,2062.93,2275.75,2275.75,2275.75,2.41061e+06,2.41061e+06,2.41061e+06,2.75852e+06,2.75852e+06,2.75852e+06,3023.4,3023.4,3023.4,3139.79,3139.79,3139.79,1.15217e+08,1.15217e+08,1.15217e+08,1.5669,1.5669,1.5669,2.58194,2.58194,2.58194
165,7.22692e+06,7.22692e+06,7.22692e+06,2058.24,2058.24,2058.24,2271.09,2271.09,2271.09,2.4107e+06,2.4107e+06,2.4107e+06,2.75861e+06,2.75861e+06,2.75861e+06,3016.45,3016.45,3016.45,3133.29,3133.29,3133.29,1.1522e+08,1.1522e+08,1.1522e+08,1.56302,1.56302,1.56302,2.57614,2.57614,2.57614
166,7.22764e+06,7.22764e+06,7.22764e+06,2054.36,2054.36,2054.36,2267.33,2267.33,2267.33,2.41078e+06,2.41078e+06,2.41078e+06,2.75869e+06,2.75869e+06,2.75869e+06,3010.67,3010.67,3010.67,3128.02,3128.02,3128.02,1.15224e+08,1.15224e+08,1.15224e+08,1.55975,1.55975,1.55975,2.57133,2.57133,2.57133
167,7.22838e+06,7.22838e+06,7.22838e+06,2051.32,2051.32,2051.32,2264.5,2264.5,2264.5,2.41085e+06,2.41085e+06,2.41085e+06,2.75878e+06,2.75878e+06,2.75878e+06,3006.11,3006.11,3006.11,3124.01,3124.01,3124.01,1.15227e+08,1.15227e+08,1.15227e+08,1.55709,1.55709,1.55709,2.56755,2.56755,2.56755
168,7.22913e+06,7.22913e+06,7.22913e+06,2049.14,2049.14,2049.14,2262.61,2262.61,2262.61,2.41093e+06,2.41093e+06,2.41093e+06,2.75886e+06,2.75886e+06,2.75886e+06,3002.81,3002.81,3002.81,3121.3,3121.3,3121.3,1.1523e+08,1.1523e+08,1.1523e+08,1.55508,1.55508,1.55508,2.56483,2.56483,2.56483
169,7.22988e+06,7.22988e+06,7.22988e+06,2047.81,2047.81,2047.81,2261.66,2261.66,2261.66,2.411e+06,2.411e+06,2.411e+06,2.75894e+06,2.75894e+06,2.75894e+06,3000.76,3000.76,3000.76,3119.9,3119.9,3119.9,1.15234e+08,1.15234e+08,1.15234e+08,1.55371,1.55371,1.55371,2.56317,2.56317,2.56317
170,7.23063e+06,7.23063e+06,7.23063e+06,2047.35,2047.35,2047.35,2261.64,2261.64,2261.64,2.41108e+06,2.41108e+06,2.41108e+06,2.75903e+06,2.75903e+06,2.75903e+06,2999.98,2999.98,2999.98,3119.78,3119.78,3119.78,1.15237e+08,1.15237e+08,1.15237e+08,1.553,1.553,1.553,2.56258,2.56258,2.56258
171,7.23136e+06,7.23136e+06,7.23136e+06,2047.73,2047.73,2047.73,2262.55,2262.55,2262.55,2.41115e+06,2.41115e+06,2.41115e+06,2.75911e+06,2.75911e+06,2.75911e+06,3000.45,3000.45,3000.45,3120.93,3120.93,3120.93,1.1524e+08,1.1524e+08,1.1524e+08,1.55294,1.55294,1.55294,2.56304,2.56304,2.56304
172,7.23206e+06,7.23206e+06,7.23206e+06,2048.94,2048.94,2048.94,2264.34,2264.34,2264.34,2.41122e+06,2.41122e+06,2.41122e+06,2.7592e+06,2.7592e+06,2.7592e+06,3002.12,3002.12,3002.12,3123.3,3123.3,3123.3,1.15243e+08,1.15243e+08,1.15243e+08,1.55352,1.55352,1.55352,2.56452,2.56452,2.56452
173,7.23273e+06,7.23273e+06,7.23273e+06,2050.94,2050.94,2050.94,2266.97,2266.97,2266.97,2.41129e+06,2.41129e+06,2.41129e+06,2.75928e+06,2.75928e+06,2.75928e+06,3004.95,3004.95,3004.95,3126.85,3126.85,3126.85,1.15246e+08,1.15246e+08,1.15246e+08,1.55471,1.55471,1.55471,2.56699,2.56699,2.56699
174,7.23337e+06,7.23337e+06,7.23337e+06,2053.68,2053.68,2053.68,2270.39,2270.39,2270.39,2.41136e+06,2.41136e+06,2.41136e+06,2.75937e+06,2.75937e+06,2.75937e+06,3008.89,3008.89,3008.89,3131.49,3131.49,3131.49,1.15249e+08,1.15249e+08,1.15249e+08,1.55648,1.55648,1.55648,2.57038,2.57038,2.57038
175,7.23396e+06,7.23396e+06,7.23396e+06,2057.11,2057.11,2057.11,2274.55,2274.55,2274.55,2.41142e+06,2.41142e+06,2.41142e+06,2.75946e+06,2.75946e+06,2.75946e+06,3013.85,3013.85,3013.85,3137.14,3137.14,3137.14,1.15253e+08,1.15253e+08,1.15253e+08,1.5588,1.5588,1.5588,2.57465,2.57465,2.57465
176,7.23449e+06,7.23449e+06,7.23449e+06,2061.17,2061.17,2061.17,2279.36,2279.36,2279.36,2.41149e+06,2.41149e+06,2.41149e+06,2.75954e+06,2.75954e+06,2.75954e+06,3019.73,3019.73,3019.73,3143.71,3143.71,3143.71,1.15256e+08,1.15256e+08,1.15256e+08,1.56163,1.56163,1.56163,2.5797,2.5797,2.5797
177,7.23497e+06,7.23497e+06,7.23497e+06,2065.79,2065.79,2065.79,2284.74,2284.74,2284.74,2.41156e+06,2.41156e+06,2.41156e+06,2.75963e+06,2.75963e+06,2.75963e+06,3026.45,3026.45,3026.45,3151.08,3151.08,3151.08,1.15259e+08,1.15259e+08,1.15259e+08,1.56491,1.56491,1.56491,2.58545,2.58545,2.58545
178,7.23539e+06,7.23539e+06,7.23539e+06,2070.9,2070.9,2070.9,2290.62,2290.62,2290.62,2.41163e+06,2.41163e+06,2.41163e+06,2.75972e+06,2.75972e+06,2.75972e+06,3033.89,3033.89,3033.89,3159.14,3159.14,3159.14,1.15262e+08,1.15262e+08,1.15262e+08,1.56859,1.56859,1.56859,2.59182,2.59182,2.59182
179,7.23575e+06,7.23575e+06,7.23575e+06,2076.4,2076.4,2076.4,2296.89,2296.89,2296.89,2.4117e+06,2.4117e+06,2.4117e+06,2.75981e+06,2.75981e+06,2.75981e+06,3041.92,3041.92,3041.92,3167.75,3167.75,3167.75,1.15265e+08,1.15265e+08,1.15265e+08,1.5726,1.5726,1.5726,2.59869,2.59869,2.59869
180,7.23603e+06,7.23603e+06,7.23603e+06,2082.21,2082.21,2082.21,2303.45,2303.45,2303.45,2.41177e+06,2.41177e+06,2.41177e+06,2.75991e+06,2.75991e+06,2.75991e+06,3050.41,3050.41,3050.41,3176.78,3176.78,3176.78,1.15269e+08,1.15269e+08,1.15269e+08,1.57689,1.57689,1.57689,2.60595,2.60595,2.60595
181,7.23625e+06,7.23625e+06,7.23625e+06,2088.23,2088.23,2088.23,2310.2,2310.2,2310.2,2.41184e+06,2.41184e+06,2.41184e+06,2.76e+06,2.76e+06,2.76e+06,3059.24,3059.24,3059.24,3186.08,3186.08,3186.08,1.15272e+08,1.15272e+08,1.15272e+08,1.58138,1.58138,1.58138,2.61349,2.61349,2.61349
182,7.23639e+06,7.23639e+06,7.23639e+06,2094.36,2094.36,2094.36,2317.02,2317.02,2317.02,2.41191e+06,2.41191e+06,2.41191e+06,2.76009e+06,2.76009e+06,2.76009e+06,3068.24,3068.24,3068.24,3195.51,3195.51,3195.51,1.15275e+08,1.15275e+08,1.15275e+08,1.586,1.586,1.586,2.62119,2.62119,2.62119
183,7.23647e+06,7.23647e+06,7.23647e+06,2100.51,2100.51,2100.51,2323.82,2323.82,2323.82,2.41198e+06,2.41198e+06,2.41198e+06,2.76019e+06,2.76019e+06,2.76019e+06,3077.28,3077.28,3077.28,3204.9,3204.9,3204.9,1.15278e+08,1.15278e+08,1.15278e+08,1.59067,1.59067,1.59067,2.62893,2.62893,2.62893
184,7.23647e+06,7.23647e+06,7.23647e+06,2106.58,2106.58,2106.58,2330.47,2330.47,2330.47,2.41205e+06,2.41205e+06,2.41205e+06,2.76029e+06,2.76029e+06,2.76029e+06,3086.21,3086.21,3086.21,3214.11,3214.11,3214.11,1.15281e+08,1.15281e+08,1.15281e+08,1.59532,1.59532,1.59532,2.63657,2.63657,2.63657
185,7.23641e+06,7.23641e+06,7.23641e+06,2112.45,2112.45,2112.45,2336.88,2336.88,2336.88,2.41213e+06,2.41213e+06,2.41213e+06,2.76039e+06,2.76039e+06,2.76039e+06,3094.87,3094.87,3094.87,3222.99,3222.99,3222.99,1.15285e+08,1.15285e+08,1.15285e+08,1.59987,1.59987,1.59987,2.644,2.644,2.644
186,7.23628e+06,7.23628e+06,7.23628e+06,2118.05,2118.05,2118.05,2342.93,2342.93,2342.93,2.4122e+06,2.4122e+06,2.4122e+06,2.76049e+06,2.76049e+06,2.76049e+06,3103.14,3103.14,3103.14,3231.4,3231.4,3231.4,1.15288e+08,1.15288e+08,1.15288e+08,1.60424,1.60424,1.60424,2.65109,2.65109,2.65109
187,7.23608e+06,7.23608e+06,7.23608e+06,2123.26,2123.26,2123.26,2348.51,2348.51,2348.51,2.41228e+06,2.41228e+06,2.41228e+06,2.76059e+06,2.76059e+06,2.76059e+06,3110.87,3110.87,3110.87,3239.18,3239.18,3239.18,1.15291e+08,1.15291e+08,1.15291e+08,1.60837,1.60837,1.60837,2.65772,2.65772,2.65772
188,7.23584e+06,7.23584e+06,7.23584e+06,2128.01,2128.01,2128.01,2353.55,2353.55,2353.55,2.41236e+06,2.41236e+06,2.41236e+06,2.76069e+06,2.76069e+06,2.76069e+06,3117.92,3117.92,3117.92,3246.22,3246.22,3246.22,1.15294e+08,1.15294e+08,1.15294e+08,1.61218,1.61218,1.61218,2.66379,2.66379,2.66379
189,7.23554e+06,7.23554e+06,7.23554e+06,2132.2,2132.2,2132.2,2357.95,2357.95,2357.95,2.41244e+06,2.41244e+06,2.41244e+06,2.76079e+06,2.76079e+06,2.76079e+06,3124.18,3124.18,3124.18,3252.38,3252.38,3252.38,1.15297e+08,1.15297e+08,1.15297e+08,1.61561,1.61561,1.61561,2.66919,2.66919,2.66919
190,7.23519e+06,7.23519e+06,7.23519e+06,2135.78,2135.78,2135.78,2361.63,2361.63,2361.63,2.41252e+06,2.41252e+06,2.41252e+06,2.76089e+06,2.76089e+06,2.76089e+06,3129.53,3129.53,3129.53,3257.57,3257.57,3257.57,1.15301e+08,1.15301e+08,1.15301e+08,1.6186,1.6186,1.6186,2.67382,2.67382,2.67382
191,7.23481e+06,7.23481e+06,7.23481e+06,2138.66,2138.66,2138.66,2364.52,2364.52,2364.52,2.4126e+06,2.4126e+06,2.4126e+06,2.761e+06,2.761e+06,2.761e+06,3133.89,3133.89,3133.89,3261.68,3261.68,3261.68,1.15304e+08,1.15304e+08,1.15304e+08,1.62109,1.62109,1.62109,2.6776,2.6776,2.6776
192,7.2344e+06,7.2344e+06,7.2344e+06,2140.8,2140.8,2140.8,2366.57,2366.57,2366.57,2.41268e+06,2.41268e+06,2.41268e+06,2.7611e+06,2.7611e+06,2.7611e+06,3137.15,3137.15,3137.15,3264.63,3264.63,3264.63,1.15307e+08,1.15307e+08,1.15307e+08,1.62304,1.62304,1.62304,2.68047,2.68047,2.68047
193,7.23396e+06,7.23396e+06,7.23396e+06,2142.15,2142.15,2142.15,2367.74,2367.74,2367.74,2.41276e+06,2.41276e+06,2.41276e+06,2.7612e+06,2.7612e+06,2.7612e+06,3139.27,3139.27,3139.27,3266.38,3266.38,3266.38,1.1531e+08,1.1531e+08,1.1531e+08,1.6244,1.6244,1.6244,2.68236,2.68236,2.68236
194,7.23351e+06,7.23351e+06,7.23351e+06,2142.68,2142.68,2142.68,2368.01,2368.01,2368.01,2.41285e+06,2.41285e+06,2.41285e+06,2.7613e+06,2.7613e+06,2.7613e+06,3140.2,3140.2,3140.2,3266.88,3266.88,3266.88,1.15313e+08,1.15313e+08,1.15313e+08,1.62516,1.62516,1.62516,2.68324,2.68324,2.68324
195,7.23305e+06,7.23305e+06,7.23305e+06,2142.38,2142.38,2142.38,2367.35,2367.35,2367.35,2.41293e+06,2.41293e+06,2.41293e+06,2.7614e+06,2.7614e+06,2.7614e+06,3139.91,3139.91,3139.91,3266.11,3266.11,3266.11,1.15316e+08,1.15316e+08,1.15316e+08,1.6253,1.6253,1.6253,2.68308,2.68308,2.68308
196,7.2326e+06,7.2326e+06,7.2326e+06,2141.25,2141.25,2141.25,2365.77,2365.77,2365.77,2.41302e+06,2.41302e+06,2.41302e+06,2.76151e+06,2.76151e+06,2.76151e+06,3138.39,3138.39,3138.39,3264.07,3264.07,3264.07,1.15319e+08,1.15319e+08,1.15319e+08,1.6248,1.6248,1.6248,2.68188,2.68188,2.68188
197,7.23215e+06,7.23215e+06,7.23215e+06,2139.28,2139.28,2139.28,2363.28,2363.28,2363.28,2.41311e+06,2.41311e+06,2.41311e+06,2.76161e+06,2.76161e+06,2.76161e+06,3135.65,3135.65,3135.65,3260.78,3260.78,3260.78,1.15322e+08,1.15322e+08,1.15322e+08,1.62367,1.62367,1.62367,2.67964,2.67964,2.67964
198,7.23173e+06,7.23173e+06,7.23173e+06,2136.51,2136.51,2136.51,2359.92,2359.92,2359.92,2.41319e+06,2.41319e+06,2.41319e+06,2.76171e+06,2.76171e+06,2.76171e+06,3131.73,3131.73,3131.73,3256.28,3256.28,3256.28,1.15325e+08,1.15325e+08,1.15325e+08,1.62191,1.62191,1.62191,2.67639,2.67639,2.67639
199,7.23132e+06,7.23132e+06,7.23132e+06,2132.97,2132.97,2132.97,2355.74,2355.74,2355.74,2.41328e+06,2.41328e+06,2.41328e+06,2.7618e+06,2.7618e+06,2.7618e+06,3126.67,3126.67,3126.67,3250.63,3250.63,3250.63,1.15327e+08,1.15327e+08,1.15327e+08,1.61956,1.61956,1.61956,2.67217,2.67217,2.67217
200,7.23095e+06,7.23095e+06,7.23095e+06,2128.71,2128.71,2128.71,2350.78,2350.78,2350.78,2.41336e+06,2.41336e+06,2.41336e+06,2.7619e+06,2.7619e+06,2.7619e+06,3120.56,3120.56,3120.56,3243.91,3243.91,3243.91,1.1533e+08,1.1533e+08,1.1533e+08,1.61663,1.61663,1.61663,2.66704,2.66704,2.66704
201,7.23062e+06,7.23062e+06,7.23062e+06,2123.79,2123.79,2123.79,2345.12,2345.12,2345.12,2.41345e+06,2.41345e+06,2.41345e+06,2.76199e+06,2.76199e+06,2.76199e+06,3113.46,3113.46,3113.46,3236.22,3236.22,3236.22,1.15332e+08,1.15332e+08,1.15332e+08,1.61318,1.61318,1.61318,2.66108,2.66108,2.66108
202,7.23034e+06,7.23034e+06,7.23034e+06,2118.27,2118.27,2118.27,2338.84,2338.84,2338.84,2.41353e+06,2.41353e+06,2.41353e+06,2.76209e+06,2.76209e+06,2.76209e+06,3105.48,3105.48,3105.48,3227.66,3227.66,3227.66,1.15335e+08,1.15335e+08,1.15335e+08,1.60926,1.60926,1.60926,2.65436,2.65436,2.65436
203,7.2301e+06,7.2301e+06,7.2301e+06,2112.24,2112.24,2112.24,2332.03,2332.03,2332.03,2.41361e+06,2.41361e+06,2.41361e+06,2.76218e+06,2.76218e+06,2.76218e+06,3096.75,3096.75,3096.75,3218.36,3218.36,3218.36,1.15337e+08,1.15337e+08,1.15337e+08,1.6049,1.6049,1.6049,2.64698,2.64698,2.64698
204,7.22992e+06,7.22992e+06,7.22992e+06,2105.79,2105.79,2105.79,2324.78,2324.78,2324.78,2.4137e+06,2.4137e+06,2.4137e+06,2.76227e+06,2.76227e+06,2.76227e+06,3087.37,3087.37,3087.37,3208.45,3208.45,3208.45,1.15339e+08,1.15339e+08,1.15339e+08,1.60019,1.60019,1.60019,2.63905,2.63905,2.63905
205,7.2298e+06,7.2298e+06,7.2298e+06,2099,2099,2099,2317.21,2317.21,2317.21,2.41378e+06,2.41378e+06,2.41378e+06,2.76236e+06,2.76236e+06,2.76236e+06,3077.49,3077.49,3077.49,3198.07,3198.07,3198.07,1.15341e+08,1.15341e+08,1.15341e+08,1.59519,1.59519,1.59519,2.63068,2.63068,2.63068
206,7.22973e+06,7.22973e+06,7.22973e+06,2091.97,2091.97,2091.97,2309.41,2309.41,2309.41,2.41386e+06,2.41386e+06,2.41386e+06,2.76244e+06,2.76244e+06,2.76244e+06,3067.24,3067.24,3067.24,3187.36,3187.36,3187.36,1.15343e+08,1.15343e+08,1.15343e+08,1.58996,1.58996,1.58996,2.62198,2.62198,2.62198
207,7.22973e+06,7.22973e+06,7.22973e+06,2084.8,2084.8,2084.8,2301.49,2301.49,2301.49,2.41393e+06,2.41393e+06,2.41393e+06,2.76253e+06,2.76253e+06,2.76253e+06,3056.78,3056.78,3056.78,3176.49,3176.49,3176.49,1.15345e+08,1.15345e+08,1.15345e+08,1.58458,1.58458,1.58458,2.61309,2.61309,2.61309
208,7.22979e+06,7.22979e+06,7.22979e+06,2077.58,2077.58,2077.58,2293.57,2293.57,2293.57,2.41401e+06,2.41401e+06,2.41401e+06,2.76261e+06,2.76261e+06,2.76261e+06,3046.24,3046.24,3046.24,3165.59,3165.59,3165.59,1.15347e+08,1.15347e+08,1.15347e+08,1.57913,1.57913,1.57913,2.60413,2.60413,2.60413
209,7.22991e+06,7.22991e+06,7.22991e+06,2070.43,2070.43,2070.43,2285.76,2285.76,2285.76,2.41408e+06,2.41408e+06,2.41408e+06,2.76269e+06,2.76269e+06,2.76269e+06,3035.77,3035.77,3035.77,3154.83,3154.83,3154.83,1.15348e+08,1.15348e+08,1.15348e+08,1.57368,1.57368,1.57368,2.59522,2.59522,2.59522
210,7.23008e+06,7.23008e+06,7.23008e+06,2063.44,2063.44,2063.44,2278.15,2278.15,2278.15,2.41415e+06,2.41415e+06,2.41415e+06,2.76276e+06,2.76276e+06,2.76276e+06,3025.52,3025.52,3025.52,3144.34,3144.34,3144.34,1.1535e+08,1.1535e+08,1.1535e+08,1.56831,1.56831,1.56831,2.58648,2.58648,2.58648
211,7.23032e+06,7.23032e+06,7.23032e+06,2056.69,2056.69,2056.69,2270.86,2270.86,2270.86,2.41422e+06,2.41422e+06,2.41422e+06,2.76284e+06,2.76284e+06,2.76284e+06,3015.63,3015.63,3015.63,3134.27,3134.27,3134.27,1.15351e+08,1.15351e+08,1.15351e+08,1.5631,1.5631,1.5631,2.57802,2.57802,2.57802
212,7.2306e+06,7.2306e+06,7.2306e+06,2050.28,2050.28,2050.28,2263.97,2263.97,2263.97,2.41429e+06,2.41429e+06,2.41429e+06,2.76291e+06,2.76291e+06,2.76291e+06,3006.22,3006.22,3006.22,3124.75,3124.75,3124.75,1.15352e+08,1.15352e+08,1.15352e+08,1.5581,1.5581,1.5581,2.56997,2.56997,2.56997
213,7.23094e+06,7.23094e+06,7.23094e+06,2044.3,2044.3,2044.3,2257.58,2257.58,2257.58,2.41435e+06,2.41435e+06,2.41435e+06,2.76299e+06,2.76299e+06,2.76299e+06,2997.43,2997.43,2997.43,3115.91,3115.91,3115.91,1.15353e+08,1.15353e+08,1.15353e+08,1.55339,1.55339,1.55339,2.56243,2.56243,2.56243
214,7.23132e+06,7.23132e+06,7.23132e+06,2038.82,2038.82,2038.82,2251.76,2251.76,2251.76,2.41441e+06,2.41441e+06,2.41441e+06,2.76306e+06,2.76306e+06,2.76306e+06,2989.36,2989.36,2989.36,3107.85,3107.85,3107.85,1.15354e+08,1.15354e+08,1.15354e+08,1.54902,1.54902,1.54902,2.55549,2.55549,2.55549
215,7.23173e+06,7.23173e+06,7.23173e+06,2033.91,2033.91,2033.91,2246.6,2246.6,2246.6,2.41447e+06,2.41447e+06,2.41447e+06,2.76313e+06,2.76313e+06,2.76313e+06,2982.11,2982.11,2982.11,3100.68,3100.68,3100.68,1.15355e+08,1.15355e+08,1.15355e+08,1.54507,1.54507,1.54507,2.54925,2.54925,2.54925
216,7.23218e+06,7.23218e+06,7.23218e+06,2029.63,2029.63,2029.63,2242.14,2242.14,2242.14,2.41453e+06,2.41453e+06,2.41453e+06,2.76319e+06,2.76319e+06,2.76319e+06,2975.79,2975.79,2975.79,3094.49,3094.49,3094.49,1.15356e+08,1.15356e+08,1.15356e+08,1.54156,1.54156,1.54156,2.54377,2.54377,2.54377
217,7.23266e+06,7.23266e+06,7.23266e+06,2026.03,2026.03,2026.03,2238.45,2238.45,2238.45,2.41459e+06,2.41459e+06,2.41459e+06,2.76326e+06,2.76326e+06,2.76326e+06,2970.45,2970.45,2970.45,3089.34,3089.34,3089.34,1.15356e+08,1.15356e+08,1.15356e+08,1.53855,1.53855,1.53855,2.53913,2.53913,2.53913
218,7.23315e+06,7.23315e+06,7.23315e+06,2023.15,2023.15,2023.15,2235.57,2235.57,2235.57,2.41464e+06,2.41464e+06,2.41464e+06,2.76333e+06,2.76333e+06,2.76333e+06,2966.18,2966.18,2966.18,3085.31,3085.31,3085.31,1.15357e+08,1.15357e+08,1.15357e+08,1.53608,1.53608,1.53608,2.53537,2.53537,2.53537
219,7.23365e+06,7.23365e+06,7.23365e+06,2021.03,2021.03,2021.03,2233.53,2233.53,2233.53,2.4147e+06,2.4147e+06,2.4147e+06,2.76339e+06,2.76339e+06,2.76339e+06,2963.01,2963.01,2963.01,3082.42,3082.42,3082.42,1.15357e+08,1.15357e+08,1.15357e+08,1.53416,1.53416,1.53416,2.53255,2.53255,2.53255
220,7.23416e+06,7.23416e+06,7.23416e+06,2019.69,2019.69,2019.69,2232.34,2232.34,2232.34,2.41475e+06,2.41475e+06,2.41475e+06,2.76346e+06,2.76346e+06,2.76346e+06,2960.98,2960.98,2960.98,3080.72,3080.72,3080.72,1.15358e+08,1.15358e+08,1.15358e+08,1.53283,1.53283,1.53283,2.53068,2.53068,2.53068
221,7.23466e+06,7.23466e+06,7.23466e+06,2019.14,2019.14,2019.14,2232.01,2232.01,2232.01,2.4148e+06,2.4148e+06,2.4148e+06,2.76352e+06,2.76352e+06,2.76352e+06,2960.1,2960.1,2960.1,3080.2,3080.2,3080.2,1.15358e+08,1.15358e+08,1.15358e+08,1.53209,1.53209,1.53209,2.52979,2.52979,2.52979
222,7.23515e+06,7.23515e+06,7.23515e+06,2019.37,2019.37,2019.37,2232.54,2232.54,2232.54,2.41485e+06,2.41485e+06,2.41485e+06,2.76358e+06,2.76358e+06,2.76358e+06,2960.39,2960.39,2960.39,3080.87,3080.87,3080.87,1.15358e+08,1.15358e+08,1.15358e+08,1.53195,1.53195,1.53195,2.52988,2.52988,2.52988
223,7.23562e+06,7.23562e+06,7.23562e+06,2020.39,2020.39,2020.39,2233.92,2233.92,2233.92,2.4149e+06,2.4149e+06,2.4149e+06,2.76365e+06,2.76365e+06,2.76365e+06,2961.82,2961.82,2961.82,3082.71,3082.71,3082.71,1.15359e+08,1.15359e+08,1.15359e+08,1.53241,1.53241,1.53241,2.53094,2.53094,2.53094
224,7.23606e+06,7.23606e+06,7.23606e+06,2022.17,2022.17,2022.17,2236.12,2236.12,2236.12,2.41494e+06,2.41494e+06,2.41494e+06,2.76371e+06,2.76371e+06,2.76371e+06,2964.37,2964.37,2964.37,3085.69,3085.69,3085.69,1.15359e+08,1.15359e+08,1.15359e+08,1.53345,1.53345,1.53345,2.53294,2.53294,2.53294
225,7.23646e+06,7.23646e+06,7.23646e+06,2024.67,2024.67,2024.67,2239.1,2239.1,2239.1,2.41499e+06,2.41499e+06,2.41499e+06,2.76378e+06,2.76378e+06,2.76378e+06,2967.99,2967.99,2967.99,3089.75,3089.75,3089.75,1.15359e+08,1.15359e+08,1.15359e+08,1.53506,1.53506,1.53506,2.53585,2.53585,2.53585
226,7.23683e+06,7.23683e+06,7.23683e+06,2027.86,2027.86,2027.86,2242.81,2242.81,2242.81,2.41504e+06,2.41504e+06,2.41504e+06,2.76384e+06,2.76384e+06,2.76384e+06,2972.63,2972.63,2972.63,3094.82,3094.82,3094.82,1.15359e+08,1.15359e+08,1.15359e+08,1.53721,1.53721,1.53721,2.53962,2.53962,2.53962
227,7.23714e+06,7.23714e+06,7.23714e+06,2031.7,2031.7,2031.7,2247.2,2247.2,2247.2,2.41508e+06,2.41508e+06,2.41508e+06,2.7639e+06,2.7639e+06,2.7639e+06,2978.22,2978.22,2978.22,3100.84,3100.84,3100.84,1.15359e+08,1.15359e+08,1.15359e+08,1.53987,1.53987,1.53987,2.5442,2.5442,2.5442
228,7.23741e+06,7.23741e+06,7.23741e+06,2036.12,2036.12,2036.12,2252.19,2252.19,2252.19,2.41513e+06,2.41513e+06,2.41513e+06,2.76397e+06,2.76397e+06,2.76397e+06,2984.68,2984.68,2984.68,3107.71,3107.71,3107.71,1.15359e+08,1.15359e+08,1.15359e+08,1.54299,1.54299,1.54299,2.54951,2.54951,2.54951
229,7.23761e+06,7.23761e+06,7.23761e+06,2041.05,2041.05,2041.05,2257.72,2257.72,2257.72,2.41518e+06,2.41518e+06,2.41518e+06,2.76404e+06,2.76404e+06,2.76404e+06,2991.9,2991.9,2991.9,3115.32,3115.32,3115.32,1.15359e+08,1.15359e+08,1.15359e+08,1.54654,1.54654,1.54654,2.55547,2.55547,2.55547
230,7.23775e+06,7.23775e+06,7.23775e+06,2046.43,2046.43,2046.43,2263.7,2263.7,2263.7,2.41523e+06,2.41523e+06,2.41523e+06,2.7641e+06,2.7641e+06,2.7641e+06,2999.78,2999.78,2999.78,3123.57,3123.57,3123.57,1.15359e+08,1.15359e+08,1.15359e+08,1.55046,1.55046,1.55046,2.56199,2.56199,2.56199
231,7.23783e+06,7.23783e+06,7.23783e+06,2052.17,2052.17,2052.17,2270.04,2270.04,2270.04,2.41527e+06,2.41527e+06,2.41527e+06,2.76417e+06,2.76417e+06,2.76417e+06,3008.21,3008.21,3008.21,3132.32,3132.32,3132.32,1.15359e+08,1.15359e+08,1.15359e+08,1.55468,1.55468,1.55468,2.56898,2.56898,2.56898
232,7.23784e+06,7.23784e+06,7.23784e+06,2058.18,2058.18,2058.18,2276.64,2276.64,2276.64,2.41532e+06,2.41532e+06,2.41532e+06,2.76424e+06,2.76424e+06,2.76424e+06,3017.05,3017.05,3017.05,3141.45,3141.45,3141.45,1.15359e+08,1.15359e+08,1.15359e+08,1.55915,1.55915,1.55915,2.57633,2.57633,2.57633
233,7.23777e+06,7.23777e+06,7.23777e+06,2064.38,2064.38,2064.38,2283.4,2283.4,2283.4,2.41537e+06,2.41537e+06,2.41537e+06,2.76431e+06,2.76431e+06,2.76431e+06,3026.19,3026.19,3026.19,3150.81,3150.81,3150.81,1.15359e+08,1.15359e+08,1.15359e+08,1.5638,1.5638,1.5638,2.58392,2.58392,2.58392
234,7.23764e+06,7.23764e+06,7.23764e+06,2070.68,2070.68,2070.68,2290.22,2290.22,2290.22,2.41542e+06,2.41542e+06,2.41542e+06,2.76438e+06,2.76438e+06,2.76438e+06,3035.46,3035.46,3035.46,3160.27,3160.27,3160.27,1.15359e+08,1.15359e+08,1.15359e+08,1.56856,1.56856,1.56856,2.59165,2.59165,2.59165
235,7.23743e+06,7.23743e+06,7.23743e+06,2076.96,2076.96,2076.96,2296.99,2296.99,2296.99,2.41547e+06,2.41547e+06,2.41547e+06,2.76445e+06,2.76445e+06,2.76445e+06,3044.75,3044.75,3044.75,3169.68,3169.68,3169.68,1.15359e+08,1.15359e+08,1.15359e+08,1.57336,1.57336,1.57336,2.59938,2.59938,2.59938
236,7.23716e+06,7.23716e+06,7.23716e+06,2083.14,2083.14,2083.14,2303.6,2303.6,2303.6,2.41553e+06,2.41553e+06,2.41553e+06,2.76452e+06,2.76452e+06,2.76452e+06,3053.9,3053.9,3053.9,3178.88,3178.88,3178.88,1.15359e+08,1.15359e+08,1.15359e+08,1.57812,1.57812,1.57812,2.60701,2.60701,2.60701
237,7.23681e+06,7.23681e+06,7.23681e+06,2089.12,2089.12,2089.12,2309.96,2309.96,2309.96,2.41558e+06,2.41558e+06,2.41558e+06,2.76459e+06,2.76459e+06,2.76459e+06,3062.77,3062.77,3062.77,3187.74,3187.74,3187.74,1.15359e+08,1.15359e+08,1.15359e+08,1.58277,1.58277,1.58277,2.61441,2.61441,2.61441
238,7.2364e+06,7.2364e+06,7.2364e+06,2094.81,2094.81,2094.81,2315.94,2315.94,2315.94,2.41564e+06,2.41564e+06,2.41564e+06,2.76466e+06,2.76466e+06,2.76466e+06,3071.21,3071.21,3071.21,3196.11,3196.11,3196.11,1.15359e+08,1.15359e+08,1.15359e+08,1.58723,1.58723,1.58723,2.62146,2.62146,2.62146
239,7.23593e+06,7.23593e+06,7.23593e+06,2100.1,2100.1,2100.1,2321.47,2321.47,2321.47,2.41569e+06,2.41569e+06,2.41569e+06,2.76473e+06,2.76473e+06,2.76473e+06,3079.1,3079.1,3079.1,3203.85,3203.85,3203.85,1.15359e+08,1.15359e+08,1.15359e+08,1.59144,1.59144,1.59144,2.62805,2.62805,2.62805
240,7.23541e+06,7.23541e+06,7.23541e+06,2104.92,2104.92,2104.92,2326.44,2326.44,2326.44,2.41575e+06,2.41575e+06,2.41575e+06,2.76481e+06,2.76481e+06,2.76481e+06,3086.31,3086.31,3086.31,3210.84,3210.84,3210.84,1.15359e+08,1.15359e+08,1.15359e+08,1.59532,1.59532,1.59532,2.63406,2.63406,2.63406
241,7.23483e+06,7.23483e+06,7.23483e+06,2109.18,2109.18,2109.18,2330.77,2330.77,2330.77,2.41581e+06,2.41581e+06,2.41581e+06,2.76488e+06,2.76488e+06,2.76488e+06,3092.7,3092.7,3092.7,3216.95,3216.95,3216.95,1.15359e+08,1.15359e+08,1.15359e+08,1.59882,1.59882,1.59882,2.6394,2.6394,2.6394
242,7.23421e+06,7.23421e+06,7.23421e+06,2112.81,2112.81,2112.81,2334.37,2334.37,2334.37,2.41587e+06,2.41587e+06,2.41587e+06,2.76495e+06,2.76495e+06,2.76495e+06,3098.18,3098.18,3098.18,3222.08,3222.08,3222.08,1.15359e+08,1.15359e+08,1.15359e+08,1.60186,1.60186,1.60186,2.64397,2.64397,2.64397
243,7.23355e+06,7.23355e+06,7.23355e+06,2115.75,2115.75,2115.75,2337.2,2337.2,2337.2,2.41594e+06,2.41594e+06,2.41594e+06,2.76503e+06,2.76503e+06,2.76503e+06,3102.65,3102.65,3102.65,3226.14,3226.14,3226.14,1.15359e+08,1.15359e+08,1.15359e+08,1.6044,1.6044,1.6044,2.6477,2.6477,2.6477
244,7.23286e+06,7.23286e+06,7.23286e+06,2117.93,2117.93,2117.93,2339.18,2339.18,2339.18,2.416e+06,2.416e+06,2.416e+06,2.7651e+06,2.7651e+06,2.7651e+06,3106.03,3106.03,3106.03,3229.04,3229.04,3229.04,1.15359e+08,1.15359e+08,1.15359e+08,1.6064,1.6064,1.6064,2.65051,2.65051,2.65051
245,7.23215e+06,7.23215e+06,7.23215e+06,2119.32,2119.32,2119.32,2340.28,2340.28,2340.28,2.41606e+06,2.41606e+06,2.41606e+06,2.76517e+06,2.76517e+06,2.76517e+06,3108.25,3108.25,3108.25,3230.74,3230.74,3230.74,1.15359e+08,1.15359e+08,1.15359e+08,1.60782,1.60782,1.60782,2.65234,2.65234,2.65234
246,7.23142e+06,7.23142e+06,7.23142e+06,2119.89,2119.89,2119.89,2340.48,2340.48,2340.48,2.41613e+06,2.41613e+06,2.41613e+06,2.76524e+06,2.76524e+06,2.76524e+06,3109.26,3109.26,3109.26,3231.18,3231.18,3231.18,1.15359e+08,1.15359e+08,1.15359e+08,1.60862,1.60862,1.60862,2.65316,2.65316,2.65316
247,7.23069e+06,7.23069e+06,7.23069e+06,2119.62,2119.62,2119.62,2339.75,2339.75,2339.75,2.41619e+06,2.41619e+06,2.41619e+06,2.76531e+06,2.76531e+06,2.76531e+06,3109.04,3109.04,3109.04,3230.36,3230.36,3230.36,1.15359e+08,1.15359e+08,1.15359e+08,1.60878,1.60878,1.60878,2.65294,2.65294,2.65294
248,7.22996e+06,7.22996e+06,7.22996e+06,2118.5,2118.5,2118.5,2338.1,2338.1,2338.1,2.41626e+06,2.41626e+06,2.41626e+06,2.76538e+06,2.76538e+06,2.76538e+06,3107.58,3107.58,3107.58,3228.25,3228.25,3228.25,1.15359e+08,1.15359e+08,1.15359e+08,1.60831,1.60831,1.60831,2.65168,2.65168,2.65168
249,7.22924e+06,7.22924e+06,7.22924e+06,2116.54,2116.54,2116.54,2335.54,2335.54,2335.54,2.41633e+06,2.41633e+06,2.41633e+06,2.76545e+06,2.76545e+06,2.76545e+06,3104.89,3104.89,3104.89,3224.9,3224.9,3224.9,1.15358e+08,1.15358e+08,1.15358e+08,1.6072,1.6072,1.6072,2.64937,2.64937,2.64937
250,7.22854e+06,7.22854e+06,7.22854e+06,2113.76,2113.76,2113.76,2332.1,2332.1,2332.1,2.41639e+06,2.41639e+06,2.41639e+06,2.76552e+06,2.76552e+06,2.76552e+06,3101,3101,3101,3220.32,3220.32,3220.32,1.15358e+08,1.15358e+08,1.15358e+08,1.60545,1.60545,1.60545,2.64605,2.64605,2.64605
251,7.22787e+06,7.22787e+06,7.22787e+06,2110.21,2110.21,2110.21,2327.83,2327.83,2327.83,2.41646e+06,2.41646e+06,2.41646e+06,2.76558e+06,2.76558e+06,2.76558e+06,3095.95,3095.95,3095.95,3214.59,3214.59,3214.59,1.15358e+08,1.15358e+08,1.15358e+08,1.6031,1.6031,1.6031,2.64176,2.64176,2.64176
252,7.22723e+06,7.22723e+06,7.22723e+06,2105.91,2105.91,2105.91,2322.77,2322.77,2322.77,2.41653e+06,2.41653e+06,2.41653e+06,2.76565e+06,2.76565e+06,2.76565e+06,3089.81,3089.81,3089.81,3207.78,3207.78,3207.78,1.15358e+08,1.15358e+08,1.15358e+08,1.60017,1.60017,1.60017,2.63654,2.63654,2.63654
253,7.22663e+06,7.22663e+06,7.22663e+06,2100.94,2100.94,2100.94,2317.01,2317.01,2317.01,2.41659e+06,2.41659e+06,2.41659e+06,2.76571e+06,2.76571e+06,2.76571e+06,3082.67,3082.67,3082.67,3199.97,3199.97,3199.97,1.15357e+08,1.15357e+08,1.15357e+08,1.5967,1.5967,1.5967,2.63048,2.63048,2.63048
254,7.22608e+06,7.22608e+06,7.22608e+06,2095.36,2095.36,2095.36,2310.6,2310.6,2310.6,2.41665e+06,2.41665e+06,2.41665e+06,2.76577e+06,2.76577e+06,2.76577e+06,3074.62,3074.62,3074.62,3191.27,3191.27,3191.27,1.15357e+08,1.15357e+08,1.15357e+08,1.59273,1.59273,1.59273,2.62365,2.62365,2.62365
255,7.22558e+06,7.22558e+06,7.22558e+06,2089.24,2089.24,2089.24,2303.66,2303.66,2303.66,2.41672e+06,2.41672e+06,2.41672e+06,2.76583e+06,2.76583e+06,2.76583e+06,3065.78,3065.78,3065.78,3181.81,3181.81,3181.81,1.15357e+08,1.15357e+08,1.15357e+08,1.58833,1.58833,1.58833,2.61614,2.61614,2.61614
256,7.22513e+06,7.22513e+06,7.22513e+06,2082.67,2082.67,2082.67,2296.26,2296.26,2296.26,2.41678e+06,2.41678e+06,2.41678e+06,2.76588e+06,2.76588e+06,2.76588e+06,3056.26,3056.26,3056.26,3171.72,3171.72,3171.72,1.15356e+08,1.15356e+08,1.15356e+08,1.58355,1.58355,1.58355,2.60805,2.60805,2.60805
257,7.22475e+06,7.22475e+06,7.22475e+06,2075.74,2075.74,2075.74,2288.51,2288.51,2288.51,2.41684e+06,2.41684e+06,2.41684e+06,2.76594e+06,2.76594e+06,2.76594e+06,3046.2,3046.2,3046.2,3161.12,3161.12,3161.12,1.15356e+08,1.15356e+08,1.15356e+08,1.57846,1.57846,1.57846,2.59951,2.59951,2.59951
258,7.22443e+06,7.22443e+06,7.22443e+06,2068.55,2068.55,2068.55,2280.51,2280.51,2280.51,2.4169e+06,2.4169e+06,2.4169e+06,2.76599e+06,2.76599e+06,2.76599e+06,3035.74,3035.74,3035.74,3150.17,3150.17,3150.17,1.15355e+08,1.15355e+08,1.15355e+08,1.57312,1.57312,1.57312,2.59062,2.59062,2.59062
259,7.22417e+06,7.22417e+06,7.22417e+06,2061.19,2061.19,2061.19,2272.37,2272.37,2272.37,2.41695e+06,2.41695e+06,2.41695e+06,2.76604e+06,2.76604e+06,2.76604e+06,3025.02,3025.02,3025.02,3139.01,3139.01,3139.01,1.15355e+08,1.15355e+08,1.15355e+08,1.56762,1.56762,1.56762,2.5815,2.5815,2.5815
260,7.22397e+06,7.22397e+06,7.22397e+06,2053.75,2053.75,2053.75,2264.2,2264.2,2264.2,2.41701e+06,2.41701e+06,2.41701e+06,2.76609e+06,2.76609e+06,2.76609e+06,3014.17,3014.17,3014.17,3127.8,3127.8,3127.8,1.15354e+08,1.15354e+08,1.15354e+08,1.56202,1.56202,1.56202,2.57228,2.57228,2.57228
261,7.22384e+06,7.22384e+06,7.22384e+06,2046.34,2046.34,2046.34,2256.1,2256.1,2256.1,2.41706e+06,2.41706e+06,2.41706e+06,2.76613e+06,2.76613e+06,2.76613e+06,3003.36,3003.36,3003.36,3116.67,3116.67,3116.67,1.15353e+08,1.15353e+08,1.15353e+08,1.55639,1.55639,1.55639,2.56308,2.56308,2.56308
262,7.22377e+06,7.22377e+06,7.22377e+06,2039.06,2039.06,2039.06,2248.18,2248.18,2248.18,2.41711e+06,2.41711e+06,2.41711e+06,2.76618e+06,2.76618e+06,2.76618e+06,2992.71,2992.71,2992.71,3105.78,3105.78,3105.78,1.15353e+08,1.15353e+08,1.15353e+08,1.55083,1.55083,1.55083,2.55402,2.55402,2.55402
263,7.22376e+06,7.22376e+06,7.22376e+06,2032,2032,2032,2240.55,2240.55,2240.55,2.41716e+06,2.41716e+06,2.41716e+06,2.76622e+06,2.76622e+06,2.76622e+06,2982.36,2982.36,2982.36,3095.26,3095.26,3095.26,1.15352e+08,1.15352e+08,1.15352e+08,1.54538,1.54538,1.54538,2.5452,2.5452,2.5452
264,7.22381e+06,7.22381e+06,7.22381e+06,2025.23,2025.23,2025.23,2233.28,2233.28,2233.28,2.41721e+06,2.41721e+06,2.41721e+06,2.76626e+06,2.76626e+06,2.76626e+06,2972.45,2972.45,2972.45,3085.25,3085.25,3085.25,1.15351e+08,1.15351e+08,1.15351e+08,1.54014,1.54014,1.54014,2.53676,2.53676,2.53676
265,7.22392e+06,7.22392e+06,7.22392e+06,2018.86,2018.86,2018.86,2226.47,2226.47,2226.47,2.41725e+06,2.41725e+06,2.41725e+06,2.76629e+06,2.76629e+06,2.76629e+06,2963.1,2963.1,2963.1,3075.85,3075.85,3075.85,1.1535e+08,1.1535e+08,1.1535e+08,1.53515,1.53515,1.53515,2.52878,2.52878,2.52878
266,7.22407e+06,7.22407e+06,7.22407e+06,2012.95,2012.95,2012.95,2220.21,2220.21,2220.21,2.41729e+06,2.41729e+06,2.41729e+06,2.76633e+06,2.76633e+06,2.76633e+06,2954.42,2954.42,2954.42,3067.2,3067.2,3067.2,1.1535e+08,1.1535e+08,1.1535e+08,1.53048,1.53048,1.53048,2.52136,2.52136,2.52136
267,7.22427e+06,7.22427e+06,7.22427e+06,2007.58,2007.58,2007.58,2214.56,2214.56,2214.56,2.41733e+06,2.41733e+06,2.41733e+06,2.76636e+06,2.76636e+06,2.76636e+06,2946.51,2946.51,2946.51,3059.38,3059.38,3059.38,1.15349e+08,1.15349e+08,1.15349e+08,1.52619,1.52619,1.52619,2.5146,2.5146,2.5146
268,7.2245e+06,7.2245e+06,7.2245e+06,2002.79,2002.79,2002.79,2209.58,2209.58,2209.58,2.41737e+06,2.41737e+06,2.41737e+06,2.7664e+06,2.7664e+06,2.7664e+06,2939.47,2939.47,2939.47,3052.48,3052.48,3052.48,1.15348e+08,1.15348e+08,1.15348e+08,1.52232,1.52232,1.52232,2.50856,2.50856,2.50856
269,7.22477e+06,7.22477e+06,7.22477e+06,1998.65,1998.65,1998.65,2205.33,2205.33,2205.33,2.4174e+06,2.4174e+06,2.4174e+06,2.76643e+06,2.76643e+06,2.76643e+06,2933.36,2933.36,2933.36,3046.58,3046.58,3046.58,1.15347e+08,1.15347e+08,1.15347e+08,1.51892,1.51892,1.51892,2.50331,2.50331,2.50331
270,7.22507e+06,7.22507e+06,7.22507e+06,1995.2,1995.2,1995.2,2201.85,2201.85,2201.85,2.41743e+06,2.41743e+06,2.41743e+06,2.76646e+06,2.76646e+06,2.76646e+06,2928.25,2928.25,2928.25,3041.74,3041.74,3041.74,1.15346e+08,1.15346e+08,1.15346e+08,1.51603,1.51603,1.51603,2.4989,2.4989,2.4989
271,7.22538e+06,7.22538e+06,7.22538e+06,1992.46,1992.46,1992.46,2199.16,2199.16,2199.16,2.41746e+06,2.41746e+06,2.41746e+06,2.76649e+06,2.76649e+06,2.76649e+06,2924.19,2924.19,2924.19,3037.99,3037.99,3037.99,1.15346e+08,1.15346e+08,1.15346e+08,1.51366,1.51366,1.51366,2.49539,2.49539,2.49539
272,7.2257e+06,7.2257e+06,7.2257e+06,1990.46,1990.46,1990.46,2197.29,2197.29,2197.29,2.41749e+06,2.41749e+06,2.41749e+06,2.76652e+06,2.76652e+06,2.76652e+06,2921.22,2921.22,2921.22,3035.36,3035.36,3035.36,1.15345e+08,1.15345e+08,1.15345e+08,1.51185,1.51185,1.51185,2.49278,2.49278,2.49278
273,7.22603e+06,7.22603e+06,7.22603e+06,1989.22,1989.22,1989.22,2196.25,2196.25,2196.25,2.41752e+06,2.41752e+06,2.41752e+06,2.76655e+06,2.76655e+06,2.76655e+06,2919.34,2919.34,2919.34,3033.88,3033.88,3033.88,1.15344e+08,1.15344e+08,1.15344e+08,1.5106,1.5106,1.5106,2.49111,2.49111,2.49111
274,7.22635e+06,7.22635e+06,7.22635e+06,1988.73,1988.73,1988.73,2196.03,2196.03,2196.03,2.41755e+06,2.41755e+06,2.41755e+06,2.76658e+06,2.76658e+06,2.76658e+06,2918.57,2918.57,2918.57,3033.53,3033.53,3033.53,1.15344e+08,1.15344e+08,1.15344e+08,1.50993,1.50993,1.50993,2.49037,2.49037,2.49037
275,7.22666e+06,7.22666e+06,7.22666e+06,1988.98,1988.98,1988.98,2196.61,2196.61,2196.61,2.41757e+06,2.41757e+06,2.41757e+06,2.7666e+06,2.7666e+06,2.7666e+06,2918.89,2918.89,2918.89,3034.29,3034.29,3034.29,1.15343e+08,1.15343e+08,1.15343e+08,1.50982,1.50982,1.50982,2.49056,2.49056,2.49056
276,7.22696e+06,7.22696e+06,7.22696e+06,1989.95,1989.95,1989.95,2197.98,2197.98,2197.98,2.41759e+06,2.41759e+06,2.41759e+06,2.76663e+06,2.76663e+06,2.76663e+06,2920.28,2920.28,2920.28,3036.14,3036.14,3036.14,1.15343e+08,1.15343e+08,1.15343e+08,1.51028,1.51028,1.51028,2.49165,2.49165,2.49165
277,7.22723e+06,7.22723e+06,7.22723e+06,1991.62,1991.62,1991.62,2200.09,2200.09,2200.09,2.41762e+06,2.41762e+06,2.41762e+06,2.76666e+06,2.76666e+06,2.76666e+06,2922.69,2922.69,2922.69,3039.02,3039.02,3039.02,1.15342e+08,1.15342e+08,1.15342e+08,1.51127,1.51127,1.51127,2.49361,2.49361,2.49361
278,7.22747e+06,7.22747e+06,7.22747e+06,1993.94,1993.94,1993.94,2202.91,2202.91,2202.91,2.41764e+06,2.41764e+06,2.41764e+06,2.76669e+06,2.76669e+06,2.76669e+06,2926.07,2926.07,2926.07,3042.87,3042.87,3042.87,1.15342e+08,1.15342e+08,1.15342e+08,1.51278,1.51278,1.51278,2.49639,2.49639,2.49639
279,7.22767e+06,7.22767e+06,7.22767e+06,1996.88,1996.88,1996.88,2206.37,2206.37,2206.37,2.41766e+06,2.41766e+06,2.41766e+06,2.76671e+06,2.76671e+06,2.76671e+06,2930.34,2930.34,2930.34,3047.62,3047.62,3047.62,1.15342e+08,1.15342e+08,1.15342e+08,1.51477,1.51477,1.51477,2.49994,2.49994,2.49994
280,7.22784e+06,7.22784e+06,7.22784e+06,2000.36,2000.36,2000.36,2210.4,2210.4,2210.4,2.41768e+06,2.41768e+06,2.41768e+06,2.76674e+06,2.76674e+06,2.76674e+06,2935.44,2935.44,2935.44,3053.18,3053.18,3053.18,1.15342e+08,1.15342e+08,1.15342e+08,1.5172,1.5172,1.5172,2.50418,2.50418,2.50418
281,7.22795e+06,7.22795e+06,7.22795e+06,2004.34,2004.34,2004.34,2214.94,2214.94,2214.94,2.4177e+06,2.4177e+06,2.4177e+06,2.76677e+06,2.76677e+06,2.76677e+06,2941.26,2941.26,2941.26,3059.44,3059.44,3059.44,1.15342e+08,1.15342e+08,1.15342e+08,1.52003,1.52003,1.52003,2.50904,2.50904,2.50904
282,7.22802e+06,7.22802e+06,7.22802e+06,2008.73,2008.73,2008.73,2219.91,2219.91,2219.91,2.41773e+06,2.41773e+06,2.41773e+06,2.7668e+06,2.7668e+06,2.7668e+06,2947.7,2947.7,2947.7,3066.3,3066.3,3066.3,1.15343e+08,1.15343e+08,1.15343e+08,1.52321,1.52321,1.52321,2.51444,2.51444,2.51444
283,7.22804e+06,7.22804e+06,7.22804e+06,2013.46,2013.46,2013.46,2225.21,2225.21,2225.21,2.41775e+06,2.41775e+06,2.41775e+06,2.76683e+06,2.76683e+06,2.76683e+06,2954.65,2954.65,2954.65,3073.63,3073.63,3073.63,1.15343e+08,1.15343e+08,1.15343e+08,1.52668,1.52668,1.52668,2.52027,2.52027,2.52027
284,7.22799e+06,7.22799e+06,7.22799e+06,2018.44,2018.44,2018.44,2230.76,2230.76,2230.76,2.41777e+06,2.41777e+06,2.41777e+06,2.76686e+06,2.76686e+06,2.76686e+06,2961.98,2961.98,2961.98,3081.3,3081.3,3081.3,1.15344e+08,1.15344e+08,1.15344e+08,1.53037,1.53037,1.53037,2.52644,2.52644,2.52644
285,7.2279e+06,7.2279e+06,7.2279e+06,2023.59,2023.59,2023.59,2236.45,2236.45,2236.45,2.41779e+06,2.41779e+06,2.41779e+06,2.7669e+06,2.7669e+06,2.7669e+06,2969.57,2969.57,2969.57,3089.19,3089.19,3089.19,1.15344e+08,1.15344e+08,1.15344e+08,1.53423,1.53423,1.53423,2.53283,2.53283,2.53283
286,7.22774e+06,7.22774e+06,7.22774e+06,2028.82,2028.82,2028.82,2242.19,2242.19,2242.19,2.41782e+06,2.41782e+06,2.41782e+06,2.76693e+06,2.76693e+06,2.76693e+06,2977.28,2977.28,2977.28,3097.15,3097.15,3097.15,1.15345e+08,1.15345e+08,1.15345e+08,1.53819,1.53819,1.53819,2.53933,2.53933,2.53933
287,7.22753e+06,7.22753e+06,7.22753e+06,2034.02,2034.02,2034.02,2247.87,2247.87,2247.87,2.41784e+06,2.41784e+06,2.41784e+06,2.76696e+06,2.76696e+06,2.76696e+06,2984.97,2984.97,2984.97,3105.05,3105.05,3105.05,1.15346e+08,1.15346e+08,1.15346e+08,1.54217,1.54217,1.54217,2.54584,2.54584,2.54584
288,7.22726e+06,7.22726e+06,7.22726e+06,2039.12,2039.12,2039.12,2253.39,2253.39,2253.39,2.41787e+06,2.41787e+06,2.41787e+06,2.767e+06,2.767e+06,2.767e+06,2992.51,2992.51,2992.51,3112.73,3112.73,3112.73,1.15347e+08,1.15347e+08,1.15347e+08,1.5461,1.5461,1.5461,2.55222,2.55222,2.55222
289,7.22694e+06,7.22694e+06,7.22694e+06,2044,2044,2044,2258.64,2258.64,2258.64,2.41789e+06,2.41789e+06,2.41789e+06,2.76703e+06,2.76703e+06,2.76703e+06,2999.76,2999.76,2999.76,3120.06,3120.06,3120.06,1.15349e+08,1.15349e+08,1.15349e+08,1.54992,1.54992,1.54992,2.55837,2.55837,2.55837
290,7.22657e+06,7.22657e+06,7.22657e+06,2048.59,2048.59,2048.59,2263.53,2263.53,2263.53,2.41792e+06,2.41792e+06,2.41792e+06,2.76707e+06,2.76707e+06,2.76707e+06,3006.58,3006.58,3006.58,3126.9,3126.9,3126.9,1.1535e+08,1.1535e+08,1.1535e+08,1.55354,1.55354,1.55354,2.56417,2.56417,2.56417
291,7.22616e+06,7.22616e+06,7.22616e+06,2052.79,2052.79,2052.79,2267.97,2267.97,2267.97,2.41795e+06,2.41795e+06,2.41795e+06,2.7671e+06,2.7671e+06,2.7671e+06,3012.84,3012.84,3012.84,3133.12,3133.12,3133.12,1.15352e+08,1.15352e+08,1.15352e+08,1.55691,1.55691,1.55691,2.56951,2.56951,2.56951
292,7.2257e+06,7.2257e+06,7.2257e+06,2056.52,2056.52,2056.52,2271.87,2271.87,2271.87,2.41798e+06,2.41798e+06,2.41798e+06,2.76714e+06,2.76714e+06,2.76714e+06,3018.42,3018.42,3018.42,3138.6,3138.6,3138.6,1.15354e+08,1.15354e+08,1.15354e+08,1.55996,1.55996,1.55996,2.57429,2.57429,2.57429
293,7.22521e+06,7.22521e+06,7.22521e+06,2059.71,2059.71,2059.71,2275.14,2275.14,2275.14,2.41801e+06,2.41801e+06,2.41801e+06,2.76718e+06,2.76718e+06,2.76718e+06,3023.21,3023.21,3023.21,3143.22,3143.22,3143.22,1.15356e+08,1.15356e+08,1.15356e+08,1.56262,1.56262,1.56262,2.57841,2.57841,2.57841
294,7.22468e+06,7.22468e+06,7.22468e+06,2062.28,2062.28,2062.28,2277.71,2277.71,2277.71,2.41804e+06,2.41804e+06,2.41804e+06,2.76721e+06,2.76721e+06,2.76721e+06,3027.1,3027.1,3027.1,3146.9,3146.9,3146.9,1.15358e+08,1.15358e+08,1.15358e+08,1.56485,1.56485,1.56485,2.58178,2.58178,2.58178
295,7.22414e+06,7.22414e+06,7.22414e+06,2064.18,2064.18,2064.18,2279.54,2279.54,2279.54,2.41807e+06,2.41807e+06,2.41807e+06,2.76725e+06,2.76725e+06,2.76725e+06,3030.01,3030.01,3030.01,3149.53,3149.53,3149.53,1.1536e+08,1.1536e+08,1.1536e+08,1.56659,1.56659,1.56659,2.58434,2.58434,2.58434
296,7.22358e+06,7.22358e+06,7.22358e+06,2065.36,2065.36,2065.36,2280.55,2280.55,2280.55,2.41811e+06,2.41811e+06,2.41811e+06,2.76729e+06,2.76729e+06,2.76729e+06,3031.87,3031.87,3031.87,3151.06,3151.06,3151.06,1.15362e+08,1.15362e+08,1.15362e+08,1.5678,1.5678,1.5678,2.58601,2.58601,2.58601
297,7.22301e+06,7.22301e+06,7.22301e+06,2065.77,2065.77,2065.77,2280.73,2280.73,2280.73,2.41814e+06,2.41814e+06,2.41814e+06,2.76732e+06,2.76732e+06,2.76732e+06,3032.61,3032.61,3032.61,3151.43,3151.43,3151.43,1.15365e+08,1.15365e+08,1.15365e+08,1.56844,1.56844,1.56844,2.58674,2.58674,2.58674
298,7.22244e+06,7.22244e+06,7.22244e+06,2065.4,2065.4,2065.4,2280.03,2280.03,2280.03,2.41817e+06,2.41817e+06,2.41817e+06,2.76736e+06,2.76736e+06,2.76736e+06,3032.19,3032.19,3032.19,3150.6,3150.6,3150.6,1.15367e+08,1.15367e+08,1.15367e+08,1.5685,1.5685,1.5685,2.58651,2.58651,2.58651
299,7.22188e+06,7.22188e+06,7.22188e+06,2064.22,2064.22,2064.22,2278.47,2278.47,2278.47,2.41821e+06,2.41821e+06,2.41821e+06,2.7674e+06,2.7674e+06,2.7674e+06,3030.59,3030.59,3030.59,3148.56,3148.56,3148.56,1.1537e+08,1.1537e+08,1.1537e+08,1.56795,1.56795,1.56795,2.58529,2.58529,2.58529
300,7.22134e+06,7.22134e+06,7.22134e+06,2062.24,2062.24,2062.24,2276.03,2276.03,2276.03,2.41824e+06,2.41824e+06,2.41824e+06,2.76743e+06,2.76743e+06,2.76743e+06,3027.81,3027.81,3027.81,3145.31,3145.31,3145.31,1.15372e+08,1.15372e+08,1.15372e+08,1.56679,1.56679,1.56679,2.58308,2.58308,2.58308
301,7.22082e+06,7.22082e+06,7.22082e+06,2059.48,2059.48,2059.48,2272.73,2272.73,2272.73,2.41828e+06,2.41828e+06,2.41828e+06,2.76747e+06,2.76747e+06,2.76747e+06,3023.87,3023.87,3023.87,3140.88,3140.88,3140.88,1.15375e+08,1.15375e+08,1.15375e+08,1.56503,1.56503,1.56503,2.57988,2.57988,2.57988
302,7.22033e+06,7.22033e+06,7.22033e+06,2055.94,2055.94,2055.94,2268.62,2268.62,2268.62,2.41831e+06,2.41831e+06,2.41831e+06,2.7675e+06,2.7675e+06,2.7675e+06,3018.79,3018.79,3018.79,3135.3,3135.3,3135.3,1.15378e+08,1.15378e+08,1.15378e+08,1.56267,1.56267,1.56267,2.57573,2.57573,2.57573
303,7.21989e+06,7.21989e+06,7.21989e+06,2051.67,2051.67,2051.67,2263.72,2263.72,2263.72,2.41835e+06,2.41835e+06,2.41835e+06,2.76753e+06,2.76753e+06,2.76753e+06,3012.63,3012.63,3012.63,3128.64,3128.64,3128.64,1.1538e+08,1.1538e+08,1.1538e+08,1.55974,1.55974,1.55974,2.57067,2.57067,2.57067
304,7.21948e+06,7.21948e+06,7.21948e+06,2046.72,2046.72,2046.72,2258.1,2258.1,2258.1,2.41838e+06,2.41838e+06,2.41838e+06,2.76756e+06,2.76756e+06,2.76756e+06,3005.45,3005.45,3005.45,3120.98,3120.98,3120.98,1.15383e+08,1.15383e+08,1.15383e+08,1.55626,1.55626,1.55626,2.56475,2.56475,2.56475
305,7.21914e+06,7.21914e+06,7.21914e+06,2041.14,2041.14,2041.14,2251.83,2251.83,2251.83,2.41841e+06,2.41841e+06,2.41841e+06,2.76759e+06,2.76759e+06,2.76759e+06,2997.34,2997.34,2997.34,3112.39,3112.39,3112.39,1.15386e+08,1.15386e+08,1.15386e+08,1.55229,1.55229,1.55229,2.55804,2.55804,2.55804
306,7.21884e+06,7.21884e+06,7.21884e+06,2035,2035,2035,2244.98,2244.98,2244.98,2.41845e+06,2.41845e+06,2.41845e+06,2.76762e+06,2.76762e+06,2.76762e+06,2988.41,2988.41,2988.41,3103.01,3103.01,3103.01,1.15389e+08,1.15389e+08,1.15389e+08,1.54786,1.54786,1.54786,2.55063,2.55063,2.55063
307,7.21861e+06,7.21861e+06,7.21861e+06,2028.38,2028.38,2028.38,2237.64,2237.64,2237.64,2.41848e+06,2.41848e+06,2.41848e+06,2.76764e+06,2.76764e+06,2.76764e+06,2978.75,2978.75,2978.75,3092.93,3092.93,3092.93,1.15391e+08,1.15391e+08,1.15391e+08,1.54303,1.54303,1.54303,2.54261,2.54261,2.54261
308,7.21845e+06,7.21845e+06,7.21845e+06,2021.37,2021.37,2021.37,2229.91,2229.91,2229.91,2.41851e+06,2.41851e+06,2.41851e+06,2.76767e+06,2.76767e+06,2.76767e+06,2968.5,2968.5,2968.5,3082.28,3082.28,3082.28,1.15394e+08,1.15394e+08,1.15394e+08,1.53787,1.53787,1.53787,2.53408,2.53408,2.53408
309,7.21836e+06,7.21836e+06,7.21836e+06,2014.04,2014.04,2014.04,2221.87,2221.87,2221.87,2.41854e+06,2.41854e+06,2.41854e+06,2.76769e+06,2.76769e+06,2.76769e+06,2957.77,2957.77,2957.77,3071.22,3071.22,3071.22,1.15397e+08,1.15397e+08,1.15397e+08,1.53243,1.53243,1.53243,2.52514,2.52514,2.52514
310,7.21834e+06,7.21834e+06,7.21834e+06,2006.5,2006.5,2006.5,2213.64,2213.64,2213.64,2.41856e+06,2.41856e+06,2.41856e+06,2.76771e+06,2.76771e+06,2.76771e+06,2946.71,2946.71,2946.71,3059.86,3059.86,3059.86,1.154e+08,1.154e+08,1.154e+08,1.52678,1.52678,1.52678,2.51592,2.51592,2.51592
311,7.21839e+06,7.21839e+06,7.21839e+06,1998.83,1998.83,1998.83,2205.32,2205.32,2205.32,2.41859e+06,2.41859e+06,2.41859e+06,2.76773e+06,2.76773e+06,2.76773e+06,2935.46,2935.46,2935.46,3048.37,3048.37,3048.37,1.15402e+08,1.15402e+08,1.15402e+08,1.521,1.521,1.521,2.50653,2.50653,2.50653
312,7.21851e+06,7.21851e+06,7.21851e+06,1991.14,1991.14,1991.14,2197.01,2197.01,2197.01,2.41861e+06,2.41861e+06,2.41861e+06,2.76775e+06,2.76775e+06,2.76775e+06,2924.16,2924.16,2924.16,3036.88,3036.88,3036.88,1.15405e+08,1.15405e+08,1.15405e+08,1.51517,1.51517,1.51517,2.49709,2.49709,2.49709
313,7.21871e+06,7.21871e+06,7.21871e+06,1983.52,1983.52,1983.52,2188.82,2188.82,2188.82,2.41863e+06,2.41863e+06,2.41863e+06,2.76777e+06,2.76777e+06,2.76777e+06,2912.94,2912.94,2912.94,3025.54,3025.54,3025.54,1.15408e+08,1.15408e+08,1.15408e+08,1.50934,1.50934,1.50934,2.48771,2.48771,2.48771
314,7.21898e+06,7.21898e+06,7.21898e+06,1976.06,1976.06,1976.06,2180.85,2180.85,2180.85,2.41865e+06,2.41865e+06,2.41865e+06,2.76778e+06,2.76778e+06,2.76778e+06,2901.95,2901.95,2901.95,3014.48,3014.48,3014.48,1.1541e+08,1.1541e+08,1.1541e+08,1.5036,1.5036,1.5036,2.47852,2.47852,2.47852
315,7.21931e+06,7.21931e+06,7.21931e+06,1968.85,1968.85,1968.85,2173.19,2173.19,2173.19,2.41866e+06,2.41866e+06,2.41866e+06,2.7678e+06,2.7678e+06,2.7678e+06,2891.31,2891.31,2891.31,3003.85,3003.85,3003.85,1.15413e+08,1.15413e+08,1.15413e+08,1.49801,1.49801,1.49801,2.46963,2.46963,2.46963
316,7.21972e+06,7.21972e+06,7.21972e+06,1961.98,1961.98,1961.98,2165.94,2165.94,2165.94,2.41868e+06,2.41868e+06,2.41868e+06,2.76781e+06,2.76781e+06,2.76781e+06,2881.17,2881.17,2881.17,2993.77,2993.77,2993.77,1.15416e+08,1.15416e+08,1.15416e+08,1.49264,1.49264,1.49264,2.46114,2.46114,2.46114
317,7.22018e+06,7.22018e+06,7.22018e+06,1955.54,1955.54,1955.54,2159.18,2159.18,2159.18,2.41869e+06,2.41869e+06,2.41869e+06,2.76782e+06,2.76782e+06,2.76782e+06,2871.62,2871.62,2871.62,2984.35,2984.35,2984.35,1.15418e+08,1.15418e+08,1.15418e+08,1.48756,1.48756,1.48756,2.45315,2.45315,2.45315
318,7.2207e+06,7.2207e+06,7.2207e+06,1949.59,1949.59,1949.59,2152.99,2152.99,2152.99,2.4187e+06,2.4187e+06,2.4187e+06,2.76783e+06,2.76783e+06,2.76783e+06,2862.8,2862.8,2862.8,2975.71,2975.71,2975.71,1.15421e+08,1.15421e+08,1.15421e+08,1.48282,1.48282,1.48282,2.44576,2.44576,2.44576
319,7.22127e+06,7.22127e+06,7.22127e+06,1944.2,1944.2,1944.2,2147.44,2147.44,2147.44,2.41871e+06,2.41871e+06,2.41871e+06,2.76784e+06,2.76784e+06,2.76784e+06,2854.78,2854.78,2854.78,2967.95,2967.95,2967.95,1.15423e+08,1.15423e+08,1.15423e+08,1.47848,1.47848,1.47848,2.43905,2.43905,2.43905
320,7.22188e+06,7.22188e+06,7.22188e+06,1939.43,1939.43,1939.43,2142.59,2142.59,2142.59,2.41871e+06,2.41871e+06,2.41871e+06,2.76785e+06,2.76785e+06,2.76785e+06,2847.67,2847.67,2847.67,2961.14,2961.14,2961.14,1.15426e+08,1.15426e+08,1.15426e+08,1.47459,1.47459,1.47459,2.4331,2.4331,2.4331
321,7.22254e+06,7.22254e+06,7.22254e+06,1935.32,1935.32,1935.32,2138.49,2138.49,2138.49,2.41871e+06,2.41871e+06,2.41871e+06,2.76785e+06,2.76785e+06,2.76785e+06,2841.54,2841.54,2841.54,2955.36,2955.36,2955.36,1.15428e+08,1.15428e+08,1.15428e+08,1.47118,1.47118,1.47118,2.42797,2.42797,2.42797
322,7.22322e+06,7.22322e+06,7.22322e+06,1931.93,1931.93,1931.93,2135.18,2135.18,2135.18,2.41872e+06,2.41872e+06,2.41872e+06,2.76786e+06,2.76786e+06,2.76786e+06,2836.44,2836.44,2836.44,2950.67,2950.67,2950.67,1.15431e+08,1.15431e+08,1.15431e+08,1.4683,1.4683,1.4683,2.42371,2.42371,2.42371
323,7.22393e+06,7.22393e+06,7.22393e+06,1929.29,1929.29,1929.29,2132.69,2132.69,2132.69,2.41872e+06,2.41872e+06,2.41872e+06,2.76787e+06,2.76787e+06,2.76787e+06,2832.43,2832.43,2832.43,2947.12,2947.12,2947.12,1.15433e+08,1.15433e+08,1.15433e+08,1.46597,1.46597,1.46597,2.42037,2.42037,2.42037
324,7.22466e+06,7.22466e+06,7.22466e+06,1927.41,1927.41,1927.41,2131.05,2131.05,2131.05,2.41871e+06,2.41871e+06,2.41871e+06,2.76787e+06,2.76787e+06,2.76787e+06,2829.54,2829.54,2829.54,2944.72,2944.72,2944.72,1.15435e+08,1.15435e+08,1.15435e+08,1.46421,1.46421,1.46421,2.41796,2.41796,2.41796
325,7.2254e+06,7.2254e+06,7.2254e+06,1926.3,1926.3,1926.3,2130.26,2130.26,2130.26,2.41871e+06,2.41871e+06,2.41871e+06,2.76788e+06,2.76788e+06,2.76788e+06,2827.79,2827.79,2827.79,2943.49,2943.49,2943.49,1.15438e+08,1.15438e+08,1.15438e+08,1.46304,1.46304,1.46304,2.41652,2.41652,2.41652
326,7.22613e+06,7.22613e+06,7.22613e+06,1925.98,1925.98,1925.98,2130.31,2130.31,2130.31,2.41871e+06,2.41871e+06,2.41871e+06,2.76789e+06,2.76789e+06,2.76789e+06,2827.18,2827.18,2827.18,2943.44,2943.44,2943.44,1.1544e+08,1.1544e+08,1.1544e+08,1.46246,1.46246,1.46246,2.41604,2.41604,2.41604
327,7.22686e+06,7.22686e+06,7.22686e+06,1926.43,1926.43,1926.43,2131.21,2131.21,2131.21,2.4187e+06,2.4187e+06,2.4187e+06,2.76789e+06,2.76789e+06,2.76789e+06,2827.72,2827.72,2827.72,2944.54,2944.54,2944.54,1.15443e+08,1.15443e+08,1.15443e+08,1.46247,1.46247,1.46247,2.41652,2.41652,2.41652
328,7.22758e+06,7.22758e+06,7.22758e+06,1927.64,1927.64,1927.64,2132.92,2132.92,2132.92,2.4187e+06,2.4187e+06,2.4187e+06,2.7679e+06,2.7679e+06,2.7679e+06,2829.36,2829.36,2829.36,2946.77,2946.77,2946.77,1.15445e+08,1.15445e+08,1.15445e+08,1.46306,1.46306,1.46306,2.41794,2.41794,2.41794
329,7.22828e+06,7.22828e+06,7.22828e+06,1929.58,1929.58,1929.58,2135.41,2135.41,2135.41,2.41869e+06,2.41869e+06,2.41869e+06,2.76791e+06,2.76791e+06,2.76791e+06,2832.08,2832.08,2832.08,2950.09,2950.09,2950.09,1.15448e+08,1.15448e+08,1.15448e+08,1.46421,1.46421,1.46421,2.42026,2.42026,2.42026
330,7.22895e+06,7.22895e+06,7.22895e+06,1932.21,1932.21,1932.21,2138.65,2138.65,2138.65,2.41868e+06,2.41868e+06,2.41868e+06,2.76792e+06,2.76792e+06,2.76792e+06,2835.82,2835.82,2835.82,2954.43,2954.43,2954.43,1.1545e+08,1.1545e+08,1.1545e+08,1.46591,1.46591,1.46591,2.42345,2.42345,2.42345
331,7.22959e+06,7.22959e+06,7.22959e+06,1935.5,1935.5,1935.5,2142.57,2142.57,2142.57,2.41868e+06,2.41868e+06,2.41868e+06,2.76793e+06,2.76793e+06,2.76793e+06,2840.53,2840.53,2840.53,2959.73,2959.73,2959.73,1.15453e+08,1.15453e+08,1.15453e+08,1.46813,1.46813,1.46813,2.42746,2.42746,2.42746
332,7.23019e+06,7.23019e+06,7.23019e+06,1939.38,1939.38,1939.38,2147.12,2147.12,2147.12,2.41867e+06,2.41867e+06,2.41867e+06,2.76794e+06,2.76794e+06,2.76794e+06,2846.13,2846.13,2846.13,2965.91,2965.91,2965.91,1.15455e+08,1.15455e+08,1.15455e+08,1.47082,1.47082,1.47082,2.43221,2.43221,2.43221
333,7.23075e+06,7.23075e+06,7.23075e+06,1943.81,1943.81,1943.81,2152.23,2152.23,2152.23,2.41866e+06,2.41866e+06,2.41866e+06,2.76795e+06,2.76795e+06,2.76795e+06,2852.52,2852.52,2852.52,2972.86,2972.86,2972.86,1.15458e+08,1.15458e+08,1.15458e+08,1.47395,1.47395,1.47395,2.43765,2.43765,2.43765
334,7.23126e+06,7.23126e+06,7.23126e+06,1948.71,1948.71,1948.71,2157.83,2157.83,2157.83,2.41866e+06,2.41866e+06,2.41866e+06,2.76797e+06,2.76797e+06,2.76797e+06,2859.62,2859.62,2859.62,2980.49,2980.49,2980.49,1.15461e+08,1.15461e+08,1.15461e+08,1.47746,1.47746,1.47746,2.44368,2.44368,2.44368
335,7.23171e+06,7.23171e+06,7.23171e+06,1954.01,1954.01,1954.01,2163.82,2163.82,2163.82,2.41865e+06,2.41865e+06,2.41865e+06,2.76798e+06,2.76798e+06,2.76798e+06,2867.32,2867.32,2867.32,2988.69,2988.69,2988.69,1.15463e+08,1.15463e+08,1.15463e+08,1.48131,1.48131,1.48131,2.45021,2.45021,2.45021
336,7.23211e+06,7.23211e+06,7.23211e+06,1959.63,1959.63,1959.63,2170.13,2170.13,2170.13,2.41865e+06,2.41865e+06,2.41865e+06,2.768e+06,2.768e+06,2.768e+06,2875.5,2875.5,2875.5,2997.33,2997.33,2997.33,1.15466e+08,1.15466e+08,1.15466e+08,1.48544,1.48544,1.48544,2.45716,2.45716,2.45716
337,7.23246e+06,7.23246e+06,7.23246e+06,1965.49,1965.49,1965.49,2176.67,2176.67,2176.67,2.41864e+06,2.41864e+06,2.41864e+06,2.76801e+06,2.76801e+06,2.76801e+06,2884.04,2884.04,2884.04,3006.28,3006.28,3006.28,1.15469e+08,1.15469e+08,1.15469e+08,1.48978,1.48978,1.48978,2.46442,2.46442,2.46442
338,7.23274e+06,7.23274e+06,7.23274e+06,1971.51,1971.51,1971.51,2183.32,2183.32,2183.32,2.41864e+06,2.41864e+06,2.41864e+06,2.76803e+06,2.76803e+06,2.76803e+06,2892.82,2892.82,2892.82,3015.42,3015.42,3015.42,1.15472e+08,1.15472e+08,1.15472e+08,1.49428,1.49428,1.49428,2.47187,2.47187,2.47187
339,7.23297e+06,7.23297e+06,7.23297e+06,1977.58,1977.58,1977.58,2190.01,2190.01,2190.01,2.41864e+06,2.41864e+06,2.41864e+06,2.76805e+06,2.76805e+06,2.76805e+06,2901.7,2901.7,2901.7,3024.61,3024.61,3024.61,1.15474e+08,1.15474e+08,1.15474e+08,1.49886,1.49886,1.49886,2.47942,2.47942,2.47942
340,7.23313e+06,7.23313e+06,7.23313e+06,1983.63,1983.63,1983.63,2196.62,2196.62,2196.62,2.41864e+06,2.41864e+06,2.41864e+06,2.76807e+06,2.76807e+06,2.76807e+06,2910.55,2910.55,2910.55,3033.71,3033.71,3033.71,1.15477e+08,1.15477e+08,1.15477e+08,1.50346,1.50346,1.50346,2.48695,2.48695,2.48695
341,7.23324e+06,7.23324e+06,7.23324e+06,1989.57,1989.57,1989.57,2203.07,2203.07,2203.07,2.41864e+06,2.41864e+06,2.41864e+06,2.76809e+06,2.76809e+06,2.76809e+06,2919.24,2919.24,2919.24,3042.58,3042.58,3042.58,1.1548e+08,1.1548e+08,1.1548e+08,1.50801,1.50801,1.50801,2.49435,2.49435,2.49435
342,7.2333e+06,7.2333e+06,7.2333e+06,1995.29,1995.29,1995.29,2209.25,2209.25,2209.25,2.41864e+06,2.41864e+06,2.41864e+06,2.76812e+06,2.76812e+06,2.76812e+06,2927.64,2927.64,2927.64,3051.1,3051.1,3051.1,1.15483e+08,1.15483e+08,1.15483e+08,1.51243,1.51243,1.51243,2.50151,2.50151,2.50151
343,7.2333e+06,7.2333e+06,7.2333e+06,2000.72,2000.72,2000.72,2215.06,2215.06,2215.06,2.41865e+06,2.41865e+06,2.41865e+06,2.76814e+06,2.76814e+06,2.76814e+06,2935.61,2935.61,2935.61,3059.14,3059.14,3059.14,1.15486e+08,1.15486e+08,1.15486e+08,1.51668,1.51668,1.51668,2.50831,2.50831,2.50831
344,7.23326e+06,7.23326e+06,7.23326e+06,2005.78,2005.78,2005.78,2220.43,2220.43,2220.43,2.41865e+06,2.41865e+06,2.41865e+06,2.76817e+06,2.76817e+06,2.76817e+06,2943.05,2943.05,2943.05,3066.56,3066.56,3066.56,1.15489e+08,1.15489e+08,1.15489e+08,1.52067,1.52067,1.52067,2.51467,2.51467,2.51467
345,7.23317e+06,7.23317e+06,7.23317e+06,2010.38,2010.38,2010.38,2225.28,2225.28,2225.28,2.41866e+06,2.41866e+06,2.41866e+06,2.7682e+06,2.7682e+06,2.7682e+06,2949.83,2949.83,2949.83,3073.27,3073.27,3073.27,1.15492e+08,1.15492e+08,1.15492e+08,1.52434,1.52434,1.52434,2.52047,2.52047,2.52047
346,7.23304e+06,7.23304e+06,7.23304e+06,2014.46,2014.46,2014.46,2229.52,2229.52,2229.52,2.41867e+06,2.41867e+06,2.41867e+06,2.76822e+06,2.76822e+06,2.76822e+06,2955.86,2955.86,2955.86,3079.15,3079.15,3079.15,1.15495e+08,1.15495e+08,1.15495e+08,1.52765,1.52765,1.52765,2.52563,2.52563,2.52563
347,7.23288e+06,7.23288e+06,7.23288e+06,2017.96,2017.96,2017.96,2233.09,2233.09,2233.09,2.41868e+06,2.41868e+06,2.41868e+06,2.76825e+06,2.76825e+06,2.76825e+06,2961.03,2961.03,2961.03,3084.11,3084.11,3084.11,1.15498e+08,1.15498e+08,1.15498e+08,1.53055,1.53055,1.53055,2.53008,2.53008,2.53008
348,7.2327e+06,7.2327e+06,7.2327e+06,2020.82,2020.82,2020.82,2235.94,2235.94,2235.94,2.41869e+06,2.41869e+06,2.41869e+06,2.76828e+06,2.76828e+06,2.76828e+06,2965.27,2965.27,2965.27,3088.09,3088.09,3088.09,1.15501e+08,1.15501e+08,1.15501e+08,1.53297,1.53297,1.53297,2.53375,2.53375,2.53375
349,7.23249e+06,7.23249e+06,7.23249e+06,2022.99,2022.99,2022.99,2238.02,2238.02,2238.02,2.41871e+06,2.41871e+06,2.41871e+06,2.76831e+06,2.76831e+06,2.76831e+06,2968.51,2968.51,2968.51,3091.01,3091.01,3091.01,1.15504e+08,1.15504e+08,1.15504e+08,1.5349,1.5349,1.5349,2.53657,2.53657,2.53657
350,7.23228e+06,7.23228e+06,7.23228e+06,2024.45,2024.45,2024.45,2239.31,2239.31,2239.31,2.41872e+06,2.41872e+06,2.41872e+06,2.76834e+06,2.76834e+06,2.76834e+06,2970.71,2970.71,2970.71,3092.84,3092.84,3092.84,1.15507e+08,1.15507e+08,1.15507e+08,1.5363,1.5363,1.5363,2.5385,2.5385,2.5385
351,7.23205e+06,7.23205e+06,7.23205e+06,2025.18,2025.18,2025.18,2239.79,2239.79,2239.79,2.41874e+06,2.41874e+06,2.41874e+06,2.76837e+06,2.76837e+06,2.76837e+06,2971.83,2971.83,2971.83,3093.55,3093.55,3093.55,1.1551e+08,1.1551e+08,1.1551e+08,1.53715,1.53715,1.53715,2.53953,2.53953,2.53953
352,7.23184e+06,7.23184e+06,7.23184e+06,2025.16,2025.16,2025.16,2239.45,2239.45,2239.45,2.41875e+06,2.41875e+06,2.41875e+06,2.7684e+06,2.7684e+06,2.7684e+06,2971.85,2971.85,2971.85,3093.13,3093.13,3093.13,1.15513e+08,1.15513e+08,1.15513e+08,1.53743,1.53743,1.53743,2.53963,2.53963,2.53963
353,7.23163e+06,7.23163e+06,7.23163e+06,2024.39,2024.39,2024.39,2238.3,2238.3,2238.3,2.41877e+06,2.41877e+06,2.41877e+06,2.76843e+06,2.76843e+06,2.76843e+06,2970.79,2970.79,2970.79,3091.59,3091.59,3091.59,1.15516e+08,1.15516e+08,1.15516e+08,1.53715,1.53715,1.53715,2.53881,2.53881,2.53881
354,7.23143e+06,7.23143e+06,7.23143e+06,2022.9,2022.9,2022.9,2236.36,2236.36,2236.36,2.41879e+06,2.41879e+06,2.41879e+06,2.76845e+06,2.76845e+06,2.76845e+06,2968.66,2968.66,2968.66,3088.96,3088.96,3088.96,1.15519e+08,1.15519e+08,1.15519e+08,1.53631,1.53631,1.53631,2.53708,2.53708,2.53708
355,7.23127e+06,7.23127e+06,7.23127e+06,2020.72,2020.72,2020.72,2233.67,2233.67,2233.67,2.41881e+06,2.41881e+06,2.41881e+06,2.76848e+06,2.76848e+06,2.76848e+06,2965.49,2965.49,2965.49,3085.28,3085.28,3085.28,1.15522e+08,1.15522e+08,1.15522e+08,1.53493,1.53493,1.53493,2.53447,2.53447,2.53447
356,7.23113e+06,7.23113e+06,7.23113e+06,2017.87,2017.87,2017.87,2230.27,2230.27,2230.27,2.41883e+06,2.41883e+06,2.41883e+06,2.76851e+06,2.76851e+06,2.76851e+06,2961.35,2961.35,2961.35,3080.62,3080.62,3080.62,1.15524e+08,1.15524e+08,1.15524e+08,1.53303,1.53303,1.53303,2.53103,2.53103,2.53103
357,7.23103e+06,7.23103e+06,7.23103e+06,2014.4,2014.4,2014.4,2226.22,2226.22,2226.22,2.41885e+06,2.41885e+06,2.41885e+06,2.76854e+06,2.76854e+06,2.76854e+06,2956.31,2956.31,2956.31,3075.06,3075.06,3075.06,1.15527e+08,1.15527e+08,1.15527e+08,1.53064,1.53064,1.53064,2.52682,2.52682,2.52682
358,7.23097e+06,7.23097e+06,7.23097e+06,2010.39,2010.39,2010.39,2221.59,2221.59,2221.59,2.41886e+06,2.41886e+06,2.41886e+06,2.76856e+06,2.76856e+06,2.76856e+06,2950.44,2950.44,2950.44,3068.69,3068.69,3068.69,1.1553e+08,1.1553e+08,1.1553e+08,1.52781,1.52781,1.52781,2.52191,2.52191,2.52191
359,7.23096e+06,7.23096e+06,7.23096e+06,2005.88,2005.88,2005.88,2216.46,2216.46,2216.46,2.41888e+06,2.41888e+06,2.41888e+06,2.76858e+06,2.76858e+06,2.76858e+06,2943.85,2943.85,2943.85,3061.62,3061.62,3061.62,1.15533e+08,1.15533e+08,1.15533e+08,1.52457,1.52457,1.52457,2.51637,2.51637,2.51637
360,7.231e+06,7.231e+06,7.231e+06,2000.97,2000.97,2000.97,2210.91,2210.91,2210.91,2.4189e+06,2.4189e+06,2.4189e+06,2.76861e+06,2.76861e+06,2.76861e+06,2936.64,2936.64,2936.64,3053.95,3053.95,3053.95,1.15535e+08,1.15535e+08,1.15535e+08,1.521,1.521,1.521,2.51031,2.51031,2.51031
361,7.23109e+06,7.23109e+06,7.23109e+06,1995.72,1995.72,1995.72,2205.02,2205.02,2205.02,2.41892e+06,2.41892e+06,2.41892e+06,2.76863e+06,2.76863e+06,2.76863e+06,2928.94,2928.94,2928.94,3045.82,3045.82,3045.82,1.15538e+08,1.15538e+08,1.15538e+08,1.51713,1.51713,1.51713,2.50382,2.50382,2.50382
362,7.23125e+06,7.23125e+06,7.23125e+06,1990.23,1990.23,1990.23,2198.91,2198.91,2198.91,2.41893e+06,2.41893e+06,2.41893e+06,2.76865e+06,2.76865e+06,2.76865e+06,2920.86,2920.86,2920.86,3037.36,3037.36,3037.36,1.1554e+08,1.1554e+08,1.1554e+08,1.51305,1.51305,1.51305,2.497,2.497,2.497
363,7.23145e+06,7.23145e+06,7.23145e+06,1984.57,1984.57,1984.57,2192.65,2192.65,2192.65,2.41895e+06,2.41895e+06,2.41895e+06,2.76867e+06,2.76867e+06,2.76867e+06,2912.54,2912.54,2912.54,3028.7,3028.7,3028.7,1.15542e+08,1.15542e+08,1.15542e+08,1.50881,1.50881,1.50881,2.48997,2.48997,2.48997
364,7.23172e+06,7.23172e+06,7.23172e+06,1978.85,1978.85,1978.85,2186.36,2186.36,2186.36,2.41896e+06,2.41896e+06,2.41896e+06,2.76869e+06,2.76869e+06,2.76869e+06,2904.11,2904.11,2904.11,3019.98,3019.98,3019.98,1.15545e+08,1.15545e+08,1.15545e+08,1.50448,1.50448,1.50448,2.48283,2.48283,2.48283
365,7.23205e+06,7.23205e+06,7.23205e+06,1973.16,1973.16,1973.16,2180.14,2180.14,2180.14,2.41898e+06,2.41898e+06,2.41898e+06,2.7687e+06,2.7687e+06,2.7687e+06,2895.7,2895.7,2895.7,3011.33,3011.33,3011.33,1.15547e+08,1.15547e+08,1.15547e+08,1.50012,1.50012,1.50012,2.47571,2.47571,2.47571
366,7.23243e+06,7.23243e+06,7.23243e+06,1967.58,1967.58,1967.58,2174.07,2174.07,2174.07,2.41899e+06,2.41899e+06,2.41899e+06,2.76872e+06,2.76872e+06,2.76872e+06,2887.45,2887.45,2887.45,3002.89,3002.89,3002.89,1.15549e+08,1.15549e+08,1.15549e+08,1.49582,1.49582,1.49582,2.4687,2.4687,2.4687
367,7.23286e+06,7.23286e+06,7.23286e+06,1962.19,1962.19,1962.19,2168.26,2168.26,2168.26,2.419e+06,2.419e+06,2.419e+06,2.76873e+06,2.76873e+06,2.76873e+06,2879.48,2879.48,2879.48,2994.79,2994.79,2994.79,1.15551e+08,1.15551e+08,1.15551e+08,1.49163,1.49163,1.49163,2.46193,2.46193,2.46193
368,7.23335e+06,7.23335e+06,7.23335e+06,1957.09,1957.09,1957.09,2162.79,2162.79,2162.79,2.41901e+06,2.41901e+06,2.41901e+06,2.76875e+06,2.76875e+06,2.76875e+06,2871.92,2871.92,2871.92,2987.15,2987.15,2987.15,1.15553e+08,1.15553e+08,1.15553e+08,1.48763,1.48763,1.48763,2.45549,2.45549,2.45549
369,7.23389e+06,7.23389e+06,7.23389e+06,1952.36,1952.36,1952.36,2157.74,2157.74,2157.74,2.41901e+06,2.41901e+06,2.41901e+06,2.76876e+06,2.76876e+06,2.76876e+06,2864.88,2864.88,2864.88,2980.1,2980.1,2980.1,1.15555e+08,1.15555e+08,1.15555e+08,1.48386,1.48386,1.48386,2.44948,2.44948,2.44948
370,7.23447e+06,7.23447e+06,7.23447e+06,1948.06,1948.06,1948.06,2153.21,2153.21,2153.21,2.41902e+06,2.41902e+06,2.41902e+06,2.76877e+06,2.76877e+06,2.76877e+06,2858.47,2858.47,2858.47,2973.74,2973.74,2973.74,1.15557e+08,1.15557e+08,1.15557e+08,1.4804,1.4804,1.4804,2.444,2.444,2.444
371,7.2351e+06,7.2351e+06,7.2351e+06,1944.26,1944.26,1944.26,2149.25,2149.25,2149.25,2.41902e+06,2.41902e+06,2.41902e+06,2.76878e+06,2.76878e+06,2.76878e+06,2852.79,2852.79,2852.79,2968.16,2968.16,2968.16,1.15559e+08,1.15559e+08,1.15559e+08,1.47729,1.47729,1.47729,2.43912,2.43912,2.43912
372,7.23575e+06,7.23575e+06,7.23575e+06,1941.03,1941.03,1941.03,2145.92,2145.92,2145.92,2.41902e+06,2.41902e+06,2.41902e+06,2.76879e+06,2.76879e+06,2.76879e+06,2847.93,2847.93,2847.93,2963.46,2963.46,2963.46,1.1556e+08,1.1556e+08,1.1556e+08,1.47458,1.47458,1.47458,2.43494,2.43494,2.43494
373,7.23643e+06,7.23643e+06,7.23643e+06,1938.4,1938.4,1938.4,2143.29,2143.29,2143.29,2.41903e+06,2.41903e+06,2.41903e+06,2.7688e+06,2.7688e+06,2.7688e+06,2843.97,2843.97,2843.97,2959.7,2959.7,2959.7,1.15562e+08,1.15562e+08,1.15562e+08,1.47232,1.47232,1.47232,2.4315,2.4315,2.4315
374,7.23714e+06,7.23714e+06,7.23714e+06,1936.44,1936.44,1936.44,2141.38,2141.38,2141.38,2.41903e+06,2.41903e+06,2.41903e+06,2.76881e+06,2.76881e+06,2.76881e+06,2840.96,2840.96,2840.96,2956.95,2956.95,2956.95,1.15564e+08,1.15564e+08,1.15564e+08,1.47054,1.47054,1.47054,2.42886,2.42886,2.42886
375,7.23786e+06,7.23786e+06,7.23786e+06,1935.16,1935.16,1935.16,2140.24,2140.24,2140.24,2.41903e+06,2.41903e+06,2.41903e+06,2.76882e+06,2.76882e+06,2.76882e+06,2838.96,2838.96,2838.96,2955.25,2955.25,2955.25,1.15565e+08,1.15565e+08,1.15565e+08,1.46927,1.46927,1.46927,2.42707,2.42707,2.42707
376,7.23858e+06,7.23858e+06,7.23858e+06,1934.6,1934.6,1934.6,2139.89,2139.89,2139.89,2.41902e+06,2.41902e+06,2.41902e+06,2.76883e+06,2.76883e+06,2.76883e+06,2838,2838,2838,2954.63,2954.63,2954.63,1.15567e+08,1.15567e+08,1.15567e+08,1.46853,1.46853,1.46853,2.42617,2.42617,2.42617
377,7.23931e+06,7.23931e+06,7.23931e+06,1934.76,1934.76,1934.76,2140.33,2140.33,2140.33,2.41902e+06,2.41902e+06,2.41902e+06,2.76883e+06,2.76883e+06,2.76883e+06,2838.11,2838.11,2838.11,2955.12,2955.12,2955.12,1.15568e+08,1.15568e+08,1.15568e+08,1.46834,1.46834,1.46834,2.42616,2.42616,2.42616
378,7.24003e+06,7.24003e+06,7.24003e+06,1935.66,1935.66,1935.66,2141.58,2141.58,2141.58,2.41902e+06,2.41902e+06,2.41902e+06,2.76884e+06,2.76884e+06,2.76884e+06,2839.3,2839.3,2839.3,2956.71,2956.71,2956.71,1.1557e+08,1.1557e+08,1.1557e+08,1.4687,1.4687,1.4687,2.42705,2.42705,2.42705
379,7.24073e+06,7.24073e+06,7.24073e+06,1937.28,1937.28,1937.28,2143.61,2143.61,2143.61,2.41902e+06,2.41902e+06,2.41902e+06,2.76885e+06,2.76885e+06,2.76885e+06,2841.56,2841.56,2841.56,2959.39,2959.39,2959.39,1.15571e+08,1.15571e+08,1.15571e+08,1.46962,1.46962,1.46962,2.42885,2.42885,2.42885
380,7.24142e+06,7.24142e+06,7.24142e+06,1939.62,1939.62,1939.62,2146.42,2146.42,2146.42,2.41901e+06,2.41901e+06,2.41901e+06,2.76886e+06,2.76886e+06,2.76886e+06,2844.88,2844.88,2844.88,2963.14,2963.14,2963.14,1.15573e+08,1.15573e+08,1.15573e+08,1.47109,1.47109,1.47109,2.43154,2.43154,2.43154
381,7.24207e+06,7.24207e+06,7.24207e+06,1942.66,1942.66,1942.66,2149.97,2149.97,2149.97,2.41901e+06,2.41901e+06,2.41901e+06,2.76887e+06,2.76887e+06,2.76887e+06,2849.2,2849.2,2849.2,2967.92,2967.92,2967.92,1.15574e+08,1.15574e+08,1.15574e+08,1.47309,1.47309,1.47309,2.43509,2.43509,2.43509
382,7.2427e+06,7.2427e+06,7.2427e+06,1946.34,1946.34,1946.34,2154.22,2154.22,2154.22,2.419e+06,2.419e+06,2.419e+06,2.76888e+06,2.76888e+06,2.76888e+06,2854.5,2854.5,2854.5,2973.67,2973.67,2973.67,1.15576e+08,1.15576e+08,1.15576e+08,1.47561,1.47561,1.47561,2.43945,2.43945,2.43945
383,7.24328e+06,7.24328e+06,7.24328e+06,1950.65,1950.65,1950.65,2159.11,2159.11,2159.11,2.419e+06,2.419e+06,2.419e+06,2.76889e+06,2.76889e+06,2.76889e+06,2860.71,2860.71,2860.71,2980.32,2980.32,2980.32,1.15577e+08,1.15577e+08,1.15577e+08,1.47861,1.47861,1.47861,2.44459,2.44459,2.44459
384,7.24381e+06,7.24381e+06,7.24381e+06,1955.52,1955.52,1955.52,2164.61,2164.61,2164.61,2.419e+06,2.419e+06,2.419e+06,2.76891e+06,2.76891e+06,2.76891e+06,2867.75,2867.75,2867.75,2987.8,2987.8,2987.8,1.15579e+08,1.15579e+08,1.15579e+08,1.48207,1.48207,1.48207,2.45044,2.45044,2.45044
385,7.2443e+06,7.2443e+06,7.2443e+06,1960.89,1960.89,1960.89,2170.62,2170.62,2170.62,2.419e+06,2.419e+06,2.419e+06,2.76892e+06,2.76892e+06,2.76892e+06,2875.55,2875.55,2875.55,2996.02,2996.02,2996.02,1.15581e+08,1.15581e+08,1.15581e+08,1.48593,1.48593,1.48593,2.45692,2.45692,2.45692
386,7.24472e+06,7.24472e+06,7.24472e+06,1966.71,1966.71,1966.71,2177.09,2177.09,2177.09,2.41899e+06,2.41899e+06,2.41899e+06,2.76894e+06,2.76894e+06,2.76894e+06,2884,2884,2884,3004.86,3004.86,3004.86,1.15582e+08,1.15582e+08,1.15582e+08,1.49015,1.49015,1.49015,2.46396,2.46396,2.46396
387,7.24509e+06,7.24509e+06,7.24509e+06,1972.89,1972.89,1972.89,2183.93,2183.93,2183.93,2.41899e+06,2.41899e+06,2.41899e+06,2.76895e+06,2.76895e+06,2.76895e+06,2893.01,2893.01,2893.01,3014.23,3014.23,3014.23,1.15584e+08,1.15584e+08,1.15584e+08,1.49469,1.49469,1.49469,2.47147,2.47147,2.47147
388,7.2454e+06,7.2454e+06,7.2454e+06,1979.37,1979.37,1979.37,2191.04,2191.04,2191.04,2.41899e+06,2.41899e+06,2.41899e+06,2.76897e+06,2.76897e+06,2.76897e+06,2902.45,2902.45,2902.45,3023.99,3023.99,3023.99,1.15585e+08,1.15585e+08,1.15585e+08,1.49948,1.49948,1.49948,2.47936,2.47936,2.47936
389,7.24565e+06,7.24565e+06,7.24565e+06,1986.05,1986.05,1986.05,2198.35,2198.35,2198.35,2.419e+06,2.419e+06,2.419e+06,2.76899e+06,2.76899e+06,2.76899e+06,2912.2,2912.2,2912.2,3034.02,3034.02,3034.02,1.15587e+08,1.15587e+08,1.15587e+08,1.50446,1.50446,1.50446,2.48751,2.48751,2.48751
390,7.24583e+06,7.24583e+06,7.24583e+06,1992.84,1992.84,1992.84,2205.74,2205.74,2205.74,2.419e+06,2.419e+06,2.419e+06,2.76901e+06,2.76901e+06,2.76901e+06,2922.14,2922.14,2922.14,3044.19,3044.19,3044.19,1.15589e+08,1.15589e+08,1.15589e+08,1.50957,1.50957,1.50957,2.49583,2.49583,2.49583
391,7.24594e+06,7.24594e+06,7.24594e+06,1999.67,1999.67,1999.67,2213.13,2213.13,2213.13,2.41901e+06,2.41901e+06,2.41901e+06,2.76903e+06,2.76903e+06,2.76903e+06,2932.13,2932.13,2932.13,3054.37,3054.37,3054.37,1.15591e+08,1.15591e+08,1.15591e+08,1.51474,1.51474,1.51474,2.50421,2.50421,2.50421
392,7.246e+06,7.246e+06,7.246e+06,2006.44,2006.44,2006.44,2220.41,2220.41,2220.41,2.41901e+06,2.41901e+06,2.41901e+06,2.76905e+06,2.76905e+06,2.76905e+06,2942.05,2942.05,2942.05,3064.41,3064.41,3064.41,1.15593e+08,1.15593e+08,1.15593e+08,1.5199,1.5199,1.5199,2.51252,2.51252,2.51252
393,7.24598e+06,7.24598e+06,7.24598e+06,2013.05,2013.05,2013.05,2227.48,2227.48,2227.48,2.41902e+06,2.41902e+06,2.41902e+06,2.76908e+06,2.76908e+06,2.76908e+06,2951.75,2951.75,2951.75,3074.17,3074.17,3074.17,1.15595e+08,1.15595e+08,1.15595e+08,1.52498,1.52498,1.52498,2.52066,2.52066,2.52066
394,7.24591e+06,7.24591e+06,7.24591e+06,2019.41,2019.41,2019.41,2234.25,2234.25,2234.25,2.41903e+06,2.41903e+06,2.41903e+06,2.7691e+06,2.7691e+06,2.7691e+06,2961.11,2961.11,2961.11,3083.52,3083.52,3083.52,1.15597e+08,1.15597e+08,1.15597e+08,1.52991,1.52991,1.52991,2.52852,2.52852,2.52852
395,7.24578e+06,7.24578e+06,7.24578e+06,2025.44,2025.44,2025.44,2240.62,2240.62,2240.62,2.41904e+06,2.41904e+06,2.41904e+06,2.76913e+06,2.76913e+06,2.76913e+06,2969.98,2969.98,2969.98,3092.33,3092.33,3092.33,1.15598e+08,1.15598e+08,1.15598e+08,1.53463,1.53463,1.53463,2.53598,2.53598,2.53598
396,7.2456e+06,7.2456e+06,7.2456e+06,2031.06,2031.06,2031.06,2246.49,2246.49,2246.49,2.41906e+06,2.41906e+06,2.41906e+06,2.76916e+06,2.76916e+06,2.76916e+06,2978.26,2978.26,2978.26,3100.48,3100.48,3100.48,1.156e+08,1.156e+08,1.156e+08,1.53906,1.53906,1.53906,2.54294,2.54294,2.54294
397,7.24537e+06,7.24537e+06,7.24537e+06,2036.17,2036.17,2036.17,2251.8,2251.8,2251.8,2.41907e+06,2.41907e+06,2.41907e+06,2.76918e+06,2.76918e+06,2.76918e+06,2985.82,2985.82,2985.82,3107.85,3107.85,3107.85,1.15602e+08,1.15602e+08,1.15602e+08,1.54315,1.54315,1.54315,2.5493,2.5493,2.5493
398,7.2451e+06,7.2451e+06,7.2451e+06,2040.72,2040.72,2040.72,2256.45,2256.45,2256.45,2.41909e+06,2.41909e+06,2.41909e+06,2.76921e+06,2.76921e+06,2.76921e+06,2992.55,2992.55,2992.55,3114.33,3114.33,3114.33,1.15605e+08,1.15605e+08,1.15605e+08,1.54684,1.54684,1.54684,2.55498,2.55498,2.55498
399,7.24479e+06,7.24479e+06,7.24479e+06,2044.64,2044.64,2044.64,2260.39,2260.39,2260.39,2.41911e+06,2.41911e+06,2.41911e+06,2.76924e+06,2.76924e+06,2.76924e+06,2998.36,2998.36,2998.36,3119.83,3119.83,3119.83,1.15607e+08,1.15607e+08,1.15607e+08,1.55008,1.55008,1.55008,2.55988,2.55988,2.55988
400,7.24446e+06,7.24446e+06,7.24446e+06,2047.86,2047.86,2047.86,2263.55,2263.55,2263.55,2.41913e+06,2.41913e+06,2.41913e+06,2.76927e+06,2.76927e+06,2.76927e+06,3003.17,3003.17,3003.17,3124.27,3124.27,3124.27,1.15609e+08,1.15609e+08,1.15609e+08,1.55282,1.55282,1.55282,2.56394,2.56394,2.56394
401,7.2441e+06,7.2441e+06,7.2441e+06,2050.36,2050.36,2050.36,2265.91,2265.91,2265.91,2.41915e+06,2.41915e+06,2.41915e+06,2.7693e+06,2.7693e+06,2.7693e+06,3006.92,3006.92,3006.92,3127.6,3127.6,3127.6,1.15611e+08,1.15611e+08,1.15611e+08,1.55501,1.55501,1.55501,2.56711,2.56711,2.56711
402,7.24372e+06,7.24372e+06,7.24372e+06,2052.09,2052.09,2052.09,2267.41,2267.41,2267.41,2.41918e+06,2.41918e+06,2.41918e+06,2.76933e+06,2.76933e+06,2.76933e+06,3009.54,3009.54,3009.54,3129.76,3129.76,3129.76,1.15613e+08,1.15613e+08,1.15613e+08,1.55665,1.55665,1.55665,2.56934,2.56934,2.56934
403,7.24334e+06,7.24334e+06,7.24334e+06,2053.03,2053.03,2053.03,2268.06,2268.06,2268.06,2.4192e+06,2.4192e+06,2.4192e+06,2.76936e+06,2.76936e+06,2.76936e+06,3011.01,3011.01,3011.01,3130.73,3130.73,3130.73,1.15615e+08,1.15615e+08,1.15615e+08,1.55769,1.55769,1.55769,2.5706,2.5706,2.5706
404,7.24296e+06,7.24296e+06,7.24296e+06,2053.18,2053.18,2053.18,2267.83,2267.83,2267.83,2.41923e+06,2.41923e+06,2.41923e+06,2.76939e+06,2.76939e+06,2.76939e+06,3011.31,3011.31,3011.31,3130.5,3130.5,3130.5,1.15617e+08,1.15617e+08,1.15617e+08,1.55813,1.55813,1.55813,2.57087,2.57087,2.57087
405,7.24259e+06,7.24259e+06,7.24259e+06,2052.53,2052.53,2052.53,2266.74,2266.74,2266.74,2.41926e+06,2.41926e+06,2.41926e+06,2.76942e+06,2.76942e+06,2.76942e+06,3010.45,3010.45,3010.45,3129.08,3129.08,3129.08,1.15619e+08,1.15619e+08,1.15619e+08,1.55796,1.55796,1.55796,2.57017,2.57017,2.57017
406,7.24223e+06,7.24223e+06,7.24223e+06,2051.11,2051.11,2051.11,2264.81,2264.81,2264.81,2.41928e+06,2.41928e+06,2.41928e+06,2.76944e+06,2.76944e+06,2.76944e+06,3008.44,3008.44,3008.44,3126.5,3126.5,3126.5,1.1562e+08,1.1562e+08,1.1562e+08,1.5572,1.5572,1.5572,2.56849,2.56849,2.56849
407,7.2419e+06,7.2419e+06,7.2419e+06,2048.93,2048.93,2048.93,2262.08,2262.08,2262.08,2.41931e+06,2.41931e+06,2.41931e+06,2.76947e+06,2.76947e+06,2.76947e+06,3005.33,3005.33,3005.33,3122.81,3122.81,3122.81,1.15622e+08,1.15622e+08,1.15622e+08,1.55586,1.55586,1.55586,2.56589,2.56589,2.56589
408,7.2416e+06,7.2416e+06,7.2416e+06,2046.04,2046.04,2046.04,2258.59,2258.59,2258.59,2.41934e+06,2.41934e+06,2.41934e+06,2.7695e+06,2.7695e+06,2.7695e+06,3001.17,3001.17,3001.17,3118.07,3118.07,3118.07,1.15624e+08,1.15624e+08,1.15624e+08,1.55396,1.55396,1.55396,2.56239,2.56239,2.56239
409,7.24133e+06,7.24133e+06,7.24133e+06,2042.49,2042.49,2042.49,2254.41,2254.41,2254.41,2.41937e+06,2.41937e+06,2.41937e+06,2.76952e+06,2.76952e+06,2.76952e+06,2996.03,2996.03,2996.03,3112.37,3112.37,3112.37,1.15626e+08,1.15626e+08,1.15626e+08,1.55153,1.55153,1.55153,2.55808,2.55808,2.55808
410,7.24111e+06,7.24111e+06,7.24111e+06,2038.35,2038.35,2038.35,2249.61,2249.61,2249.61,2.41939e+06,2.41939e+06,2.41939e+06,2.76955e+06,2.76955e+06,2.76955e+06,2990.01,2990.01,2990.01,3105.79,3105.79,3105.79,1.15627e+08,1.15627e+08,1.15627e+08,1.54863,1.54863,1.54863,2.55301,2.55301,2.55301
411,7.24093e+06,7.24093e+06,7.24093e+06,2033.67,2033.67,2033.67,2244.25,2244.25,2244.25,2.41942e+06,2.41942e+06,2.41942e+06,2.76957e+06,2.76957e+06,2.76957e+06,2983.2,2983.2,2983.2,3098.45,3098.45,3098.45,1.15629e+08,1.15629e+08,1.15629e+08,1.54529,1.54529,1.54529,2.54727,2.54727,2.54727
412,7.24081e+06,7.24081e+06,7.24081e+06,2028.54,2028.54,2028.54,2238.44,2238.44,2238.44,2.41945e+06,2.41945e+06,2.41945e+06,2.76959e+06,2.76959e+06,2.76959e+06,2975.71,2975.71,2975.71,3090.47,3090.47,3090.47,1.1563e+08,1.1563e+08,1.1563e+08,1.54158,1.54158,1.54158,2.54095,2.54095,2.54095
413,7.24074e+06,7.24074e+06,7.24074e+06,2023.04,2023.04,2023.04,2232.27,2232.27,2232.27,2.41947e+06,2.41947e+06,2.41947e+06,2.76961e+06,2.76961e+06,2.76961e+06,2967.68,2967.68,2967.68,3081.98,3081.98,3081.98,1.15632e+08,1.15632e+08,1.15632e+08,1.53755,1.53755,1.53755,2.53417,2.53417,2.53417
414,7.24072e+06,7.24072e+06,7.24072e+06,2017.27,2017.27,2017.27,2225.83,2225.83,2225.83,2.4195e+06,2.4195e+06,2.4195e+06,2.76963e+06,2.76963e+06,2.76963e+06,2959.22,2959.22,2959.22,3073.11,3073.11,3073.11,1.15633e+08,1.15633e+08,1.15633e+08,1.53327,1.53327,1.53327,2.52702,2.52702,2.52702
415,7.24077e+06,7.24077e+06,7.24077e+06,2011.3,2011.3,2011.3,2219.23,2219.23,2219.23,2.41952e+06,2.41952e+06,2.41952e+06,2.76965e+06,2.76965e+06,2.76965e+06,2950.47,2950.47,2950.47,3064.01,3064.01,3064.01,1.15634e+08,1.15634e+08,1.15634e+08,1.52882,1.52882,1.52882,2.51963,2.51963,2.51963
416,7.24088e+06,7.24088e+06,7.24088e+06,2005.24,2005.24,2005.24,2212.57,2212.57,2212.57,2.41954e+06,2.41954e+06,2.41954e+06,2.76966e+06,2.76966e+06,2.76966e+06,2941.57,2941.57,2941.57,3054.8,3054.8,3054.8,1.15635e+08,1.15635e+08,1.15635e+08,1.52425,1.52425,1.52425,2.5121,2.5121,2.5121
417,7.24104e+06,7.24104e+06,7.24104e+06,1999.18,1999.18,1999.18,2205.95,2205.95,2205.95,2.41956e+06,2.41956e+06,2.41956e+06,2.76968e+06,2.76968e+06,2.76968e+06,2932.67,2932.67,2932.67,3045.65,3045.65,3045.65,1.15636e+08,1.15636e+08,1.15636e+08,1.51964,1.51964,1.51964,2.50456,2.50456,2.50456
418,7.24127e+06,7.24127e+06,7.24127e+06,1993.22,1993.22,1993.22,2199.47,2199.47,2199.47,2.41958e+06,2.41958e+06,2.41958e+06,2.76969e+06,2.76969e+06,2.76969e+06,2923.89,2923.89,2923.89,3036.68,3036.68,3036.68,1.15637e+08,1.15637e+08,1.15637e+08,1.51506,1.51506,1.51506,2.49712,2.49712,2.49712
419,7.24155e+06,7.24155e+06,7.24155e+06,1987.44,1987.44,1987.44,2193.24,2193.24,2193.24,2.4196e+06,2.4196e+06,2.4196e+06,2.7697e+06,2.7697e+06,2.7697e+06,2915.37,2915.37,2915.37,3028.04,3028.04,3028.04,1.15637e+08,1.15637e+08,1.15637e+08,1.51059,1.51059,1.51059,2.48989,2.48989,2.48989
420,7.24189e+06,7.24189e+06,7.24189e+06,1981.94,1981.94,1981.94,2187.35,2187.35,2187.35,2.41962e+06,2.41962e+06,2.41962e+06,2.76971e+06,2.76971e+06,2.76971e+06,2907.24,2907.24,2907.24,3019.85,3019.85,3019.85,1.15638e+08,1.15638e+08,1.15638e+08,1.50629,1.50629,1.50629,2.48299,2.48299,2.48299
421,7.24228e+06,7.24228e+06,7.24228e+06,1976.79,1976.79,1976.79,2181.87,2181.87,2181.87,2.41963e+06,2.41963e+06,2.41963e+06,2.76972e+06,2.76972e+06,2.76972e+06,2899.62,2899.62,2899.62,3012.24,3012.24,3012.24,1.15638e+08,1.15638e+08,1.15638e+08,1.50222,1.50222,1.50222,2.47651,2.47651,2.47651
422,7.24271e+06,7.24271e+06,7.24271e+06,1972.07,1972.07,1972.07,2176.91,2176.91,2176.91,2.41964e+06,2.41964e+06,2.41964e+06,2.76973e+06,2.76973e+06,2.76973e+06,2892.63,2892.63,2892.63,3005.32,3005.32,3005.32,1.15639e+08,1.15639e+08,1.15639e+08,1.49845,1.49845,1.49845,2.47056,2.47056,2.47056
423,7.24318e+06,7.24318e+06,7.24318e+06,1967.86,1967.86,1967.86,2172.52,2172.52,2172.52,2.41965e+06,2.41965e+06,2.41965e+06,2.76973e+06,2.76973e+06,2.76973e+06,2886.37,2886.37,2886.37,2999.19,2999.19,2999.19,1.15639e+08,1.15639e+08,1.15639e+08,1.49504,1.49504,1.49504,2.46521,2.46521,2.46521
424,7.24369e+06,7.24369e+06,7.24369e+06,1964.22,1964.22,1964.22,2168.78,2168.78,2168.78,2.41966e+06,2.41966e+06,2.41966e+06,2.76974e+06,2.76974e+06,2.76974e+06,2880.94,2880.94,2880.94,2993.94,2993.94,2993.94,1.15639e+08,1.15639e+08,1.15639e+08,1.49202,1.49202,1.49202,2.46056,2.46056,2.46056
425,7.24423e+06,7.24423e+06,7.24423e+06,1961.19,1961.19,1961.19,2165.73,2165.73,2165.73,2.41967e+06,2.41967e+06,2.41967e+06,2.76974e+06,2.76974e+06,2.76974e+06,2876.41,2876.41,2876.41,2989.64,2989.64,2989.64,1.15639e+08,1.15639e+08,1.15639e+08,1.48946,1.48946,1.48946,2.45667,2.45667,2.45667
426,7.24479e+06,7.24479e+06,7.24479e+06,1958.83,1958.83,1958.83,2163.44,2163.44,2163.44,2.41967e+06,2.41967e+06,2.41967e+06,2.76975e+06,2.76975e+06,2.76975e+06,2872.85,2872.85,2872.85,2986.38,2986.38,2986.38,1.15639e+08,1.15639e+08,1.15639e+08,1.48739,1.48739,1.48739,2.45359,2.45359,2.45359
427,7.24536e+06,7.24536e+06,7.24536e+06,1957.18,1957.18,1957.18,2161.92,2161.92,2161.92,2.41968e+06,2.41968e+06,2.41968e+06,2.76975e+06,2.76975e+06,2.76975e+06,2870.32,2870.32,2870.32,2984.18,2984.18,2984.18,1.15639e+08,1.15639e+08,1.15639e+08,1.48583,1.48583,1.48583,2.45138,2.45138,2.45138
428,7.24594e+06,7.24594e+06,7.24594e+06,1956.25,1956.25,1956.25,2161.21,2161.21,2161.21,2.41968e+06,2.41968e+06,2.41968e+06,2.76976e+06,2.76976e+06,2.76976e+06,2868.85,2868.85,2868.85,2983.1,2983.1,2983.1,1.15639e+08,1.15639e+08,1.15639e+08,1.48482,1.48482,1.48482,2.45007,2.45007,2.45007
429,7.24653e+06,7.24653e+06,7.24653e+06,1956.07,1956.07,1956.07,2161.32,2161.32,2161.32,2.41968e+06,2.41968e+06,2.41968e+06,2.76976e+06,2.76976e+06,2.76976e+06,2868.48,2868.48,2868.48,2983.15,2983.15,2983.15,1.15639e+08,1.15639e+08,1.15639e+08,1.48436,1.48436,1.48436,2.44968,2.44968,2.44968
430,7.2471e+06,7.2471e+06,7.2471e+06,1956.64,1956.64,1956.64,2162.25,2162.25,2162.25,2.41969e+06,2.41969e+06,2.41969e+06,2.76977e+06,2.76977e+06,2.76977e+06,2869.22,2869.22,2869.22,2984.33,2984.33,2984.33,1.15639e+08,1.15639e+08,1.15639e+08,1.48448,1.48448,1.48448,2.45022,2.45022,2.45022
431,7.24766e+06,7.24766e+06,7.24766e+06,1957.97,1957.97,1957.97,2163.99,2163.99,2163.99,2.41969e+06,2.41969e+06,2.41969e+06,2.76977e+06,2.76977e+06,2.76977e+06,2871.06,2871.06,2871.06,2986.64,2986.64,2986.64,1.15639e+08,1.15639e+08,1.15639e+08,1.48517,1.48517,1.48517,2.45169,2.45169,2.45169
432,7.2482e+06,7.2482e+06,7.2482e+06,1960.03,1960.03,1960.03,2166.54,2166.54,2166.54,2.41969e+06,2.41969e+06,2.41969e+06,2.76977e+06,2.76977e+06,2.76977e+06,2873.98,2873.98,2873.98,2990.06,2990.06,2990.06,1.15638e+08,1.15638e+08,1.15638e+08,1.48642,1.48642,1.48642,2.45408,2.45408,2.45408
433,7.24871e+06,7.24871e+06,7.24871e+06,1962.81,1962.81,1962.81,2169.85,2169.85,2169.85,2.41969e+06,2.41969e+06,2.41969e+06,2.76978e+06,2.76978e+06,2.76978e+06,2877.96,2877.96,2877.96,2994.54,2994.54,2994.54,1.15638e+08,1.15638e+08,1.15638e+08,1.48823,1.48823,1.48823,2.45735,2.45735,2.45735
434,7.24919e+06,7.24919e+06,7.24919e+06,1966.27,1966.27,1966.27,2173.9,2173.9,2173.9,2.41969e+06,2.41969e+06,2.41969e+06,2.76978e+06,2.76978e+06,2.76978e+06,2882.95,2882.95,2882.95,3000.03,3000.03,3000.03,1.15637e+08,1.15637e+08,1.15637e+08,1.49057,1.49057,1.49057,2.46149,2.46149,2.46149
435,7.24962e+06,7.24962e+06,7.24962e+06,1970.38,1970.38,1970.38,2178.62,2178.62,2178.62,2.41968e+06,2.41968e+06,2.41968e+06,2.76979e+06,2.76979e+06,2.76979e+06,2888.89,2888.89,2888.89,3006.47,3006.47,3006.47,1.15637e+08,1.15637e+08,1.15637e+08,1.49342,1.49342,1.49342,2.46642,2.46642,2.46642
436,7.25001e+06,7.25001e+06,7.25001e+06,1975.08,1975.08,1975.08,2183.97,2183.97,2183.97,2.41968e+06,2.41968e+06,2.41968e+06,2.7698e+06,2.7698e+06,2.7698e+06,2895.71,2895.71,2895.71,3013.78,3013.78,3013.78,1.15636e+08,1.15636e+08,1.15636e+08,1.49674,1.49674,1.49674,2.4721,2.4721,2.4721
437,7.25034e+06,7.25034e+06,7.25034e+06,1980.31,1980.31,1980.31,2189.87,2189.87,2189.87,2.41968e+06,2.41968e+06,2.41968e+06,2.76981e+06,2.76981e+06,2.76981e+06,2903.33,2903.33,2903.33,3021.86,3021.86,3021.86,1.15636e+08,1.15636e+08,1.15636e+08,1.5005,1.5005,1.5005,2.47845,2.47845,2.47845
438,7.25061e+06,7.25061e+06,7.25061e+06,1986.02,1986.02,1986.02,2196.26,2196.26,2196.26,2.41969e+06,2.41969e+06,2.41969e+06,2.76982e+06,2.76982e+06,2.76982e+06,2911.64,2911.64,2911.64,3030.62,3030.62,3030.62,1.15635e+08,1.15635e+08,1.15635e+08,1.50463,1.50463,1.50463,2.48539,2.48539,2.48539
439,7.25082e+06,7.25082e+06,7.25082e+06,1992.12,1992.12,1992.12,2203.04,2203.04,2203.04,2.41969e+06,2.41969e+06,2.41969e+06,2.76983e+06,2.76983e+06,2.76983e+06,2920.55,2920.55,2920.55,3039.94,3039.94,3039.94,1.15635e+08,1.15635e+08,1.15635e+08,1.5091,1.5091,1.5091,2.49284,2.49284,2.49284
440,7.25097e+06,7.25097e+06,7.25097e+06,1998.54,1998.54,1998.54,2210.14,2210.14,2210.14,2.41969e+06,2.41969e+06,2.41969e+06,2.76984e+06,2.76984e+06,2.76984e+06,2929.93,2929.93,2929.93,3049.7,3049.7,3049.7,1.15634e+08,1.15634e+08,1.15634e+08,1.51385,1.51385,1.51385,2.5007,2.5007,2.5007
441,7.25105e+06,7.25105e+06,7.25105e+06,2005.19,2005.19,2005.19,2217.45,2217.45,2217.45,2.41969e+06,2.41969e+06,2.41969e+06,2.76985e+06,2.76985e+06,2.76985e+06,2939.67,2939.67,2939.67,3059.78,3059.78,3059.78,1.15634e+08,1.15634e+08,1.15634e+08,1.51881,1.51881,1.51881,2.50886,2.50886,2.50886
442,7.25106e+06,7.25106e+06,7.25106e+06,2011.99,2011.99,2011.99,2224.89,2224.89,2224.89,2.4197e+06,2.4197e+06,2.4197e+06,2.76987e+06,2.76987e+06,2.76987e+06,2949.64,2949.64,2949.64,3070.03,3070.03,3070.03,1.15633e+08,1.15633e+08,1.15633e+08,1.52392,1.52392,1.52392,2.51722,2.51722,2.51722
443,7.251e+06,7.251e+06,7.251e+06,2018.85,2018.85,2018.85,2232.34,2232.34,2232.34,2.4197e+06,2.4197e+06,2.4197e+06,2.76988e+06,2.76988e+06,2.76988e+06,2959.71,2959.71,2959.71,3080.32,3080.32,3080.32,1.15633e+08,1.15633e+08,1.15633e+08,1.5291,1.5291,1.5291,2.52567,2.52567,2.52567
444,7.25088e+06,7.25088e+06,7.25088e+06,2025.67,2025.67,2025.67,2239.71,2239.71,2239.71,2.41971e+06,2.41971e+06,2.41971e+06,2.7699e+06,2.7699e+06,2.7699e+06,2969.73,2969.73,2969.73,3090.52,3090.52,3090.52,1.15632e+08,1.15632e+08,1.15632e+08,1.5343,1.5343,1.5343,2.53408,2.53408,2.53408
445,7.25068e+06,7.25068e+06,7.25068e+06,2032.35,2032.35,2032.35,2246.9,2246.9,2246.9,2.41972e+06,2.41972e+06,2.41972e+06,2.76992e+06,2.76992e+06,2.76992e+06,2979.57,2979.57,2979.57,3100.47,3100.47,3100.47,1.15631e+08,1.15631e+08,1.15631e+08,1.53944,1.53944,1.53944,2.54236,2.54236,2.54236
446,7.25042e+06,7.25042e+06,7.25042e+06,2038.82,2038.82,2038.82,2253.8,2253.8,2253.8,2.41973e+06,2.41973e+06,2.41973e+06,2.76993e+06,2.76993e+06,2.76993e+06,2989.1,2989.1,2989.1,3110.04,3110.04,3110.04,1.15631e+08,1.15631e+08,1.15631e+08,1.54445,1.54445,1.54445,2.55037,2.55037,2.55037
447,7.2501e+06,7.2501e+06,7.2501e+06,2044.96,2044.96,2044.96,2260.32,2260.32,2260.32,2.41975e+06,2.41975e+06,2.41975e+06,2.76995e+06,2.76995e+06,2.76995e+06,2998.18,2998.18,2998.18,3119.1,3119.1,3119.1,1.1563e+08,1.1563e+08,1.1563e+08,1.54926,1.54926,1.54926,2.55801,2.55801,2.55801
448,7.24972e+06,7.24972e+06,7.24972e+06,2050.71,2050.71,2050.71,2266.36,2266.36,2266.36,2.41976e+06,2.41976e+06,2.41976e+06,2.76997e+06,2.76997e+06,2.76997e+06,3006.68,3006.68,3006.68,3127.51,3127.51,3127.51,1.15629e+08,1.15629e+08,1.15629e+08,1.5538,1.5538,1.5538,2.56517,2.56517,2.56517
449,7.24929e+06,7.24929e+06,7.24929e+06,2055.97,2055.97,2055.97,2271.84,2271.84,2271.84,2.41978e+06,2.41978e+06,2.41978e+06,2.76999e+06,2.76999e+06,2.76999e+06,3014.48,3014.48,3014.48,3135.16,3135.16,3135.16,1.15629e+08,1.15629e+08,1.15629e+08,1.558,1.558,1.558,2.57174,2.57174,2.57174
450,7.2488e+06,7.2488e+06,7.2488e+06,2060.66,2060.66,2060.66,2276.67,2276.67,2276.67,2.41979e+06,2.41979e+06,2.41979e+06,2.77002e+06,2.77002e+06,2.77002e+06,3021.47,3021.47,3021.47,3141.93,3141.93,3141.93,1.15628e+08,1.15628e+08,1.15628e+08,1.56181,1.56181,1.56181,2.57764,2.57764,2.57764
451,7.24828e+06,7.24828e+06,7.24828e+06,2064.73,2064.73,2064.73,2280.8,2280.8,2280.8,2.41981e+06,2.41981e+06,2.41981e+06,2.77004e+06,2.77004e+06,2.77004e+06,3027.54,3027.54,3027.54,3147.72,3147.72,3147.72,1.15627e+08,1.15627e+08,1.15627e+08,1.56518,1.56518,1.56518,2.58277,2.58277,2.58277
452,7.24772e+06,7.24772e+06,7.24772e+06,2068.11,2068.11,2068.11,2284.14,2284.14,2284.14,2.41983e+06,2.41983e+06,2.41983e+06,2.77006e+06,2.77006e+06,2.77006e+06,3032.62,3032.62,3032.62,3152.45,3152.45,3152.45,1.15627e+08,1.15627e+08,1.15627e+08,1.56804,1.56804,1.56804,2.58706,2.58706,2.58706
453,7.24713e+06,7.24713e+06,7.24713e+06,2070.75,2070.75,2070.75,2286.67,2286.67,2286.67,2.41986e+06,2.41986e+06,2.41986e+06,2.77008e+06,2.77008e+06,2.77008e+06,3036.62,3036.62,3036.62,3156.06,3156.06,3156.06,1.15626e+08,1.15626e+08,1.15626e+08,1.57036,1.57036,1.57036,2.59045,2.59045,2.59045
454,7.24653e+06,7.24653e+06,7.24653e+06,2072.62,2072.62,2072.62,2288.33,2288.33,2288.33,2.41988e+06,2.41988e+06,2.41988e+06,2.77011e+06,2.77011e+06,2.77011e+06,3039.48,3039.48,3039.48,3158.48,3158.48,3158.48,1.15625e+08,1.15625e+08,1.15625e+08,1.57212,1.57212,1.57212,2.59288,2.59288,2.59288
455,7.2459e+06,7.2459e+06,7.2459e+06,2073.69,2073.69,2073.69,2289.12,2289.12,2289.12,2.4199e+06,2.4199e+06,2.4199e+06,2.77013e+06,2.77013e+06,2.77013e+06,3041.18,3041.18,3041.18,3159.69,3159.69,3159.69,1.15625e+08,1.15625e+08,1.15625e+08,1.57327,1.57327,1.57327,2.59433,2.59433,2.59433
456,7.24528e+06,7.24528e+06,7.24528e+06,2073.94,2073.94,2073.94,2289.01,2289.01,2289.01,2.41993e+06,2.41993e+06,2.41993e+06,2.77015e+06,2.77015e+06,2.77015e+06,3041.68,3041.68,3041.68,3159.68,3159.68,3159.68,1.15624e+08,1.15624e+08,1.15624e+08,1.57381,1.57381,1.57381,2.59478,2.59478,2.59478
457,7.24466e+06,7.24466e+06,7.24466e+06,2073.37,2073.37,2073.37,2288.01,2288.01,2288.01,2.41995e+06,2.41995e+06,2.41995e+06,2.77017e+06,2.77017e+06,2.77017e+06,3040.98,3040.98,3040.98,3158.43,3158.43,3158.43,1.15623e+08,1.15623e+08,1.15623e+08,1.57373,1.57373,1.57373,2.59421,2.59421,2.59421
458,7.24405e+06,7.24405e+06,7.24405e+06,2072,2072,2072,2286.15,2286.15,2286.15,2.41998e+06,2.41998e+06,2.41998e+06,2.77019e+06,2.77019e+06,2.77019e+06,3039.1,3039.1,3039.1,3155.99,3155.99,3155.99,1.15622e+08,1.15622e+08,1.15622e+08,1.57304,1.57304,1.57304,2.59265,2.59265,2.59265
459,7.24345e+06,7.24345e+06,7.24345e+06,2069.85,2069.85,2069.85,2283.44,2283.44,2283.44,2.42e+06,2.42e+06,2.42e+06,2.77021e+06,2.77021e+06,2.77021e+06,3036.08,3036.08,3036.08,3152.38,3152.38,3152.38,1.15622e+08,1.15622e+08,1.15622e+08,1.57174,1.57174,1.57174,2.59012,2.59012,2.59012
460,7.24289e+06,7.24289e+06,7.24289e+06,2066.96,2066.96,2066.96,2279.95,2279.95,2279.95,2.42003e+06,2.42003e+06,2.42003e+06,2.77023e+06,2.77023e+06,2.77023e+06,3031.95,3031.95,3031.95,3147.68,3147.68,3147.68,1.15621e+08,1.15621e+08,1.15621e+08,1.56986,1.56986,1.56986,2.58666,2.58666,2.58666
461,7.24235e+06,7.24235e+06,7.24235e+06,2063.37,2063.37,2063.37,2275.71,2275.71,2275.71,2.42006e+06,2.42006e+06,2.42006e+06,2.77024e+06,2.77024e+06,2.77024e+06,3026.8,3026.8,3026.8,3141.95,3141.95,3141.95,1.1562e+08,1.1562e+08,1.1562e+08,1.56743,1.56743,1.56743,2.58233,2.58233,2.58233
462,7.24186e+06,7.24186e+06,7.24186e+06,2059.14,2059.14,2059.14,2270.81,2270.81,2270.81,2.42008e+06,2.42008e+06,2.42008e+06,2.77026e+06,2.77026e+06,2.77026e+06,3020.71,3020.71,3020.71,3135.29,3135.29,3135.29,1.15619e+08,1.15619e+08,1.15619e+08,1.5645,1.5645,1.5645,2.5772,2.5772,2.5772
463,7.2414e+06,7.2414e+06,7.2414e+06,2054.34,2054.34,2054.34,2265.32,2265.32,2265.32,2.42011e+06,2.42011e+06,2.42011e+06,2.77027e+06,2.77027e+06,2.77027e+06,3013.76,3013.76,3013.76,3127.81,3127.81,3127.81,1.15618e+08,1.15618e+08,1.15618e+08,1.5611,1.5611,1.5611,2.57135,2.57135,2.57135
464,7.241e+06,7.241e+06,7.241e+06,2049.04,2049.04,2049.04,2259.32,2259.32,2259.32,2.42013e+06,2.42013e+06,2.42013e+06,2.77029e+06,2.77029e+06,2.77029e+06,3006.08,3006.08,3006.08,3119.62,3119.62,3119.62,1.15617e+08,1.15617e+08,1.15617e+08,1.55729,1.55729,1.55729,2.56487,2.56487,2.56487
465,7.24065e+06,7.24065e+06,7.24065e+06,2043.34,2043.34,2043.34,2252.91,2252.91,2252.91,2.42015e+06,2.42015e+06,2.42015e+06,2.7703e+06,2.7703e+06,2.7703e+06,2997.79,2997.79,2997.79,3110.85,3110.85,3110.85,1.15616e+08,1.15616e+08,1.15616e+08,1.55313,1.55313,1.55313,2.55787,2.55787,2.55787
466,7.24036e+06,7.24036e+06,7.24036e+06,2037.3,2037.3,2037.3,2246.18,2246.18,2246.18,2.42018e+06,2.42018e+06,2.42018e+06,2.77031e+06,2.77031e+06,2.77031e+06,2989,2989,2989,3101.63,3101.63,3101.63,1.15615e+08,1.15615e+08,1.15615e+08,1.54869,1.54869,1.54869,2.55045,2.55045,2.55045
467,7.24012e+06,7.24012e+06,7.24012e+06,2031.04,2031.04,2031.04,2239.24,2239.24,2239.24,2.4202e+06,2.4202e+06,2.4202e+06,2.77031e+06,2.77031e+06,2.77031e+06,2979.86,2979.86,2979.86,3092.11,3092.11,3092.11,1.15614e+08,1.15614e+08,1.15614e+08,1.54404,1.54404,1.54404,2.54272,2.54272,2.54272
468,7.23994e+06,7.23994e+06,7.23994e+06,2024.63,2024.63,2024.63,2232.19,2232.19,2232.19,2.42021e+06,2.42021e+06,2.42021e+06,2.77032e+06,2.77032e+06,2.77032e+06,2970.51,2970.51,2970.51,3082.42,3082.42,3082.42,1.15612e+08,1.15612e+08,1.15612e+08,1.53924,1.53924,1.53924,2.53481,2.53481,2.53481
469,7.23983e+06,7.23983e+06,7.23983e+06,2018.18,2018.18,2018.18,2225.14,2225.14,2225.14,2.42023e+06,2.42023e+06,2.42023e+06,2.77032e+06,2.77032e+06,2.77032e+06,2961.07,2961.07,2961.07,3072.71,3072.71,3072.71,1.15611e+08,1.15611e+08,1.15611e+08,1.53437,1.53437,1.53437,2.52683,2.52683,2.52683
470,7.23977e+06,7.23977e+06,7.23977e+06,2011.78,2011.78,2011.78,2218.18,2218.18,2218.18,2.42025e+06,2.42025e+06,2.42025e+06,2.77032e+06,2.77032e+06,2.77032e+06,2951.7,2951.7,2951.7,3063.13,3063.13,3063.13,1.1561e+08,1.1561e+08,1.1561e+08,1.52949,1.52949,1.52949,2.51888,2.51888,2.51888
471,7.23976e+06,7.23976e+06,7.23976e+06,2005.52,2005.52,2005.52,2211.41,2211.41,2211.41,2.42026e+06,2.42026e+06,2.42026e+06,2.77032e+06,2.77032e+06,2.77032e+06,2942.52,2942.52,2942.52,3053.8,3053.8,3053.8,1.15608e+08,1.15608e+08,1.15608e+08,1.52468,1.52468,1.52468,2.5111,2.5111,2.5111
472,7.23982e+06,7.23982e+06,7.23982e+06,1999.49,1999.49,1999.49,2204.94,2204.94,2204.94,2.42027e+06,2.42027e+06,2.42027e+06,2.77032e+06,2.77032e+06,2.77032e+06,2933.66,2933.66,2933.66,3044.85,3044.85,3044.85,1.15607e+08,1.15607e+08,1.15607e+08,1.52001,1.52001,1.52001,2.50359,2.50359,2.50359
473,7.23992e+06,7.23992e+06,7.23992e+06,1993.78,1993.78,1993.78,2198.84,2198.84,2198.84,2.42028e+06,2.42028e+06,2.42028e+06,2.77032e+06,2.77032e+06,2.77032e+06,2925.26,2925.26,2925.26,3036.42,3036.42,3036.42,1.15606e+08,1.15606e+08,1.15606e+08,1.51555,1.51555,1.51555,2.49645,2.49645,2.49645
474,7.24007e+06,7.24007e+06,7.24007e+06,1988.45,1988.45,1988.45,2193.2,2193.2,2193.2,2.42029e+06,2.42029e+06,2.42029e+06,2.77032e+06,2.77032e+06,2.77032e+06,2917.42,2917.42,2917.42,3028.62,3028.62,3028.62,1.15604e+08,1.15604e+08,1.15604e+08,1.51134,1.51134,1.51134,2.48978,2.48978,2.48978
475,7.24027e+06,7.24027e+06,7.24027e+06,1983.59,1983.59,1983.59,2188.1,2188.1,2188.1,2.42029e+06,2.42029e+06,2.42029e+06,2.77031e+06,2.77031e+06,2.77031e+06,2910.25,2910.25,2910.25,3021.54,3021.54,3021.54,1.15603e+08,1.15603e+08,1.15603e+08,1.50746,1.50746,1.50746,2.48368,2.48368,2.48368
476,7.2405e+06,7.2405e+06,7.2405e+06,1979.25,1979.25,1979.25,2183.6,2183.6,2183.6,2.4203e+06,2.4203e+06,2.4203e+06,2.7703e+06,2.7703e+06,2.7703e+06,2903.84,2903.84,2903.84,3015.29,3015.29,3015.29,1.15601e+08,1.15601e+08,1.15601e+08,1.50395,1.50395,1.50395,2.47821,2.47821,2.47821
477,7.24077e+06,7.24077e+06,7.24077e+06,1975.49,1975.49,1975.49,2179.76,2179.76,2179.76,2.4203e+06,2.4203e+06,2.4203e+06,2.7703e+06,2.7703e+06,2.7703e+06,2898.28,2898.28,2898.28,3009.94,3009.94,3009.94,1.156e+08,1.156e+08,1.156e+08,1.50086,1.50086,1.50086,2.47346,2.47346,2.47346
478,7.24106e+06,7.24106e+06,7.24106e+06,1972.37,1972.37,1972.37,2176.62,2176.62,2176.62,2.4203e+06,2.4203e+06,2.4203e+06,2.77029e+06,2.77029e+06,2.77029e+06,2893.63,2893.63,2893.63,3005.56,3005.56,3005.56,1.15599e+08,1.15599e+08,1.15599e+08,1.49823,1.49823,1.49823,2.46948,2.46948,2.46948
479,7.24137e+06,7.24137e+06,7.24137e+06,1969.9,1969.9,1969.9,2174.22,2174.22,2174.22,2.42029e+06,2.42029e+06,2.42029e+06,2.77028e+06,2.77028e+06,2.77028e+06,2889.96,2889.96,2889.96,3002.19,3002.19,3002.19,1.15597e+08,1.15597e+08,1.15597e+08,1.49609,1.49609,1.49609,2.46631,2.46631,2.46631
480,7.24169e+06,7.24169e+06,7.24169e+06,1968.13,1968.13,1968.13,2172.59,2172.59,2172.59,2.42029e+06,2.42029e+06,2.42029e+06,2.77027e+06,2.77027e+06,2.77027e+06,2887.3,2887.3,2887.3,2999.89,2999.89,2999.89,1.15596e+08,1.15596e+08,1.15596e+08,1.49446,1.49446,1.49446,2.464,2.464,2.464
481,7.24202e+06,7.24202e+06,7.24202e+06,1967.07,1967.07,1967.07,2171.74,2171.74,2171.74,2.42029e+06,2.42029e+06,2.42029e+06,2.77026e+06,2.77026e+06,2.77026e+06,2885.67,2885.67,2885.67,2998.65,2998.65,2998.65,1.15595e+08,1.15595e+08,1.15595e+08,1.49337,1.49337,1.49337,2.46256,2.46256,2.46256
482,7.24235e+06,7.24235e+06,7.24235e+06,1966.72,1966.72,1966.72,2171.68,2171.68,2171.68,2.42028e+06,2.42028e+06,2.42028e+06,2.77025e+06,2.77025e+06,2.77025e+06,2885.1,2885.1,2885.1,2998.5,2998.5,2998.5,1.15594e+08,1.15594e+08,1.15594e+08,1.49281,1.49281,1.49281,2.46202,2.46202,2.46202
483,7.24266e+06,7.24266e+06,7.24266e+06,1967.09,1967.09,1967.09,2172.4,2172.4,2172.4,2.42027e+06,2.42027e+06,2.42027e+06,2.77024e+06,2.77024e+06,2.77024e+06,2885.58,2885.58,2885.58,2999.43,2999.43,2999.43,1.15592e+08,1.15592e+08,1.15592e+08,1.4928,1.4928,1.4928,2.46236,2.46236,2.46236
484,7.24297e+06,7.24297e+06,7.24297e+06,1968.17,1968.17,1968.17,2173.87,2173.87,2173.87,2.42026e+06,2.42026e+06,2.42026e+06,2.77023e+06,2.77023e+06,2.77023e+06,2887.09,2887.09,2887.09,3001.4,3001.4,3001.4,1.15591e+08,1.15591e+08,1.15591e+08,1.49333,1.49333,1.49333,2.46357,2.46357,2.46357
485,7.24324e+06,7.24324e+06,7.24324e+06,1969.92,1969.92,1969.92,2176.07,2176.07,2176.07,2.42025e+06,2.42025e+06,2.42025e+06,2.77022e+06,2.77022e+06,2.77022e+06,2889.6,2889.6,2889.6,3004.39,3004.39,3004.39,1.1559e+08,1.1559e+08,1.1559e+08,1.49439,1.49439,1.49439,2.46563,2.46563,2.46563
486,7.2435e+06,7.2435e+06,7.2435e+06,1972.32,1972.32,1972.32,2178.97,2178.97,2178.97,2.42024e+06,2.42024e+06,2.42024e+06,2.77021e+06,2.77021e+06,2.77021e+06,2893.06,2893.06,2893.06,3008.34,3008.34,3008.34,1.1559e+08,1.1559e+08,1.1559e+08,1.49595,1.49595,1.49595,2.4685,2.4685,2.4685
487,7.24371e+06,7.24371e+06,7.24371e+06,1975.32,1975.32,1975.32,2182.51,2182.51,2182.51,2.42023e+06,2.42023e+06,2.42023e+06,2.7702e+06,2.7702e+06,2.7702e+06,2897.42,2897.42,2897.42,3013.18,3013.18,3013.18,1.15589e+08,1.15589e+08,1.15589e+08,1.49798,1.49798,1.49798,2.47213,2.47213,2.47213
488,7.24389e+06,7.24389e+06,7.24389e+06,1978.88,1978.88,1978.88,2186.64,2186.64,2186.64,2.42022e+06,2.42022e+06,2.42022e+06,2.77019e+06,2.77019e+06,2.77019e+06,2902.6,2902.6,2902.6,3018.83,3018.83,3018.83,1.15588e+08,1.15588e+08,1.15588e+08,1.50046,1.50046,1.50046,2.47646,2.47646,2.47646
489,7.24402e+06,7.24402e+06,7.24402e+06,1982.93,1982.93,1982.93,2191.28,2191.28,2191.28,2.42021e+06,2.42021e+06,2.42021e+06,2.77018e+06,2.77018e+06,2.77018e+06,2908.52,2908.52,2908.52,3025.21,3025.21,3025.21,1.15588e+08,1.15588e+08,1.15588e+08,1.50335,1.50335,1.50335,2.48142,2.48142,2.48142
490,7.2441e+06,7.2441e+06,7.2441e+06,1987.42,1987.42,1987.42,2196.36,2196.36,2196.36,2.4202e+06,2.4202e+06,2.4202e+06,2.77017e+06,2.77017e+06,2.77017e+06,2915.08,2915.08,2915.08,3032.2,3032.2,3032.2,1.15587e+08,1.15587e+08,1.15587e+08,1.50658,1.50658,1.50658,2.48693,2.48693,2.48693
491,7.24413e+06,7.24413e+06,7.24413e+06,1992.27,1992.27,1992.27,2201.8,2201.8,2201.8,2.42019e+06,2.42019e+06,2.42019e+06,2.77016e+06,2.77016e+06,2.77016e+06,2922.17,2922.17,2922.17,3039.7,3039.7,3039.7,1.15587e+08,1.15587e+08,1.15587e+08,1.51012,1.51012,1.51012,2.49289,2.49289,2.49289
492,7.2441e+06,7.2441e+06,7.2441e+06,1997.39,1997.39,1997.39,2207.52,2207.52,2207.52,2.42018e+06,2.42018e+06,2.42018e+06,2.77016e+06,2.77016e+06,2.77016e+06,2929.69,2929.69,2929.69,3047.59,3047.59,3047.59,1.15587e+08,1.15587e+08,1.15587e+08,1.51391,1.51391,1.51391,2.49922,2.49922,2.49922
493,7.24402e+06,7.24402e+06,7.24402e+06,2002.71,2002.71,2002.71,2213.41,2213.41,2213.41,2.42018e+06,2.42018e+06,2.42018e+06,2.77015e+06,2.77015e+06,2.77015e+06,2937.5,2937.5,2937.5,3055.73,3055.73,3055.73,1.15587e+08,1.15587e+08,1.15587e+08,1.51788,1.51788,1.51788,2.50581,2.50581,2.50581
494,7.24388e+06,7.24388e+06,7.24388e+06,2008.13,2008.13,2008.13,2219.38,2219.38,2219.38,2.42017e+06,2.42017e+06,2.42017e+06,2.77015e+06,2.77015e+06,2.77015e+06,2945.47,2945.47,2945.47,3063.99,3063.99,3063.99,1.15588e+08,1.15588e+08,1.15588e+08,1.52196,1.52196,1.52196,2.51255,2.51255,2.51255
495,7.24368e+06,7.24368e+06,7.24368e+06,2013.57,2013.57,2013.57,2225.33,2225.33,2225.33,2.42016e+06,2.42016e+06,2.42016e+06,2.77014e+06,2.77014e+06,2.77014e+06,2953.48,2953.48,2953.48,3072.23,3072.23,3072.23,1.15588e+08,1.15588e+08,1.15588e+08,1.5261,1.5261,1.5261,2.51933,2.51933,2.51933
496,7.24343e+06,7.24343e+06,7.24343e+06,2018.93,2018.93,2018.93,2231.16,2231.16,2231.16,2.42015e+06,2.42015e+06,2.42015e+06,2.77014e+06,2.77014e+06,2.77014e+06,2961.39,2961.39,2961.39,3080.32,3080.32,3080.32,1.15589e+08,1.15589e+08,1.15589e+08,1.53022,1.53022,1.53022,2.52603,2.52603,2.52603
497,7.24312e+06,7.24312e+06,7.24312e+06,2024.13,2024.13,2024.13,2236.77,2236.77,2236.77,2.42015e+06,2.42015e+06,2.42015e+06,2.77014e+06,2.77014e+06,2.77014e+06,2969.06,2969.06,2969.06,3088.11,3088.11,3088.11,1.15589e+08,1.15589e+08,1.15589e+08,1.53424,1.53424,1.53424,2.53254,2.53254,2.53254
498,7.24275e+06,7.24275e+06,7.24275e+06,2029.06,2029.06,2029.06,2242.06,2242.06,2242.06,2.42015e+06,2.42015e+06,2.42015e+06,2.77014e+06,2.77014e+06,2.77014e+06,2976.35,2976.35,2976.35,3095.47,3095.47,3095.47,1.1559e+08,1.1559e+08,1.1559e+08,1.53811,1.53811,1.53811,2.53875,2.53875,2.53875
499,7.24234e+06,7.24234e+06,7.24234e+06,2033.64,2033.64,2033.64,2246.93,2246.93,2246.93,2.42014e+06,2.42014e+06,2.42014e+06,2.77014e+06,2.77014e+06,2.77014e+06,2983.15,2983.15,2983.15,3102.27,3102.27,3102.27,1.15591e+08,1.15591e+08,1.15591e+08,1.54174,1.54174,1.54174,2.54455,2.54455,2.54455
500,7.24188e+06,7.24188e+06,7.24188e+06,2037.78,2037.78,2037.78,2251.3,2251.3,2251.3,2.42014e+06,2.42014e+06,2.42014e+06,2.77014e+06,2.77014e+06,2.77014e+06,2989.32,2989.32,2989.32,3108.38,3108.38,3108.38,1.15592e+08,1.15592e+08,1.15592e+08,1.54509,1.54509,1.54509,2.54984,2.54984,2.54984
501,7.24138e+06,7.24138e+06,7.24138e+06,2041.42,2041.42,2041.42,2255.08,2255.08,2255.08,2.42014e+06,2.42014e+06,2.42014e+06,2.77014e+06,2.77014e+06,2.77014e+06,2994.74,2994.74,2994.74,3113.69,3113.69,3113.69,1.15594e+08,1.15594e+08,1.15594e+08,1.54807,1.54807,1.54807,2.5545,2.5545,2.5545
502,7.24085e+06,7.24085e+06,7.24085e+06,2044.47,2044.47,2044.47,2258.2,2258.2,2258.2,2.42014e+06,2.42014e+06,2.42014e+06,2.77014e+06,2.77014e+06,2.77014e+06,2999.32,2999.32,2999.32,3118.1,3118.1,3118.1,1.15595e+08,1.15595e+08,1.15595e+08,1.55064,1.55064,1.55064,2.55847,2.55847,2.55847
503,7.24029e+06,7.24029e+06,7.24029e+06,2046.88,2046.88,2046.88,2260.59,2260.59,2260.59,2.42014e+06,2.42014e+06,2.42014e+06,2.77014e+06,2.77014e+06,2.77014e+06,3002.96,3002.96,3002.96,3121.5,3121.5,3121.5,1.15596e+08,1.15596e+08,1.15596e+08,1.55275,1.55275,1.55275,2.56164,2.56164,2.56164
504,7.23971e+06,7.23971e+06,7.23971e+06,2048.58,2048.58,2048.58,2262.2,2262.2,2262.2,2.42015e+06,2.42015e+06,2.42015e+06,2.77014e+06,2.77014e+06,2.77014e+06,3005.57,3005.57,3005.57,3123.83,3123.83,3123.83,1.15598e+08,1.15598e+08,1.15598e+08,1.55435,1.55435,1.55435,2.56397,2.56397,2.56397
505,7.23912e+06,7.23912e+06,7.23912e+06,2049.54,2049.54,2049.54,2262.98,2262.98,2262.98,2.42015e+06,2.42015e+06,2.42015e+06,2.77014e+06,2.77014e+06,2.77014e+06,3007.1,3007.1,3007.1,3125.03,3125.03,3125.03,1.156e+08,1.156e+08,1.156e+08,1.5554,1.5554,1.5554,2.56538,2.56538,2.56538
506,7.23852e+06,7.23852e+06,7.23852e+06,2049.73,2049.73,2049.73,2262.92,2262.92,2262.92,2.42015e+06,2.42015e+06,2.42015e+06,2.77014e+06,2.77014e+06,2.77014e+06,3007.49,3007.49,3007.49,3125.05,3125.05,3125.05,1.15601e+08,1.15601e+08,1.15601e+08,1.55587,1.55587,1.55587,2.56584,2.56584,2.56584
507,7.23792e+06,7.23792e+06,7.23792e+06,2049.12,2049.12,2049.12,2261.98,2261.98,2261.98,2.42016e+06,2.42016e+06,2.42016e+06,2.77014e+06,2.77014e+06,2.77014e+06,3006.71,3006.71,3006.71,3123.87,3123.87,3123.87,1.15603e+08,1.15603e+08,1.15603e+08,1.55575,1.55575,1.55575,2.56533,2.56533,2.56533
508,7.23733e+06,7.23733e+06,7.23733e+06,2047.71,2047.71,2047.71,2260.17,2260.17,2260.17,2.42016e+06,2.42016e+06,2.42016e+06,2.77014e+06,2.77014e+06,2.77014e+06,3004.76,3004.76,3004.76,3121.48,3121.48,3121.48,1.15605e+08,1.15605e+08,1.15605e+08,1.55502,1.55502,1.55502,2.56382,2.56382,2.56382
509,7.23676e+06,7.23676e+06,7.23676e+06,2045.51,2045.51,2045.51,2257.5,2257.5,2257.5,2.42017e+06,2.42017e+06,2.42017e+06,2.77014e+06,2.77014e+06,2.77014e+06,3001.63,3001.63,3001.63,3117.9,3117.9,3117.9,1.15606e+08,1.15606e+08,1.15606e+08,1.55368,1.55368,1.55368,2.56133,2.56133,2.56133
510,7.23621e+06,7.23621e+06,7.23621e+06,2042.52,2042.52,2042.52,2253.99,2253.99,2253.99,2.42017e+06,2.42017e+06,2.42017e+06,2.77014e+06,2.77014e+06,2.77014e+06,2997.35,2997.35,2997.35,3113.16,3113.16,3113.16,1.15608e+08,1.15608e+08,1.15608e+08,1.55174,1.55174,1.55174,2.55788,2.55788,2.55788
511,7.2357e+06,7.2357e+06,7.2357e+06,2038.79,2038.79,2038.79,2249.68,2249.68,2249.68,2.42017e+06,2.42017e+06,2.42017e+06,2.77013e+06,2.77013e+06,2.77013e+06,2991.97,2991.97,2991.97,3107.31,3107.31,3107.31,1.1561e+08,1.1561e+08,1.1561e+08,1.54922,1.54922,1.54922,2.55349,2.55349,2.55349
512,7.23523e+06,7.23523e+06,7.23523e+06,2034.35,2034.35,2034.35,2244.62,2244.62,2244.62,2.42018e+06,2.42018e+06,2.42018e+06,2.77013e+06,2.77013e+06,2.77013e+06,2985.55,2985.55,2985.55,3100.41,3100.41,3100.41,1.15612e+08,1.15612e+08,1.15612e+08,1.54614,1.54614,1.54614,2.54822,2.54822,2.54822
513,7.2348e+06,7.2348e+06,7.2348e+06,2029.25,2029.25,2029.25,2238.87,2238.87,2238.87,2.42018e+06,2.42018e+06,2.42018e+06,2.77012e+06,2.77012e+06,2.77012e+06,2978.15,2978.15,2978.15,3092.55,3092.55,3092.55,1.15613e+08,1.15613e+08,1.15613e+08,1.54254,1.54254,1.54254,2.54212,2.54212,2.54212
514,7.23443e+06,7.23443e+06,7.23443e+06,2023.56,2023.56,2023.56,2232.51,2232.51,2232.51,2.42018e+06,2.42018e+06,2.42018e+06,2.77011e+06,2.77011e+06,2.77011e+06,2969.88,2969.88,2969.88,3083.84,3083.84,3083.84,1.15615e+08,1.15615e+08,1.15615e+08,1.53847,1.53847,1.53847,2.53529,2.53529,2.53529
515,7.23411e+06,7.23411e+06,7.23411e+06,2017.36,2017.36,2017.36,2225.61,2225.61,2225.61,2.42018e+06,2.42018e+06,2.42018e+06,2.77011e+06,2.77011e+06,2.77011e+06,2960.83,2960.83,2960.83,3074.38,3074.38,3074.38,1.15617e+08,1.15617e+08,1.15617e+08,1.53397,1.53397,1.53397,2.5278,2.5278,2.5278
516,7.23385e+06,7.23385e+06,7.23385e+06,2010.71,2010.71,2010.71,2218.27,2218.27,2218.27,2.42018e+06,2.42018e+06,2.42018e+06,2.77009e+06,2.77009e+06,2.77009e+06,2951.12,2951.12,2951.12,3064.29,3064.29,3064.29,1.15618e+08,1.15618e+08,1.15618e+08,1.5291,1.5291,1.5291,2.51974,2.51974,2.51974
517,7.23365e+06,7.23365e+06,7.23365e+06,2003.71,2003.71,2003.71,2210.58,2210.58,2210.58,2.42018e+06,2.42018e+06,2.42018e+06,2.77008e+06,2.77008e+06,2.77008e+06,2940.88,2940.88,2940.88,3053.71,3053.71,3053.71,1.1562e+08,1.1562e+08,1.1562e+08,1.52393,1.52393,1.52393,2.51123,2.51123,2.51123
518,7.23353e+06,7.23353e+06,7.23353e+06,1996.44,1996.44,1996.44,2202.64,2202.64,2202.64,2.42018e+06,2.42018e+06,2.42018e+06,2.77007e+06,2.77007e+06,2.77007e+06,2930.24,2930.24,2930.24,3042.77,3042.77,3042.77,1.15621e+08,1.15621e+08,1.15621e+08,1.51852,1.51852,1.51852,2.50238,2.50238,2.50238
519,7.23347e+06,7.23347e+06,7.23347e+06,1989.01,1989.01,1989.01,2194.56,2194.56,2194.56,2.42017e+06,2.42017e+06,2.42017e+06,2.77005e+06,2.77005e+06,2.77005e+06,2919.33,2919.33,2919.33,3031.62,3031.62,3031.62,1.15622e+08,1.15622e+08,1.15622e+08,1.51293,1.51293,1.51293,2.4933,2.4933,2.4933
520,7.23348e+06,7.23348e+06,7.23348e+06,1981.49,1981.49,1981.49,2186.44,2186.44,2186.44,2.42016e+06,2.42016e+06,2.42016e+06,2.77004e+06,2.77004e+06,2.77004e+06,2908.3,2908.3,2908.3,3020.4,3020.4,3020.4,1.15624e+08,1.15624e+08,1.15624e+08,1.50725,1.50725,1.50725,2.4841,2.4841,2.4841
521,7.23356e+06,7.23356e+06,7.23356e+06,1974.01,1974.01,1974.01,2178.38,2178.38,2178.38,2.42015e+06,2.42015e+06,2.42015e+06,2.77002e+06,2.77002e+06,2.77002e+06,2897.29,2897.29,2897.29,3009.25,3009.25,3009.25,1.15625e+08,1.15625e+08,1.15625e+08,1.50155,1.50155,1.50155,2.47491,2.47491,2.47491
522,7.23371e+06,7.23371e+06,7.23371e+06,1966.63,1966.63,1966.63,2170.49,2170.49,2170.49,2.42014e+06,2.42014e+06,2.42014e+06,2.77e+06,2.77e+06,2.77e+06,2886.44,2886.44,2886.44,2998.32,2998.32,2998.32,1.15626e+08,1.15626e+08,1.15626e+08,1.49589,1.49589,1.49589,2.46585,2.46585,2.46585
523,7.23392e+06,7.23392e+06,7.23392e+06,1959.46,1959.46,1959.46,2162.86,2162.86,2162.86,2.42013e+06,2.42013e+06,2.42013e+06,2.76997e+06,2.76997e+06,2.76997e+06,2875.87,2875.87,2875.87,2987.74,2987.74,2987.74,1.15626e+08,1.15626e+08,1.15626e+08,1.49036,1.49036,1.49036,2.45702,2.45702,2.45702
524,7.23419e+06,7.23419e+06,7.23419e+06,1952.59,1952.59,1952.59,2155.6,2155.6,2155.6,2.42011e+06,2.42011e+06,2.42011e+06,2.76995e+06,2.76995e+06,2.76995e+06,2865.73,2865.73,2865.73,2977.65,2977.65,2977.65,1.15627e+08,1.15627e+08,1.15627e+08,1.48501,1.48501,1.48501,2.44855,2.44855,2.44855
525,7.23452e+06,7.23452e+06,7.23452e+06,1946.1,1946.1,1946.1,2148.78,2148.78,2148.78,2.42009e+06,2.42009e+06,2.42009e+06,2.76992e+06,2.76992e+06,2.76992e+06,2856.14,2856.14,2856.14,2968.17,2968.17,2968.17,1.15628e+08,1.15628e+08,1.15628e+08,1.47991,1.47991,1.47991,2.44052,2.44052,2.44052
526,7.23491e+06,7.23491e+06,7.23491e+06,1940.07,1940.07,1940.07,2142.49,2142.49,2142.49,2.42007e+06,2.42007e+06,2.42007e+06,2.7699e+06,2.7699e+06,2.7699e+06,2847.21,2847.21,2847.21,2959.41,2959.41,2959.41,1.15628e+08,1.15628e+08,1.15628e+08,1.47513,1.47513,1.47513,2.43305,2.43305,2.43305
527,7.23535e+06,7.23535e+06,7.23535e+06,1934.57,1934.57,1934.57,2136.8,2136.8,2136.8,2.42005e+06,2.42005e+06,2.42005e+06,2.76987e+06,2.76987e+06,2.76987e+06,2839.04,2839.04,2839.04,2951.47,2951.47,2951.47,1.15629e+08,1.15629e+08,1.15629e+08,1.47072,1.47072,1.47072,2.42622,2.42622,2.42622
528,7.23583e+06,7.23583e+06,7.23583e+06,1929.66,1929.66,1929.66,2131.79,2131.79,2131.79,2.42002e+06,2.42002e+06,2.42002e+06,2.76984e+06,2.76984e+06,2.76984e+06,2831.73,2831.73,2831.73,2944.45,2944.45,2944.45,1.15629e+08,1.15629e+08,1.15629e+08,1.46673,1.46673,1.46673,2.42011,2.42011,2.42011
529,7.23634e+06,7.23634e+06,7.23634e+06,1925.39,1925.39,1925.39,2127.51,2127.51,2127.51,2.41999e+06,2.41999e+06,2.41999e+06,2.76981e+06,2.76981e+06,2.76981e+06,2825.37,2825.37,2825.37,2938.43,2938.43,2938.43,1.15629e+08,1.15629e+08,1.15629e+08,1.46322,1.46322,1.46322,2.41478,2.41478,2.41478
530,7.23689e+06,7.23689e+06,7.23689e+06,1921.82,1921.82,1921.82,2123.99,2123.99,2123.99,2.41996e+06,2.41996e+06,2.41996e+06,2.76978e+06,2.76978e+06,2.76978e+06,2820.02,2820.02,2820.02,2933.47,2933.47,2933.47,1.15629e+08,1.15629e+08,1.15629e+08,1.46021,1.46021,1.46021,2.41031,2.41031,2.41031
531,7.23745e+06,7.23745e+06,7.23745e+06,1918.98,1918.98,1918.98,2121.29,2121.29,2121.29,2.41993e+06,2.41993e+06,2.41993e+06,2.76975e+06,2.76975e+06,2.76975e+06,2815.74,2815.74,2815.74,2929.62,2929.62,2929.62,1.15629e+08,1.15629e+08,1.15629e+08,1.45774,1.45774,1.45774,2.40673,2.40673,2.40673
532,7.23804e+06,7.23804e+06,7.23804e+06,1916.91,1916.91,1916.91,2119.43,2119.43,2119.43,2.4199e+06,2.4199e+06,2.4199e+06,2.76972e+06,2.76972e+06,2.76972e+06,2812.57,2812.57,2812.57,2926.93,2926.93,2926.93,1.15629e+08,1.15629e+08,1.15629e+08,1.45583,1.45583,1.45583,2.40408,2.40408,2.40408
533,7.23863e+06,7.23863e+06,7.23863e+06,1915.6,1915.6,1915.6,2118.41,2118.41,2118.41,2.41986e+06,2.41986e+06,2.41986e+06,2.76969e+06,2.76969e+06,2.76969e+06,2810.54,2810.54,2810.54,2925.41,2925.41,2925.41,1.15629e+08,1.15629e+08,1.15629e+08,1.45451,1.45451,1.45451,2.40239,2.40239,2.40239
534,7.23921e+06,7.23921e+06,7.23921e+06,1915.09,1915.09,1915.09,2118.26,2118.26,2118.26,2.41983e+06,2.41983e+06,2.41983e+06,2.76966e+06,2.76966e+06,2.76966e+06,2809.67,2809.67,2809.67,2925.07,2925.07,2925.07,1.15628e+08,1.15628e+08,1.15628e+08,1.45379,1.45379,1.45379,2.40167,2.40167,2.40167
535,7.2398e+06,7.2398e+06,7.2398e+06,1915.36,1915.36,1915.36,2118.96,2118.96,2118.96,2.41979e+06,2.41979e+06,2.41979e+06,2.76963e+06,2.76963e+06,2.76963e+06,2809.95,2809.95,2809.95,2925.92,2925.92,2925.92,1.15628e+08,1.15628e+08,1.15628e+08,1.45366,1.45366,1.45366,2.40192,2.40192,2.40192
536,7.24036e+06,7.24036e+06,7.24036e+06,1916.41,1916.41,1916.41,2120.49,2120.49,2120.49,2.41975e+06,2.41975e+06,2.41975e+06,2.76959e+06,2.76959e+06,2.76959e+06,2811.37,2811.37,2811.37,2927.92,2927.92,2927.92,1.15627e+08,1.15627e+08,1.15627e+08,1.45412,1.45412,1.45412,2.40313,2.40313,2.40313
537,7.2409e+06,7.2409e+06,7.2409e+06,1918.22,1918.22,1918.22,2122.84,2122.84,2122.84,2.41971e+06,2.41971e+06,2.41971e+06,2.76956e+06,2.76956e+06,2.76956e+06,2813.9,2813.9,2813.9,2931.04,2931.04,2931.04,1.15626e+08,1.15626e+08,1.15626e+08,1.45517,1.45517,1.45517,2.40528,2.40528,2.40528
538,7.24141e+06,7.24141e+06,7.24141e+06,1920.75,1920.75,1920.75,2125.96,2125.96,2125.96,2.41967e+06,2.41967e+06,2.41967e+06,2.76953e+06,2.76953e+06,2.76953e+06,2817.51,2817.51,2817.51,2935.24,2935.24,2935.24,1.15625e+08,1.15625e+08,1.15625e+08,1.45679,1.45679,1.45679,2.40833,2.40833,2.40833
539,7.24189e+06,7.24189e+06,7.24189e+06,1923.98,1923.98,1923.98,2129.81,2129.81,2129.81,2.41963e+06,2.41963e+06,2.41963e+06,2.7695e+06,2.7695e+06,2.7695e+06,2822.14,2822.14,2822.14,2940.45,2940.45,2940.45,1.15624e+08,1.15624e+08,1.15624e+08,1.45894,1.45894,1.45894,2.41223,2.41223,2.41223
540,7.24232e+06,7.24232e+06,7.24232e+06,1927.84,1927.84,1927.84,2134.34,2134.34,2134.34,2.41959e+06,2.41959e+06,2.41959e+06,2.76947e+06,2.76947e+06,2.76947e+06,2827.71,2827.71,2827.71,2946.61,2946.61,2946.61,1.15623e+08,1.15623e+08,1.15623e+08,1.46161,1.46161,1.46161,2.41694,2.41694,2.41694
541,7.2427e+06,7.2427e+06,7.2427e+06,1932.3,1932.3,1932.3,2139.49,2139.49,2139.49,2.41955e+06,2.41955e+06,2.41955e+06,2.76945e+06,2.76945e+06,2.76945e+06,2834.16,2834.16,2834.16,2953.62,2953.62,2953.62,1.15622e+08,1.15622e+08,1.15622e+08,1.46474,1.46474,1.46474,2.42239,2.42239,2.42239
542,7.24303e+06,7.24303e+06,7.24303e+06,1937.29,1937.29,1937.29,2145.17,2145.17,2145.17,2.41951e+06,2.41951e+06,2.41951e+06,2.76942e+06,2.76942e+06,2.76942e+06,2841.4,2841.4,2841.4,2961.38,2961.38,2961.38,1.15621e+08,1.15621e+08,1.15621e+08,1.4683,1.4683,1.4683,2.42849,2.42849,2.42849
543,7.2433e+06,7.2433e+06,7.2433e+06,1942.73,1942.73,1942.73,2151.33,2151.33,2151.33,2.41947e+06,2.41947e+06,2.41947e+06,2.76939e+06,2.76939e+06,2.76939e+06,2849.32,2849.32,2849.32,2969.81,2969.81,2969.81,1.15619e+08,1.15619e+08,1.15619e+08,1.47224,1.47224,1.47224,2.43517,2.43517,2.43517
544,7.24351e+06,7.24351e+06,7.24351e+06,1948.56,1948.56,1948.56,2157.86,2157.86,2157.86,2.41943e+06,2.41943e+06,2.41943e+06,2.76937e+06,2.76937e+06,2.76937e+06,2857.82,2857.82,2857.82,2978.77,2978.77,2978.77,1.15618e+08,1.15618e+08,1.15618e+08,1.47651,1.47651,1.47651,2.44234,2.44234,2.44234
545,7.24366e+06,7.24366e+06,7.24366e+06,1954.7,1954.7,1954.7,2164.69,2164.69,2164.69,2.41939e+06,2.41939e+06,2.41939e+06,2.76934e+06,2.76934e+06,2.76934e+06,2866.78,2866.78,2866.78,2988.14,2988.14,2988.14,1.15616e+08,1.15616e+08,1.15616e+08,1.48104,1.48104,1.48104,2.4499,2.4499,2.4499
546,7.24373e+06,7.24373e+06,7.24373e+06,1961.06,1961.06,1961.06,2171.73,2171.73,2171.73,2.41935e+06,2.41935e+06,2.41935e+06,2.76932e+06,2.76932e+06,2.76932e+06,2876.08,2876.08,2876.08,2997.81,2997.81,2997.81,1.15615e+08,1.15615e+08,1.15615e+08,1.48578,1.48578,1.48578,2.45774,2.45774,2.45774
547,7.24374e+06,7.24374e+06,7.24374e+06,1967.56,1967.56,1967.56,2178.86,2178.86,2178.86,2.41932e+06,2.41932e+06,2.41932e+06,2.7693e+06,2.7693e+06,2.7693e+06,2885.59,2885.59,2885.59,3007.64,3007.64,3007.64,1.15613e+08,1.15613e+08,1.15613e+08,1.49065,1.49065,1.49065,2.46577,2.46577,2.46577
548,7.24368e+06,7.24368e+06,7.24368e+06,1974.1,1974.1,1974.1,2186.01,2186.01,2186.01,2.41928e+06,2.41928e+06,2.41928e+06,2.76928e+06,2.76928e+06,2.76928e+06,2895.18,2895.18,2895.18,3017.48,3017.48,3017.48,1.15611e+08,1.15611e+08,1.15611e+08,1.49561,1.49561,1.49561,2.47386,2.47386,2.47386
549,7.24355e+06,7.24355e+06,7.24355e+06,1980.6,1980.6,1980.6,2193.06,2193.06,2193.06,2.41925e+06,2.41925e+06,2.41925e+06,2.76926e+06,2.76926e+06,2.76926e+06,2904.73,2904.73,2904.73,3027.22,3027.22,3027.22,1.15609e+08,1.15609e+08,1.15609e+08,1.50056,1.50056,1.50056,2.48191,2.48191,2.48191
550,7.24335e+06,7.24335e+06,7.24335e+06,1986.97,1986.97,1986.97,2199.92,2199.92,2199.92,2.41922e+06,2.41922e+06,2.41922e+06,2.76924e+06,2.76924e+06,2.76924e+06,2914.09,2914.09,2914.09,3036.71,3036.71,3036.71,1.15607e+08,1.15607e+08,1.15607e+08,1.50546,1.50546,1.50546,2.48981,2.48981,2.48981
551,7.24309e+06,7.24309e+06,7.24309e+06,1993.12,1993.12,1993.12,2206.5,2206.5,2206.5,2.41919e+06,2.41919e+06,2.41919e+06,2.76922e+06,2.76922e+06,2.76922e+06,2923.14,2923.14,2923.14,3045.82,3045.82,3045.82,1.15604e+08,1.15604e+08,1.15604e+08,1.51022,1.51022,1.51022,2.49745,2.49745,2.49745
552,7.24277e+06,7.24277e+06,7.24277e+06,1998.96,1998.96,1998.96,2212.71,2212.71,2212.71,2.41916e+06,2.41916e+06,2.41916e+06,2.76921e+06,2.76921e+06,2.76921e+06,2931.76,2931.76,2931.76,3054.42,3054.42,3054.42,1.15602e+08,1.15602e+08,1.15602e+08,1.51479,1.51479,1.51479,2.50472,2.50472,2.50472
553,7.24239e+06,7.24239e+06,7.24239e+06,2004.42,2004.42,2004.42,2218.45,2218.45,2218.45,2.41913e+06,2.41913e+06,2.41913e+06,2.76919e+06,2.76919e+06,2.76919e+06,2939.82,2939.82,2939.82,3062.39,3062.39,3062.39,1.15599e+08,1.15599e+08,1.15599e+08,1.5191,1.5191,1.5191,2.51152,2.51152,2.51152
554,7.24196e+06,7.24196e+06,7.24196e+06,2009.41,2009.41,2009.41,2223.65,2223.65,2223.65,2.4191e+06,2.4191e+06,2.4191e+06,2.76917e+06,2.76917e+06,2.76917e+06,2947.21,2947.21,2947.21,3069.63,3069.63,3069.63,1.15597e+08,1.15597e+08,1.15597e+08,1.52308,1.52308,1.52308,2.51775,2.51775,2.51775
555,7.24148e+06,7.24148e+06,7.24148e+06,2013.87,2013.87,2013.87,2228.23,2228.23,2228.23,2.41908e+06,2.41908e+06,2.41908e+06,2.76916e+06,2.76916e+06,2.76916e+06,2953.83,2953.83,2953.83,3076.03,3076.03,3076.03,1.15594e+08,1.15594e+08,1.15594e+08,1.5267,1.5267,1.5267,2.52333,2.52333,2.52333
556,7.24096e+06,7.24096e+06,7.24096e+06,2017.74,2017.74,2017.74,2232.14,2232.14,2232.14,2.41905e+06,2.41905e+06,2.41905e+06,2.76914e+06,2.76914e+06,2.76914e+06,2959.59,2959.59,2959.59,3081.5,3081.5,3081.5,1.15591e+08,1.15591e+08,1.15591e+08,1.52989,1.52989,1.52989,2.52819,2.52819,2.52819
557,7.2404e+06,7.2404e+06,7.2404e+06,2020.96,2020.96,2020.96,2235.31,2235.31,2235.31,2.41903e+06,2.41903e+06,2.41903e+06,2.76913e+06,2.76913e+06,2.76913e+06,2964.41,2964.41,2964.41,3085.97,3085.97,3085.97,1.15588e+08,1.15588e+08,1.15588e+08,1.53261,1.53261,1.53261,2.53225,2.53225,2.53225
558,7.23982e+06,7.23982e+06,7.23982e+06,2023.49,2023.49,2023.49,2237.72,2237.72,2237.72,2.41901e+06,2.41901e+06,2.41901e+06,2.76911e+06,2.76911e+06,2.76911e+06,2968.23,2968.23,2968.23,3089.39,3089.39,3089.39,1.15585e+08,1.15585e+08,1.15585e+08,1.53482,1.53482,1.53482,2.53546,2.53546,2.53546
559,7.23921e+06,7.23921e+06,7.23921e+06,2025.31,2025.31,2025.31,2239.33,2239.33,2239.33,2.41899e+06,2.41899e+06,2.41899e+06,2.7691e+06,2.7691e+06,2.7691e+06,2971,2971,2971,3091.71,3091.71,3091.71,1.15582e+08,1.15582e+08,1.15582e+08,1.53651,1.53651,1.53651,2.53778,2.53778,2.53778
560,7.23859e+06,7.23859e+06,7.23859e+06,2026.39,2026.39,2026.39,2240.13,2240.13,2240.13,2.41897e+06,2.41897e+06,2.41897e+06,2.76908e+06,2.76908e+06,2.76908e+06,2972.7,2972.7,2972.7,3092.92,3092.92,3092.92,1.15579e+08,1.15579e+08,1.15579e+08,1.53765,1.53765,1.53765,2.5392,2.5392,2.5392
561,7.23796e+06,7.23796e+06,7.23796e+06,2026.74,2026.74,2026.74,2240.11,2240.11,2240.11,2.41895e+06,2.41895e+06,2.41895e+06,2.76906e+06,2.76906e+06,2.76906e+06,2973.31,2973.31,2973.31,3092.99,3092.99,3092.99,1.15575e+08,1.15575e+08,1.15575e+08,1.53822,1.53822,1.53822,2.53969,2.53969,2.53969
562,7.23734e+06,7.23734e+06,7.23734e+06,2026.34,2026.34,2026.34,2239.28,2239.28,2239.28,2.41893e+06,2.41893e+06,2.41893e+06,2.76905e+06,2.76905e+06,2.76905e+06,2972.84,2972.84,2972.84,3091.96,3091.96,3091.96,1.15572e+08,1.15572e+08,1.15572e+08,1.53823,1.53823,1.53823,2.53925,2.53925,2.53925
563,7.23672e+06,7.23672e+06,7.23672e+06,2025.22,2025.22,2025.22,2237.68,2237.68,2237.68,2.41891e+06,2.41891e+06,2.41891e+06,2.76903e+06,2.76903e+06,2.76903e+06,2971.31,2971.31,2971.31,3089.84,3089.84,3089.84,1.15568e+08,1.15568e+08,1.15568e+08,1.53769,1.53769,1.53769,2.53792,2.53792,2.53792
564,7.23611e+06,7.23611e+06,7.23611e+06,2023.41,2023.41,2023.41,2235.32,2235.32,2235.32,2.41889e+06,2.41889e+06,2.41889e+06,2.76901e+06,2.76901e+06,2.76901e+06,2968.77,2968.77,2968.77,3086.7,3086.7,3086.7,1.15564e+08,1.15564e+08,1.15564e+08,1.53661,1.53661,1.53661,2.53572,2.53572,2.53572
565,7.23553e+06,7.23553e+06,7.23553e+06,2020.95,2020.95,2020.95,2232.27,2232.27,2232.27,2.41888e+06,2.41888e+06,2.41888e+06,2.76899e+06,2.76899e+06,2.76899e+06,2965.26,2965.26,2965.26,3082.58,3082.58,3082.58,1.1556e+08,1.1556e+08,1.1556e+08,1.53502,1.53502,1.53502,2.5327,2.5327,2.5327
566,7.23497e+06,7.23497e+06,7.23497e+06,2017.89,2017.89,2017.89,2228.58,2228.58,2228.58,2.41886e+06,2.41886e+06,2.41886e+06,2.76897e+06,2.76897e+06,2.76897e+06,2960.86,2960.86,2960.86,3077.59,3077.59,3077.59,1.15556e+08,1.15556e+08,1.15556e+08,1.53295,1.53295,1.53295,2.52892,2.52892,2.52892
567,7.23445e+06,7.23445e+06,7.23445e+06,2014.28,2014.28,2014.28,2224.33,2224.33,2224.33,2.41884e+06,2.41884e+06,2.41884e+06,2.76894e+06,2.76894e+06,2.76894e+06,2955.66,2955.66,2955.66,3071.8,3071.8,3071.8,1.15552e+08,1.15552e+08,1.15552e+08,1.53044,1.53044,1.53044,2.52446,2.52446,2.52446
568,7.23396e+06,7.23396e+06,7.23396e+06,2010.2,2010.2,2010.2,2219.58,2219.58,2219.58,2.41882e+06,2.41882e+06,2.41882e+06,2.76892e+06,2.76892e+06,2.76892e+06,2949.75,2949.75,2949.75,3065.32,3065.32,3065.32,1.15548e+08,1.15548e+08,1.15548e+08,1.52755,1.52755,1.52755,2.51938,2.51938,2.51938
569,7.23351e+06,7.23351e+06,7.23351e+06,2005.72,2005.72,2005.72,2214.42,2214.42,2214.42,2.4188e+06,2.4188e+06,2.4188e+06,2.76889e+06,2.76889e+06,2.76889e+06,2943.25,2943.25,2943.25,3058.27,3058.27,3058.27,1.15543e+08,1.15543e+08,1.15543e+08,1.52432,1.52432,1.52432,2.5138,2.5138,2.5138
570,7.2331e+06,7.2331e+06,7.2331e+06,2000.92,2000.92,2000.92,2208.95,2208.95,2208.95,2.41878e+06,2.41878e+06,2.41878e+06,2.76886e+06,2.76886e+06,2.76886e+06,2936.27,2936.27,2936.27,3050.78,3050.78,3050.78,1.15539e+08,1.15539e+08,1.15539e+08,1.52081,1.52081,1.52081,2.5078,2.5078,2.5078
571,7.23274e+06,7.23274e+06,7.23274e+06,1995.88,1995.88,1995.88,2203.26,2203.26,2203.26,2.41876e+06,2.41876e+06,2.41876e+06,2.76883e+06,2.76883e+06,2.76883e+06,2928.94,2928.94,2928.94,3042.98,3042.98,3042.98,1.15534e+08,1.15534e+08,1.15534e+08,1.51709,1.51709,1.51709,2.50149,2.50149,2.50149
572,7.23243e+06,7.23243e+06,7.23243e+06,1990.7,1990.7,1990.7,2197.44,2197.44,2197.44,2.41873e+06,2.41873e+06,2.41873e+06,2.7688e+06,2.7688e+06,2.7688e+06,2921.38,2921.38,2921.38,3034.99,3034.99,3034.99,1.15529e+08,1.15529e+08,1.15529e+08,1.51322,1.51322,1.51322,2.49498,2.49498,2.49498
573,7.23217e+06,7.23217e+06,7.23217e+06,1985.46,1985.46,1985.46,2191.6,2191.6,2191.6,2.41871e+06,2.41871e+06,2.41871e+06,2.76876e+06,2.76876e+06,2.76876e+06,2913.73,2913.73,2913.73,3026.96,3026.96,3026.96,1.15524e+08,1.15524e+08,1.15524e+08,1.50927,1.50927,1.50927,2.48838,2.48838,2.48838
574,7.23195e+06,7.23195e+06,7.23195e+06,1980.25,1980.25,1980.25,2185.83,2185.83,2185.83,2.41868e+06,2.41868e+06,2.41868e+06,2.76873e+06,2.76873e+06,2.76873e+06,2906.11,2906.11,2906.11,3019.01,3019.01,3019.01,1.15519e+08,1.15519e+08,1.15519e+08,1.50531,1.50531,1.50531,2.4818,2.4818,2.4818
575,7.23178e+06,7.23178e+06,7.23178e+06,1975.17,1975.17,1975.17,2180.22,2180.22,2180.22,2.41866e+06,2.41866e+06,2.41866e+06,2.76869e+06,2.76869e+06,2.76869e+06,2898.66,2898.66,2898.66,3011.29,3011.29,3011.29,1.15513e+08,1.15513e+08,1.15513e+08,1.50141,1.50141,1.50141,2.47535,2.47535,2.47535
576,7.23165e+06,7.23165e+06,7.23165e+06,1970.28,1970.28,1970.28,2174.87,2174.87,2174.87,2.41863e+06,2.41863e+06,2.41863e+06,2.76865e+06,2.76865e+06,2.76865e+06,2891.51,2891.51,2891.51,3003.91,3003.91,3003.91,1.15508e+08,1.15508e+08,1.15508e+08,1.49762,1.49762,1.49762,2.46914,2.46914,2.46914
577,7.23156e+06,7.23156e+06,7.23156e+06,1965.68,1965.68,1965.68,2169.87,2169.87,2169.87,2.4186e+06,2.4186e+06,2.4186e+06,2.76861e+06,2.76861e+06,2.76861e+06,2884.76,2884.76,2884.76,2997,2997,2997,1.15502e+08,1.15502e+08,1.15502e+08,1.49402,1.49402,1.49402,2.46326,2.46326,2.46326
578,7.23151e+06,7.23151e+06,7.23151e+06,1961.45,1961.45,1961.45,2165.29,2165.29,2165.29,2.41856e+06,2.41856e+06,2.41856e+06,2.76856e+06,2.76856e+06,2.76856e+06,2878.53,2878.53,2878.53,2990.67,2990.67,2990.67,1.15497e+08,1.15497e+08,1.15497e+08,1.49066,1.49066,1.49066,2.45782,2.45782,2.45782
579,7.2315e+06,7.2315e+06,7.2315e+06,1957.65,1957.65,1957.65,2161.21,2161.21,2161.21,2.41853e+06,2.41853e+06,2.41853e+06,2.76852e+06,2.76852e+06,2.76852e+06,2872.93,2872.93,2872.93,2985.03,2985.03,2985.03,1.15491e+08,1.15491e+08,1.15491e+08,1.4876,1.4876,1.4876,2.4529,2.4529,2.4529
580,7.23151e+06,7.23151e+06,7.23151e+06,1954.34,1954.34,1954.34,2157.7,2157.7,2157.7,2.41849e+06,2.41849e+06,2.41849e+06,2.76847e+06,2.76847e+06,2.76847e+06,2868.06,2868.06,2868.06,2980.16,2980.16,2980.16,1.15485e+08,1.15485e+08,1.15485e+08,1.48489,1.48489,1.48489,2.44859,2.44859,2.44859
581,7.23154e+06,7.23154e+06,7.23154e+06,1951.58,1951.58,1951.58,2154.81,2154.81,2154.81,2.41845e+06,2.41845e+06,2.41845e+06,2.76842e+06,2.76842e+06,2.76842e+06,2863.99,2863.99,2863.99,2976.14,2976.14,2976.14,1.15479e+08,1.15479e+08,1.15479e+08,1.48258,1.48258,1.48258,2.44494,2.44494,2.44494
582,7.23159e+06,7.23159e+06,7.23159e+06,1949.43,1949.43,1949.43,2152.59,2152.59,2152.59,2.41841e+06,2.41841e+06,2.41841e+06,2.76838e+06,2.76838e+06,2.76838e+06,2860.79,2860.79,2860.79,2973.05,2973.05,2973.05,1.15473e+08,1.15473e+08,1.15473e+08,1.4807,1.4807,1.4807,2.44203,2.44203,2.44203
583,7.23165e+06,7.23165e+06,7.23165e+06,1947.91,1947.91,1947.91,2151.09,2151.09,2151.09,2.41837e+06,2.41837e+06,2.41837e+06,2.76833e+06,2.76833e+06,2.76833e+06,2858.53,2858.53,2858.53,2970.94,2970.94,2970.94,1.15467e+08,1.15467e+08,1.15467e+08,1.47929,1.47929,1.47929,2.4399,2.4399,2.4399
584,7.23172e+06,7.23172e+06,7.23172e+06,1947.05,1947.05,1947.05,2150.32,2150.32,2150.32,2.41833e+06,2.41833e+06,2.41833e+06,2.76828e+06,2.76828e+06,2.76828e+06,2857.24,2857.24,2857.24,2969.85,2969.85,2969.85,1.15461e+08,1.15461e+08,1.15461e+08,1.47838,1.47838,1.47838,2.4386,2.4386,2.4386
585,7.23178e+06,7.23178e+06,7.23178e+06,1946.89,1946.89,1946.89,2150.31,2150.31,2150.31,2.41829e+06,2.41829e+06,2.41829e+06,2.76822e+06,2.76822e+06,2.76822e+06,2856.96,2856.96,2856.96,2969.8,2969.8,2969.8,1.15455e+08,1.15455e+08,1.15455e+08,1.47798,1.47798,1.47798,2.43814,2.43814,2.43814
586,7.23183e+06,7.23183e+06,7.23183e+06,1947.42,1947.42,1947.42,2151.06,2151.06,2151.06,2.41824e+06,2.41824e+06,2.41824e+06,2.76817e+06,2.76817e+06,2.76817e+06,2857.71,2857.71,2857.71,2970.8,2970.8,2970.8,1.15448e+08,1.15448e+08,1.15448e+08,1.47811,1.47811,1.47811,2.43854,2.43854,2.43854
587,7.23187e+06,7.23187e+06,7.23187e+06,1948.66,1948.66,1948.66,2152.57,2152.57,2152.57,2.41819e+06,2.41819e+06,2.41819e+06,2.76812e+06,2.76812e+06,2.76812e+06,2859.49,2859.49,2859.49,2972.86,2972.86,2972.86,1.15442e+08,1.15442e+08,1.15442e+08,1.47877,1.47877,1.47877,2.43981,2.43981,2.43981
588,7.23188e+06,7.23188e+06,7.23188e+06,1950.58,1950.58,1950.58,2154.83,2154.83,2154.83,2.41815e+06,2.41815e+06,2.41815e+06,2.76807e+06,2.76807e+06,2.76807e+06,2862.28,2862.28,2862.28,2975.95,2975.95,2975.95,1.15436e+08,1.15436e+08,1.15436e+08,1.47996,1.47996,1.47996,2.44194,2.44194,2.44194
589,7.23186e+06,7.23186e+06,7.23186e+06,1953.17,1953.17,1953.17,2157.81,2157.81,2157.81,2.4181e+06,2.4181e+06,2.4181e+06,2.76801e+06,2.76801e+06,2.76801e+06,2866.06,2866.06,2866.06,2980.04,2980.04,2980.04,1.1543e+08,1.1543e+08,1.1543e+08,1.48167,1.48167,1.48167,2.4449,2.4449,2.4449
590,7.23181e+06,7.23181e+06,7.23181e+06,1956.4,1956.4,1956.4,2161.48,2161.48,2161.48,2.41805e+06,2.41805e+06,2.41805e+06,2.76796e+06,2.76796e+06,2.76796e+06,2870.78,2870.78,2870.78,2985.09,2985.09,2985.09,1.15423e+08,1.15423e+08,1.15423e+08,1.48387,1.48387,1.48387,2.44866,2.44866,2.44866
591,7.23171e+06,7.23171e+06,7.23171e+06,1960.24,1960.24,1960.24,2165.78,2165.78,2165.78,2.41801e+06,2.41801e+06,2.41801e+06,2.76791e+06,2.76791e+06,2.76791e+06,2876.4,2876.4,2876.4,2991.02,2991.02,2991.02,1.15417e+08,1.15417e+08,1.15417e+08,1.48655,1.48655,1.48655,2.45317,2.45317,2.45317
592,7.23157e+06,7.23157e+06,7.23157e+06,1964.64,1964.64,1964.64,2170.67,2170.67,2170.67,2.41796e+06,2.41796e+06,2.41796e+06,2.76785e+06,2.76785e+06,2.76785e+06,2882.85,2882.85,2882.85,2997.77,2997.77,2997.77,1.15411e+08,1.15411e+08,1.15411e+08,1.48968,1.48968,1.48968,2.45839,2.45839,2.45839
593,7.23137e+06,7.23137e+06,7.23137e+06,1969.53,1969.53,1969.53,2176.09,2176.09,2176.09,2.41791e+06,2.41791e+06,2.41791e+06,2.7678e+06,2.7678e+06,2.7678e+06,2890.04,2890.04,2890.04,3005.26,3005.26,3005.26,1.15405e+08,1.15405e+08,1.15405e+08,1.49321,1.49321,1.49321,2.46424,2.46424,2.46424
594,7.23112e+06,7.23112e+06,7.23112e+06,1974.87,1974.87,1974.87,2181.96,2181.96,2181.96,2.41786e+06,2.41786e+06,2.41786e+06,2.76775e+06,2.76775e+06,2.76775e+06,2897.89,2897.89,2897.89,3013.38,3013.38,3013.38,1.15398e+08,1.15398e+08,1.15398e+08,1.4971,1.4971,1.4971,2.47065,2.47065,2.47065
595,7.2308e+06,7.2308e+06,7.2308e+06,1980.58,1980.58,1980.58,2188.2,2188.2,2188.2,2.41781e+06,2.41781e+06,2.41781e+06,2.76769e+06,2.76769e+06,2.76769e+06,2906.3,2906.3,2906.3,3022.03,3022.03,3022.03,1.15392e+08,1.15392e+08,1.15392e+08,1.50131,1.50131,1.50131,2.47753,2.47753,2.47753
596,7.23043e+06,7.23043e+06,7.23043e+06,1986.58,1986.58,1986.58,2194.73,2194.73,2194.73,2.41777e+06,2.41777e+06,2.41777e+06,2.76764e+06,2.76764e+06,2.76764e+06,2915.15,2915.15,2915.15,3031.08,3031.08,3031.08,1.15386e+08,1.15386e+08,1.15386e+08,1.50577,1.50577,1.50577,2.4848,2.4848,2.4848
597,7.22999e+06,7.22999e+06,7.22999e+06,1992.8,1992.8,1992.8,2201.45,2201.45,2201.45,2.41772e+06,2.41772e+06,2.41772e+06,2.76759e+06,2.76759e+06,2.76759e+06,2924.32,2924.32,2924.32,3040.42,3040.42,3040.42,1.1538e+08,1.1538e+08,1.1538e+08,1.51043,1.51043,1.51043,2.49234,2.49234,2.49234
598,7.22948e+06,7.22948e+06,7.22948e+06,1999.14,1999.14,1999.14,2208.28,2208.28,2208.28,2.41768e+06,2.41768e+06,2.41768e+06,2.76754e+06,2.76754e+06,2.76754e+06,2933.69,2933.69,2933.69,3049.91,3049.91,3049.91,1.15374e+08,1.15374e+08,1.15374e+08,1.51522,1.51522,1.51522,2.50006,2.50006,2.50006
599,7.2289e+06,7.2289e+06,7.2289e+06,2005.52,2005.52,2005.52,2215.11,2215.11,2215.11,2.41763e+06,2.41763e+06,2.41763e+06,2.76749e+06,2.76749e+06,2.76749e+06,2943.13,2943.13,2943.13,3059.42,3059.42,3059.42,1.15368e+08,1.15368e+08,1.15368e+08,1.52007,1.52007,1.52007,2.50785,2.50785,2.50785
600,7.22826e+06,7.22826e+06,7.22826e+06,2011.84,2011.84,2011.84,2221.85,2221.85,2221.85,2.41759e+06,2.41759e+06,2.41759e+06,2.76744e+06,2.76744e+06,2.76744e+06,2952.5,2952.5,2952.5,3068.81,3068.81,3068.81,1.15362e+08,1.15362e+08,1.15362e+08,1.52492,1.52492,1.52492,2.51559,2.51559,2.51559
601,7.22756e+06,7.22756e+06,7.22756e+06,2018.01,2018.01,2018.01,2228.38,2228.38,2228.38,2.41755e+06,2.41755e+06,2.41755e+06,2.76739e+06,2.76739e+06,2.76739e+06,2961.67,2961.67,2961.67,3077.94,3077.94,3077.94,1.15357e+08,1.15357e+08,1.15357e+08,1.5297,1.5297,1.5297,2.52316,2.52316,2.52316
602,7.22679e+06,7.22679e+06,7.22679e+06,2023.95,2023.95,2023.95,2234.62,2234.62,2234.62,2.41751e+06,2.41751e+06,2.41751e+06,2.76734e+06,2.76734e+06,2.76734e+06,2970.49,2970.49,2970.49,3086.68,3086.68,3086.68,1.15351e+08,1.15351e+08,1.15351e+08,1.53434,1.53434,1.53434,2.53047,2.53047,2.53047
603,7.22597e+06,7.22597e+06,7.22597e+06,2029.56,2029.56,2029.56,2240.47,2240.47,2240.47,2.41747e+06,2.41747e+06,2.41747e+06,2.76729e+06,2.76729e+06,2.76729e+06,2978.85,2978.85,2978.85,3094.88,3094.88,3094.88,1.15345e+08,1.15345e+08,1.15345e+08,1.53877,1.53877,1.53877,2.53739,2.53739,2.53739
604,7.22509e+06,7.22509e+06,7.22509e+06,2034.75,2034.75,2034.75,2245.83,2245.83,2245.83,2.41743e+06,2.41743e+06,2.41743e+06,2.76724e+06,2.76724e+06,2.76724e+06,2986.61,2986.61,2986.61,3102.43,3102.43,3102.43,1.1534e+08,1.1534e+08,1.1534e+08,1.54291,1.54291,1.54291,2.54382,2.54382,2.54382
605,7.22416e+06,7.22416e+06,7.22416e+06,2039.44,2039.44,2039.44,2250.62,2250.62,2250.62,2.41739e+06,2.41739e+06,2.41739e+06,2.76719e+06,2.76719e+06,2.76719e+06,2993.66,2993.66,2993.66,3109.19,3109.19,3109.19,1.15334e+08,1.15334e+08,1.15334e+08,1.54672,1.54672,1.54672,2.54965,2.54965,2.54965
606,7.22318e+06,7.22318e+06,7.22318e+06,2043.57,2043.57,2043.57,2254.77,2254.77,2254.77,2.41736e+06,2.41736e+06,2.41736e+06,2.76714e+06,2.76714e+06,2.76714e+06,2999.87,2999.87,2999.87,3115.08,3115.08,3115.08,1.15329e+08,1.15329e+08,1.15329e+08,1.55012,1.55012,1.55012,2.5548,2.5548,2.5548
607,7.22217e+06,7.22217e+06,7.22217e+06,2047.05,2047.05,2047.05,2258.19,2258.19,2258.19,2.41732e+06,2.41732e+06,2.41732e+06,2.76709e+06,2.76709e+06,2.76709e+06,3005.15,3005.15,3005.15,3119.98,3119.98,3119.98,1.15323e+08,1.15323e+08,1.15323e+08,1.55306,1.55306,1.55306,2.55917,2.55917,2.55917
608,7.22113e+06,7.22113e+06,7.22113e+06,2049.84,2049.84,2049.84,2260.84,2260.84,2260.84,2.41729e+06,2.41729e+06,2.41729e+06,2.76704e+06,2.76704e+06,2.76704e+06,3009.42,3009.42,3009.42,3123.81,3123.81,3123.81,1.15318e+08,1.15318e+08,1.15318e+08,1.5555,1.5555,1.5555,2.5627,2.5627,2.5627
609,7.22007e+06,7.22007e+06,7.22007e+06,2051.88,2051.88,2051.88,2262.66,2262.66,2262.66,2.41726e+06,2.41726e+06,2.41726e+06,2.76699e+06,2.76699e+06,2.76699e+06,3012.59,3012.59,3012.59,3126.5,3126.5,3126.5,1.15312e+08,1.15312e+08,1.15312e+08,1.55739,1.55739,1.55739,2.56532,2.56532,2.56532
610,7.21898e+06,7.21898e+06,7.21898e+06,2053.14,2053.14,2053.14,2263.62,2263.62,2263.62,2.41722e+06,2.41722e+06,2.41722e+06,2.76694e+06,2.76694e+06,2.76694e+06,3014.62,3014.62,3014.62,3128.01,3128.01,3128.01,1.15307e+08,1.15307e+08,1.15307e+08,1.5587,1.5587,1.5587,2.56699,2.56699,2.56699
611,7.2179e+06,7.2179e+06,7.2179e+06,2053.58,2053.58,2053.58,2263.7,2263.7,2263.7,2.41719e+06,2.41719e+06,2.41719e+06,2.76688e+06,2.76688e+06,2.76688e+06,3015.47,3015.47,3015.47,3128.3,3128.3,3128.3,1.15301e+08,1.15301e+08,1.15301e+08,1.5594,1.5594,1.5594,2.56767,2.56767,2.56767
612,7.21681e+06,7.21681e+06,7.21681e+06,2053.21,2053.21,2053.21,2262.88,2262.88,2262.88,2.41716e+06,2.41716e+06,2.41716e+06,2.76683e+06,2.76683e+06,2.76683e+06,3015.1,3015.1,3015.1,3127.36,3127.36,3127.36,1.15296e+08,1.15296e+08,1.15296e+08,1.55949,1.55949,1.55949,2.56733,2.56733,2.56733
613,7.21573e+06,7.21573e+06,7.21573e+06,2052.01,2052.01,2052.01,2261.17,2261.17,2261.17,2.41713e+06,2.41713e+06,2.41713e+06,2.76678e+06,2.76678e+06,2.76678e+06,3013.52,3013.52,3013.52,3125.18,3125.18,3125.18,1.15291e+08,1.15291e+08,1.15291e+08,1.55894,1.55894,1.55894,2.56599,2.56599,2.56599
614,7.21466e+06,7.21466e+06,7.21466e+06,2050,2050,2050,2258.59,2258.59,2258.59,2.4171e+06,2.4171e+06,2.4171e+06,2.76672e+06,2.76672e+06,2.76672e+06,3010.74,3010.74,3010.74,3121.79,3121.79,3121.79,1.15285e+08,1.15285e+08,1.15285e+08,1.55778,1.55778,1.55778,2.56364,2.56364,2.56364
615,7.21362e+06,7.21362e+06,7.21362e+06,2047.19,2047.19,2047.19,2255.17,2255.17,2255.17,2.41707e+06,2.41707e+06,2.41707e+06,2.76666e+06,2.76666e+06,2.76666e+06,3006.8,3006.8,3006.8,3117.24,3117.24,3117.24,1.1528e+08,1.1528e+08,1.1528e+08,1.556,1.556,1.556,2.56032,2.56032,2.56032
616,7.21261e+06,7.21261e+06,7.21261e+06,2043.64,2043.64,2043.64,2250.95,2250.95,2250.95,2.41703e+06,2.41703e+06,2.41703e+06,2.7666e+06,2.7666e+06,2.7666e+06,3001.75,3001.75,3001.75,3111.59,3111.59,3111.59,1.15275e+08,1.15275e+08,1.15275e+08,1.55364,1.55364,1.55364,2.55606,2.55606,2.55606
617,7.21164e+06,7.21164e+06,7.21164e+06,2039.38,2039.38,2039.38,2245.99,2245.99,2245.99,2.417e+06,2.417e+06,2.417e+06,2.76654e+06,2.76654e+06,2.76654e+06,2995.66,2995.66,2995.66,3104.9,3104.9,3104.9,1.15269e+08,1.15269e+08,1.15269e+08,1.55072,1.55072,1.55072,2.55093,2.55093,2.55093
618,7.21072e+06,7.21072e+06,7.21072e+06,2034.48,2034.48,2034.48,2240.36,2240.36,2240.36,2.41697e+06,2.41697e+06,2.41697e+06,2.76648e+06,2.76648e+06,2.76648e+06,2988.6,2988.6,2988.6,3097.28,3097.28,3097.28,1.15264e+08,1.15264e+08,1.15264e+08,1.54728,1.54728,1.54728,2.545,2.545,2.545
619,7.20984e+06,7.20984e+06,7.20984e+06,2028.99,2028.99,2028.99,2234.14,2234.14,2234.14,2.41693e+06,2.41693e+06,2.41693e+06,2.76641e+06,2.76641e+06,2.76641e+06,2980.69,2980.69,2980.69,3088.82,3088.82,3088.82,1.15258e+08,1.15258e+08,1.15258e+08,1.54338,1.54338,1.54338,2.53834,2.53834,2.53834
620,7.20902e+06,7.20902e+06,7.20902e+06,2023.01,2023.01,2023.01,2227.41,2227.41,2227.41,2.4169e+06,2.4169e+06,2.4169e+06,2.76635e+06,2.76635e+06,2.76635e+06,2972.02,2972.02,2972.02,3079.66,3079.66,3079.66,1.15252e+08,1.15252e+08,1.15252e+08,1.53906,1.53906,1.53906,2.53106,2.53106,2.53106
621,7.20825e+06,7.20825e+06,7.20825e+06,2016.6,2016.6,2016.6,2220.27,2220.27,2220.27,2.41686e+06,2.41686e+06,2.41686e+06,2.76628e+06,2.76628e+06,2.76628e+06,2962.72,2962.72,2962.72,3069.9,3069.9,3069.9,1.15247e+08,1.15247e+08,1.15247e+08,1.53438,1.53438,1.53438,2.52324,2.52324,2.52324
622,7.20755e+06,7.20755e+06,7.20755e+06,2009.86,2009.86,2009.86,2212.8,2212.8,2212.8,2.41682e+06,2.41682e+06,2.41682e+06,2.7662e+06,2.7662e+06,2.7662e+06,2952.92,2952.92,2952.92,3059.69,3059.69,3059.69,1.15241e+08,1.15241e+08,1.15241e+08,1.52942,1.52942,1.52942,2.515,2.515,2.515
623,7.20692e+06,7.20692e+06,7.20692e+06,2002.88,2002.88,2002.88,2205.12,2205.12,2205.12,2.41678e+06,2.41678e+06,2.41678e+06,2.76613e+06,2.76613e+06,2.76613e+06,2942.76,2942.76,2942.76,3049.17,3049.17,3049.17,1.15235e+08,1.15235e+08,1.15235e+08,1.52423,1.52423,1.52423,2.50645,2.50645,2.50645
624,7.20634e+06,7.20634e+06,7.20634e+06,1995.75,1995.75,1995.75,2197.33,2197.33,2197.33,2.41673e+06,2.41673e+06,2.41673e+06,2.76606e+06,2.76606e+06,2.76606e+06,2932.37,2932.37,2932.37,3038.49,3038.49,3038.49,1.1523e+08,1.1523e+08,1.1523e+08,1.51889,1.51889,1.51889,2.4977,2.4977,2.4977
625,7.20584e+06,7.20584e+06,7.20584e+06,1988.58,1988.58,1988.58,2189.53,2189.53,2189.53,2.41669e+06,2.41669e+06,2.41669e+06,2.76598e+06,2.76598e+06,2.76598e+06,2921.89,2921.89,2921.89,3027.77,3027.77,3027.77,1.15224e+08,1.15224e+08,1.15224e+08,1.51348,1.51348,1.51348,2.48889,2.48889,2.48889
626,7.2054e+06,7.2054e+06,7.2054e+06,1981.45,1981.45,1981.45,2181.83,2181.83,2181.83,2.41664e+06,2.41664e+06,2.41664e+06,2.7659e+06,2.7659e+06,2.7659e+06,2911.47,2911.47,2911.47,3017.18,3017.18,3017.18,1.15218e+08,1.15218e+08,1.15218e+08,1.50805,1.50805,1.50805,2.48011,2.48011,2.48011
627,7.20502e+06,7.20502e+06,7.20502e+06,1974.46,1974.46,1974.46,2174.32,2174.32,2174.32,2.41659e+06,2.41659e+06,2.41659e+06,2.76582e+06,2.76582e+06,2.76582e+06,2901.23,2901.23,2901.23,3006.84,3006.84,3006.84,1.15212e+08,1.15212e+08,1.15212e+08,1.5027,1.5027,1.5027,2.4715,2.4715,2.4715
628,7.20471e+06,7.20471e+06,7.20471e+06,1967.7,1967.7,1967.7,2167.1,2167.1,2167.1,2.41654e+06,2.41654e+06,2.41654e+06,2.76573e+06,2.76573e+06,2.76573e+06,2891.32,2891.32,2891.32,2996.89,2996.89,2996.89,1.15206e+08,1.15206e+08,1.15206e+08,1.49748,1.49748,1.49748,2.46315,2.46315,2.46315
629,7.20445e+06,7.20445e+06,7.20445e+06,1961.25,1961.25,1961.25,2160.26,2160.26,2160.26,2.41648e+06,2.41648e+06,2.41648e+06,2.76565e+06,2.76565e+06,2.76565e+06,2881.85,2881.85,2881.85,2987.45,2987.45,2987.45,1.152e+08,1.152e+08,1.152e+08,1.49246,1.49246,1.49246,2.45518,2.45518,2.45518
630,7.20425e+06,7.20425e+06,7.20425e+06,1955.19,1955.19,1955.19,2153.88,2153.88,2153.88,2.41642e+06,2.41642e+06,2.41642e+06,2.76556e+06,2.76556e+06,2.76556e+06,2872.94,2872.94,2872.94,2978.63,2978.63,2978.63,1.15194e+08,1.15194e+08,1.15194e+08,1.4877,1.4877,1.4877,2.44767,2.44767,2.44767
631,7.20409e+06,7.20409e+06,7.20409e+06,1949.59,1949.59,1949.59,2148.04,2148.04,2148.04,2.41636e+06,2.41636e+06,2.41636e+06,2.76547e+06,2.76547e+06,2.76547e+06,2864.7,2864.7,2864.7,2970.55,2970.55,2970.55,1.15188e+08,1.15188e+08,1.15188e+08,1.48327,1.48327,1.48327,2.44073,2.44073,2.44073
632,7.20399e+06,7.20399e+06,7.20399e+06,1944.51,1944.51,1944.51,2142.79,2142.79,2142.79,2.4163e+06,2.4163e+06,2.4163e+06,2.76538e+06,2.76538e+06,2.76538e+06,2857.23,2857.23,2857.23,2963.29,2963.29,2963.29,1.15182e+08,1.15182e+08,1.15182e+08,1.4792,1.4792,1.4792,2.43444,2.43444,2.43444
633,7.20392e+06,7.20392e+06,7.20392e+06,1940.02,1940.02,1940.02,2138.22,2138.22,2138.22,2.41623e+06,2.41623e+06,2.41623e+06,2.76529e+06,2.76529e+06,2.76529e+06,2850.6,2850.6,2850.6,2956.94,2956.94,2956.94,1.15176e+08,1.15176e+08,1.15176e+08,1.47556,1.47556,1.47556,2.42885,2.42885,2.42885
634,7.20388e+06,7.20388e+06,7.20388e+06,1936.17,1936.17,1936.17,2134.35,2134.35,2134.35,2.41617e+06,2.41617e+06,2.41617e+06,2.7652e+06,2.7652e+06,2.7652e+06,2844.9,2844.9,2844.9,2951.57,2951.57,2951.57,1.1517e+08,1.1517e+08,1.1517e+08,1.47238,1.47238,1.47238,2.42404,2.42404,2.42404
635,7.20387e+06,7.20387e+06,7.20387e+06,1932.98,1932.98,1932.98,2131.23,2131.23,2131.23,2.4161e+06,2.4161e+06,2.4161e+06,2.76511e+06,2.76511e+06,2.76511e+06,2840.18,2840.18,2840.18,2947.22,2947.22,2947.22,1.15164e+08,1.15164e+08,1.15164e+08,1.46969,1.46969,1.46969,2.42006,2.42006,2.42006
636,7.20388e+06,7.20388e+06,7.20388e+06,1930.5,1930.5,1930.5,2128.89,2128.89,2128.89,2.41602e+06,2.41602e+06,2.41602e+06,2.76501e+06,2.76501e+06,2.76501e+06,2836.49,2836.49,2836.49,2943.95,2943.95,2943.95,1.15158e+08,1.15158e+08,1.15158e+08,1.46752,1.46752,1.46752,2.41695,2.41695,2.41695
637,7.2039e+06,7.2039e+06,7.2039e+06,1928.74,1928.74,1928.74,2127.34,2127.34,2127.34,2.41595e+06,2.41595e+06,2.41595e+06,2.76492e+06,2.76492e+06,2.76492e+06,2833.86,2833.86,2833.86,2941.77,2941.77,2941.77,1.15152e+08,1.15152e+08,1.15152e+08,1.4659,1.4659,1.4659,2.41472,2.41472,2.41472
638,7.20393e+06,7.20393e+06,7.20393e+06,1927.72,1927.72,1927.72,2126.6,2126.6,2126.6,2.41588e+06,2.41588e+06,2.41588e+06,2.76482e+06,2.76482e+06,2.76482e+06,2832.3,2832.3,2832.3,2940.7,2940.7,2940.7,1.15146e+08,1.15146e+08,1.15146e+08,1.46482,1.46482,1.46482,2.4134,2.4134,2.4134
639,7.20395e+06,7.20395e+06,7.20395e+06,1927.43,1927.43,1927.43,2126.66,2126.66,2126.66,2.4158e+06,2.4158e+06,2.4158e+06,2.76473e+06,2.76473e+06,2.76473e+06,2831.83,2831.83,2831.83,2940.74,2940.74,2940.74,1.1514e+08,1.1514e+08,1.1514e+08,1.46431,1.46431,1.46431,2.413,2.413,2.413
640,7.20396e+06,7.20396e+06,7.20396e+06,1927.87,1927.87,1927.87,2127.51,2127.51,2127.51,2.41572e+06,2.41572e+06,2.41572e+06,2.76463e+06,2.76463e+06,2.76463e+06,2832.42,2832.42,2832.42,2941.86,2941.86,2941.86,1.15134e+08,1.15134e+08,1.15134e+08,1.46435,1.46435,1.46435,2.41349,2.41349,2.41349
641,7.20396e+06,7.20396e+06,7.20396e+06,1929.01,1929.01,1929.01,2129.11,2129.11,2129.11,2.41564e+06,2.41564e+06,2.41564e+06,2.76453e+06,2.76453e+06,2.76453e+06,2834.06,2834.06,2834.06,2944.04,2944.04,2944.04,1.15128e+08,1.15128e+08,1.15128e+08,1.46494,1.46494,1.46494,2.41486,2.41486,2.41486
642,7.20394e+06,7.20394e+06,7.20394e+06,1930.84,1930.84,1930.84,2131.45,2131.45,2131.45,2.41556e+06,2.41556e+06,2.41556e+06,2.76444e+06,2.76444e+06,2.76444e+06,2836.69,2836.69,2836.69,2947.23,2947.23,2947.23,1.15123e+08,1.15123e+08,1.15123e+08,1.46605,1.46605,1.46605,2.41708,2.41708,2.41708
643,7.20388e+06,7.20388e+06,7.20388e+06,1933.3,1933.3,1933.3,2134.46,2134.46,2134.46,2.41548e+06,2.41548e+06,2.41548e+06,2.76434e+06,2.76434e+06,2.76434e+06,2840.28,2840.28,2840.28,2951.37,2951.37,2951.37,1.15117e+08,1.15117e+08,1.15117e+08,1.46767,1.46767,1.46767,2.42011,2.42011,2.42011
644,7.20379e+06,7.20379e+06,7.20379e+06,1936.37,1936.37,1936.37,2138.11,2138.11,2138.11,2.4154e+06,2.4154e+06,2.4154e+06,2.76425e+06,2.76425e+06,2.76425e+06,2844.76,2844.76,2844.76,2956.38,2956.38,2956.38,1.15111e+08,1.15111e+08,1.15111e+08,1.46977,1.46977,1.46977,2.42388,2.42388,2.42388
645,7.20366e+06,7.20366e+06,7.20366e+06,1939.98,1939.98,1939.98,2142.33,2142.33,2142.33,2.41531e+06,2.41531e+06,2.41531e+06,2.76415e+06,2.76415e+06,2.76415e+06,2850.04,2850.04,2850.04,2962.19,2962.19,2962.19,1.15106e+08,1.15106e+08,1.15106e+08,1.4723,1.4723,1.4723,2.42833,2.42833,2.42833
646,7.20349e+06,7.20349e+06,7.20349e+06,1944.08,1944.08,1944.08,2147.05,2147.05,2147.05,2.41523e+06,2.41523e+06,2.41523e+06,2.76406e+06,2.76406e+06,2.76406e+06,2856.04,2856.04,2856.04,2968.69,2968.69,2968.69,1.15101e+08,1.15101e+08,1.15101e+08,1.47523,1.47523,1.47523,2.4334,2.4334,2.4334
647,7.20327e+06,7.20327e+06,7.20327e+06,1948.59,1948.59,1948.59,2152.19,2152.19,2152.19,2.41515e+06,2.41515e+06,2.41515e+06,2.76396e+06,2.76396e+06,2.76396e+06,2862.66,2862.66,2862.66,2975.79,2975.79,2975.79,1.15095e+08,1.15095e+08,1.15095e+08,1.4785,1.4785,1.4785,2.43899,2.43899,2.43899
648,7.20299e+06,7.20299e+06,7.20299e+06,1953.44,1953.44,1953.44,2157.66,2157.66,2157.66,2.41507e+06,2.41507e+06,2.41507e+06,2.76387e+06,2.76387e+06,2.76387e+06,2869.79,2869.79,2869.79,2983.37,2983.37,2983.37,1.1509e+08,1.1509e+08,1.1509e+08,1.48206,1.48206,1.48206,2.44502,2.44502,2.44502
649,7.20266e+06,7.20266e+06,7.20266e+06,1958.56,1958.56,1958.56,2163.39,2163.39,2163.39,2.41498e+06,2.41498e+06,2.41498e+06,2.76378e+06,2.76378e+06,2.76378e+06,2877.32,2877.32,2877.32,2991.3,2991.3,2991.3,1.15085e+08,1.15085e+08,1.15085e+08,1.48585,1.48585,1.48585,2.45139,2.45139,2.45139
650,7.20228e+06,7.20228e+06,7.20228e+06,1963.85,1963.85,1963.85,2169.27,2169.27,2169.27,2.4149e+06,2.4149e+06,2.4149e+06,2.76369e+06,2.76369e+06,2.76369e+06,2885.12,2885.12,2885.12,2999.45,2999.45,2999.45,1.1508e+08,1.1508e+08,1.1508e+08,1.48982,1.48982,1.48982,2.45799,2.45799,2.45799
651,7.20183e+06,7.20183e+06,7.20183e+06,1969.24,1969.24,1969.24,2175.22,2175.22,2175.22,2.41482e+06,2.41482e+06,2.41482e+06,2.7636e+06,2.7636e+06,2.7636e+06,2893.06,2893.06,2893.06,3007.71,3007.71,3007.71,1.15075e+08,1.15075e+08,1.15075e+08,1.49389,1.49389,1.49389,2.46473,2.46473,2.46473
652,7.20133e+06,7.20133e+06,7.20133e+06,1974.63,1974.63,1974.63,2181.13,2181.13,2181.13,2.41474e+06,2.41474e+06,2.41474e+06,2.7635e+06,2.7635e+06,2.7635e+06,2901.02,2901.02,2901.02,3015.92,3015.92,3015.92,1.1507e+08,1.1507e+08,1.1507e+08,1.498,1.498,1.498,2.47148,2.47148,2.47148
653,7.20078e+06,7.20078e+06,7.20078e+06,1979.92,1979.92,1979.92,2186.91,2186.91,2186.91,2.41466e+06,2.41466e+06,2.41466e+06,2.76341e+06,2.76341e+06,2.76341e+06,2908.87,2908.87,2908.87,3023.96,3023.96,3023.96,1.15065e+08,1.15065e+08,1.15065e+08,1.50208,1.50208,1.50208,2.47814,2.47814,2.47814
654,7.20017e+06,7.20017e+06,7.20017e+06,1985.05,1985.05,1985.05,2192.45,2192.45,2192.45,2.41458e+06,2.41458e+06,2.41458e+06,2.76333e+06,2.76333e+06,2.76333e+06,2916.46,2916.46,2916.46,3031.69,3031.69,3031.69,1.15061e+08,1.15061e+08,1.15061e+08,1.50606,1.50606,1.50606,2.4846,2.4846,2.4846
655,7.19951e+06,7.19951e+06,7.19951e+06,1989.9,1989.9,1989.9,2197.67,2197.67,2197.67,2.4145e+06,2.4145e+06,2.4145e+06,2.76324e+06,2.76324e+06,2.76324e+06,2923.67,2923.67,2923.67,3038.98,3038.98,3038.98,1.15056e+08,1.15056e+08,1.15056e+08,1.50988,1.50988,1.50988,2.49075,2.49075,2.49075
656,7.1988e+06,7.1988e+06,7.1988e+06,1994.41,1994.41,1994.41,2202.47,2202.47,2202.47,2.41443e+06,2.41443e+06,2.41443e+06,2.76315e+06,2.76315e+06,2.76315e+06,2930.38,2930.38,2930.38,3045.71,3045.71,3045.71,1.15052e+08,1.15052e+08,1.15052e+08,1.51346,1.51346,1.51346,2.49648,2.49648,2.49648
657,7.19804e+06,7.19804e+06,7.19804e+06,1998.49,1998.49,1998.49,2206.77,2206.77,2206.77,2.41435e+06,2.41435e+06,2.41435e+06,2.76306e+06,2.76306e+06,2.76306e+06,2936.46,2936.46,2936.46,3051.75,3051.75,3051.75,1.15047e+08,1.15047e+08,1.15047e+08,1.51676,1.51676,1.51676,2.5017,2.5017,2.5017
658,7.19725e+06,7.19725e+06,7.19725e+06,2002.06,2002.06,2002.06,2210.49,2210.49,2210.49,2.41427e+06,2.41427e+06,2.41427e+06,2.76297e+06,2.76297e+06,2.76297e+06,2941.82,2941.82,2941.82,3057,3057,3057,1.15043e+08,1.15043e+08,1.15043e+08,1.5197,1.5197,1.5197,2.5063,2.5063,2.5063
659,7.19643e+06,7.19643e+06,7.19643e+06,2005.06,2005.06,2005.06,2213.57,2213.57,2213.57,2.4142e+06,2.4142e+06,2.4142e+06,2.76289e+06,2.76289e+06,2.76289e+06,2946.34,2946.34,2946.34,3061.36,3061.36,3061.36,1.15038e+08,1.15038e+08,1.15038e+08,1.52223,1.52223,1.52223,2.51021,2.51021,2.51021
660,7.19558e+06,7.19558e+06,7.19558e+06,2007.43,2007.43,2007.43,2215.93,2215.93,2215.93,2.41413e+06,2.41413e+06,2.41413e+06,2.7628e+06,2.7628e+06,2.7628e+06,2949.94,2949.94,2949.94,3064.74,3064.74,3064.74,1.15034e+08,1.15034e+08,1.15034e+08,1.52431,1.52431,1.52431,2.51336,2.51336,2.51336
661,7.19471e+06,7.19471e+06,7.19471e+06,2009.13,2009.13,2009.13,2217.54,2217.54,2217.54,2.41405e+06,2.41405e+06,2.41405e+06,2.76271e+06,2.76271e+06,2.76271e+06,2952.55,2952.55,2952.55,3067.08,3067.08,3067.08,1.1503e+08,1.1503e+08,1.1503e+08,1.5259,1.5259,1.5259,2.51567,2.51567,2.51567
662,7.19383e+06,7.19383e+06,7.19383e+06,2010.1,2010.1,2010.1,2218.35,2218.35,2218.35,2.41398e+06,2.41398e+06,2.41398e+06,2.76262e+06,2.76262e+06,2.76262e+06,2954.11,2954.11,2954.11,3068.33,3068.33,3068.33,1.15026e+08,1.15026e+08,1.15026e+08,1.52695,1.52695,1.52695,2.5171,2.5171,2.5171
663,7.19294e+06,7.19294e+06,7.19294e+06,2010.33,2010.33,2010.33,2218.34,2218.34,2218.34,2.41391e+06,2.41391e+06,2.41391e+06,2.76253e+06,2.76253e+06,2.76253e+06,2954.58,2954.58,2954.58,3068.44,3068.44,3068.44,1.15022e+08,1.15022e+08,1.15022e+08,1.52745,1.52745,1.52745,2.51762,2.51762,2.51762
664,7.19205e+06,7.19205e+06,7.19205e+06,2009.8,2009.8,2009.8,2217.5,2217.5,2217.5,2.41384e+06,2.41384e+06,2.41384e+06,2.76245e+06,2.76245e+06,2.76245e+06,2953.93,2953.93,2953.93,3067.4,3067.4,3067.4,1.15018e+08,1.15018e+08,1.15018e+08,1.52738,1.52738,1.52738,2.5172,2.5172,2.5172
665,7.19118e+06,7.19118e+06,7.19118e+06,2008.51,2008.51,2008.51,2215.83,2215.83,2215.83,2.41377e+06,2.41377e+06,2.41377e+06,2.76236e+06,2.76236e+06,2.76236e+06,2952.15,2952.15,2952.15,3065.21,3065.21,3065.21,1.15014e+08,1.15014e+08,1.15014e+08,1.52672,1.52672,1.52672,2.51583,2.51583,2.51583
666,7.19032e+06,7.19032e+06,7.19032e+06,2006.46,2006.46,2006.46,2213.33,2213.33,2213.33,2.4137e+06,2.4137e+06,2.4137e+06,2.76227e+06,2.76227e+06,2.76227e+06,2949.25,2949.25,2949.25,3061.88,3061.88,3061.88,1.1501e+08,1.1501e+08,1.1501e+08,1.52549,1.52549,1.52549,2.51352,2.51352,2.51352
667,7.18948e+06,7.18948e+06,7.18948e+06,2003.67,2003.67,2003.67,2210.05,2210.05,2210.05,2.41362e+06,2.41362e+06,2.41362e+06,2.76217e+06,2.76217e+06,2.76217e+06,2945.27,2945.27,2945.27,3057.45,3057.45,3057.45,1.15006e+08,1.15006e+08,1.15006e+08,1.52368,1.52368,1.52368,2.51029,2.51029,2.51029
668,7.18868e+06,7.18868e+06,7.18868e+06,2000.18,2000.18,2000.18,2206.02,2206.02,2206.02,2.41355e+06,2.41355e+06,2.41355e+06,2.76208e+06,2.76208e+06,2.76208e+06,2940.25,2940.25,2940.25,3051.98,3051.98,3051.98,1.15002e+08,1.15002e+08,1.15002e+08,1.52133,1.52133,1.52133,2.50619,2.50619,2.50619
669,7.18791e+06,7.18791e+06,7.18791e+06,1996.03,1996.03,1996.03,2201.28,2201.28,2201.28,2.41348e+06,2.41348e+06,2.41348e+06,2.76199e+06,2.76199e+06,2.76199e+06,2934.25,2934.25,2934.25,3045.53,3045.53,3045.53,1.14998e+08,1.14998e+08,1.14998e+08,1.51846,1.51846,1.51846,2.50126,2.50126,2.50126
670,7.18719e+06,7.18719e+06,7.18719e+06,1991.27,1991.27,1991.27,2195.91,2195.91,2195.91,2.41341e+06,2.41341e+06,2.41341e+06,2.76189e+06,2.76189e+06,2.76189e+06,2927.34,2927.34,2927.34,3038.2,3038.2,3038.2,1.14995e+08,1.14995e+08,1.14995e+08,1.5151,1.5151,1.5151,2.49556,2.49556,2.49556
671,7.18652e+06,7.18652e+06,7.18652e+06,1985.96,1985.96,1985.96,2189.97,2189.97,2189.97,2.41333e+06,2.41333e+06,2.41333e+06,2.7618e+06,2.7618e+06,2.7618e+06,2919.63,2919.63,2919.63,3030.06,3030.06,3030.06,1.14991e+08,1.14991e+08,1.14991e+08,1.51129,1.51129,1.51129,2.48918,2.48918,2.48918
672,7.1859e+06,7.1859e+06,7.1859e+06,1980.18,1980.18,1980.18,2183.54,2183.54,2183.54,2.41326e+06,2.41326e+06,2.41326e+06,2.7617e+06,2.7617e+06,2.7617e+06,2911.2,2911.2,2911.2,3021.25,3021.25,3021.25,1.14987e+08,1.14987e+08,1.14987e+08,1.5071,1.5071,1.5071,2.48219,2.48219,2.48219
673,7.18534e+06,7.18534e+06,7.18534e+06,1974,1974,1974,2176.72,2176.72,2176.72,2.41318e+06,2.41318e+06,2.41318e+06,2.7616e+06,2.7616e+06,2.7616e+06,2902.18,2902.18,2902.18,3011.87,3011.87,3011.87,1.14983e+08,1.14983e+08,1.14983e+08,1.50257,1.50257,1.50257,2.4747,2.4747,2.4747
674,7.18484e+06,7.18484e+06,7.18484e+06,1967.5,1967.5,1967.5,2169.59,2169.59,2169.59,2.4131e+06,2.4131e+06,2.4131e+06,2.7615e+06,2.7615e+06,2.7615e+06,2892.68,2892.68,2892.68,3002.06,3002.06,3002.06,1.14979e+08,1.14979e+08,1.14979e+08,1.49777,1.49777,1.49777,2.4668,2.4668,2.4668
675,7.1844e+06,7.1844e+06,7.1844e+06,1960.78,1960.78,1960.78,2162.24,2162.24,2162.24,2.41302e+06,2.41302e+06,2.41302e+06,2.7614e+06,2.7614e+06,2.7614e+06,2882.83,2882.83,2882.83,2991.94,2991.94,2991.94,1.14975e+08,1.14975e+08,1.14975e+08,1.49275,1.49275,1.49275,2.45859,2.45859,2.45859
676,7.18402e+06,7.18402e+06,7.18402e+06,1953.92,1953.92,1953.92,2154.79,2154.79,2154.79,2.41294e+06,2.41294e+06,2.41294e+06,2.76129e+06,2.76129e+06,2.76129e+06,2872.77,2872.77,2872.77,2981.65,2981.65,2981.65,1.14971e+08,1.14971e+08,1.14971e+08,1.48759,1.48759,1.48759,2.4502,2.4502,2.4502
677,7.18371e+06,7.18371e+06,7.18371e+06,1947.01,1947.01,1947.01,2147.32,2147.32,2147.32,2.41286e+06,2.41286e+06,2.41286e+06,2.76119e+06,2.76119e+06,2.76119e+06,2862.63,2862.63,2862.63,2971.33,2971.33,2971.33,1.14967e+08,1.14967e+08,1.14967e+08,1.48236,1.48236,1.48236,2.44174,2.44174,2.44174
678,7.18346e+06,7.18346e+06,7.18346e+06,1940.15,1940.15,1940.15,2139.94,2139.94,2139.94,2.41277e+06,2.41277e+06,2.41277e+06,2.76108e+06,2.76108e+06,2.76108e+06,2852.53,2852.53,2852.53,2961.12,2961.12,2961.12,1.14963e+08,1.14963e+08,1.14963e+08,1.47712,1.47712,1.47712,2.4333,2.4333,2.4333
679,7.18328e+06,7.18328e+06,7.18328e+06,1933.42,1933.42,1933.42,2132.74,2132.74,2132.74,2.41269e+06,2.41269e+06,2.41269e+06,2.76097e+06,2.76097e+06,2.76097e+06,2842.62,2842.62,2842.62,2951.15,2951.15,2951.15,1.14959e+08,1.14959e+08,1.14959e+08,1.47195,1.47195,1.47195,2.42501,2.42501,2.42501
680,7.18316e+06,7.18316e+06,7.18316e+06,1926.9,1926.9,1926.9,2125.81,2125.81,2125.81,2.4126e+06,2.4126e+06,2.4126e+06,2.76086e+06,2.76086e+06,2.76086e+06,2833.02,2833.02,2833.02,2941.54,2941.54,2941.54,1.14955e+08,1.14955e+08,1.14955e+08,1.4669,1.4669,1.4669,2.41698,2.41698,2.41698
681,7.18309e+06,7.18309e+06,7.18309e+06,1920.69,1920.69,1920.69,2119.24,2119.24,2119.24,2.41251e+06,2.41251e+06,2.41251e+06,2.76075e+06,2.76075e+06,2.76075e+06,2823.84,2823.84,2823.84,2932.42,2932.42,2932.42,1.14951e+08,1.14951e+08,1.14951e+08,1.46205,1.46205,1.46205,2.4093,2.4093,2.4093
682,7.18308e+06,7.18308e+06,7.18308e+06,1914.85,1914.85,1914.85,2113.11,2113.11,2113.11,2.41241e+06,2.41241e+06,2.41241e+06,2.76064e+06,2.76064e+06,2.76064e+06,2815.21,2815.21,2815.21,2923.9,2923.9,2923.9,1.14946e+08,1.14946e+08,1.14946e+08,1.45746,1.45746,1.45746,2.40207,2.40207,2.40207
683,7.18311e+06,7.18311e+06,7.18311e+06,1909.46,1909.46,1909.46,2107.5,2107.5,2107.5,2.41232e+06,2.41232e+06,2.41232e+06,2.76052e+06,2.76052e+06,2.76052e+06,2807.23,2807.23,2807.23,2916.09,2916.09,2916.09,1.14942e+08,1.14942e+08,1.14942e+08,1.45317,1.45317,1.45317,2.39538,2.39538,2.39538
684,7.18319e+06,7.18319e+06,7.18319e+06,1904.58,1904.58,1904.58,2102.48,2102.48,2102.48,2.41222e+06,2.41222e+06,2.41222e+06,2.76041e+06,2.76041e+06,2.76041e+06,2799.99,2799.99,2799.99,2909.07,2909.07,2909.07,1.14938e+08,1.14938e+08,1.14938e+08,1.44924,1.44924,1.44924,2.38931,2.38931,2.38931
685,7.18331e+06,7.18331e+06,7.18331e+06,1900.26,1900.26,1900.26,2098.09,2098.09,2098.09,2.41212e+06,2.41212e+06,2.41212e+06,2.76029e+06,2.76029e+06,2.76029e+06,2793.57,2793.57,2793.57,2902.93,2902.93,2902.93,1.14934e+08,1.14934e+08,1.14934e+08,1.44572,1.44572,1.44572,2.38393,2.38393,2.38393
686,7.18346e+06,7.18346e+06,7.18346e+06,1896.57,1896.57,1896.57,2094.39,2094.39,2094.39,2.41202e+06,2.41202e+06,2.41202e+06,2.76018e+06,2.76018e+06,2.76018e+06,2788.05,2788.05,2788.05,2897.73,2897.73,2897.73,1.1493e+08,1.1493e+08,1.1493e+08,1.44265,1.44265,1.44265,2.3793,2.3793,2.3793
687,7.18364e+06,7.18364e+06,7.18364e+06,1893.52,1893.52,1893.52,2091.41,2091.41,2091.41,2.41192e+06,2.41192e+06,2.41192e+06,2.76006e+06,2.76006e+06,2.76006e+06,2783.49,2783.49,2783.49,2893.53,2893.53,2893.53,1.14926e+08,1.14926e+08,1.14926e+08,1.44006,1.44006,1.44006,2.37547,2.37547,2.37547
688,7.18384e+06,7.18384e+06,7.18384e+06,1891.16,1891.16,1891.16,2089.2,2089.2,2089.2,2.41181e+06,2.41181e+06,2.41181e+06,2.75994e+06,2.75994e+06,2.75994e+06,2779.93,2779.93,2779.93,2890.38,2890.38,2890.38,1.14922e+08,1.14922e+08,1.14922e+08,1.43798,1.43798,1.43798,2.37248,2.37248,2.37248
689,7.18405e+06,7.18405e+06,7.18405e+06,1889.5,1889.5,1889.5,2087.75,2087.75,2087.75,2.4117e+06,2.4117e+06,2.4117e+06,2.75982e+06,2.75982e+06,2.75982e+06,2777.41,2777.41,2777.41,2888.29,2888.29,2888.29,1.14917e+08,1.14917e+08,1.14917e+08,1.43642,1.43642,1.43642,2.37036,2.37036,2.37036
690,7.18426e+06,7.18426e+06,7.18426e+06,1888.56,1888.56,1888.56,2087.1,2087.1,2087.1,2.4116e+06,2.4116e+06,2.4116e+06,2.75971e+06,2.75971e+06,2.75971e+06,2775.93,2775.93,2775.93,2887.29,2887.29,2887.29,1.14913e+08,1.14913e+08,1.14913e+08,1.43541,1.43541,1.43541,2.36912,2.36912,2.36912
691,7.18448e+06,7.18448e+06,7.18448e+06,1888.34,1888.34,1888.34,2087.22,2087.22,2087.22,2.41149e+06,2.41149e+06,2.41149e+06,2.75959e+06,2.75959e+06,2.75959e+06,2775.52,2775.52,2775.52,2887.36,2887.36,2887.36,1.14909e+08,1.14909e+08,1.14909e+08,1.43494,1.43494,1.43494,2.36877,2.36877,2.36877
692,7.18468e+06,7.18468e+06,7.18468e+06,1888.84,1888.84,1888.84,2088.11,2088.11,2088.11,2.41138e+06,2.41138e+06,2.41138e+06,2.75947e+06,2.75947e+06,2.75947e+06,2776.14,2776.14,2776.14,2888.5,2888.5,2888.5,1.14905e+08,1.14905e+08,1.14905e+08,1.43502,1.43502,1.43502,2.36931,2.36931,2.36931
693,7.18487e+06,7.18487e+06,7.18487e+06,1890.02,1890.02,1890.02,2089.75,2089.75,2089.75,2.41127e+06,2.41127e+06,2.41127e+06,2.75935e+06,2.75935e+06,2.75935e+06,2777.8,2777.8,2777.8,2890.67,2890.67,2890.67,1.14901e+08,1.14901e+08,1.14901e+08,1.43563,1.43563,1.43563,2.3707,2.3707,2.3707
694,7.18504e+06,7.18504e+06,7.18504e+06,1891.88,1891.88,1891.88,2092.1,2092.1,2092.1,2.41115e+06,2.41115e+06,2.41115e+06,2.75923e+06,2.75923e+06,2.75923e+06,2780.43,2780.43,2780.43,2893.84,2893.84,2893.84,1.14898e+08,1.14898e+08,1.14898e+08,1.43675,1.43675,1.43675,2.37292,2.37292,2.37292
695,7.18518e+06,7.18518e+06,7.18518e+06,1894.36,1894.36,1894.36,2095.12,2095.12,2095.12,2.41104e+06,2.41104e+06,2.41104e+06,2.75912e+06,2.75912e+06,2.75912e+06,2784.01,2784.01,2784.01,2897.94,2897.94,2897.94,1.14894e+08,1.14894e+08,1.14894e+08,1.43838,1.43838,1.43838,2.37594,2.37594,2.37594
696,7.18528e+06,7.18528e+06,7.18528e+06,1897.44,1897.44,1897.44,2098.77,2098.77,2098.77,2.41093e+06,2.41093e+06,2.41093e+06,2.759e+06,2.759e+06,2.759e+06,2788.46,2788.46,2788.46,2902.9,2902.9,2902.9,1.1489e+08,1.1489e+08,1.1489e+08,1.44047,1.44047,1.44047,2.37969,2.37969,2.37969
697,7.18535e+06,7.18535e+06,7.18535e+06,1901.06,1901.06,1901.06,2102.98,2102.98,2102.98,2.41082e+06,2.41082e+06,2.41082e+06,2.75888e+06,2.75888e+06,2.75888e+06,2793.71,2793.71,2793.71,2908.65,2908.65,2908.65,1.14886e+08,1.14886e+08,1.14886e+08,1.443,1.443,1.443,2.38412,2.38412,2.38412
698,7.18537e+06,7.18537e+06,7.18537e+06,1905.16,1905.16,1905.16,2107.69,2107.69,2107.69,2.41071e+06,2.41071e+06,2.41071e+06,2.75877e+06,2.75877e+06,2.75877e+06,2799.67,2799.67,2799.67,2915.1,2915.1,2915.1,1.14883e+08,1.14883e+08,1.14883e+08,1.44592,1.44592,1.44592,2.38915,2.38915,2.38915
699,7.18535e+06,7.18535e+06,7.18535e+06,1909.68,1909.68,1909.68,2112.81,2112.81,2112.81,2.41059e+06,2.41059e+06,2.41059e+06,2.75866e+06,2.75866e+06,2.75866e+06,2806.25,2806.25,2806.25,2922.13,2922.13,2922.13,1.14879e+08,1.14879e+08,1.14879e+08,1.44918,1.44918,1.44918,2.39471,2.39471,2.39471
700,7.18528e+06,7.18528e+06,7.18528e+06,1914.54,1914.54,1914.54,2118.29,2118.29,2118.29,2.41048e+06,2.41048e+06,2.41048e+06,2.75854e+06,2.75854e+06,2.75854e+06,2813.35,2813.35,2813.35,2929.65,2929.65,2929.65,1.14876e+08,1.14876e+08,1.14876e+08,1.45273,1.45273,1.45273,2.40071,2.40071,2.40071
701,7.18515e+06,7.18515e+06,7.18515e+06,1919.67,1919.67,1919.67,2124.01,2124.01,2124.01,2.41037e+06,2.41037e+06,2.41037e+06,2.75843e+06,2.75843e+06,2.75843e+06,2820.85,2820.85,2820.85,2937.54,2937.54,2937.54,1.14872e+08,1.14872e+08,1.14872e+08,1.45651,1.45651,1.45651,2.40705,2.40705,2.40705
702,7.18496e+06,7.18496e+06,7.18496e+06,1924.98,1924.98,1924.98,2129.91,2129.91,2129.91,2.41026e+06,2.41026e+06,2.41026e+06,2.75832e+06,2.75832e+06,2.75832e+06,2828.64,2828.64,2828.64,2945.66,2945.66,2945.66,1.14869e+08,1.14869e+08,1.14869e+08,1.46048,1.46048,1.46048,2.41364,2.41364,2.41364
703,7.18473e+06,7.18473e+06,7.18473e+06,1930.4,1930.4,1930.4,2135.88,2135.88,2135.88,2.41015e+06,2.41015e+06,2.41015e+06,2.75821e+06,2.75821e+06,2.75821e+06,2836.59,2836.59,2836.59,2953.89,2953.89,2953.89,1.14866e+08,1.14866e+08,1.14866e+08,1.46456,1.46456,1.46456,2.42036,2.42036,2.42036
704,7.18443e+06,7.18443e+06,7.18443e+06,1935.83,1935.83,1935.83,2141.83,2141.83,2141.83,2.41004e+06,2.41004e+06,2.41004e+06,2.7581e+06,2.7581e+06,2.7581e+06,2844.57,2844.57,2844.57,2962.11,2962.11,2962.11,1.14863e+08,1.14863e+08,1.14863e+08,1.46868,1.46868,1.46868,2.42713,2.42713,2.42713
705,7.18408e+06,7.18408e+06,7.18408e+06,1941.2,1941.2,1941.2,2147.66,2147.66,2147.66,2.40993e+06,2.40993e+06,2.40993e+06,2.75799e+06,2.75799e+06,2.75799e+06,2852.46,2852.46,2852.46,2970.18,2970.18,2970.18,1.1486e+08,1.1486e+08,1.1486e+08,1.47279,1.47279,1.47279,2.43382,2.43382,2.43382
706,7.18368e+06,7.18368e+06,7.18368e+06,1946.4,1946.4,1946.4,2153.28,2153.28,2153.28,2.40983e+06,2.40983e+06,2.40983e+06,2.75788e+06,2.75788e+06,2.75788e+06,2860.13,2860.13,2860.13,2977.97,2977.97,2977.97,1.14857e+08,1.14857e+08,1.14857e+08,1.47681,1.47681,1.47681,2.44033,2.44033,2.44033
707,7.18322e+06,7.18322e+06,7.18322e+06,1951.36,1951.36,1951.36,2158.6,2158.6,2158.6,2.40972e+06,2.40972e+06,2.40972e+06,2.75778e+06,2.75778e+06,2.75778e+06,2867.45,2867.45,2867.45,2985.34,2985.34,2985.34,1.14854e+08,1.14854e+08,1.14854e+08,1.48069,1.48069,1.48069,2.44656,2.44656,2.44656
708,7.18272e+06,7.18272e+06,7.18272e+06,1956,1956,1956,2163.53,2163.53,2163.53,2.40962e+06,2.40962e+06,2.40962e+06,2.75767e+06,2.75767e+06,2.75767e+06,2874.3,2874.3,2874.3,2992.19,2992.19,2992.19,1.14851e+08,1.14851e+08,1.14851e+08,1.48435,1.48435,1.48435,2.45239,2.45239,2.45239
709,7.18217e+06,7.18217e+06,7.18217e+06,1960.23,1960.23,1960.23,2167.98,2167.98,2167.98,2.40952e+06,2.40952e+06,2.40952e+06,2.75756e+06,2.75756e+06,2.75756e+06,2880.56,2880.56,2880.56,2998.39,2998.39,2998.39,1.14848e+08,1.14848e+08,1.14848e+08,1.48774,1.48774,1.48774,2.45774,2.45774,2.45774
710,7.18159e+06,7.18159e+06,7.18159e+06,1963.98,1963.98,1963.98,2171.88,2171.88,2171.88,2.40942e+06,2.40942e+06,2.40942e+06,2.75746e+06,2.75746e+06,2.75746e+06,2886.13,2886.13,2886.13,3003.83,3003.83,3003.83,1.14846e+08,1.14846e+08,1.14846e+08,1.49079,1.49079,1.49079,2.46251,2.46251,2.46251
711,7.18097e+06,7.18097e+06,7.18097e+06,1967.19,1967.19,1967.19,2175.16,2175.16,2175.16,2.40932e+06,2.40932e+06,2.40932e+06,2.75736e+06,2.75736e+06,2.75736e+06,2890.91,2890.91,2890.91,3008.43,3008.43,3008.43,1.14843e+08,1.14843e+08,1.14843e+08,1.49345,1.49345,1.49345,2.46661,2.46661,2.46661
712,7.18032e+06,7.18032e+06,7.18032e+06,1969.79,1969.79,1969.79,2177.76,2177.76,2177.76,2.40922e+06,2.40922e+06,2.40922e+06,2.75725e+06,2.75725e+06,2.75725e+06,2894.8,2894.8,2894.8,3012.09,3012.09,3012.09,1.14841e+08,1.14841e+08,1.14841e+08,1.49569,1.49569,1.49569,2.46998,2.46998,2.46998
713,7.17966e+06,7.17966e+06,7.17966e+06,1971.75,1971.75,1971.75,2179.64,2179.64,2179.64,2.40912e+06,2.40912e+06,2.40912e+06,2.75715e+06,2.75715e+06,2.75715e+06,2897.75,2897.75,2897.75,3014.74,3014.74,3014.74,1.14838e+08,1.14838e+08,1.14838e+08,1.49744,1.49744,1.49744,2.47255,2.47255,2.47255
714,7.17898e+06,7.17898e+06,7.17898e+06,1973.01,1973.01,1973.01,2180.74,2180.74,2180.74,2.40902e+06,2.40902e+06,2.40902e+06,2.75704e+06,2.75704e+06,2.75704e+06,2899.68,2899.68,2899.68,3016.34,3016.34,3016.34,1.14836e+08,1.14836e+08,1.14836e+08,1.49869,1.49869,1.49869,2.47428,2.47428,2.47428
715,7.17829e+06,7.17829e+06,7.17829e+06,1973.55,1973.55,1973.55,2181.05,2181.05,2181.05,2.40893e+06,2.40893e+06,2.40893e+06,2.75694e+06,2.75694e+06,2.75694e+06,2900.56,2900.56,2900.56,3016.83,3016.83,3016.83,1.14833e+08,1.14833e+08,1.14833e+08,1.4994,1.4994,1.4994,2.47511,2.47511,2.47511
716,7.1776e+06,7.1776e+06,7.1776e+06,1973.36,1973.36,1973.36,2180.55,2180.55,2180.55,2.40883e+06,2.40883e+06,2.40883e+06,2.75684e+06,2.75684e+06,2.75684e+06,2900.35,2900.35,2900.35,3016.22,3016.22,3016.22,1.14831e+08,1.14831e+08,1.14831e+08,1.49956,1.49956,1.49956,2.47504,2.47504,2.47504
717,7.17692e+06,7.17692e+06,7.17692e+06,1972.42,1972.42,1972.42,2179.24,2179.24,2179.24,2.40874e+06,2.40874e+06,2.40874e+06,2.75673e+06,2.75673e+06,2.75673e+06,2899.05,2899.05,2899.05,3014.48,3014.48,3014.48,1.14829e+08,1.14829e+08,1.14829e+08,1.49915,1.49915,1.49915,2.47405,2.47405,2.47405
718,7.17626e+06,7.17626e+06,7.17626e+06,1970.75,1970.75,1970.75,2177.13,2177.13,2177.13,2.40864e+06,2.40864e+06,2.40864e+06,2.75663e+06,2.75663e+06,2.75663e+06,2896.67,2896.67,2896.67,3011.63,3011.63,3011.63,1.14826e+08,1.14826e+08,1.14826e+08,1.49819,1.49819,1.49819,2.47214,2.47214,2.47214
719,7.17561e+06,7.17561e+06,7.17561e+06,1968.36,1968.36,1968.36,2174.25,2174.25,2174.25,2.40855e+06,2.40855e+06,2.40855e+06,2.75652e+06,2.75652e+06,2.75652e+06,2893.23,2893.23,2893.23,3007.71,3007.71,3007.71,1.14824e+08,1.14824e+08,1.14824e+08,1.49666,1.49666,1.49666,2.46934,2.46934,2.46934
720,7.175e+06,7.175e+06,7.175e+06,1965.28,1965.28,1965.28,2170.63,2170.63,2170.63,2.40845e+06,2.40845e+06,2.40845e+06,2.75642e+06,2.75642e+06,2.75642e+06,2888.77,2888.77,2888.77,3002.77,3002.77,3002.77,1.14822e+08,1.14822e+08,1.14822e+08,1.4946,1.4946,1.4946,2.46568,2.46568,2.46568
721,7.17442e+06,7.17442e+06,7.17442e+06,1961.55,1961.55,1961.55,2166.32,2166.32,2166.32,2.40836e+06,2.40836e+06,2.40836e+06,2.75631e+06,2.75631e+06,2.75631e+06,2883.35,2883.35,2883.35,2996.87,2996.87,2996.87,1.1482e+08,1.1482e+08,1.1482e+08,1.49203,1.49203,1.49203,2.4612,2.4612,2.4612
722,7.17388e+06,7.17388e+06,7.17388e+06,1957.23,1957.23,1957.23,2161.38,2161.38,2161.38,2.40827e+06,2.40827e+06,2.40827e+06,2.7562e+06,2.7562e+06,2.7562e+06,2877.04,2877.04,2877.04,2990.09,2990.09,2990.09,1.14818e+08,1.14818e+08,1.14818e+08,1.48899,1.48899,1.48899,2.45598,2.45598,2.45598
723,7.17339e+06,7.17339e+06,7.17339e+06,1952.36,1952.36,1952.36,2155.89,2155.89,2155.89,2.40817e+06,2.40817e+06,2.40817e+06,2.75609e+06,2.75609e+06,2.75609e+06,2869.92,2869.92,2869.92,2982.52,2982.52,2982.52,1.14815e+08,1.14815e+08,1.14815e+08,1.4855,1.4855,1.4855,2.45007,2.45007,2.45007
724,7.17295e+06,7.17295e+06,7.17295e+06,1947.02,1947.02,1947.02,2149.9,2149.9,2149.9,2.40808e+06,2.40808e+06,2.40808e+06,2.75598e+06,2.75598e+06,2.75598e+06,2862.11,2862.11,2862.11,2974.28,2974.28,2974.28,1.14813e+08,1.14813e+08,1.14813e+08,1.48163,1.48163,1.48163,2.44356,2.44356,2.44356
725,7.17256e+06,7.17256e+06,7.17256e+06,1941.28,1941.28,1941.28,2143.52,2143.52,2143.52,2.40798e+06,2.40798e+06,2.40798e+06,2.75587e+06,2.75587e+06,2.75587e+06,2853.69,2853.69,2853.69,2965.46,2965.46,2965.46,1.14811e+08,1.14811e+08,1.14811e+08,1.47743,1.47743,1.47743,2.43655,2.43655,2.43655
726,7.17223e+06,7.17223e+06,7.17223e+06,1935.23,1935.23,1935.23,2136.82,2136.82,2136.82,2.40788e+06,2.40788e+06,2.40788e+06,2.75575e+06,2.75575e+06,2.75575e+06,2844.8,2844.8,2844.8,2956.21,2956.21,2956.21,1.14808e+08,1.14808e+08,1.14808e+08,1.47294,1.47294,1.47294,2.42912,2.42912,2.42912
727,7.17196e+06,7.17196e+06,7.17196e+06,1928.93,1928.93,1928.93,2129.9,2129.9,2129.9,2.40778e+06,2.40778e+06,2.40778e+06,2.75564e+06,2.75564e+06,2.75564e+06,2835.55,2835.55,2835.55,2946.64,2946.64,2946.64,1.14806e+08,1.14806e+08,1.14806e+08,1.46825,1.46825,1.46825,2.42139,2.42139,2.42139
728,7.17175e+06,7.17175e+06,7.17175e+06,1922.5,1922.5,1922.5,2122.86,2122.86,2122.86,2.40768e+06,2.40768e+06,2.40768e+06,2.75552e+06,2.75552e+06,2.75552e+06,2826.08,2826.08,2826.08,2936.89,2936.89,2936.89,1.14804e+08,1.14804e+08,1.14804e+08,1.46341,1.46341,1.46341,2.41346,2.41346,2.41346
729,7.1716e+06,7.1716e+06,7.1716e+06,1916,1916,1916,2115.8,2115.8,2115.8,2.40758e+06,2.40758e+06,2.40758e+06,2.75541e+06,2.75541e+06,2.75541e+06,2816.5,2816.5,2816.5,2927.09,2927.09,2927.09,1.14801e+08,1.14801e+08,1.14801e+08,1.45848,1.45848,1.45848,2.40544,2.40544,2.40544
730,7.17152e+06,7.17152e+06,7.17152e+06,1909.53,1909.53,1909.53,2108.8,2108.8,2108.8,2.40748e+06,2.40748e+06,2.40748e+06,2.75529e+06,2.75529e+06,2.75529e+06,2806.95,2806.95,2806.95,2917.37,2917.37,2917.37,1.14799e+08,1.14799e+08,1.14799e+08,1.45354,1.45354,1.45354,2.39743,2.39743,2.39743
731,7.17149e+06,7.17149e+06,7.17149e+06,1903.17,1903.17,1903.17,2101.96,2101.96,2101.96,2.40737e+06,2.40737e+06,2.40737e+06,2.75517e+06,2.75517e+06,2.75517e+06,2797.56,2797.56,2797.56,2907.87,2907.87,2907.87,1.14796e+08,1.14796e+08,1.14796e+08,1.44864,1.44864,1.44864,2.38955,2.38955,2.38955
732,7.17153e+06,7.17153e+06,7.17153e+06,1897.02,1897.02,1897.02,2095.38,2095.38,2095.38,2.40727e+06,2.40727e+06,2.40727e+06,2.75505e+06,2.75505e+06,2.75505e+06,2788.45,2788.45,2788.45,2898.7,2898.7,2898.7,1.14794e+08,1.14794e+08,1.14794e+08,1.44387,1.44387,1.44387,2.3819,2.3819,2.3819
733,7.17161e+06,7.17161e+06,7.17161e+06,1891.14,1891.14,1891.14,2089.13,2089.13,2089.13,2.40716e+06,2.40716e+06,2.40716e+06,2.75493e+06,2.75493e+06,2.75493e+06,2779.75,2779.75,2779.75,2890,2890,2890,1.14791e+08,1.14791e+08,1.14791e+08,1.43927,1.43927,1.43927,2.37458,2.37458,2.37458
734,7.17176e+06,7.17176e+06,7.17176e+06,1885.62,1885.62,1885.62,2083.3,2083.3,2083.3,2.40705e+06,2.40705e+06,2.40705e+06,2.7548e+06,2.7548e+06,2.7548e+06,2771.55,2771.55,2771.55,2881.86,2881.86,2881.86,1.14789e+08,1.14789e+08,1.14789e+08,1.43491,1.43491,1.43491,2.36769,2.36769,2.36769
735,7.17194e+06,7.17194e+06,7.17194e+06,1880.52,1880.52,1880.52,2077.97,2077.97,2077.97,2.40694e+06,2.40694e+06,2.40694e+06,2.75468e+06,2.75468e+06,2.75468e+06,2763.97,2763.97,2763.97,2874.39,2874.39,2874.39,1.14786e+08,1.14786e+08,1.14786e+08,1.43085,1.43085,1.43085,2.36131,2.36131,2.36131
736,7.17217e+06,7.17217e+06,7.17217e+06,1875.91,1875.91,1875.91,2073.19,2073.19,2073.19,2.40683e+06,2.40683e+06,2.40683e+06,2.75455e+06,2.75455e+06,2.75455e+06,2757.1,2757.1,2757.1,2867.69,2867.69,2867.69,1.14784e+08,1.14784e+08,1.14784e+08,1.42713,1.42713,1.42713,2.35552,2.35552,2.35552
737,7.17244e+06,7.17244e+06,7.17244e+06,1871.84,1871.84,1871.84,2069.03,2069.03,2069.03,2.40671e+06,2.40671e+06,2.40671e+06,2.75443e+06,2.75443e+06,2.75443e+06,2751.02,2751.02,2751.02,2861.83,2861.83,2861.83,1.14781e+08,1.14781e+08,1.14781e+08,1.4238,1.4238,1.4238,2.3504,2.3504,2.3504
738,7.17274e+06,7.17274e+06,7.17274e+06,1868.37,1868.37,1868.37,2065.53,2065.53,2065.53,2.4066e+06,2.4066e+06,2.4066e+06,2.7543e+06,2.7543e+06,2.7543e+06,2745.8,2745.8,2745.8,2856.88,2856.88,2856.88,1.14779e+08,1.14779e+08,1.14779e+08,1.4209,1.4209,1.4209,2.346,2.346,2.346
739,7.17307e+06,7.17307e+06,7.17307e+06,1865.52,1865.52,1865.52,2062.74,2062.74,2062.74,2.40648e+06,2.40648e+06,2.40648e+06,2.75418e+06,2.75418e+06,2.75418e+06,2741.51,2741.51,2741.51,2852.9,2852.9,2852.9,1.14776e+08,1.14776e+08,1.14776e+08,1.41846,1.41846,1.41846,2.34237,2.34237,2.34237
740,7.17341e+06,7.17341e+06,7.17341e+06,1863.34,1863.34,1863.34,2060.67,2060.67,2060.67,2.40636e+06,2.40636e+06,2.40636e+06,2.75405e+06,2.75405e+06,2.75405e+06,2738.18,2738.18,2738.18,2849.93,2849.93,2849.93,1.14774e+08,1.14774e+08,1.14774e+08,1.41651,1.41651,1.41651,2.33956,2.33956,2.33956
741,7.17377e+06,7.17377e+06,7.17377e+06,1861.84,1861.84,1861.84,2059.36,2059.36,2059.36,2.40624e+06,2.40624e+06,2.40624e+06,2.75392e+06,2.75392e+06,2.75392e+06,2735.86,2735.86,2735.86,2847.99,2847.99,2847.99,1.14771e+08,1.14771e+08,1.14771e+08,1.41508,1.41508,1.41508,2.33758,2.33758,2.33758
742,7.17413e+06,7.17413e+06,7.17413e+06,1861.04,1861.04,1861.04,2058.82,2058.82,2058.82,2.40612e+06,2.40612e+06,2.40612e+06,2.7538e+06,2.7538e+06,2.7538e+06,2734.55,2734.55,2734.55,2847.11,2847.11,2847.11,1.14769e+08,1.14769e+08,1.14769e+08,1.41416,1.41416,1.41416,2.33647,2.33647,2.33647
743,7.17449e+06,7.17449e+06,7.17449e+06,1860.94,1860.94,1860.94,2059.03,2059.03,2059.03,2.40599e+06,2.40599e+06,2.40599e+06,2.75367e+06,2.75367e+06,2.75367e+06,2734.28,2734.28,2734.28,2847.28,2847.28,2847.28,1.14766e+08,1.14766e+08,1.14766e+08,1.41378,1.41378,1.41378,2.33622,2.33622,2.33622
744,7.17484e+06,7.17484e+06,7.17484e+06,1861.52,1861.52,1861.52,2059.99,2059.99,2059.99,2.40587e+06,2.40587e+06,2.40587e+06,2.75354e+06,2.75354e+06,2.75354e+06,2735.02,2735.02,2735.02,2848.5,2848.5,2848.5,1.14764e+08,1.14764e+08,1.14764e+08,1.41393,1.41393,1.41393,2.33683,2.33683,2.33683
745,7.17518e+06,7.17518e+06,7.17518e+06,1862.79,1862.79,1862.79,2061.69,2061.69,2061.69,2.40575e+06,2.40575e+06,2.40575e+06,2.75342e+06,2.75342e+06,2.75342e+06,2736.76,2736.76,2736.76,2850.72,2850.72,2850.72,1.14761e+08,1.14761e+08,1.14761e+08,1.4146,1.4146,1.4146,2.33829,2.33829,2.33829
746,7.1755e+06,7.1755e+06,7.1755e+06,1864.71,1864.71,1864.71,2064.09,2064.09,2064.09,2.40562e+06,2.40562e+06,2.40562e+06,2.75329e+06,2.75329e+06,2.75329e+06,2739.47,2739.47,2739.47,2853.91,2853.91,2853.91,1.14759e+08,1.14759e+08,1.14759e+08,1.41578,1.41578,1.41578,2.34056,2.34056,2.34056
747,7.17579e+06,7.17579e+06,7.17579e+06,1867.26,1867.26,1867.26,2067.15,2067.15,2067.15,2.4055e+06,2.4055e+06,2.4055e+06,2.75317e+06,2.75317e+06,2.75317e+06,2743.1,2743.1,2743.1,2858.03,2858.03,2858.03,1.14757e+08,1.14757e+08,1.14757e+08,1.41744,1.41744,1.41744,2.3436,2.3436,2.3436
748,7.17604e+06,7.17604e+06,7.17604e+06,1870.38,1870.38,1870.38,2070.82,2070.82,2070.82,2.40538e+06,2.40538e+06,2.40538e+06,2.75304e+06,2.75304e+06,2.75304e+06,2747.58,2747.58,2747.58,2863,2863,2863,1.14755e+08,1.14755e+08,1.14755e+08,1.41956,1.41956,1.41956,2.34737,2.34737,2.34737
749,7.17626e+06,7.17626e+06,7.17626e+06,1874.04,1874.04,1874.04,2075.05,2075.05,2075.05,2.40525e+06,2.40525e+06,2.40525e+06,2.75292e+06,2.75292e+06,2.75292e+06,2752.86,2752.86,2752.86,2868.74,2868.74,2868.74,1.14752e+08,1.14752e+08,1.14752e+08,1.42211,1.42211,1.42211,2.35181,2.35181,2.35181
750,7.17644e+06,7.17644e+06,7.17644e+06,1878.17,1878.17,1878.17,2079.77,2079.77,2079.77,2.40513e+06,2.40513e+06,2.40513e+06,2.7528e+06,2.7528e+06,2.7528e+06,2758.84,2758.84,2758.84,2875.17,2875.17,2875.17,1.1475e+08,1.1475e+08,1.1475e+08,1.42504,1.42504,1.42504,2.35685,2.35685,2.35685
751,7.17656e+06,7.17656e+06,7.17656e+06,1882.72,1882.72,1882.72,2084.92,2084.92,2084.92,2.40501e+06,2.40501e+06,2.40501e+06,2.75268e+06,2.75268e+06,2.75268e+06,2765.43,2765.43,2765.43,2882.19,2882.19,2882.19,1.14748e+08,1.14748e+08,1.14748e+08,1.42832,1.42832,1.42832,2.3624,2.3624,2.3624
752,7.17664e+06,7.17664e+06,7.17664e+06,1887.61,1887.61,1887.61,2090.41,2090.41,2090.41,2.40488e+06,2.40488e+06,2.40488e+06,2.75256e+06,2.75256e+06,2.75256e+06,2772.54,2772.54,2772.54,2889.7,2889.7,2889.7,1.14746e+08,1.14746e+08,1.14746e+08,1.43188,1.43188,1.43188,2.3684,2.3684,2.3684
753,7.17667e+06,7.17667e+06,7.17667e+06,1892.77,1892.77,1892.77,2096.15,2096.15,2096.15,2.40476e+06,2.40476e+06,2.40476e+06,2.75244e+06,2.75244e+06,2.75244e+06,2780.06,2780.06,2780.06,2897.58,2897.58,2897.58,1.14744e+08,1.14744e+08,1.14744e+08,1.43568,1.43568,1.43568,2.37475,2.37475,2.37475
754,7.17664e+06,7.17664e+06,7.17664e+06,1898.12,1898.12,1898.12,2102.08,2102.08,2102.08,2.40464e+06,2.40464e+06,2.40464e+06,2.75232e+06,2.75232e+06,2.75232e+06,2787.86,2787.86,2787.86,2905.7,2905.7,2905.7,1.14743e+08,1.14743e+08,1.14743e+08,1.43966,1.43966,1.43966,2.38135,2.38135,2.38135
755,7.17656e+06,7.17656e+06,7.17656e+06,1903.59,1903.59,1903.59,2108.08,2108.08,2108.08,2.40452e+06,2.40452e+06,2.40452e+06,2.75221e+06,2.75221e+06,2.75221e+06,2795.84,2795.84,2795.84,2913.95,2913.95,2913.95,1.14741e+08,1.14741e+08,1.14741e+08,1.44376,1.44376,1.44376,2.38809,2.38809,2.38809
756,7.17642e+06,7.17642e+06,7.17642e+06,1909.07,1909.07,1909.07,2114.08,2114.08,2114.08,2.4044e+06,2.4044e+06,2.4044e+06,2.75209e+06,2.75209e+06,2.75209e+06,2803.87,2803.87,2803.87,2922.2,2922.2,2922.2,1.14739e+08,1.14739e+08,1.14739e+08,1.44791,1.44791,1.44791,2.39489,2.39489,2.39489
757,7.17623e+06,7.17623e+06,7.17623e+06,1914.5,1914.5,1914.5,2119.98,2119.98,2119.98,2.40429e+06,2.40429e+06,2.40429e+06,2.75198e+06,2.75198e+06,2.75198e+06,2811.82,2811.82,2811.82,2930.32,2930.32,2930.32,1.14738e+08,1.14738e+08,1.14738e+08,1.45205,1.45205,1.45205,2.40163,2.40163,2.40163
758,7.17598e+06,7.17598e+06,7.17598e+06,1919.79,1919.79,1919.79,2125.68,2125.68,2125.68,2.40417e+06,2.40417e+06,2.40417e+06,2.75186e+06,2.75186e+06,2.75186e+06,2819.57,2819.57,2819.57,2938.17,2938.17,2938.17,1.14736e+08,1.14736e+08,1.14736e+08,1.45612,1.45612,1.45612,2.4082,2.4082,2.4082
759,7.17569e+06,7.17569e+06,7.17569e+06,1924.84,1924.84,1924.84,2131.09,2131.09,2131.09,2.40406e+06,2.40406e+06,2.40406e+06,2.75175e+06,2.75175e+06,2.75175e+06,2826.99,2826.99,2826.99,2945.65,2945.65,2945.65,1.14735e+08,1.14735e+08,1.14735e+08,1.46005,1.46005,1.46005,2.4145,2.4145,2.4145
760,7.17534e+06,7.17534e+06,7.17534e+06,1929.58,1929.58,1929.58,2136.13,2136.13,2136.13,2.40394e+06,2.40394e+06,2.40394e+06,2.75164e+06,2.75164e+06,2.75164e+06,2833.96,2833.96,2833.96,2952.61,2952.61,2952.61,1.14734e+08,1.14734e+08,1.14734e+08,1.46378,1.46378,1.46378,2.42044,2.42044,2.42044
761,7.17495e+06,7.17495e+06,7.17495e+06,1933.94,1933.94,1933.94,2140.72,2140.72,2140.72,2.40383e+06,2.40383e+06,2.40383e+06,2.75153e+06,2.75153e+06,2.75153e+06,2840.38,2840.38,2840.38,2958.96,2958.96,2958.96,1.14732e+08,1.14732e+08,1.14732e+08,1.46724,1.46724,1.46724,2.42591,2.42591,2.42591
762,7.17453e+06,7.17453e+06,7.17453e+06,1937.84,1937.84,1937.84,2144.78,2144.78,2144.78,2.40372e+06,2.40372e+06,2.40372e+06,2.75142e+06,2.75142e+06,2.75142e+06,2846.12,2846.12,2846.12,2964.59,2964.59,2964.59,1.14731e+08,1.14731e+08,1.14731e+08,1.47039,1.47039,1.47039,2.43083,2.43083,2.43083
763,7.17407e+06,7.17407e+06,7.17407e+06,1941.21,1941.21,1941.21,2148.23,2148.23,2148.23,2.40362e+06,2.40362e+06,2.40362e+06,2.75132e+06,2.75132e+06,2.75132e+06,2851.11,2851.11,2851.11,2969.39,2969.39,2969.39,1.1473e+08,1.1473e+08,1.1473e+08,1.47316,1.47316,1.47316,2.4351,2.4351,2.4351
764,7.17358e+06,7.17358e+06,7.17358e+06,1944,1944,1944,2151.03,2151.03,2151.03,2.40351e+06,2.40351e+06,2.40351e+06,2.75121e+06,2.75121e+06,2.75121e+06,2855.24,2855.24,2855.24,2973.28,2973.28,2973.28,1.14729e+08,1.14729e+08,1.14729e+08,1.47551,1.47551,1.47551,2.43867,2.43867,2.43867
765,7.17307e+06,7.17307e+06,7.17307e+06,1946.16,1946.16,1946.16,2153.12,2153.12,2153.12,2.4034e+06,2.4034e+06,2.4034e+06,2.7511e+06,2.7511e+06,2.7511e+06,2858.45,2858.45,2858.45,2976.2,2976.2,2976.2,1.14728e+08,1.14728e+08,1.14728e+08,1.4774,1.4774,1.4774,2.44146,2.44146,2.44146
766,7.17254e+06,7.17254e+06,7.17254e+06,1947.64,1947.64,1947.64,2154.46,2154.46,2154.46,2.4033e+06,2.4033e+06,2.4033e+06,2.75099e+06,2.75099e+06,2.75099e+06,2860.67,2860.67,2860.67,2978.1,2978.1,2978.1,1.14727e+08,1.14727e+08,1.14727e+08,1.4788,1.4788,1.4788,2.44343,2.44343,2.44343
767,7.17201e+06,7.17201e+06,7.17201e+06,1948.42,1948.42,1948.42,2155.03,2155.03,2155.03,2.4032e+06,2.4032e+06,2.4032e+06,2.75089e+06,2.75089e+06,2.75089e+06,2861.87,2861.87,2861.87,2978.92,2978.92,2978.92,1.14726e+08,1.14726e+08,1.14726e+08,1.47968,1.47968,1.47968,2.44453,2.44453,2.44453
768,7.17147e+06,7.17147e+06,7.17147e+06,1948.48,1948.48,1948.48,2154.8,2154.8,2154.8,2.4031e+06,2.4031e+06,2.4031e+06,2.75078e+06,2.75078e+06,2.75078e+06,2862.01,2862.01,2862.01,2978.65,2978.65,2978.65,1.14725e+08,1.14725e+08,1.14725e+08,1.48001,1.48001,1.48001,2.44474,2.44474,2.44474
769,7.17094e+06,7.17094e+06,7.17094e+06,1947.82,1947.82,1947.82,2153.78,2153.78,2153.78,2.403e+06,2.403e+06,2.403e+06,2.75067e+06,2.75067e+06,2.75067e+06,2861.08,2861.08,2861.08,2977.28,2977.28,2977.28,1.14724e+08,1.14724e+08,1.14724e+08,1.4798,1.4798,1.4798,2.44406,2.44406,2.44406
770,7.17043e+06,7.17043e+06,7.17043e+06,1946.43,1946.43,1946.43,2151.98,2151.98,2151.98,2.40289e+06,2.40289e+06,2.40289e+06,2.75057e+06,2.75057e+06,2.75057e+06,2859.08,2859.08,2859.08,2974.83,2974.83,2974.83,1.14724e+08,1.14724e+08,1.14724e+08,1.47903,1.47903,1.47903,2.44247,2.44247,2.44247
771,7.16993e+06,7.16993e+06,7.16993e+06,1944.34,1944.34,1944.34,2149.42,2149.42,2149.42,2.4028e+06,2.4028e+06,2.4028e+06,2.75046e+06,2.75046e+06,2.75046e+06,2856.05,2856.05,2856.05,2971.32,2971.32,2971.32,1.14723e+08,1.14723e+08,1.14723e+08,1.47772,1.47772,1.47772,2.44001,2.44001,2.44001
772,7.16946e+06,7.16946e+06,7.16946e+06,1941.56,1941.56,1941.56,2146.12,2146.12,2146.12,2.4027e+06,2.4027e+06,2.4027e+06,2.75035e+06,2.75035e+06,2.75035e+06,2852.01,2852.01,2852.01,2966.8,2966.8,2966.8,1.14722e+08,1.14722e+08,1.14722e+08,1.47588,1.47588,1.47588,2.4367,2.4367,2.4367
773,7.16902e+06,7.16902e+06,7.16902e+06,1938.14,1938.14,1938.14,2142.15,2142.15,2142.15,2.4026e+06,2.4026e+06,2.4026e+06,2.75024e+06,2.75024e+06,2.75024e+06,2847.02,2847.02,2847.02,2961.33,2961.33,2961.33,1.14721e+08,1.14721e+08,1.14721e+08,1.47354,1.47354,1.47354,2.43259,2.43259,2.43259
774,7.16863e+06,7.16863e+06,7.16863e+06,1934.13,1934.13,1934.13,2137.55,2137.55,2137.55,2.4025e+06,2.4025e+06,2.4025e+06,2.75013e+06,2.75013e+06,2.75013e+06,2841.15,2841.15,2841.15,2955,2955,2955,1.1472e+08,1.1472e+08,1.1472e+08,1.47072,1.47072,1.47072,2.42773,2.42773,2.42773
775,7.16827e+06,7.16827e+06,7.16827e+06,1929.59,1929.59,1929.59,2132.39,2132.39,2132.39,2.4024e+06,2.4024e+06,2.4024e+06,2.75002e+06,2.75002e+06,2.75002e+06,2834.49,2834.49,2834.49,2947.88,2947.88,2947.88,1.14719e+08,1.14719e+08,1.14719e+08,1.46748,1.46748,1.46748,2.4222,2.4222,2.4222
776,7.16797e+06,7.16797e+06,7.16797e+06,1924.57,1924.57,1924.57,2126.74,2126.74,2126.74,2.4023e+06,2.4023e+06,2.4023e+06,2.74991e+06,2.74991e+06,2.74991e+06,2827.12,2827.12,2827.12,2940.07,2940.07,2940.07,1.14718e+08,1.14718e+08,1.14718e+08,1.46384,1.46384,1.46384,2.41606,2.41606,2.41606
777,7.16771e+06,7.16771e+06,7.16771e+06,1919.14,1919.14,1919.14,2120.69,2120.69,2120.69,2.4022e+06,2.4022e+06,2.4022e+06,2.7498e+06,2.7498e+06,2.7498e+06,2819.15,2819.15,2819.15,2931.7,2931.7,2931.7,1.14718e+08,1.14718e+08,1.14718e+08,1.45987,1.45987,1.45987,2.40942,2.40942,2.40942
778,7.16752e+06,7.16752e+06,7.16752e+06,1913.4,1913.4,1913.4,2114.32,2114.32,2114.32,2.40209e+06,2.40209e+06,2.40209e+06,2.74968e+06,2.74968e+06,2.74968e+06,2810.7,2810.7,2810.7,2922.89,2922.89,2922.89,1.14717e+08,1.14717e+08,1.14717e+08,1.45562,1.45562,1.45562,2.40236,2.40236,2.40236
779,7.16738e+06,7.16738e+06,7.16738e+06,1907.41,1907.41,1907.41,2107.73,2107.73,2107.73,2.40199e+06,2.40199e+06,2.40199e+06,2.74957e+06,2.74957e+06,2.74957e+06,2801.88,2801.88,2801.88,2913.74,2913.74,2913.74,1.14716e+08,1.14716e+08,1.14716e+08,1.45116,1.45116,1.45116,2.39499,2.39499,2.39499
780,7.1673e+06,7.1673e+06,7.1673e+06,1901.27,1901.27,1901.27,2101,2101,2101,2.40189e+06,2.40189e+06,2.40189e+06,2.74945e+06,2.74945e+06,2.74945e+06,2792.82,2792.82,2792.82,2904.4,2904.4,2904.4,1.14715e+08,1.14715e+08,1.14715e+08,1.44654,1.44654,1.44654,2.38741,2.38741,2.38741
781,7.16728e+06,7.16728e+06,7.16728e+06,1895.06,1895.06,1895.06,2094.23,2094.23,2094.23,2.40178e+06,2.40178e+06,2.40178e+06,2.74934e+06,2.74934e+06,2.74934e+06,2783.65,2783.65,2783.65,2894.99,2894.99,2894.99,1.14714e+08,1.14714e+08,1.14714e+08,1.44182,1.44182,1.44182,2.37972,2.37972,2.37972
782,7.16732e+06,7.16732e+06,7.16732e+06,1888.86,1888.86,1888.86,2087.51,2087.51,2087.51,2.40168e+06,2.40168e+06,2.40168e+06,2.74922e+06,2.74922e+06,2.74922e+06,2774.49,2774.49,2774.49,2885.65,2885.65,2885.65,1.14713e+08,1.14713e+08,1.14713e+08,1.43709,1.43709,1.43709,2.37203,2.37203,2.37203
783,7.16742e+06,7.16742e+06,7.16742e+06,1882.77,1882.77,1882.77,2080.94,2080.94,2080.94,2.40157e+06,2.40157e+06,2.40157e+06,2.7491e+06,2.7491e+06,2.7491e+06,2765.46,2765.46,2765.46,2876.5,2876.5,2876.5,1.14712e+08,1.14712e+08,1.14712e+08,1.4324,1.4324,1.4324,2.36446,2.36446,2.36446
784,7.16758e+06,7.16758e+06,7.16758e+06,1876.85,1876.85,1876.85,2074.61,2074.61,2074.61,2.40146e+06,2.40146e+06,2.40146e+06,2.74898e+06,2.74898e+06,2.74898e+06,2756.7,2756.7,2756.7,2867.67,2867.67,2867.67,1.1471e+08,1.1471e+08,1.1471e+08,1.42781,1.42781,1.42781,2.3571,2.3571,2.3571
785,7.16779e+06,7.16779e+06,7.16779e+06,1871.21,1871.21,1871.21,2068.6,2068.6,2068.6,2.40135e+06,2.40135e+06,2.40135e+06,2.74886e+06,2.74886e+06,2.74886e+06,2748.31,2748.31,2748.31,2859.27,2859.27,2859.27,1.14709e+08,1.14709e+08,1.14709e+08,1.42339,1.42339,1.42339,2.35005,2.35005,2.35005
786,7.16805e+06,7.16805e+06,7.16805e+06,1865.9,1865.9,1865.9,2062.99,2062.99,2062.99,2.40124e+06,2.40124e+06,2.40124e+06,2.74874e+06,2.74874e+06,2.74874e+06,2740.42,2740.42,2740.42,2851.42,2851.42,2851.42,1.14708e+08,1.14708e+08,1.14708e+08,1.41919,1.41919,1.41919,2.3434,2.3434,2.3434
787,7.16836e+06,7.16836e+06,7.16836e+06,1860.99,1860.99,1860.99,2057.85,2057.85,2057.85,2.40113e+06,2.40113e+06,2.40113e+06,2.74862e+06,2.74862e+06,2.74862e+06,2733.11,2733.11,2733.11,2844.21,2844.21,2844.21,1.14707e+08,1.14707e+08,1.14707e+08,1.41528,1.41528,1.41528,2.33725,2.33725,2.33725
788,7.16871e+06,7.16871e+06,7.16871e+06,1856.56,1856.56,1856.56,2053.25,2053.25,2053.25,2.40101e+06,2.40101e+06,2.40101e+06,2.74849e+06,2.74849e+06,2.74849e+06,2726.48,2726.48,2726.48,2837.74,2837.74,2837.74,1.14706e+08,1.14706e+08,1.14706e+08,1.41169,1.41169,1.41169,2.33167,2.33167,2.33167
789,7.16909e+06,7.16909e+06,7.16909e+06,1852.66,1852.66,1852.66,2049.25,2049.25,2049.25,2.40089e+06,2.40089e+06,2.40089e+06,2.74837e+06,2.74837e+06,2.74837e+06,2720.62,2720.62,2720.62,2832.08,2832.08,2832.08,1.14705e+08,1.14705e+08,1.14705e+08,1.40849,1.40849,1.40849,2.32673,2.32673,2.32673
790,7.16951e+06,7.16951e+06,7.16951e+06,1849.32,1849.32,1849.32,2045.89,2045.89,2045.89,2.40078e+06,2.40078e+06,2.40078e+06,2.74825e+06,2.74825e+06,2.74825e+06,2715.6,2715.6,2715.6,2827.32,2827.32,2827.32,1.14703e+08,1.14703e+08,1.14703e+08,1.4057,1.4057,1.4057,2.32249,2.32249,2.32249
791,7.16996e+06,7.16996e+06,7.16996e+06,1846.61,1846.61,1846.61,2043.23,2043.23,2043.23,2.40066e+06,2.40066e+06,2.40066e+06,2.74812e+06,2.74812e+06,2.74812e+06,2711.48,2711.48,2711.48,2823.5,2823.5,2823.5,1.14702e+08,1.14702e+08,1.14702e+08,1.40336,1.40336,1.40336,2.31901,2.31901,2.31901
792,7.17042e+06,7.17042e+06,7.17042e+06,1844.54,1844.54,1844.54,2041.27,2041.27,2041.27,2.40054e+06,2.40054e+06,2.40054e+06,2.748e+06,2.748e+06,2.748e+06,2708.3,2708.3,2708.3,2820.66,2820.66,2820.66,1.14701e+08,1.14701e+08,1.14701e+08,1.4015,1.4015,1.4015,2.31632,2.31632,2.31632
793,7.17089e+06,7.17089e+06,7.17089e+06,1843.14,1843.14,1843.14,2040.06,2040.06,2040.06,2.40042e+06,2.40042e+06,2.40042e+06,2.74787e+06,2.74787e+06,2.74787e+06,2706.11,2706.11,2706.11,2818.84,2818.84,2818.84,1.147e+08,1.147e+08,1.147e+08,1.40014,1.40014,1.40014,2.31446,2.31446,2.31446
794,7.17137e+06,7.17137e+06,7.17137e+06,1842.42,1842.42,1842.42,2039.59,2039.59,2039.59,2.4003e+06,2.4003e+06,2.4003e+06,2.74775e+06,2.74775e+06,2.74775e+06,2704.91,2704.91,2704.91,2818.05,2818.05,2818.05,1.14699e+08,1.14699e+08,1.14699e+08,1.39929,1.39929,1.39929,2.31344,2.31344,2.31344
795,7.17185e+06,7.17185e+06,7.17185e+06,1842.39,1842.39,1842.39,2039.87,2039.87,2039.87,2.40017e+06,2.40017e+06,2.40017e+06,2.74762e+06,2.74762e+06,2.74762e+06,2704.72,2704.72,2704.72,2818.3,2818.3,2818.3,1.14697e+08,1.14697e+08,1.14697e+08,1.39896,1.39896,1.39896,2.31327,2.31327,2.31327
796,7.17232e+06,7.17232e+06,7.17232e+06,1843.04,1843.04,1843.04,2040.9,2040.9,2040.9,2.40005e+06,2.40005e+06,2.40005e+06,2.7475e+06,2.7475e+06,2.7475e+06,2705.54,2705.54,2705.54,2819.57,2819.57,2819.57,1.14696e+08,1.14696e+08,1.14696e+08,1.39915,1.39915,1.39915,2.31394,2.31394,2.31394
797,7.17278e+06,7.17278e+06,7.17278e+06,1844.36,1844.36,1844.36,2042.64,2042.64,2042.64,2.39993e+06,2.39993e+06,2.39993e+06,2.74738e+06,2.74738e+06,2.74738e+06,2707.34,2707.34,2707.34,2821.84,2821.84,2821.84,1.14695e+08,1.14695e+08,1.14695e+08,1.39986,1.39986,1.39986,2.31544,2.31544,2.31544
798,7.17322e+06,7.17322e+06,7.17322e+06,1846.32,1846.32,1846.32,2045.08,2045.08,2045.08,2.3998e+06,2.3998e+06,2.3998e+06,2.74726e+06,2.74726e+06,2.74726e+06,2710.09,2710.09,2710.09,2825.07,2825.07,2825.07,1.14694e+08,1.14694e+08,1.14694e+08,1.40106,1.40106,1.40106,2.31775,2.31775,2.31775
799,7.17363e+06,7.17363e+06,7.17363e+06,1848.91,1848.91,1848.91,2048.18,2048.18,2048.18,2.39968e+06,2.39968e+06,2.39968e+06,2.74714e+06,2.74714e+06,2.74714e+06,2713.75,2713.75,2713.75,2829.21,2829.21,2829.21,1.14693e+08,1.14693e+08,1.14693e+08,1.40275,1.40275,1.40275,2.32083,2.32083,2.32083
800,7.174e+06,7.174e+06,7.174e+06,1852.07,1852.07,1852.07,2051.89,2051.89,2051.89,2.39956e+06,2.39956e+06,2.39956e+06,2.74702e+06,2.74702e+06,2.74702e+06,2718.27,2718.27,2718.27,2834.2,2834.2,2834.2,1.14692e+08,1.14692e+08,1.14692e+08,1.4049,1.4049,1.4049,2.32463,2.32463,2.32463
801,7.17434e+06,7.17434e+06,7.17434e+06,1855.76,1855.76,1855.76,2056.15,2056.15,2056.15,2.39943e+06,2.39943e+06,2.39943e+06,2.7469e+06,2.7469e+06,2.7469e+06,2723.57,2723.57,2723.57,2839.97,2839.97,2839.97,1.14691e+08,1.14691e+08,1.14691e+08,1.40746,1.40746,1.40746,2.32909,2.32909,2.32909
802,7.17464e+06,7.17464e+06,7.17464e+06,1859.92,1859.92,1859.92,2060.9,2060.9,2060.9,2.39931e+06,2.39931e+06,2.39931e+06,2.74678e+06,2.74678e+06,2.74678e+06,2729.57,2729.57,2729.57,2846.42,2846.42,2846.42,1.1469e+08,1.1469e+08,1.1469e+08,1.41041,1.41041,1.41041,2.33416,2.33416,2.33416
803,7.1749e+06,7.1749e+06,7.1749e+06,1864.5,1864.5,1864.5,2066.09,2066.09,2066.09,2.39919e+06,2.39919e+06,2.39919e+06,2.74666e+06,2.74666e+06,2.74666e+06,2736.19,2736.19,2736.19,2853.47,2853.47,2853.47,1.1469e+08,1.1469e+08,1.1469e+08,1.41371,1.41371,1.41371,2.33974,2.33974,2.33974
804,7.1751e+06,7.1751e+06,7.1751e+06,1869.43,1869.43,1869.43,2071.62,2071.62,2071.62,2.39907e+06,2.39907e+06,2.39907e+06,2.74655e+06,2.74655e+06,2.74655e+06,2743.33,2743.33,2743.33,2861,2861,2861,1.14689e+08,1.14689e+08,1.14689e+08,1.41729,1.41729,1.41729,2.34577,2.34577,2.34577
805,7.17525e+06,7.17525e+06,7.17525e+06,1874.64,1874.64,1874.64,2077.41,2077.41,2077.41,2.39895e+06,2.39895e+06,2.39895e+06,2.74643e+06,2.74643e+06,2.74643e+06,2750.89,2750.89,2750.89,2868.92,2868.92,2868.92,1.14688e+08,1.14688e+08,1.14688e+08,1.42111,1.42111,1.42111,2.35216,2.35216,2.35216
806,7.17535e+06,7.17535e+06,7.17535e+06,1880.04,1880.04,1880.04,2083.39,2083.39,2083.39,2.39883e+06,2.39883e+06,2.39883e+06,2.74632e+06,2.74632e+06,2.74632e+06,2758.74,2758.74,2758.74,2877.1,2877.1,2877.1,1.14688e+08,1.14688e+08,1.14688e+08,1.42512,1.42512,1.42512,2.3588,2.3588,2.3588
807,7.17539e+06,7.17539e+06,7.17539e+06,1885.57,1885.57,1885.57,2089.47,2089.47,2089.47,2.39871e+06,2.39871e+06,2.39871e+06,2.74621e+06,2.74621e+06,2.74621e+06,2766.78,2766.78,2766.78,2885.41,2885.41,2885.41,1.14687e+08,1.14687e+08,1.14687e+08,1.42925,1.42925,1.42925,2.36561,2.36561,2.36561
808,7.17538e+06,7.17538e+06,7.17538e+06,1891.12,1891.12,1891.12,2095.55,2095.55,2095.55,2.39859e+06,2.39859e+06,2.39859e+06,2.7461e+06,2.7461e+06,2.7461e+06,2774.88,2774.88,2774.88,2893.74,2893.74,2893.74,1.14687e+08,1.14687e+08,1.14687e+08,1.43345,1.43345,1.43345,2.37247,2.37247,2.37247
809,7.17531e+06,7.17531e+06,7.17531e+06,1896.64,1896.64,1896.64,2101.53,2101.53,2101.53,2.39848e+06,2.39848e+06,2.39848e+06,2.74599e+06,2.74599e+06,2.74599e+06,2782.93,2782.93,2782.93,2901.96,2901.96,2901.96,1.14687e+08,1.14687e+08,1.14687e+08,1.43764,1.43764,1.43764,2.37929,2.37929,2.37929
810,7.17519e+06,7.17519e+06,7.17519e+06,1902.01,1902.01,1902.01,2107.34,2107.34,2107.34,2.39837e+06,2.39837e+06,2.39837e+06,2.74588e+06,2.74588e+06,2.74588e+06,2790.79,2790.79,2790.79,2909.94,2909.94,2909.94,1.14686e+08,1.14686e+08,1.14686e+08,1.44177,1.44177,1.44177,2.38597,2.38597,2.38597
811,7.17502e+06,7.17502e+06,7.17502e+06,1907.18,1907.18,1907.18,2112.88,2112.88,2112.88,2.39826e+06,2.39826e+06,2.39826e+06,2.74578e+06,2.74578e+06,2.74578e+06,2798.34,2798.34,2798.34,2917.56,2917.56,2917.56,1.14686e+08,1.14686e+08,1.14686e+08,1.44576,1.44576,1.44576,2.39239,2.39239,2.39239
812,7.1748e+06,7.1748e+06,7.1748e+06,1912.05,1912.05,1912.05,2118.07,2118.07,2118.07,2.39815e+06,2.39815e+06,2.39815e+06,2.74567e+06,2.74567e+06,2.74567e+06,2805.48,2805.48,2805.48,2924.69,2924.69,2924.69,1.14686e+08,1.14686e+08,1.14686e+08,1.44957,1.44957,1.44957,2.39847,2.39847,2.39847
813,7.17453e+06,7.17453e+06,7.17453e+06,1916.55,1916.55,1916.55,2122.81,2122.81,2122.81,2.39804e+06,2.39804e+06,2.39804e+06,2.74557e+06,2.74557e+06,2.74557e+06,2812.07,2812.07,2812.07,2931.23,2931.23,2931.23,1.14686e+08,1.14686e+08,1.14686e+08,1.45313,1.45313,1.45313,2.4041,2.4041,2.4041
814,7.17423e+06,7.17423e+06,7.17423e+06,1920.6,1920.6,1920.6,2127.05,2127.05,2127.05,2.39793e+06,2.39793e+06,2.39793e+06,2.74547e+06,2.74547e+06,2.74547e+06,2818.02,2818.02,2818.02,2937.07,2937.07,2937.07,1.14686e+08,1.14686e+08,1.14686e+08,1.45638,1.45638,1.45638,2.40919,2.40919,2.40919
815,7.17389e+06,7.17389e+06,7.17389e+06,1924.15,1924.15,1924.15,2130.7,2130.7,2130.7,2.39783e+06,2.39783e+06,2.39783e+06,2.74537e+06,2.74537e+06,2.74537e+06,2823.24,2823.24,2823.24,2942.12,2942.12,2942.12,1.14686e+08,1.14686e+08,1.14686e+08,1.45927,1.45927,1.45927,2.41366,2.41366,2.41366
816,7.17353e+06,7.17353e+06,7.17353e+06,1927.12,1927.12,1927.12,2133.7,2133.7,2133.7,2.39772e+06,2.39772e+06,2.39772e+06,2.74527e+06,2.74527e+06,2.74527e+06,2827.62,2827.62,2827.62,2946.28,2946.28,2946.28,1.14686e+08,1.14686e+08,1.14686e+08,1.46175,1.46175,1.46175,2.41744,2.41744,2.41744
817,7.17314e+06,7.17314e+06,7.17314e+06,1929.48,1929.48,1929.48,2136.02,2136.02,2136.02,2.39762e+06,2.39762e+06,2.39762e+06,2.74517e+06,2.74517e+06,2.74517e+06,2831.1,2831.1,2831.1,2949.49,2949.49,2949.49,1.14686e+08,1.14686e+08,1.14686e+08,1.46379,1.46379,1.46379,2.42047,2.42047,2.42047
818,7.17273e+06,7.17273e+06,7.17273e+06,1931.18,1931.18,1931.18,2137.6,2137.6,2137.6,2.39752e+06,2.39752e+06,2.39752e+06,2.74507e+06,2.74507e+06,2.74507e+06,2833.63,2833.63,2833.63,2951.69,2951.69,2951.69,1.14687e+08,1.14687e+08,1.14687e+08,1.46534,1.46534,1.46534,2.42269,2.42269,2.42269
819,7.17231e+06,7.17231e+06,7.17231e+06,1932.2,1932.2,1932.2,2138.42,2138.42,2138.42,2.39742e+06,2.39742e+06,2.39742e+06,2.74497e+06,2.74497e+06,2.74497e+06,2835.14,2835.14,2835.14,2952.84,2952.84,2952.84,1.14687e+08,1.14687e+08,1.14687e+08,1.46638,1.46638,1.46638,2.42406,2.42406,2.42406
820,7.1719e+06,7.1719e+06,7.1719e+06,1932.5,1932.5,1932.5,2138.46,2138.46,2138.46,2.39733e+06,2.39733e+06,2.39733e+06,2.74487e+06,2.74487e+06,2.74487e+06,2835.62,2835.62,2835.62,2952.92,2952.92,2952.92,1.14687e+08,1.14687e+08,1.14687e+08,1.46689,1.46689,1.46689,2.42456,2.42456,2.42456
821,7.17148e+06,7.17148e+06,7.17148e+06,1932.09,1932.09,1932.09,2137.72,2137.72,2137.72,2.39723e+06,2.39723e+06,2.39723e+06,2.74477e+06,2.74477e+06,2.74477e+06,2835.04,2835.04,2835.04,2951.91,2951.91,2951.91,1.14687e+08,1.14687e+08,1.14687e+08,1.46686,1.46686,1.46686,2.42417,2.42417,2.42417
822,7.17108e+06,7.17108e+06,7.17108e+06,1930.96,1930.96,1930.96,2136.2,2136.2,2136.2,2.39714e+06,2.39714e+06,2.39714e+06,2.74467e+06,2.74467e+06,2.74467e+06,2833.41,2833.41,2833.41,2949.84,2949.84,2949.84,1.14688e+08,1.14688e+08,1.14688e+08,1.46628,1.46628,1.46628,2.4229,2.4229,2.4229
823,7.1707e+06,7.1707e+06,7.1707e+06,1929.13,1929.13,1929.13,2133.92,2133.92,2133.92,2.39704e+06,2.39704e+06,2.39704e+06,2.74457e+06,2.74457e+06,2.74457e+06,2830.76,2830.76,2830.76,2946.71,2946.71,2946.71,1.14688e+08,1.14688e+08,1.14688e+08,1.46517,1.46517,1.46517,2.42075,2.42075,2.42075
824,7.17034e+06,7.17034e+06,7.17034e+06,1926.63,1926.63,1926.63,2130.92,2130.92,2130.92,2.39695e+06,2.39695e+06,2.39695e+06,2.74447e+06,2.74447e+06,2.74447e+06,2827.1,2827.1,2827.1,2942.59,2942.59,2942.59,1.14688e+08,1.14688e+08,1.14688e+08,1.46353,1.46353,1.46353,2.41777,2.41777,2.41777
825,7.17001e+06,7.17001e+06,7.17001e+06,1923.49,1923.49,1923.49,2127.24,2127.24,2127.24,2.39685e+06,2.39685e+06,2.39685e+06,2.74437e+06,2.74437e+06,2.74437e+06,2822.51,2822.51,2822.51,2937.52,2937.52,2937.52,1.14689e+08,1.14689e+08,1.14689e+08,1.46139,1.46139,1.46139,2.41398,2.41398,2.41398
826,7.16972e+06,7.16972e+06,7.16972e+06,1919.75,1919.75,1919.75,2122.94,2122.94,2122.94,2.39676e+06,2.39676e+06,2.39676e+06,2.74427e+06,2.74427e+06,2.74427e+06,2817.03,2817.03,2817.03,2931.58,2931.58,2931.58,1.14689e+08,1.14689e+08,1.14689e+08,1.45878,1.45878,1.45878,2.40946,2.40946,2.40946
827,7.16947e+06,7.16947e+06,7.16947e+06,1915.48,1915.48,1915.48,2118.07,2118.07,2118.07,2.39666e+06,2.39666e+06,2.39666e+06,2.74417e+06,2.74417e+06,2.74417e+06,2810.76,2810.76,2810.76,2924.85,2924.85,2924.85,1.14689e+08,1.14689e+08,1.14689e+08,1.45573,1.45573,1.45573,2.40425,2.40425,2.40425
828,7.16927e+06,7.16927e+06,7.16927e+06,1910.73,1910.73,1910.73,2112.71,2112.71,2112.71,2.39657e+06,2.39657e+06,2.39657e+06,2.74407e+06,2.74407e+06,2.74407e+06,2803.78,2803.78,2803.78,2917.44,2917.44,2917.44,1.1469e+08,1.1469e+08,1.1469e+08,1.4523,1.4523,1.4523,2.39844,2.39844,2.39844
829,7.16911e+06,7.16911e+06,7.16911e+06,1905.57,1905.57,1905.57,2106.94,2106.94,2106.94,2.39647e+06,2.39647e+06,2.39647e+06,2.74397e+06,2.74397e+06,2.74397e+06,2796.2,2796.2,2796.2,2909.45,2909.45,2909.45,1.1469e+08,1.1469e+08,1.1469e+08,1.44853,1.44853,1.44853,2.39211,2.39211,2.39211
830,7.16902e+06,7.16902e+06,7.16902e+06,1900.08,1900.08,1900.08,2100.84,2100.84,2100.84,2.39638e+06,2.39638e+06,2.39638e+06,2.74386e+06,2.74386e+06,2.74386e+06,2788.12,2788.12,2788.12,2901,2901,2901,1.1469e+08,1.1469e+08,1.1469e+08,1.44448,1.44448,1.44448,2.38537,2.38537,2.38537
831,7.16898e+06,7.16898e+06,7.16898e+06,1894.35,1894.35,1894.35,2094.5,2094.5,2094.5,2.39628e+06,2.39628e+06,2.39628e+06,2.74376e+06,2.74376e+06,2.74376e+06,2779.66,2779.66,2779.66,2892.21,2892.21,2892.21,1.1469e+08,1.1469e+08,1.1469e+08,1.44021,1.44021,1.44021,2.37829,2.37829,2.37829
832,7.16899e+06,7.16899e+06,7.16899e+06,1888.44,1888.44,1888.44,2088.02,2088.02,2088.02,2.39619e+06,2.39619e+06,2.39619e+06,2.74365e+06,2.74365e+06,2.74365e+06,2770.95,2770.95,2770.95,2883.21,2883.21,2883.21,1.1469e+08,1.1469e+08,1.1469e+08,1.43577,1.43577,1.43577,2.37099,2.37099,2.37099
833,7.16907e+06,7.16907e+06,7.16907e+06,1882.46,1882.46,1882.46,2081.48,2081.48,2081.48,2.39609e+06,2.39609e+06,2.39609e+06,2.74354e+06,2.74354e+06,2.74354e+06,2762.1,2762.1,2762.1,2874.12,2874.12,2874.12,1.1469e+08,1.1469e+08,1.1469e+08,1.43123,1.43123,1.43123,2.36358,2.36358,2.36358
834,7.16921e+06,7.16921e+06,7.16921e+06,1876.47,1876.47,1876.47,2074.99,2074.99,2074.99,2.39599e+06,2.39599e+06,2.39599e+06,2.74344e+06,2.74344e+06,2.74344e+06,2753.25,2753.25,2753.25,2865.08,2865.08,2865.08,1.1469e+08,1.1469e+08,1.1469e+08,1.42666,1.42666,1.42666,2.35615,2.35615,2.35615
835,7.1694e+06,7.1694e+06,7.1694e+06,1870.58,1870.58,1870.58,2068.63,2068.63,2068.63,2.39589e+06,2.39589e+06,2.39589e+06,2.74333e+06,2.74333e+06,2.74333e+06,2744.52,2744.52,2744.52,2856.21,2856.21,2856.21,1.1469e+08,1.1469e+08,1.1469e+08,1.42213,1.42213,1.42213,2.34882,2.34882,2.34882
836,7.16965e+06,7.16965e+06,7.16965e+06,1864.85,1864.85,1864.85,2062.48,2062.48,2062.48,2.39579e+06,2.39579e+06,2.39579e+06,2.74322e+06,2.74322e+06,2.74322e+06,2736.03,2736.03,2736.03,2847.64,2847.64,2847.64,1.1469e+08,1.1469e+08,1.1469e+08,1.41768,1.41768,1.41768,2.34168,2.34168,2.34168
837,7.16995e+06,7.16995e+06,7.16995e+06,1859.37,1859.37,1859.37,2056.64,2056.64,2056.64,2.39568e+06,2.39568e+06,2.39568e+06,2.74311e+06,2.74311e+06,2.74311e+06,2727.89,2727.89,2727.89,2839.48,2839.48,2839.48,1.1469e+08,1.1469e+08,1.1469e+08,1.4134,1.4134,1.4134,2.33484,2.33484,2.33484
838,7.1703e+06,7.1703e+06,7.1703e+06,1854.22,1854.22,1854.22,2051.19,2051.19,2051.19,2.39558e+06,2.39558e+06,2.39558e+06,2.743e+06,2.743e+06,2.743e+06,2720.22,2720.22,2720.22,2831.84,2831.84,2831.84,1.1469e+08,1.1469e+08,1.1469e+08,1.40933,1.40933,1.40933,2.32838,2.32838,2.32838
839,7.1707e+06,7.1707e+06,7.1707e+06,1849.46,1849.46,1849.46,2046.19,2046.19,2046.19,2.39547e+06,2.39547e+06,2.39547e+06,2.74288e+06,2.74288e+06,2.74288e+06,2713.12,2713.12,2713.12,2824.83,2824.83,2824.83,1.1469e+08,1.1469e+08,1.1469e+08,1.40553,1.40553,1.40553,2.32239,2.32239,2.32239
840,7.17114e+06,7.17114e+06,7.17114e+06,1845.16,1845.16,1845.16,2041.72,2041.72,2041.72,2.39537e+06,2.39537e+06,2.39537e+06,2.74277e+06,2.74277e+06,2.74277e+06,2706.68,2706.68,2706.68,2818.53,2818.53,2818.53,1.1469e+08,1.1469e+08,1.1469e+08,1.40204,1.40204,1.40204,2.31696,2.31696,2.31696
841,7.17161e+06,7.17161e+06,7.17161e+06,1841.36,1841.36,1841.36,2037.83,2037.83,2037.83,2.39526e+06,2.39526e+06,2.39526e+06,2.74266e+06,2.74266e+06,2.74266e+06,2700.99,2700.99,2700.99,2813.02,2813.02,2813.02,1.1469e+08,1.1469e+08,1.1469e+08,1.39893,1.39893,1.39893,2.31216,2.31216,2.31216
842,7.17212e+06,7.17212e+06,7.17212e+06,1838.13,1838.13,1838.13,2034.58,2034.58,2034.58,2.39515e+06,2.39515e+06,2.39515e+06,2.74255e+06,2.74255e+06,2.74255e+06,2696.11,2696.11,2696.11,2808.39,2808.39,2808.39,1.1469e+08,1.1469e+08,1.1469e+08,1.39622,1.39622,1.39622,2.30804,2.30804,2.30804
843,7.17265e+06,7.17265e+06,7.17265e+06,1835.51,1835.51,1835.51,2031.99,2031.99,2031.99,2.39504e+06,2.39504e+06,2.39504e+06,2.74243e+06,2.74243e+06,2.74243e+06,2692.11,2692.11,2692.11,2804.68,2804.68,2804.68,1.1469e+08,1.1469e+08,1.1469e+08,1.39395,1.39395,1.39395,2.30465,2.30465,2.30465
844,7.17321e+06,7.17321e+06,7.17321e+06,1833.51,1833.51,1833.51,2030.11,2030.11,2030.11,2.39492e+06,2.39492e+06,2.39492e+06,2.74232e+06,2.74232e+06,2.74232e+06,2689.04,2689.04,2689.04,2801.93,2801.93,2801.93,1.1469e+08,1.1469e+08,1.1469e+08,1.39215,1.39215,1.39215,2.30205,2.30205,2.30205
845,7.17377e+06,7.17377e+06,7.17377e+06,1832.18,1832.18,1832.18,2028.96,2028.96,2028.96,2.39481e+06,2.39481e+06,2.39481e+06,2.74221e+06,2.74221e+06,2.74221e+06,2686.93,2686.93,2686.93,2800.19,2800.19,2800.19,1.14689e+08,1.14689e+08,1.14689e+08,1.39084,1.39084,1.39084,2.30026,2.30026,2.30026
846,7.17434e+06,7.17434e+06,7.17434e+06,1831.51,1831.51,1831.51,2028.54,2028.54,2028.54,2.3947e+06,2.3947e+06,2.3947e+06,2.74209e+06,2.74209e+06,2.74209e+06,2685.81,2685.81,2685.81,2799.47,2799.47,2799.47,1.14689e+08,1.14689e+08,1.14689e+08,1.39004,1.39004,1.39004,2.2993,2.2993,2.2993
847,7.17491e+06,7.17491e+06,7.17491e+06,1831.53,1831.53,1831.53,2028.87,2028.87,2028.87,2.39458e+06,2.39458e+06,2.39458e+06,2.74198e+06,2.74198e+06,2.74198e+06,2685.69,2685.69,2685.69,2799.77,2799.77,2799.77,1.14689e+08,1.14689e+08,1.14689e+08,1.38975,1.38975,1.38975,2.29918,2.29918,2.29918
848,7.17547e+06,7.17547e+06,7.17547e+06,1832.22,1832.22,1832.22,2029.93,2029.93,2029.93,2.39447e+06,2.39447e+06,2.39447e+06,2.74187e+06,2.74187e+06,2.74187e+06,2686.55,2686.55,2686.55,2801.08,2801.08,2801.08,1.14689e+08,1.14689e+08,1.14689e+08,1.38997,1.38997,1.38997,2.29989,2.29989,2.29989
849,7.17602e+06,7.17602e+06,7.17602e+06,1833.58,1833.58,1833.58,2031.71,2031.71,2031.71,2.39436e+06,2.39436e+06,2.39436e+06,2.74176e+06,2.74176e+06,2.74176e+06,2688.4,2688.4,2688.4,2803.38,2803.38,2803.38,1.14689e+08,1.14689e+08,1.14689e+08,1.3907,1.3907,1.3907,2.30143,2.30143,2.30143
850,7.17655e+06,7.17655e+06,7.17655e+06,1835.58,1835.58,1835.58,2034.18,2034.18,2034.18,2.39424e+06,2.39424e+06,2.39424e+06,2.74165e+06,2.74165e+06,2.74165e+06,2691.19,2691.19,2691.19,2806.64,2806.64,2806.64,1.14689e+08,1.14689e+08,1.14689e+08,1.39193,1.39193,1.39193,2.30377,2.30377,2.30377
851,7.17705e+06,7.17705e+06,7.17705e+06,1838.2,1838.2,1838.2,2037.31,2037.31,2037.31,2.39413e+06,2.39413e+06,2.39413e+06,2.74154e+06,2.74154e+06,2.74154e+06,2694.88,2694.88,2694.88,2810.81,2810.81,2810.81,1.14689e+08,1.14689e+08,1.14689e+08,1.39364,1.39364,1.39364,2.30688,2.30688,2.30688
852,7.17752e+06,7.17752e+06,7.17752e+06,1841.39,1841.39,1841.39,2041.05,2041.05,2041.05,2.39401e+06,2.39401e+06,2.39401e+06,2.74143e+06,2.74143e+06,2.74143e+06,2699.43,2699.43,2699.43,2815.83,2815.83,2815.83,1.14689e+08,1.14689e+08,1.14689e+08,1.39581,1.39581,1.39581,2.3107,2.3107,2.3107
853,7.17795e+06,7.17795e+06,7.17795e+06,1845.11,1845.11,1845.11,2045.34,2045.34,2045.34,2.3939e+06,2.3939e+06,2.3939e+06,2.74132e+06,2.74132e+06,2.74132e+06,2704.76,2704.76,2704.76,2821.62,2821.62,2821.62,1.14689e+08,1.14689e+08,1.14689e+08,1.39839,1.39839,1.39839,2.3152,2.3152,2.3152
854,7.17834e+06,7.17834e+06,7.17834e+06,1849.32,1849.32,1849.32,2050.14,2050.14,2050.14,2.39379e+06,2.39379e+06,2.39379e+06,2.74122e+06,2.74122e+06,2.74122e+06,2710.8,2710.8,2710.8,2828.11,2828.11,2828.11,1.14689e+08,1.14689e+08,1.14689e+08,1.40136,1.40136,1.40136,2.32029,2.32029,2.32029
855,7.17869e+06,7.17869e+06,7.17869e+06,1853.94,1853.94,1853.94,2055.36,2055.36,2055.36,2.39367e+06,2.39367e+06,2.39367e+06,2.74111e+06,2.74111e+06,2.74111e+06,2717.46,2717.46,2717.46,2835.19,2835.19,2835.19,1.1469e+08,1.1469e+08,1.1469e+08,1.40468,1.40468,1.40468,2.32591,2.32591,2.32591
856,7.17899e+06,7.17899e+06,7.17899e+06,1858.91,1858.91,1858.91,2060.94,2060.94,2060.94,2.39356e+06,2.39356e+06,2.39356e+06,2.74101e+06,2.74101e+06,2.74101e+06,2724.65,2724.65,2724.65,2842.78,2842.78,2842.78,1.1469e+08,1.1469e+08,1.1469e+08,1.40829,1.40829,1.40829,2.33198,2.33198,2.33198
857,7.17923e+06,7.17923e+06,7.17923e+06,1864.17,1864.17,1864.17,2066.8,2066.8,2066.8,2.39345e+06,2.39345e+06,2.39345e+06,2.74091e+06,2.74091e+06,2.74091e+06,2732.26,2732.26,2732.26,2850.75,2850.75,2850.75,1.1469e+08,1.1469e+08,1.1469e+08,1.41215,1.41215,1.41215,2.33842,2.33842,2.33842
858,7.17942e+06,7.17942e+06,7.17942e+06,1869.64,1869.64,1869.64,2072.84,2072.84,2072.84,2.39334e+06,2.39334e+06,2.39334e+06,2.74081e+06,2.74081e+06,2.74081e+06,2740.19,2740.19,2740.19,2859,2859,2859,1.14691e+08,1.14691e+08,1.14691e+08,1.41619,1.41619,1.41619,2.34513,2.34513,2.34513
859,7.17956e+06,7.17956e+06,7.17956e+06,1875.23,1875.23,1875.23,2079,2079,2079,2.39324e+06,2.39324e+06,2.39324e+06,2.74071e+06,2.74071e+06,2.74071e+06,2748.32,2748.32,2748.32,2867.41,2867.41,2867.41,1.14691e+08,1.14691e+08,1.14691e+08,1.42037,1.42037,1.42037,2.35201,2.35201,2.35201
860,7.17964e+06,7.17964e+06,7.17964e+06,1880.88,1880.88,1880.88,2085.17,2085.17,2085.17,2.39313e+06,2.39313e+06,2.39313e+06,2.74062e+06,2.74062e+06,2.74062e+06,2756.52,2756.52,2756.52,2875.85,2875.85,2875.85,1.14692e+08,1.14692e+08,1.14692e+08,1.42462,1.42462,1.42462,2.35896,2.35896,2.35896
861,7.17967e+06,7.17967e+06,7.17967e+06,1886.48,1886.48,1886.48,2091.26,2091.26,2091.26,2.39303e+06,2.39303e+06,2.39303e+06,2.74052e+06,2.74052e+06,2.74052e+06,2764.69,2764.69,2764.69,2884.19,2884.19,2884.19,1.14692e+08,1.14692e+08,1.14692e+08,1.42887,1.42887,1.42887,2.36588,2.36588,2.36588
862,7.17964e+06,7.17964e+06,7.17964e+06,1891.97,1891.97,1891.97,2097.19,2097.19,2097.19,2.39292e+06,2.39292e+06,2.39292e+06,2.74043e+06,2.74043e+06,2.74043e+06,2772.68,2772.68,2772.68,2892.31,2892.31,2892.31,1.14693e+08,1.14693e+08,1.14693e+08,1.43307,1.43307,1.43307,2.37268,2.37268,2.37268
863,7.17957e+06,7.17957e+06,7.17957e+06,1897.25,1897.25,1897.25,2102.87,2102.87,2102.87,2.39282e+06,2.39282e+06,2.39282e+06,2.74034e+06,2.74034e+06,2.74034e+06,2780.4,2780.4,2780.4,2900.1,2900.1,2900.1,1.14694e+08,1.14694e+08,1.14694e+08,1.43715,1.43715,1.43715,2.37924,2.37924,2.37924
864,7.17944e+06,7.17944e+06,7.17944e+06,1902.26,1902.26,1902.26,2108.2,2108.2,2108.2,2.39273e+06,2.39273e+06,2.39273e+06,2.74024e+06,2.74024e+06,2.74024e+06,2787.71,2787.71,2787.71,2907.42,2907.42,2907.42,1.14695e+08,1.14695e+08,1.14695e+08,1.44104,1.44104,1.44104,2.38546,2.38546,2.38546
865,7.17927e+06,7.17927e+06,7.17927e+06,1906.9,1906.9,1906.9,2113.11,2113.11,2113.11,2.39263e+06,2.39263e+06,2.39263e+06,2.74016e+06,2.74016e+06,2.74016e+06,2794.5,2794.5,2794.5,2914.16,2914.16,2914.16,1.14696e+08,1.14696e+08,1.14696e+08,1.4447,1.4447,1.4447,2.39126,2.39126,2.39126
866,7.17906e+06,7.17906e+06,7.17906e+06,1911.12,1911.12,1911.12,2117.52,2117.52,2117.52,2.39253e+06,2.39253e+06,2.39253e+06,2.74007e+06,2.74007e+06,2.74007e+06,2800.67,2800.67,2800.67,2920.23,2920.23,2920.23,1.14697e+08,1.14697e+08,1.14697e+08,1.44806,1.44806,1.44806,2.39653,2.39653,2.39653
867,7.17881e+06,7.17881e+06,7.17881e+06,1914.84,1914.84,1914.84,2121.36,2121.36,2121.36,2.39244e+06,2.39244e+06,2.39244e+06,2.73998e+06,2.73998e+06,2.73998e+06,2806.12,2806.12,2806.12,2925.52,2925.52,2925.52,1.14698e+08,1.14698e+08,1.14698e+08,1.45108,1.45108,1.45108,2.40121,2.40121,2.40121
868,7.17853e+06,7.17853e+06,7.17853e+06,1918,1918,1918,2124.57,2124.57,2124.57,2.39235e+06,2.39235e+06,2.39235e+06,2.73989e+06,2.73989e+06,2.73989e+06,2810.76,2810.76,2810.76,2929.95,2929.95,2929.95,1.14699e+08,1.14699e+08,1.14699e+08,1.45369,1.45369,1.45369,2.4052,2.4052,2.4052
869,7.17823e+06,7.17823e+06,7.17823e+06,1920.56,1920.56,1920.56,2127.1,2127.1,2127.1,2.39226e+06,2.39226e+06,2.39226e+06,2.73981e+06,2.73981e+06,2.73981e+06,2814.52,2814.52,2814.52,2933.44,2933.44,2933.44,1.147e+08,1.147e+08,1.147e+08,1.45587,1.45587,1.45587,2.40846,2.40846,2.40846
870,7.17791e+06,7.17791e+06,7.17791e+06,1922.46,1922.46,1922.46,2128.91,2128.91,2128.91,2.39217e+06,2.39217e+06,2.39217e+06,2.73972e+06,2.73972e+06,2.73972e+06,2817.33,2817.33,2817.33,2935.94,2935.94,2935.94,1.14701e+08,1.14701e+08,1.14701e+08,1.45757,1.45757,1.45757,2.41092,2.41092,2.41092
871,7.17758e+06,7.17758e+06,7.17758e+06,1923.69,1923.69,1923.69,2129.96,2129.96,2129.96,2.39208e+06,2.39208e+06,2.39208e+06,2.73964e+06,2.73964e+06,2.73964e+06,2819.15,2819.15,2819.15,2937.4,2937.4,2937.4,1.14702e+08,1.14702e+08,1.14702e+08,1.45876,1.45876,1.45876,2.41255,2.41255,2.41255
872,7.17725e+06,7.17725e+06,7.17725e+06,1924.22,1924.22,1924.22,2130.24,2130.24,2130.24,2.392e+06,2.392e+06,2.392e+06,2.73956e+06,2.73956e+06,2.73956e+06,2819.95,2819.95,2819.95,2937.8,2937.8,2937.8,1.14703e+08,1.14703e+08,1.14703e+08,1.45944,1.45944,1.45944,2.41331,2.41331,2.41331
873,7.17691e+06,7.17691e+06,7.17691e+06,1924.04,1924.04,1924.04,2129.75,2129.75,2129.75,2.39192e+06,2.39192e+06,2.39192e+06,2.73947e+06,2.73947e+06,2.73947e+06,2819.7,2819.7,2819.7,2937.13,2937.13,2937.13,1.14705e+08,1.14705e+08,1.14705e+08,1.45957,1.45957,1.45957,2.4132,2.4132,2.4132
874,7.17659e+06,7.17659e+06,7.17659e+06,1923.14,1923.14,1923.14,2128.48,2128.48,2128.48,2.39183e+06,2.39183e+06,2.39183e+06,2.73939e+06,2.73939e+06,2.73939e+06,2818.41,2818.41,2818.41,2935.4,2935.4,2935.4,1.14706e+08,1.14706e+08,1.14706e+08,1.45917,1.45917,1.45917,2.4122,2.4122,2.4122
875,7.17629e+06,7.17629e+06,7.17629e+06,1921.55,1921.55,1921.55,2126.45,2126.45,2126.45,2.39175e+06,2.39175e+06,2.39175e+06,2.7393e+06,2.7393e+06,2.7393e+06,2816.09,2816.09,2816.09,2932.62,2932.62,2932.62,1.14707e+08,1.14707e+08,1.14707e+08,1.45823,1.45823,1.45823,2.41034,2.41034,2.41034
876,7.176e+06,7.176e+06,7.176e+06,1919.28,1919.28,1919.28,2123.71,2123.71,2123.71,2.39167e+06,2.39167e+06,2.39167e+06,2.73922e+06,2.73922e+06,2.73922e+06,2812.78,2812.78,2812.78,2928.84,2928.84,2928.84,1.14708e+08,1.14708e+08,1.14708e+08,1.45677,1.45677,1.45677,2.40764,2.40764,2.40764
877,7.17575e+06,7.17575e+06,7.17575e+06,1916.38,1916.38,1916.38,2120.28,2120.28,2120.28,2.39159e+06,2.39159e+06,2.39159e+06,2.73914e+06,2.73914e+06,2.73914e+06,2808.53,2808.53,2808.53,2924.11,2924.11,2924.11,1.14709e+08,1.14709e+08,1.14709e+08,1.45481,1.45481,1.45481,2.40414,2.40414,2.40414
878,7.17554e+06,7.17554e+06,7.17554e+06,1912.87,1912.87,1912.87,2116.21,2116.21,2116.21,2.39151e+06,2.39151e+06,2.39151e+06,2.73905e+06,2.73905e+06,2.73905e+06,2803.39,2803.39,2803.39,2918.51,2918.51,2918.51,1.14711e+08,1.14711e+08,1.14711e+08,1.45238,1.45238,1.45238,2.39989,2.39989,2.39989
879,7.17536e+06,7.17536e+06,7.17536e+06,1908.82,1908.82,1908.82,2111.58,2111.58,2111.58,2.39142e+06,2.39142e+06,2.39142e+06,2.73897e+06,2.73897e+06,2.73897e+06,2797.46,2797.46,2797.46,2912.11,2912.11,2912.11,1.14712e+08,1.14712e+08,1.14712e+08,1.44951,1.44951,1.44951,2.39496,2.39496,2.39496
880,7.17523e+06,7.17523e+06,7.17523e+06,1904.29,1904.29,1904.29,2106.46,2106.46,2106.46,2.39134e+06,2.39134e+06,2.39134e+06,2.73888e+06,2.73888e+06,2.73888e+06,2790.8,2790.8,2790.8,2905.02,2905.02,2905.02,1.14713e+08,1.14713e+08,1.14713e+08,1.44625,1.44625,1.44625,2.38942,2.38942,2.38942
881,7.17515e+06,7.17515e+06,7.17515e+06,1899.35,1899.35,1899.35,2100.9,2100.9,2100.9,2.39126e+06,2.39126e+06,2.39126e+06,2.73879e+06,2.73879e+06,2.73879e+06,2783.53,2783.53,2783.53,2897.34,2897.34,2897.34,1.14714e+08,1.14714e+08,1.14714e+08,1.44264,1.44264,1.44264,2.38335,2.38335,2.38335
882,7.17512e+06,7.17512e+06,7.17512e+06,1894.06,1894.06,1894.06,2095.02,2095.02,2095.02,2.39118e+06,2.39118e+06,2.39118e+06,2.7387e+06,2.7387e+06,2.7387e+06,2775.75,2775.75,2775.75,2889.19,2889.19,2889.19,1.14715e+08,1.14715e+08,1.14715e+08,1.43875,1.43875,1.43875,2.37685,2.37685,2.37685
883,7.17515e+06,7.17515e+06,7.17515e+06,1888.52,1888.52,1888.52,2088.88,2088.88,2088.88,2.3911e+06,2.3911e+06,2.3911e+06,2.73862e+06,2.73862e+06,2.73862e+06,2767.58,2767.58,2767.58,2880.68,2880.68,2880.68,1.14716e+08,1.14716e+08,1.14716e+08,1.43462,1.43462,1.43462,2.37001,2.37001,2.37001
884,7.17523e+06,7.17523e+06,7.17523e+06,1882.79,1882.79,1882.79,2082.58,2082.58,2082.58,2.39101e+06,2.39101e+06,2.39101e+06,2.73853e+06,2.73853e+06,2.73853e+06,2759.14,2759.14,2759.14,2871.94,2871.94,2871.94,1.14717e+08,1.14717e+08,1.14717e+08,1.43033,1.43033,1.43033,2.36293,2.36293,2.36293
885,7.17537e+06,7.17537e+06,7.17537e+06,1876.97,1876.97,1876.97,2076.22,2076.22,2076.22,2.39093e+06,2.39093e+06,2.39093e+06,2.73843e+06,2.73843e+06,2.73843e+06,2750.55,2750.55,2750.55,2863.1,2863.1,2863.1,1.14718e+08,1.14718e+08,1.14718e+08,1.42593,1.42593,1.42593,2.35572,2.35572,2.35572
886,7.17557e+06,7.17557e+06,7.17557e+06,1871.15,1871.15,1871.15,2069.88,2069.88,2069.88,2.39084e+06,2.39084e+06,2.39084e+06,2.73834e+06,2.73834e+06,2.73834e+06,2741.94,2741.94,2741.94,2854.28,2854.28,2854.28,1.14719e+08,1.14719e+08,1.14719e+08,1.42149,1.42149,1.42149,2.34849,2.34849,2.34849
887,7.17583e+06,7.17583e+06,7.17583e+06,1865.39,1865.39,1865.39,2063.66,2063.66,2063.66,2.39076e+06,2.39076e+06,2.39076e+06,2.73825e+06,2.73825e+06,2.73825e+06,2733.42,2733.42,2733.42,2845.62,2845.62,2845.62,1.1472e+08,1.1472e+08,1.1472e+08,1.41706,1.41706,1.41706,2.34133,2.34133,2.34133
888,7.17614e+06,7.17614e+06,7.17614e+06,1859.8,1859.8,1859.8,2057.64,2057.64,2057.64,2.39067e+06,2.39067e+06,2.39067e+06,2.73816e+06,2.73816e+06,2.73816e+06,2725.13,2725.13,2725.13,2837.23,2837.23,2837.23,1.14721e+08,1.14721e+08,1.14721e+08,1.41273,1.41273,1.41273,2.33434,2.33434,2.33434
889,7.17651e+06,7.17651e+06,7.17651e+06,1854.44,1854.44,1854.44,2051.92,2051.92,2051.92,2.39058e+06,2.39058e+06,2.39058e+06,2.73806e+06,2.73806e+06,2.73806e+06,2717.17,2717.17,2717.17,2829.24,2829.24,2829.24,1.14722e+08,1.14722e+08,1.14722e+08,1.40854,1.40854,1.40854,2.32764,2.32764,2.32764
890,7.17692e+06,7.17692e+06,7.17692e+06,1849.39,1849.39,1849.39,2046.56,2046.56,2046.56,2.39049e+06,2.39049e+06,2.39049e+06,2.73797e+06,2.73797e+06,2.73797e+06,2709.66,2709.66,2709.66,2821.74,2821.74,2821.74,1.14722e+08,1.14722e+08,1.14722e+08,1.40455,1.40455,1.40455,2.32131,2.32131,2.32131
891,7.17738e+06,7.17738e+06,7.17738e+06,1844.72,1844.72,1844.72,2041.66,2041.66,2041.66,2.3904e+06,2.3904e+06,2.3904e+06,2.73787e+06,2.73787e+06,2.73787e+06,2702.69,2702.69,2702.69,2814.85,2814.85,2814.85,1.14723e+08,1.14723e+08,1.14723e+08,1.40082,1.40082,1.40082,2.31543,2.31543,2.31543
892,7.17788e+06,7.17788e+06,7.17788e+06,1840.49,1840.49,1840.49,2037.26,2037.26,2037.26,2.3903e+06,2.3903e+06,2.3903e+06,2.73778e+06,2.73778e+06,2.73778e+06,2696.38,2696.38,2696.38,2808.66,2808.66,2808.66,1.14724e+08,1.14724e+08,1.14724e+08,1.39741,1.39741,1.39741,2.3101,2.3101,2.3101
893,7.17842e+06,7.17842e+06,7.17842e+06,1836.77,1836.77,1836.77,2033.43,2033.43,2033.43,2.39021e+06,2.39021e+06,2.39021e+06,2.73768e+06,2.73768e+06,2.73768e+06,2690.78,2690.78,2690.78,2803.25,2803.25,2803.25,1.14725e+08,1.14725e+08,1.14725e+08,1.39435,1.39435,1.39435,2.30537,2.30537,2.30537
894,7.17899e+06,7.17899e+06,7.17899e+06,1833.59,1833.59,1833.59,2030.23,2030.23,2030.23,2.39011e+06,2.39011e+06,2.39011e+06,2.73759e+06,2.73759e+06,2.73759e+06,2686,2686,2686,2798.69,2798.69,2798.69,1.14725e+08,1.14725e+08,1.14725e+08,1.39169,1.39169,1.39169,2.30132,2.30132,2.30132
895,7.17959e+06,7.17959e+06,7.17959e+06,1831.02,1831.02,1831.02,2027.68,2027.68,2027.68,2.39002e+06,2.39002e+06,2.39002e+06,2.73749e+06,2.73749e+06,2.73749e+06,2682.07,2682.07,2682.07,2795.04,2795.04,2795.04,1.14726e+08,1.14726e+08,1.14726e+08,1.38946,1.38946,1.38946,2.29799,2.29799,2.29799
896,7.1802e+06,7.1802e+06,7.1802e+06,1829.06,1829.06,1829.06,2025.84,2025.84,2025.84,2.38992e+06,2.38992e+06,2.38992e+06,2.73739e+06,2.73739e+06,2.73739e+06,2679.06,2679.06,2679.06,2792.34,2792.34,2792.34,1.14727e+08,1.14727e+08,1.14727e+08,1.3877,1.3877,1.3877,2.29543,2.29543,2.29543
897,7.18083e+06,7.18083e+06,7.18083e+06,1827.76,1827.76,1827.76,2024.71,2024.71,2024.71,2.38982e+06,2.38982e+06,2.38982e+06,2.7373e+06,2.7373e+06,2.7373e+06,2677,2677,2677,2790.64,2790.64,2790.64,1.14727e+08,1.14727e+08,1.14727e+08,1.38641,1.38641,1.38641,2.29368,2.29368,2.29368
898,7.18146e+06,7.18146e+06,7.18146e+06,1827.13,1827.13,1827.13,2024.32,2024.32,2024.32,2.38972e+06,2.38972e+06,2.38972e+06,2.7372e+06,2.7372e+06,2.7372e+06,2675.92,2675.92,2675.92,2789.94,2789.94,2789.94,1.14728e+08,1.14728e+08,1.14728e+08,1.38563,1.38563,1.38563,2.29274,2.29274,2.29274
899,7.1821e+06,7.1821e+06,7.1821e+06,1827.17,1827.17,1827.17,2024.67,2024.67,2024.67,2.38962e+06,2.38962e+06,2.38962e+06,2.7371e+06,2.7371e+06,2.7371e+06,2675.83,2675.83,2675.83,2790.27,2790.27,2790.27,1.14729e+08,1.14729e+08,1.14729e+08,1.38536,1.38536,1.38536,2.29264,2.29264,2.29264
900,7.18272e+06,7.18272e+06,7.18272e+06,1827.88,1827.88,1827.88,2025.75,2025.75,2025.75,2.38953e+06,2.38953e+06,2.38953e+06,2.73701e+06,2.73701e+06,2.73701e+06,2676.72,2676.72,2676.72,2791.6,2791.6,2791.6,1.14729e+08,1.14729e+08,1.14729e+08,1.3856,1.3856,1.3856,2.29338,2.29338,2.29338
901,7.18334e+06,7.18334e+06,7.18334e+06,1829.26,1829.26,1829.26,2027.54,2027.54,2027.54,2.38943e+06,2.38943e+06,2.38943e+06,2.73692e+06,2.73692e+06,2.73692e+06,2678.59,2678.59,2678.59,2793.92,2793.92,2793.92,1.1473e+08,1.1473e+08,1.1473e+08,1.38635,1.38635,1.38635,2.29493,2.29493,2.29493
902,7.18393e+06,7.18393e+06,7.18393e+06,1831.28,1831.28,1831.28,2030.03,2030.03,2030.03,2.38933e+06,2.38933e+06,2.38933e+06,2.73682e+06,2.73682e+06,2.73682e+06,2681.4,2681.4,2681.4,2797.2,2797.2,2797.2,1.14731e+08,1.14731e+08,1.14731e+08,1.38759,1.38759,1.38759,2.29729,2.29729,2.29729
903,7.1845e+06,7.1845e+06,7.1845e+06,1833.92,1833.92,1833.92,2033.18,2033.18,2033.18,2.38923e+06,2.38923e+06,2.38923e+06,2.73673e+06,2.73673e+06,2.73673e+06,2685.12,2685.12,2685.12,2801.38,2801.38,2801.38,1.14732e+08,1.14732e+08,1.14732e+08,1.38932,1.38932,1.38932,2.30041,2.30041,2.30041
904,7.18504e+06,7.18504e+06,7.18504e+06,1837.13,1837.13,1837.13,2036.94,2036.94,2036.94,2.38913e+06,2.38913e+06,2.38913e+06,2.73664e+06,2.73664e+06,2.73664e+06,2689.69,2689.69,2689.69,2806.42,2806.42,2806.42,1.14732e+08,1.14732e+08,1.14732e+08,1.39149,1.39149,1.39149,2.30426,2.30426,2.30426
905,7.18553e+06,7.18553e+06,7.18553e+06,1840.89,1840.89,1840.89,2041.26,2041.26,2041.26,2.38903e+06,2.38903e+06,2.38903e+06,2.73655e+06,2.73655e+06,2.73655e+06,2695.06,2695.06,2695.06,2812.24,2812.24,2812.24,1.14733e+08,1.14733e+08,1.14733e+08,1.3941,1.3941,1.3941,2.30877,2.30877,2.30877
906,7.18599e+06,7.18599e+06,7.18599e+06,1845.12,1845.12,1845.12,2046.09,2046.09,2046.09,2.38893e+06,2.38893e+06,2.38893e+06,2.73646e+06,2.73646e+06,2.73646e+06,2701.14,2701.14,2701.14,2818.77,2818.77,2818.77,1.14734e+08,1.14734e+08,1.14734e+08,1.39709,1.39709,1.39709,2.3139,2.3139,2.3139
907,7.18641e+06,7.18641e+06,7.18641e+06,1849.79,1849.79,1849.79,2051.36,2051.36,2051.36,2.38883e+06,2.38883e+06,2.38883e+06,2.73638e+06,2.73638e+06,2.73638e+06,2707.85,2707.85,2707.85,2825.9,2825.9,2825.9,1.14735e+08,1.14735e+08,1.14735e+08,1.40043,1.40043,1.40043,2.31956,2.31956,2.31956
908,7.18677e+06,7.18677e+06,7.18677e+06,1854.81,1854.81,1854.81,2056.99,2056.99,2056.99,2.38874e+06,2.38874e+06,2.38874e+06,2.73629e+06,2.73629e+06,2.73629e+06,2715.1,2715.1,2715.1,2833.55,2833.55,2833.55,1.14736e+08,1.14736e+08,1.14736e+08,1.40407,1.40407,1.40407,2.32568,2.32568,2.32568
909,7.18708e+06,7.18708e+06,7.18708e+06,1860.13,1860.13,1860.13,2062.91,2062.91,2062.91,2.38864e+06,2.38864e+06,2.38864e+06,2.73621e+06,2.73621e+06,2.73621e+06,2722.78,2722.78,2722.78,2841.6,2841.6,2841.6,1.14737e+08,1.14737e+08,1.14737e+08,1.40797,1.40797,1.40797,2.33218,2.33218,2.33218
910,7.18734e+06,7.18734e+06,7.18734e+06,1865.66,1865.66,1865.66,2069.04,2069.04,2069.04,2.38855e+06,2.38855e+06,2.38855e+06,2.73613e+06,2.73613e+06,2.73613e+06,2730.8,2730.8,2730.8,2849.94,2849.94,2849.94,1.14739e+08,1.14739e+08,1.14739e+08,1.41206,1.41206,1.41206,2.33896,2.33896,2.33896
911,7.18754e+06,7.18754e+06,7.18754e+06,1871.34,1871.34,1871.34,2075.28,2075.28,2075.28,2.38846e+06,2.38846e+06,2.38846e+06,2.73605e+06,2.73605e+06,2.73605e+06,2739.03,2739.03,2739.03,2858.45,2858.45,2858.45,1.1474e+08,1.1474e+08,1.1474e+08,1.41628,1.41628,1.41628,2.34592,2.34592,2.34592
912,7.18769e+06,7.18769e+06,7.18769e+06,1877.07,1877.07,1877.07,2081.55,2081.55,2081.55,2.38837e+06,2.38837e+06,2.38837e+06,2.73597e+06,2.73597e+06,2.73597e+06,2747.35,2747.35,2747.35,2867.01,2867.01,2867.01,1.14741e+08,1.14741e+08,1.14741e+08,1.42059,1.42059,1.42059,2.35298,2.35298,2.35298
913,7.18779e+06,7.18779e+06,7.18779e+06,1882.78,1882.78,1882.78,2087.76,2087.76,2087.76,2.38828e+06,2.38828e+06,2.38828e+06,2.73589e+06,2.73589e+06,2.73589e+06,2755.65,2755.65,2755.65,2875.5,2875.5,2875.5,1.14742e+08,1.14742e+08,1.14742e+08,1.42491,1.42491,1.42491,2.36001,2.36001,2.36001
914,7.18783e+06,7.18783e+06,7.18783e+06,1888.38,1888.38,1888.38,2093.82,2093.82,2093.82,2.3882e+06,2.3882e+06,2.3882e+06,2.73582e+06,2.73582e+06,2.73582e+06,2763.8,2763.8,2763.8,2883.78,2883.78,2883.78,1.14744e+08,1.14744e+08,1.14744e+08,1.42919,1.42919,1.42919,2.36694,2.36694,2.36694
915,7.18781e+06,7.18781e+06,7.18781e+06,1893.8,1893.8,1893.8,2099.63,2099.63,2099.63,2.38811e+06,2.38811e+06,2.38811e+06,2.73574e+06,2.73574e+06,2.73574e+06,2771.69,2771.69,2771.69,2891.75,2891.75,2891.75,1.14745e+08,1.14745e+08,1.14745e+08,1.43336,1.43336,1.43336,2.37364,2.37364,2.37364
916,7.18775e+06,7.18775e+06,7.18775e+06,1898.94,1898.94,1898.94,2105.12,2105.12,2105.12,2.38803e+06,2.38803e+06,2.38803e+06,2.73567e+06,2.73567e+06,2.73567e+06,2779.19,2779.19,2779.19,2899.27,2899.27,2899.27,1.14747e+08,1.14747e+08,1.14747e+08,1.43735,1.43735,1.43735,2.38002,2.38002,2.38002
917,7.18764e+06,7.18764e+06,7.18764e+06,1903.74,1903.74,1903.74,2110.19,2110.19,2110.19,2.38795e+06,2.38795e+06,2.38795e+06,2.7356e+06,2.7356e+06,2.7356e+06,2786.19,2786.19,2786.19,2906.23,2906.23,2906.23,1.14748e+08,1.14748e+08,1.14748e+08,1.44112,1.44112,1.44112,2.386,2.386,2.386
918,7.18749e+06,7.18749e+06,7.18749e+06,1908.11,1908.11,1908.11,2114.78,2114.78,2114.78,2.38787e+06,2.38787e+06,2.38787e+06,2.73553e+06,2.73553e+06,2.73553e+06,2792.59,2792.59,2792.59,2912.53,2912.53,2912.53,1.1475e+08,1.1475e+08,1.1475e+08,1.44459,1.44459,1.44459,2.39146,2.39146,2.39146
919,7.1873e+06,7.1873e+06,7.1873e+06,1912,1912,1912,2118.81,2118.81,2118.81,2.38779e+06,2.38779e+06,2.38779e+06,2.73546e+06,2.73546e+06,2.73546e+06,2798.28,2798.28,2798.28,2918.07,2918.07,2918.07,1.14752e+08,1.14752e+08,1.14752e+08,1.44773,1.44773,1.44773,2.39634,2.39634,2.39634
920,7.18709e+06,7.18709e+06,7.18709e+06,1915.35,1915.35,1915.35,2122.22,2122.22,2122.22,2.38772e+06,2.38772e+06,2.38772e+06,2.73539e+06,2.73539e+06,2.73539e+06,2803.19,2803.19,2803.19,2922.76,2922.76,2922.76,1.14754e+08,1.14754e+08,1.14754e+08,1.45048,1.45048,1.45048,2.40055,2.40055,2.40055
921,7.18684e+06,7.18684e+06,7.18684e+06,1918.09,1918.09,1918.09,2124.96,2124.96,2124.96,2.38765e+06,2.38765e+06,2.38765e+06,2.73533e+06,2.73533e+06,2.73533e+06,2807.22,2807.22,2807.22,2926.53,2926.53,2926.53,1.14755e+08,1.14755e+08,1.14755e+08,1.45279,1.45279,1.45279,2.40403,2.40403,2.40403
922,7.18658e+06,7.18658e+06,7.18658e+06,1920.2,1920.2,1920.2,2126.98,2126.98,2126.98,2.38758e+06,2.38758e+06,2.38758e+06,2.73526e+06,2.73526e+06,2.73526e+06,2810.31,2810.31,2810.31,2929.32,2929.32,2929.32,1.14757e+08,1.14757e+08,1.14757e+08,1.45464,1.45464,1.45464,2.40673,2.40673,2.40673
923,7.18631e+06,7.18631e+06,7.18631e+06,1921.63,1921.63,1921.63,2128.25,2128.25,2128.25,2.38751e+06,2.38751e+06,2.38751e+06,2.7352e+06,2.7352e+06,2.7352e+06,2812.43,2812.43,2812.43,2931.08,2931.08,2931.08,1.14759e+08,1.14759e+08,1.14759e+08,1.45598,1.45598,1.45598,2.4086,2.4086,2.4086
924,7.18602e+06,7.18602e+06,7.18602e+06,1922.37,1922.37,1922.37,2128.75,2128.75,2128.75,2.38744e+06,2.38744e+06,2.38744e+06,2.73513e+06,2.73513e+06,2.73513e+06,2813.52,2813.52,2813.52,2931.79,2931.79,2931.79,1.14761e+08,1.14761e+08,1.14761e+08,1.45681,1.45681,1.45681,2.40962,2.40962,2.40962
925,7.18575e+06,7.18575e+06,7.18575e+06,1922.39,1922.39,1922.39,2128.48,2128.48,2128.48,2.38737e+06,2.38737e+06,2.38737e+06,2.73507e+06,2.73507e+06,2.73507e+06,2813.58,2813.58,2813.58,2931.43,2931.43,2931.43,1.14763e+08,1.14763e+08,1.14763e+08,1.4571,1.4571,1.4571,2.40975,2.40975,2.40975
926,7.18547e+06,7.18547e+06,7.18547e+06,1921.71,1921.71,1921.71,2127.43,2127.43,2127.43,2.38731e+06,2.38731e+06,2.38731e+06,2.73501e+06,2.73501e+06,2.73501e+06,2812.59,2812.59,2812.59,2930,2930,2930,1.14765e+08,1.14765e+08,1.14765e+08,1.45686,1.45686,1.45686,2.40901,2.40901,2.40901
927,7.18522e+06,7.18522e+06,7.18522e+06,1920.32,1920.32,1920.32,2125.63,2125.63,2125.63,2.38724e+06,2.38724e+06,2.38724e+06,2.73494e+06,2.73494e+06,2.73494e+06,2810.59,2810.59,2810.59,2927.53,2927.53,2927.53,1.14767e+08,1.14767e+08,1.14767e+08,1.45608,1.45608,1.45608,2.4074,2.4074,2.4074
928,7.18498e+06,7.18498e+06,7.18498e+06,1918.26,1918.26,1918.26,2123.1,2123.1,2123.1,2.38718e+06,2.38718e+06,2.38718e+06,2.73488e+06,2.73488e+06,2.73488e+06,2807.58,2807.58,2807.58,2924.06,2924.06,2924.06,1.14768e+08,1.14768e+08,1.14768e+08,1.45478,1.45478,1.45478,2.40495,2.40495,2.40495
929,7.18478e+06,7.18478e+06,7.18478e+06,1915.55,1915.55,1915.55,2119.88,2119.88,2119.88,2.38711e+06,2.38711e+06,2.38711e+06,2.73481e+06,2.73481e+06,2.73481e+06,2803.63,2803.63,2803.63,2919.63,2919.63,2919.63,1.1477e+08,1.1477e+08,1.1477e+08,1.45297,1.45297,1.45297,2.4017,2.4017,2.4017
930,7.18461e+06,7.18461e+06,7.18461e+06,1912.24,1912.24,1912.24,2116.02,2116.02,2116.02,2.38705e+06,2.38705e+06,2.38705e+06,2.73475e+06,2.73475e+06,2.73475e+06,2798.79,2798.79,2798.79,2914.31,2914.31,2914.31,1.14772e+08,1.14772e+08,1.14772e+08,1.45069,1.45069,1.45069,2.39769,2.39769,2.39769
931,7.18448e+06,7.18448e+06,7.18448e+06,1908.38,1908.38,1908.38,2111.59,2111.59,2111.59,2.38699e+06,2.38699e+06,2.38699e+06,2.73468e+06,2.73468e+06,2.73468e+06,2793.13,2793.13,2793.13,2908.2,2908.2,2908.2,1.14774e+08,1.14774e+08,1.14774e+08,1.44797,1.44797,1.44797,2.39299,2.39299,2.39299
932,7.18439e+06,7.18439e+06,7.18439e+06,1904.03,1904.03,1904.03,2106.64,2106.64,2106.64,2.38692e+06,2.38692e+06,2.38692e+06,2.73462e+06,2.73462e+06,2.73462e+06,2786.75,2786.75,2786.75,2901.37,2901.37,2901.37,1.14776e+08,1.14776e+08,1.14776e+08,1.44485,1.44485,1.44485,2.38766,2.38766,2.38766
933,7.18435e+06,7.18435e+06,7.18435e+06,1899.25,1899.25,1899.25,2101.26,2101.26,2101.26,2.38686e+06,2.38686e+06,2.38686e+06,2.73455e+06,2.73455e+06,2.73455e+06,2779.73,2779.73,2779.73,2893.94,2893.94,2893.94,1.14777e+08,1.14777e+08,1.14777e+08,1.44138,1.44138,1.44138,2.3818,2.3818,2.3818
934,7.18436e+06,7.18436e+06,7.18436e+06,1894.12,1894.12,1894.12,2095.54,2095.54,2095.54,2.3868e+06,2.3868e+06,2.3868e+06,2.73448e+06,2.73448e+06,2.73448e+06,2772.19,2772.19,2772.19,2886.02,2886.02,2886.02,1.14779e+08,1.14779e+08,1.14779e+08,1.43761,1.43761,1.43761,2.37549,2.37549,2.37549
935,7.18443e+06,7.18443e+06,7.18443e+06,1888.72,1888.72,1888.72,2089.54,2089.54,2089.54,2.38673e+06,2.38673e+06,2.38673e+06,2.73441e+06,2.73441e+06,2.73441e+06,2764.25,2764.25,2764.25,2877.72,2877.72,2877.72,1.14781e+08,1.14781e+08,1.14781e+08,1.43361,1.43361,1.43361,2.36883,2.36883,2.36883
936,7.18455e+06,7.18455e+06,7.18455e+06,1883.13,1883.13,1883.13,2083.38,2083.38,2083.38,2.38666e+06,2.38666e+06,2.38666e+06,2.73434e+06,2.73434e+06,2.73434e+06,2756.01,2756.01,2756.01,2869.18,2869.18,2869.18,1.14782e+08,1.14782e+08,1.14782e+08,1.42942,1.42942,1.42942,2.36192,2.36192,2.36192
937,7.18473e+06,7.18473e+06,7.18473e+06,1877.43,1877.43,1877.43,2077.13,2077.13,2077.13,2.3866e+06,2.3866e+06,2.3866e+06,2.73427e+06,2.73427e+06,2.73427e+06,2747.61,2747.61,2747.61,2860.51,2860.51,2860.51,1.14784e+08,1.14784e+08,1.14784e+08,1.42512,1.42512,1.42512,2.35486,2.35486,2.35486
938,7.18497e+06,7.18497e+06,7.18497e+06,1871.71,1871.71,1871.71,2070.89,2070.89,2070.89,2.38653e+06,2.38653e+06,2.38653e+06,2.7342e+06,2.7342e+06,2.7342e+06,2739.16,2739.16,2739.16,2851.86,2851.86,2851.86,1.14786e+08,1.14786e+08,1.14786e+08,1.42076,1.42076,1.42076,2.34775,2.34775,2.34775
939,7.18526e+06,7.18526e+06,7.18526e+06,1866.04,1866.04,1866.04,2064.76,2064.76,2064.76,2.38646e+06,2.38646e+06,2.38646e+06,2.73413e+06,2.73413e+06,2.73413e+06,2730.8,2730.8,2730.8,2843.33,2843.33,2843.33,1.14787e+08,1.14787e+08,1.14787e+08,1.41642,1.41642,1.41642,2.34071,2.34071,2.34071
940,7.18561e+06,7.18561e+06,7.18561e+06,1860.53,1860.53,1860.53,2058.82,2058.82,2058.82,2.38639e+06,2.38639e+06,2.38639e+06,2.73405e+06,2.73405e+06,2.73405e+06,2722.63,2722.63,2722.63,2835.06,2835.06,2835.06,1.14789e+08,1.14789e+08,1.14789e+08,1.41215,1.41215,1.41215,2.33383,2.33383,2.33383
941,7.18601e+06,7.18601e+06,7.18601e+06,1855.23,1855.23,1855.23,2053.16,2053.16,2053.16,2.38632e+06,2.38632e+06,2.38632e+06,2.73398e+06,2.73398e+06,2.73398e+06,2714.78,2714.78,2714.78,2827.16,2827.16,2827.16,1.1479e+08,1.1479e+08,1.1479e+08,1.40802,1.40802,1.40802,2.32721,2.32721,2.32721
942,7.18646e+06,7.18646e+06,7.18646e+06,1850.24,1850.24,1850.24,2047.86,2047.86,2047.86,2.38625e+06,2.38625e+06,2.38625e+06,2.73391e+06,2.73391e+06,2.73391e+06,2707.37,2707.37,2707.37,2819.75,2819.75,2819.75,1.14791e+08,1.14791e+08,1.14791e+08,1.40409,1.40409,1.40409,2.32095,2.32095,2.32095
943,7.18696e+06,7.18696e+06,7.18696e+06,1845.61,1845.61,1845.61,2042.99,2042.99,2042.99,2.38618e+06,2.38618e+06,2.38618e+06,2.73383e+06,2.73383e+06,2.73383e+06,2700.48,2700.48,2700.48,2812.93,2812.93,2812.93,1.14793e+08,1.14793e+08,1.14793e+08,1.4004,1.4004,1.4004,2.31513,2.31513,2.31513
944,7.1875e+06,7.1875e+06,7.1875e+06,1841.42,1841.42,1841.42,2038.62,2038.62,2038.62,2.3861e+06,2.3861e+06,2.3861e+06,2.73375e+06,2.73375e+06,2.73375e+06,2694.22,2694.22,2694.22,2806.78,2806.78,2806.78,1.14794e+08,1.14794e+08,1.14794e+08,1.39702,1.39702,1.39702,2.30983,2.30983,2.30983
945,7.18808e+06,7.18808e+06,7.18808e+06,1837.73,1837.73,1837.73,2034.81,2034.81,2034.81,2.38603e+06,2.38603e+06,2.38603e+06,2.73368e+06,2.73368e+06,2.73368e+06,2688.68,2688.68,2688.68,2801.41,2801.41,2801.41,1.14795e+08,1.14795e+08,1.14795e+08,1.39399,1.39399,1.39399,2.30514,2.30514,2.30514
946,7.18868e+06,7.18868e+06,7.18868e+06,1834.57,1834.57,1834.57,2031.61,2031.61,2031.61,2.38595e+06,2.38595e+06,2.38595e+06,2.7336e+06,2.7336e+06,2.7336e+06,2683.93,2683.93,2683.93,2796.87,2796.87,2796.87,1.14796e+08,1.14796e+08,1.14796e+08,1.39135,1.39135,1.39135,2.30111,2.30111,2.30111
947,7.18932e+06,7.18932e+06,7.18932e+06,1832,1832,1832,2029.08,2029.08,2029.08,2.38587e+06,2.38587e+06,2.38587e+06,2.73352e+06,2.73352e+06,2.73352e+06,2680.03,2680.03,2680.03,2793.23,2793.23,2793.23,1.14798e+08,1.14798e+08,1.14798e+08,1.38913,1.38913,1.38913,2.29779,2.29779,2.29779
948,7.18997e+06,7.18997e+06,7.18997e+06,1830.05,1830.05,1830.05,2027.23,2027.23,2027.23,2.38579e+06,2.38579e+06,2.38579e+06,2.73345e+06,2.73345e+06,2.73345e+06,2677.03,2677.03,2677.03,2790.55,2790.55,2790.55,1.14799e+08,1.14799e+08,1.14799e+08,1.38737,1.38737,1.38737,2.29524,2.29524,2.29524
949,7.19064e+06,7.19064e+06,7.19064e+06,1828.76,1828.76,1828.76,2026.1,2026.1,2026.1,2.38571e+06,2.38571e+06,2.38571e+06,2.73337e+06,2.73337e+06,2.73337e+06,2674.98,2674.98,2674.98,2788.84,2788.84,2788.84,1.148e+08,1.148e+08,1.148e+08,1.3861,1.3861,1.3861,2.29348,2.29348,2.29348
950,7.19131e+06,7.19131e+06,7.19131e+06,1828.12,1828.12,1828.12,2025.7,2025.7,2025.7,2.38563e+06,2.38563e+06,2.38563e+06,2.7333e+06,2.7333e+06,2.7333e+06,2673.9,2673.9,2673.9,2788.14,2788.14,2788.14,1.14801e+08,1.14801e+08,1.14801e+08,1.38532,1.38532,1.38532,2.29254,2.29254,2.29254
951,7.19198e+06,7.19198e+06,7.19198e+06,1828.16,1828.16,1828.16,2026.04,2026.04,2026.04,2.38555e+06,2.38555e+06,2.38555e+06,2.73322e+06,2.73322e+06,2.73322e+06,2673.81,2673.81,2673.81,2788.46,2788.46,2788.46,1.14803e+08,1.14803e+08,1.14803e+08,1.38505,1.38505,1.38505,2.29244,2.29244,2.29244
952,7.19265e+06,7.19265e+06,7.19265e+06,1828.87,1828.87,1828.87,2027.12,2027.12,2027.12,2.38547e+06,2.38547e+06,2.38547e+06,2.73315e+06,2.73315e+06,2.73315e+06,2674.7,2674.7,2674.7,2789.78,2789.78,2789.78,1.14804e+08,1.14804e+08,1.14804e+08,1.38529,1.38529,1.38529,2.29317,2.29317,2.29317
953,7.1933e+06,7.1933e+06,7.1933e+06,1830.25,1830.25,1830.25,2028.91,2028.91,2028.91,2.38539e+06,2.38539e+06,2.38539e+06,2.73307e+06,2.73307e+06,2.73307e+06,2676.57,2676.57,2676.57,2792.1,2792.1,2792.1,1.14805e+08,1.14805e+08,1.14805e+08,1.38603,1.38603,1.38603,2.29472,2.29472,2.29472
954,7.19394e+06,7.19394e+06,7.19394e+06,1832.28,1832.28,1832.28,2031.4,2031.4,2031.4,2.38531e+06,2.38531e+06,2.38531e+06,2.733e+06,2.733e+06,2.733e+06,2679.39,2679.39,2679.39,2795.37,2795.37,2795.37,1.14806e+08,1.14806e+08,1.14806e+08,1.38728,1.38728,1.38728,2.29707,2.29707,2.29707
955,7.19455e+06,7.19455e+06,7.19455e+06,1834.92,1834.92,1834.92,2034.55,2034.55,2034.55,2.38523e+06,2.38523e+06,2.38523e+06,2.73293e+06,2.73293e+06,2.73293e+06,2683.12,2683.12,2683.12,2799.57,2799.57,2799.57,1.14808e+08,1.14808e+08,1.14808e+08,1.38901,1.38901,1.38901,2.3002,2.3002,2.3002
956,7.19512e+06,7.19512e+06,7.19512e+06,1838.15,1838.15,1838.15,2038.32,2038.32,2038.32,2.38515e+06,2.38515e+06,2.38515e+06,2.73286e+06,2.73286e+06,2.73286e+06,2687.71,2687.71,2687.71,2804.62,2804.62,2804.62,1.14809e+08,1.14809e+08,1.14809e+08,1.39119,1.39119,1.39119,2.30405,2.30405,2.30405
957,7.19567e+06,7.19567e+06,7.19567e+06,1841.92,1841.92,1841.92,2042.67,2042.67,2042.67,2.38507e+06,2.38507e+06,2.38507e+06,2.73279e+06,2.73279e+06,2.73279e+06,2693.09,2693.09,2693.09,2810.47,2810.47,2810.47,1.1481e+08,1.1481e+08,1.1481e+08,1.39381,1.39381,1.39381,2.30858,2.30858,2.30858
958,7.19617e+06,7.19617e+06,7.19617e+06,1846.19,1846.19,1846.19,2047.53,2047.53,2047.53,2.38499e+06,2.38499e+06,2.38499e+06,2.73272e+06,2.73272e+06,2.73272e+06,2699.21,2699.21,2699.21,2817.03,2817.03,2817.03,1.14812e+08,1.14812e+08,1.14812e+08,1.39681,1.39681,1.39681,2.31374,2.31374,2.31374
959,7.19662e+06,7.19662e+06,7.19662e+06,1850.89,1850.89,1850.89,2052.84,2052.84,2052.84,2.38491e+06,2.38491e+06,2.38491e+06,2.73265e+06,2.73265e+06,2.73265e+06,2705.97,2705.97,2705.97,2824.21,2824.21,2824.21,1.14813e+08,1.14813e+08,1.14813e+08,1.40018,1.40018,1.40018,2.31944,2.31944,2.31944
960,7.19703e+06,7.19703e+06,7.19703e+06,1855.96,1855.96,1855.96,2058.52,2058.52,2058.52,2.38483e+06,2.38483e+06,2.38483e+06,2.73259e+06,2.73259e+06,2.73259e+06,2713.28,2713.28,2713.28,2831.92,2831.92,2831.92,1.14815e+08,1.14815e+08,1.14815e+08,1.40385,1.40385,1.40385,2.32561,2.32561,2.32561
961,7.19738e+06,7.19738e+06,7.19738e+06,1861.34,1861.34,1861.34,2064.51,2064.51,2064.51,2.38476e+06,2.38476e+06,2.38476e+06,2.73253e+06,2.73253e+06,2.73253e+06,2721.04,2721.04,2721.04,2840.05,2840.05,2840.05,1.14816e+08,1.14816e+08,1.14816e+08,1.40778,1.40778,1.40778,2.33216,2.33216,2.33216
962,7.19768e+06,7.19768e+06,7.19768e+06,1866.94,1866.94,1866.94,2070.71,2070.71,2070.71,2.38468e+06,2.38468e+06,2.38468e+06,2.73247e+06,2.73247e+06,2.73247e+06,2729.15,2729.15,2729.15,2848.49,2848.49,2848.49,1.14818e+08,1.14818e+08,1.14818e+08,1.41192,1.41192,1.41192,2.33902,2.33902,2.33902
963,7.19793e+06,7.19793e+06,7.19793e+06,1872.7,1872.7,1872.7,2077.04,2077.04,2077.04,2.38461e+06,2.38461e+06,2.38461e+06,2.73241e+06,2.73241e+06,2.73241e+06,2737.49,2737.49,2737.49,2857.11,2857.11,2857.11,1.1482e+08,1.1482e+08,1.1482e+08,1.4162,1.4162,1.4162,2.34607,2.34607,2.34607
964,7.19812e+06,7.19812e+06,7.19812e+06,1878.52,1878.52,1878.52,2083.41,2083.41,2083.41,2.38454e+06,2.38454e+06,2.38454e+06,2.73235e+06,2.73235e+06,2.73235e+06,2745.94,2745.94,2745.94,2865.81,2865.81,2865.81,1.14822e+08,1.14822e+08,1.14822e+08,1.42057,1.42057,1.42057,2.35323,2.35323,2.35323
965,7.19825e+06,7.19825e+06,7.19825e+06,1884.34,1884.34,1884.34,2089.74,2089.74,2089.74,2.38447e+06,2.38447e+06,2.38447e+06,2.73229e+06,2.73229e+06,2.73229e+06,2754.39,2754.39,2754.39,2874.45,2874.45,2874.45,1.14823e+08,1.14823e+08,1.14823e+08,1.42496,1.42496,1.42496,2.36039,2.36039,2.36039
966,7.19833e+06,7.19833e+06,7.19833e+06,1890.06,1890.06,1890.06,2095.92,2095.92,2095.92,2.38441e+06,2.38441e+06,2.38441e+06,2.73224e+06,2.73224e+06,2.73224e+06,2762.7,2762.7,2762.7,2882.9,2882.9,2882.9,1.14825e+08,1.14825e+08,1.14825e+08,1.42932,1.42932,1.42932,2.36745,2.36745,2.36745
967,7.19835e+06,7.19835e+06,7.19835e+06,1895.6,1895.6,1895.6,2101.88,2101.88,2101.88,2.38434e+06,2.38434e+06,2.38434e+06,2.73219e+06,2.73219e+06,2.73219e+06,2770.77,2770.77,2770.77,2891.05,2891.05,2891.05,1.14827e+08,1.14827e+08,1.14827e+08,1.43358,1.43358,1.43358,2.3743,2.3743,2.3743
968,7.19833e+06,7.19833e+06,7.19833e+06,1900.88,1900.88,1900.88,2107.52,2107.52,2107.52,2.38428e+06,2.38428e+06,2.38428e+06,2.73213e+06,2.73213e+06,2.73213e+06,2778.47,2778.47,2778.47,2898.78,2898.78,2898.78,1.14829e+08,1.14829e+08,1.14829e+08,1.43767,1.43767,1.43767,2.38085,2.38085,2.38085
969,7.19825e+06,7.19825e+06,7.19825e+06,1905.83,1905.83,1905.83,2112.76,2112.76,2112.76,2.38422e+06,2.38422e+06,2.38422e+06,2.73208e+06,2.73208e+06,2.73208e+06,2785.69,2785.69,2785.69,2905.96,2905.96,2905.96,1.14831e+08,1.14831e+08,1.14831e+08,1.44155,1.44155,1.44155,2.387,2.387,2.387
970,7.19814e+06,7.19814e+06,7.19814e+06,1910.36,1910.36,1910.36,2117.52,2117.52,2117.52,2.38416e+06,2.38416e+06,2.38416e+06,2.73204e+06,2.73204e+06,2.73204e+06,2792.31,2792.31,2792.31,2912.5,2912.5,2912.5,1.14833e+08,1.14833e+08,1.14833e+08,1.44514,1.44514,1.44514,2.39265,2.39265,2.39265
971,7.19799e+06,7.19799e+06,7.19799e+06,1914.42,1914.42,1914.42,2121.73,2121.73,2121.73,2.3841e+06,2.3841e+06,2.3841e+06,2.73199e+06,2.73199e+06,2.73199e+06,2798.25,2798.25,2798.25,2918.29,2918.29,2918.29,1.14835e+08,1.14835e+08,1.14835e+08,1.4484,1.4484,1.4484,2.39773,2.39773,2.39773
972,7.1978e+06,7.1978e+06,7.1978e+06,1917.95,1917.95,1917.95,2125.33,2125.33,2125.33,2.38405e+06,2.38405e+06,2.38405e+06,2.73194e+06,2.73194e+06,2.73194e+06,2803.4,2803.4,2803.4,2923.24,2923.24,2923.24,1.14838e+08,1.14838e+08,1.14838e+08,1.45128,1.45128,1.45128,2.40215,2.40215,2.40215
973,7.19759e+06,7.19759e+06,7.19759e+06,1920.87,1920.87,1920.87,2128.27,2128.27,2128.27,2.38399e+06,2.38399e+06,2.38399e+06,2.7319e+06,2.7319e+06,2.7319e+06,2807.7,2807.7,2807.7,2927.28,2927.28,2927.28,1.1484e+08,1.1484e+08,1.1484e+08,1.45373,1.45373,1.45373,2.40586,2.40586,2.40586
974,7.19736e+06,7.19736e+06,7.19736e+06,1923.17,1923.17,1923.17,2130.49,2130.49,2130.49,2.38394e+06,2.38394e+06,2.38394e+06,2.73185e+06,2.73185e+06,2.73185e+06,2811.07,2811.07,2811.07,2930.35,2930.35,2930.35,1.14842e+08,1.14842e+08,1.14842e+08,1.45571,1.45571,1.45571,2.40878,2.40878,2.40878
975,7.19711e+06,7.19711e+06,7.19711e+06,1924.79,1924.79,1924.79,2131.96,2131.96,2131.96,2.38389e+06,2.38389e+06,2.38389e+06,2.73181e+06,2.73181e+06,2.73181e+06,2813.46,2813.46,2813.46,2932.39,2932.39,2932.39,1.14844e+08,1.14844e+08,1.14844e+08,1.4572,1.4572,1.4572,2.41088,2.41088,2.41088
976,7.19685e+06,7.19685e+06,7.19685e+06,1925.71,1925.71,1925.71,2132.67,2132.67,2132.67,2.38384e+06,2.38384e+06,2.38384e+06,2.73177e+06,2.73177e+06,2.73177e+06,2814.84,2814.84,2814.84,2933.38,2933.38,2933.38,1.14847e+08,1.14847e+08,1.14847e+08,1.45817,1.45817,1.45817,2.41212,2.41212,2.41212
977,7.1966e+06,7.1966e+06,7.1966e+06,1925.93,1925.93,1925.93,2132.6,2132.6,2132.6,2.3838e+06,2.3838e+06,2.3838e+06,2.73173e+06,2.73173e+06,2.73173e+06,2815.18,2815.18,2815.18,2933.31,2933.31,2933.31,1.14849e+08,1.14849e+08,1.14849e+08,1.45861,1.45861,1.45861,2.41249,2.41249,2.41249
978,7.19635e+06,7.19635e+06,7.19635e+06,1925.43,1925.43,1925.43,2131.75,2131.75,2131.75,2.38375e+06,2.38375e+06,2.38375e+06,2.73168e+06,2.73168e+06,2.73168e+06,2814.48,2814.48,2814.48,2932.16,2932.16,2932.16,1.14851e+08,1.14851e+08,1.14851e+08,1.45851,1.45851,1.45851,2.41198,2.41198,2.41198
979,7.19612e+06,7.19612e+06,7.19612e+06,1924.23,1924.23,1924.23,2130.14,2130.14,2130.14,2.38371e+06,2.38371e+06,2.38371e+06,2.73164e+06,2.73164e+06,2.73164e+06,2812.74,2812.74,2812.74,2929.96,2929.96,2929.96,1.14854e+08,1.14854e+08,1.14854e+08,1.45788,1.45788,1.45788,2.4106,2.4106,2.4106
980,7.19591e+06,7.19591e+06,7.19591e+06,1922.34,1922.34,1922.34,2127.8,2127.8,2127.8,2.38366e+06,2.38366e+06,2.38366e+06,2.7316e+06,2.7316e+06,2.7316e+06,2810.01,2810.01,2810.01,2926.75,2926.75,2926.75,1.14856e+08,1.14856e+08,1.14856e+08,1.45671,1.45671,1.45671,2.40837,2.40837,2.40837
981,7.19572e+06,7.19572e+06,7.19572e+06,1919.81,1919.81,1919.81,2124.76,2124.76,2124.76,2.38362e+06,2.38362e+06,2.38362e+06,2.73155e+06,2.73155e+06,2.73155e+06,2806.32,2806.32,2806.32,2922.58,2922.58,2922.58,1.14858e+08,1.14858e+08,1.14858e+08,1.45504,1.45504,1.45504,2.40532,2.40532,2.40532
982,7.19557e+06,7.19557e+06,7.19557e+06,1916.66,1916.66,1916.66,2121.07,2121.07,2121.07,2.38358e+06,2.38358e+06,2.38358e+06,2.73151e+06,2.73151e+06,2.73151e+06,2801.72,2801.72,2801.72,2917.51,2917.51,2917.51,1.1486e+08,1.1486e+08,1.1486e+08,1.45289,1.45289,1.45289,2.40152,2.40152,2.40152
983,7.19545e+06,7.19545e+06,7.19545e+06,1912.95,1912.95,1912.95,2116.79,2116.79,2116.79,2.38353e+06,2.38353e+06,2.38353e+06,2.73147e+06,2.73147e+06,2.73147e+06,2796.3,2796.3,2796.3,2911.62,2911.62,2911.62,1.14863e+08,1.14863e+08,1.14863e+08,1.45029,1.45029,1.45029,2.397,2.397,2.397
984,7.19538e+06,7.19538e+06,7.19538e+06,1908.73,1908.73,1908.73,2111.98,2111.98,2111.98,2.38349e+06,2.38349e+06,2.38349e+06,2.73142e+06,2.73142e+06,2.73142e+06,2790.13,2790.13,2790.13,2905.01,2905.01,2905.01,1.14865e+08,1.14865e+08,1.14865e+08,1.44728,1.44728,1.44728,2.39186,2.39186,2.39186
985,7.19535e+06,7.19535e+06,7.19535e+06,1904.08,1904.08,1904.08,2106.73,2106.73,2106.73,2.38345e+06,2.38345e+06,2.38345e+06,2.73138e+06,2.73138e+06,2.73138e+06,2783.32,2783.32,2783.32,2897.77,2897.77,2897.77,1.14867e+08,1.14867e+08,1.14867e+08,1.44392,1.44392,1.44392,2.38616,2.38616,2.38616
986,7.19538e+06,7.19538e+06,7.19538e+06,1899.07,1899.07,1899.07,2101.12,2101.12,2101.12,2.3834e+06,2.3834e+06,2.3834e+06,2.73133e+06,2.73133e+06,2.73133e+06,2775.97,2775.97,2775.97,2890.03,2890.03,2890.03,1.14869e+08,1.14869e+08,1.14869e+08,1.44025,1.44025,1.44025,2.37999,2.37999,2.37999
987,7.19546e+06,7.19546e+06,7.19546e+06,1893.77,1893.77,1893.77,2095.22,2095.22,2095.22,2.38336e+06,2.38336e+06,2.38336e+06,2.73128e+06,2.73128e+06,2.73128e+06,2768.19,2768.19,2768.19,2881.89,2881.89,2881.89,1.14871e+08,1.14871e+08,1.14871e+08,1.43633,1.43633,1.43633,2.37346,2.37346,2.37346
988,7.1956e+06,7.1956e+06,7.1956e+06,1888.26,1888.26,1888.26,2089.14,2089.14,2089.14,2.38331e+06,2.38331e+06,2.38331e+06,2.73124e+06,2.73124e+06,2.73124e+06,2760.1,2760.1,2760.1,2873.48,2873.48,2873.48,1.14873e+08,1.14873e+08,1.14873e+08,1.43222,1.43222,1.43222,2.36666,2.36666,2.36666
989,7.19579e+06,7.19579e+06,7.19579e+06,1882.64,1882.64,1882.64,2082.97,2082.97,2082.97,2.38327e+06,2.38327e+06,2.38327e+06,2.73119e+06,2.73119e+06,2.73119e+06,2751.82,2751.82,2751.82,2864.93,2864.93,2864.93,1.14875e+08,1.14875e+08,1.14875e+08,1.42799,1.42799,1.42799,2.3597,2.3597,2.3597
990,7.19604e+06,7.19604e+06,7.19604e+06,1876.97,1876.97,1876.97,2076.79,2076.79,2076.79,2.38322e+06,2.38322e+06,2.38322e+06,2.73114e+06,2.73114e+06,2.73114e+06,2743.48,2743.48,2743.48,2856.37,2856.37,2856.37,1.14877e+08,1.14877e+08,1.14877e+08,1.42369,1.42369,1.42369,2.35268,2.35268,2.35268
991,7.19634e+06,7.19634e+06,7.19634e+06,1871.36,1871.36,1871.36,2070.7,2070.7,2070.7,2.38317e+06,2.38317e+06,2.38317e+06,2.73108e+06,2.73108e+06,2.73108e+06,2735.21,2735.21,2735.21,2847.92,2847.92,2847.92,1.14879e+08,1.14879e+08,1.14879e+08,1.41939,1.41939,1.41939,2.34569,2.34569,2.34569
992,7.19671e+06,7.19671e+06,7.19671e+06,1865.88,1865.88,1865.88,2064.79,2064.79,2064.79,2.38312e+06,2.38312e+06,2.38312e+06,2.73103e+06,2.73103e+06,2.73103e+06,2727.11,2727.11,2727.11,2839.71,2839.71,2839.71,1.14881e+08,1.14881e+08,1.14881e+08,1.41516,1.41516,1.41516,2.33886,2.33886,2.33886
993,7.19712e+06,7.19712e+06,7.19712e+06,1860.61,1860.61,1860.61,2059.14,2059.14,2059.14,2.38307e+06,2.38307e+06,2.38307e+06,2.73098e+06,2.73098e+06,2.73098e+06,2719.31,2719.31,2719.31,2831.85,2831.85,2831.85,1.14882e+08,1.14882e+08,1.14882e+08,1.41106,1.41106,1.41106,2.33228,2.33228,2.33228
994,7.19758e+06,7.19758e+06,7.19758e+06,1855.63,1855.63,1855.63,2053.84,2053.84,2053.84,2.38302e+06,2.38302e+06,2.38302e+06,2.73093e+06,2.73093e+06,2.73093e+06,2711.93,2711.93,2711.93,2824.46,2824.46,2824.46,1.14884e+08,1.14884e+08,1.14884e+08,1.40714,1.40714,1.40714,2.32603,2.32603,2.32603
995,7.19809e+06,7.19809e+06,7.19809e+06,1851,1851,1851,2048.96,2048.96,2048.96,2.38297e+06,2.38297e+06,2.38297e+06,2.73087e+06,2.73087e+06,2.73087e+06,2705.06,2705.06,2705.06,2817.64,2817.64,2817.64,1.14886e+08,1.14886e+08,1.14886e+08,1.40347,1.40347,1.40347,2.32022,2.32022,2.32022
996,7.19865e+06,7.19865e+06,7.19865e+06,1846.81,1846.81,1846.81,2044.58,2044.58,2044.58,2.38291e+06,2.38291e+06,2.38291e+06,2.73082e+06,2.73082e+06,2.73082e+06,2698.81,2698.81,2698.81,2811.5,2811.5,2811.5,1.14887e+08,1.14887e+08,1.14887e+08,1.40009,1.40009,1.40009,2.31492,2.31492,2.31492
997,7.19924e+06,7.19924e+06,7.19924e+06,1843.1,1843.1,1843.1,2040.75,2040.75,2040.75,2.38286e+06,2.38286e+06,2.38286e+06,2.73076e+06,2.73076e+06,2.73076e+06,2693.27,2693.27,2693.27,2806.11,2806.11,2806.11,1.14889e+08,1.14889e+08,1.14889e+08,1.39705,1.39705,1.39705,2.31021,2.31021,2.31021
998,7.19986e+06,7.19986e+06,7.19986e+06,1839.92,1839.92,1839.92,2037.53,2037.53,2037.53,2.3828e+06,2.3828e+06,2.3828e+06,2.73071e+06,2.73071e+06,2.73071e+06,2688.5,2688.5,2688.5,2801.54,2801.54,2801.54,1.1489e+08,1.1489e+08,1.1489e+08,1.3944,1.3944,1.3944,2.30616,2.30616,2.30616
999,7.20051e+06,7.20051e+06,7.20051e+06,1837.33,1837.33,1837.33,2034.96,2034.96,2034.96,2.38274e+06,2.38274e+06,2.38274e+06,2.73065e+06,2.73065e+06,2.73065e+06,2684.57,2684.57,2684.57,2797.88,2797.88,2797.88,1.14892e+08,1.14892e+08,1.14892e+08,1.39218,1.39218,1.39218,2.30282,2.30282,2.30282
1000,7.20117e+06,7.20117e+06,7.20117e+06,1835.36,1835.36,1835.36,2033.08,2033.08,2033.08,2.38268e+06,2.38268e+06,2.38268e+06,2.7306e+06,2.7306e+06,2.7306e+06,2681.55,2681.55,2681.55,2795.15,2795.15,2795.15,1.14894e+08,1.14894e+08,1.14894e+08,1.39041,1.39041,1.39041,2.30023,2.30023,2.30023
