time,low95:SS:Japan__all,SS:Japan__all,high95:SS:Japan__all,low95:IS:Japan__all,IS:Japan__all,high95:IS:Japan__all,low95:SI:Japan__all,SI:Japan__all,high95:SI:Japan__all,low95:RS:Japan__all,RS:Japan__all,high95:RS:Japan__all,low95:SR:Japan__all,SR:Japan__all,high95:SR:Japan__all,low95:IR:Japan__all,IR:Japan__all,high95:IR:Japan__all,low95:RI:Japan__all,RI:Japan__all,high95:RI:Japan__all,low95:SQ:Japan__all,SQ:Japan__all,high95:SQ:Japan__all,low95:QS:Japan__all,QS:Japan__all,high95:QS:Japan__all,low95:QR:Japan__all,QR:Japan__all,high95:QR:Japan__all,low95:RQ:Japan__all,RQ:Japan__all,high95:RQ:Japan__all,low95:RR:Japan__all,RR:Japan__all,high95:RR:Japan__all,low95:EV71_JAP__IASR__inc,EV71_JAP__IASR__inc,high95:EV71_JAP__IASR__inc,low95:CA16_JAP__IASR__inc,CA16_JAP__IASR__inc,high95:CA16_JAP__IASR__inc
0,2.27164e+06,2.27164e+06,2.27164e+06,4008.47,4008.47,4008.47,3834.39,3834.39,3834.39,3.3771e+06,3.3771e+06,3.3771e+06,3.10741e+06,3.10741e+06,3.10741e+06,7329.84,7329.84,7329.84,7320.82,7320.82,7320.82,1.19628e+06,1.19628e+06,1.19628e+06,1.31184e+06,1.31184e+06,1.31184e+06,1.37672e+07,1.37672e+07,1.37672e+07,1.32219e+07,1.32219e+07,1.32219e+07,8.84326e+07,8.84326e+07,8.84326e+07,0,0,0,0,0,0
1,2.27419e+06,2.27419e+06,2.27419e+06,4066.58,4066.58,4066.58,3888.86,3888.86,3888.86,3.37712e+06,3.37712e+06,3.37712e+06,3.10742e+06,3.10742e+06,3.10742e+06,7391.35,7391.35,7391.35,7381.48,7381.48,7381.48,1.19645e+06,1.19645e+06,1.19645e+06,1.31195e+06,1.31195e+06,1.31195e+06,1.37661e+07,1.37661e+07,1.37661e+07,1.32218e+07,1.32218e+07,1.32218e+07,8.84307e+07,8.84307e+07,8.84307e+07,5.68753,5.68753,5.68753,8.89989,8.89989,8.89989
2,2.27653e+06,2.27653e+06,2.27653e+06,4110.74,4110.74,4110.74,3927.86,3927.86,3927.86,3.37692e+06,3.37692e+06,3.37692e+06,3.10724e+06,3.10724e+06,3.10724e+06,7462.15,7462.15,7462.15,7446.1,7446.1,7446.1,1.19685e+06,1.19685e+06,1.19685e+06,1.31232e+06,1.31232e+06,1.31232e+06,1.37676e+07,1.37676e+07,1.37676e+07,1.32239e+07,1.32239e+07,1.32239e+07,8.84329e+07,8.84329e+07,8.84329e+07,5.74614,5.74614,5.74614,8.98672,8.98672,8.98672
3,2.27867e+06,2.27867e+06,2.27867e+06,4152.01,4152.01,4152.01,3962.29,3962.29,3962.29,3.37652e+06,3.37652e+06,3.37652e+06,3.10687e+06,3.10687e+06,3.10687e+06,7529.8,7529.8,7529.8,7504.06,7504.06,7504.06,1.19745e+06,1.19745e+06,1.19745e+06,1.31293e+06,1.31293e+06,1.31293e+06,1.37714e+07,1.37714e+07,1.37714e+07,1.32279e+07,1.32279e+07,1.32279e+07,8.84309e+07,8.84309e+07,8.84309e+07,5.80202,5.80202,5.80202,9.06444,9.06444,9.06444
4,2.28063e+06,2.28063e+06,2.28063e+06,4190.9,4190.9,4190.9,3993.07,3993.07,3993.07,3.37593e+06,3.37593e+06,3.37593e+06,3.10635e+06,3.10635e+06,3.10635e+06,7593.3,7593.3,7593.3,7555.31,7555.31,7555.31,1.1982e+06,1.1982e+06,1.1982e+06,1.31376e+06,1.31376e+06,1.31376e+06,1.37775e+07,1.37775e+07,1.37775e+07,1.32338e+07,1.32338e+07,1.32338e+07,8.8425e+07,8.8425e+07,8.8425e+07,5.85476,5.85476,5.85476,9.1336,9.1336,9.1336
5,2.28242e+06,2.28242e+06,2.28242e+06,4227.25,4227.25,4227.25,4020.45,4020.45,4020.45,3.37518e+06,3.37518e+06,3.37518e+06,3.10568e+06,3.10568e+06,3.10568e+06,7652.36,7652.36,7652.36,7600.26,7600.26,7600.26,1.1991e+06,1.1991e+06,1.1991e+06,1.31479e+06,1.31479e+06,1.31479e+06,1.37857e+07,1.37857e+07,1.37857e+07,1.32411e+07,1.32411e+07,1.32411e+07,8.84159e+07,8.84159e+07,8.84159e+07,5.90413,5.90413,5.90413,9.19481,9.19481,9.19481
6,2.28405e+06,2.28405e+06,2.28405e+06,4260.98,4260.98,4260.98,4044.66,4044.66,4044.66,3.37429e+06,3.37429e+06,3.37429e+06,3.1049e+06,3.1049e+06,3.1049e+06,7706.78,7706.78,7706.78,7639.37,7639.37,7639.37,1.20012e+06,1.20012e+06,1.20012e+06,1.316e+06,1.316e+06,1.316e+06,1.37956e+07,1.37956e+07,1.37956e+07,1.32496e+07,1.32496e+07,1.32496e+07,8.84037e+07,8.84037e+07,8.84037e+07,5.94993,5.94993,5.94993,9.2486,9.2486,9.2486
7,2.28555e+06,2.28555e+06,2.28555e+06,4292.02,4292.02,4292.02,4065.91,4065.91,4065.91,3.37328e+06,3.37328e+06,3.37328e+06,3.10401e+06,3.10401e+06,3.10401e+06,7756.48,7756.48,7756.48,7673.03,7673.03,7673.03,1.20124e+06,1.20124e+06,1.20124e+06,1.31737e+06,1.31737e+06,1.31737e+06,1.38072e+07,1.38072e+07,1.38072e+07,1.32592e+07,1.32592e+07,1.32592e+07,8.83891e+07,8.83891e+07,8.83891e+07,5.99207,5.99207,5.99207,9.29548,9.29548,9.29548
8,2.28692e+06,2.28692e+06,2.28692e+06,4320.33,4320.33,4320.33,4084.39,4084.39,4084.39,3.37216e+06,3.37216e+06,3.37216e+06,3.10304e+06,3.10304e+06,3.10304e+06,7801.4,7801.4,7801.4,7701.62,7701.62,7701.62,1.20244e+06,1.20244e+06,1.20244e+06,1.31888e+06,1.31888e+06,1.31888e+06,1.38202e+07,1.38202e+07,1.38202e+07,1.32696e+07,1.32696e+07,1.32696e+07,8.83723e+07,8.83723e+07,8.83723e+07,6.03048,6.03048,6.03048,9.33591,9.33591,9.33591
9,2.28818e+06,2.28818e+06,2.28818e+06,4345.94,4345.94,4345.94,4100.3,4100.3,4100.3,3.37097e+06,3.37097e+06,3.37097e+06,3.102e+06,3.102e+06,3.102e+06,7841.57,7841.57,7841.57,7725.52,7725.52,7725.52,1.2037e+06,1.2037e+06,1.2037e+06,1.32052e+06,1.32052e+06,1.32052e+06,1.38344e+07,1.38344e+07,1.38344e+07,1.32807e+07,1.32807e+07,1.32807e+07,8.83537e+07,8.83537e+07,8.83537e+07,6.06517,6.06517,6.06517,9.37035,9.37035,9.37035
10,2.28934e+06,2.28934e+06,2.28934e+06,4368.88,4368.88,4368.88,4113.83,4113.83,4113.83,3.3697e+06,3.3697e+06,3.3697e+06,3.1009e+06,3.1009e+06,3.1009e+06,7877.05,7877.05,7877.05,7745.06,7745.06,7745.06,1.20502e+06,1.20502e+06,1.20502e+06,1.32225e+06,1.32225e+06,1.32225e+06,1.38496e+07,1.38496e+07,1.38496e+07,1.32923e+07,1.32923e+07,1.32923e+07,8.83336e+07,8.83336e+07,8.83336e+07,6.09615,6.09615,6.09615,9.39924,9.39924,9.39924
11,2.29042e+06,2.29042e+06,2.29042e+06,4389.19,4389.19,4389.19,4125.14,4125.14,4125.14,3.36839e+06,3.36839e+06,3.36839e+06,3.09977e+06,3.09977e+06,3.09977e+06,7907.95,7907.95,7907.95,7760.58,7760.58,7760.58,1.20636e+06,1.20636e+06,1.20636e+06,1.32407e+06,1.32407e+06,1.32407e+06,1.38657e+07,1.38657e+07,1.38657e+07,1.33042e+07,1.33042e+07,1.33042e+07,8.83124e+07,8.83124e+07,8.83124e+07,6.12349,6.12349,6.12349,9.42297,9.42297,9.42297
12,2.29142e+06,2.29142e+06,2.29142e+06,4406.97,4406.97,4406.97,4134.4,4134.4,4134.4,3.36705e+06,3.36705e+06,3.36705e+06,3.0986e+06,3.0986e+06,3.0986e+06,7934.39,7934.39,7934.39,7772.4,7772.4,7772.4,1.20773e+06,1.20773e+06,1.20773e+06,1.32596e+06,1.32596e+06,1.32596e+06,1.38824e+07,1.38824e+07,1.38824e+07,1.33163e+07,1.33163e+07,1.33163e+07,8.82904e+07,8.82904e+07,8.82904e+07,6.14729,6.14729,6.14729,9.44196,9.44196,9.44196
13,2.29235e+06,2.29235e+06,2.29235e+06,4422.28,4422.28,4422.28,4141.78,4141.78,4141.78,3.36569e+06,3.36569e+06,3.36569e+06,3.09742e+06,3.09742e+06,3.09742e+06,7956.55,7956.55,7956.55,7780.83,7780.83,7780.83,1.20911e+06,1.20911e+06,1.20911e+06,1.3279e+06,1.3279e+06,1.3279e+06,1.38997e+07,1.38997e+07,1.38997e+07,1.33285e+07,1.33285e+07,1.33285e+07,8.82679e+07,8.82679e+07,8.82679e+07,6.16766,6.16766,6.16766,9.45656,9.45656,9.45656
14,2.29324e+06,2.29324e+06,2.29324e+06,4435.25,4435.25,4435.25,4147.43,4147.43,4147.43,3.36432e+06,3.36432e+06,3.36432e+06,3.09624e+06,3.09624e+06,3.09624e+06,7974.6,7974.6,7974.6,7786.15,7786.15,7786.15,1.21049e+06,1.21049e+06,1.21049e+06,1.32987e+06,1.32987e+06,1.32987e+06,1.39173e+07,1.39173e+07,1.39173e+07,1.33408e+07,1.33408e+07,1.33408e+07,8.8245e+07,8.8245e+07,8.8245e+07,6.18473,6.18473,6.18473,9.46716,9.46716,9.46716
15,2.29408e+06,2.29408e+06,2.29408e+06,4445.97,4445.97,4445.97,4151.5,4151.5,4151.5,3.36296e+06,3.36296e+06,3.36296e+06,3.09506e+06,3.09506e+06,3.09506e+06,7988.74,7988.74,7988.74,7788.64,7788.64,7788.64,1.21187e+06,1.21187e+06,1.21187e+06,1.33187e+06,1.33187e+06,1.33187e+06,1.39351e+07,1.39351e+07,1.39351e+07,1.33529e+07,1.33529e+07,1.33529e+07,8.82222e+07,8.82222e+07,8.82222e+07,6.19866,6.19866,6.19866,9.47409,9.47409,9.47409
16,2.29488e+06,2.29488e+06,2.29488e+06,4454.57,4454.57,4454.57,4154.14,4154.14,4154.14,3.36161e+06,3.36161e+06,3.36161e+06,3.09389e+06,3.09389e+06,3.09389e+06,7999.19,7999.19,7999.19,7788.58,7788.58,7788.58,1.21322e+06,1.21322e+06,1.21322e+06,1.33387e+06,1.33387e+06,1.33387e+06,1.39529e+07,1.39529e+07,1.39529e+07,1.33647e+07,1.33647e+07,1.33647e+07,8.81994e+07,8.81994e+07,8.81994e+07,6.2096,6.2096,6.2096,9.47769,9.47769,9.47769
17,2.29567e+06,2.29567e+06,2.29567e+06,4461.18,4461.18,4461.18,4155.48,4155.48,4155.48,3.3603e+06,3.3603e+06,3.3603e+06,3.09275e+06,3.09275e+06,3.09275e+06,8006.17,8006.17,8006.17,7786.2,7786.2,7786.2,1.21455e+06,1.21455e+06,1.21455e+06,1.33587e+06,1.33587e+06,1.33587e+06,1.39707e+07,1.39707e+07,1.39707e+07,1.33764e+07,1.33764e+07,1.33764e+07,8.8177e+07,8.8177e+07,8.8177e+07,6.21773,6.21773,6.21773,9.47828,9.47828,9.47828
18,2.29643e+06,2.29643e+06,2.29643e+06,4465.92,4465.92,4465.92,4155.66,4155.66,4155.66,3.35902e+06,3.35902e+06,3.35902e+06,3.09164e+06,3.09164e+06,3.09164e+06,8009.91,8009.91,8009.91,7781.77,7781.77,7781.77,1.21584e+06,1.21584e+06,1.21584e+06,1.33785e+06,1.33785e+06,1.33785e+06,1.39884e+07,1.39884e+07,1.39884e+07,1.33876e+07,1.33876e+07,1.33876e+07,8.81552e+07,8.81552e+07,8.81552e+07,6.22322,6.22322,6.22322,9.47616,9.47616,9.47616
19,2.29718e+06,2.29718e+06,2.29718e+06,4468.92,4468.92,4468.92,4154.79,4154.79,4154.79,3.35778e+06,3.35778e+06,3.35778e+06,3.09056e+06,3.09056e+06,3.09056e+06,8010.64,8010.64,8010.64,7775.5,7775.5,7775.5,1.2171e+06,1.2171e+06,1.2171e+06,1.3398e+06,1.3398e+06,1.3398e+06,1.40057e+07,1.40057e+07,1.40057e+07,1.33985e+07,1.33985e+07,1.33985e+07,8.81341e+07,8.81341e+07,8.81341e+07,6.22625,6.22625,6.22625,9.47161,9.47161,9.47161
20,2.29793e+06,2.29793e+06,2.29793e+06,4470.33,4470.33,4470.33,4153,4153,4153,3.3566e+06,3.3566e+06,3.3566e+06,3.08952e+06,3.08952e+06,3.08952e+06,8008.61,8008.61,8008.61,7767.63,7767.63,7767.63,1.21832e+06,1.21832e+06,1.21832e+06,1.34172e+06,1.34172e+06,1.34172e+06,1.40227e+07,1.40227e+07,1.40227e+07,1.34089e+07,1.34089e+07,1.34089e+07,8.81137e+07,8.81137e+07,8.81137e+07,6.22701,6.22701,6.22701,9.46492,9.46492,9.46492
21,2.29868e+06,2.29868e+06,2.29868e+06,4470.28,4470.28,4470.28,4150.41,4150.41,4150.41,3.35548e+06,3.35548e+06,3.35548e+06,3.08853e+06,3.08853e+06,3.08853e+06,8004.05,8004.05,8004.05,7758.36,7758.36,7758.36,1.21949e+06,1.21949e+06,1.21949e+06,1.34359e+06,1.34359e+06,1.34359e+06,1.40392e+07,1.40392e+07,1.40392e+07,1.34188e+07,1.34188e+07,1.34188e+07,8.80944e+07,8.80944e+07,8.80944e+07,6.22569,6.22569,6.22569,9.45636,9.45636,9.45636
22,2.29944e+06,2.29944e+06,2.29944e+06,4468.9,4468.9,4468.9,4147.13,4147.13,4147.13,3.35442e+06,3.35442e+06,3.35442e+06,3.08759e+06,3.08759e+06,3.08759e+06,7997.21,7997.21,7997.21,7747.89,7747.89,7747.89,1.22062e+06,1.22062e+06,1.22062e+06,1.34541e+06,1.34541e+06,1.34541e+06,1.40552e+07,1.40552e+07,1.40552e+07,1.34281e+07,1.34281e+07,1.34281e+07,8.8076e+07,8.8076e+07,8.8076e+07,6.22247,6.22247,6.22247,9.44617,9.44617,9.44617
23,2.30021e+06,2.30021e+06,2.30021e+06,4466.34,4466.34,4466.34,4143.26,4143.26,4143.26,3.35343e+06,3.35343e+06,3.35343e+06,3.0867e+06,3.0867e+06,3.0867e+06,7988.32,7988.32,7988.32,7736.42,7736.42,7736.42,1.22169e+06,1.22169e+06,1.22169e+06,1.34717e+06,1.34717e+06,1.34717e+06,1.40705e+07,1.40705e+07,1.40705e+07,1.34369e+07,1.34369e+07,1.34369e+07,8.80589e+07,8.80589e+07,8.80589e+07,6.21755,6.21755,6.21755,9.43461,9.43461,9.43461
24,2.30099e+06,2.30099e+06,2.30099e+06,4462.73,4462.73,4462.73,4138.9,4138.9,4138.9,3.35251e+06,3.35251e+06,3.35251e+06,3.08587e+06,3.08587e+06,3.08587e+06,7977.65,7977.65,7977.65,7724.15,7724.15,7724.15,1.22271e+06,1.22271e+06,1.22271e+06,1.34887e+06,1.34887e+06,1.34887e+06,1.40853e+07,1.40853e+07,1.40853e+07,1.34452e+07,1.34452e+07,1.34452e+07,8.80429e+07,8.80429e+07,8.80429e+07,6.21112,6.21112,6.21112,9.42191,9.42191,9.42191
25,2.30179e+06,2.30179e+06,2.30179e+06,4458.22,4458.22,4458.22,4134.17,4134.17,4134.17,3.35167e+06,3.35167e+06,3.35167e+06,3.0851e+06,3.0851e+06,3.0851e+06,7965.42,7965.42,7965.42,7711.24,7711.24,7711.24,1.22367e+06,1.22367e+06,1.22367e+06,1.35051e+06,1.35051e+06,1.35051e+06,1.40993e+07,1.40993e+07,1.40993e+07,1.34528e+07,1.34528e+07,1.34528e+07,8.80282e+07,8.80282e+07,8.80282e+07,6.20336,6.20336,6.20336,9.40829,9.40829,9.40829
26,2.30262e+06,2.30262e+06,2.30262e+06,4452.93,4452.93,4452.93,4129.15,4129.15,4129.15,3.3509e+06,3.3509e+06,3.3509e+06,3.08438e+06,3.08438e+06,3.08438e+06,7951.88,7951.88,7951.88,7697.88,7697.88,7697.88,1.22458e+06,1.22458e+06,1.22458e+06,1.35207e+06,1.35207e+06,1.35207e+06,1.41126e+07,1.41126e+07,1.41126e+07,1.34599e+07,1.34599e+07,1.34599e+07,8.80148e+07,8.80148e+07,8.80148e+07,6.19447,6.19447,6.19447,9.39398,9.39398,9.39398
27,2.30347e+06,2.30347e+06,2.30347e+06,4447.01,4447.01,4447.01,4123.93,4123.93,4123.93,3.35021e+06,3.35021e+06,3.35021e+06,3.08373e+06,3.08373e+06,3.08373e+06,7937.27,7937.27,7937.27,7684.24,7684.24,7684.24,1.22544e+06,1.22544e+06,1.22544e+06,1.35355e+06,1.35355e+06,1.35355e+06,1.41251e+07,1.41251e+07,1.41251e+07,1.34663e+07,1.34663e+07,1.34663e+07,8.80027e+07,8.80027e+07,8.80027e+07,6.18464,6.18464,6.18464,9.37918,9.37918,9.37918
28,2.30434e+06,2.30434e+06,2.30434e+06,4440.58,4440.58,4440.58,4118.61,4118.61,4118.61,3.3496e+06,3.3496e+06,3.3496e+06,3.08314e+06,3.08314e+06,3.08314e+06,7921.82,7921.82,7921.82,7670.47,7670.47,7670.47,1.22624e+06,1.22624e+06,1.22624e+06,1.35497e+06,1.35497e+06,1.35497e+06,1.41368e+07,1.41368e+07,1.41368e+07,1.34722e+07,1.34722e+07,1.34722e+07,8.79919e+07,8.79919e+07,8.79919e+07,6.17404,6.17404,6.17404,9.36411,9.36411,9.36411
29,2.30524e+06,2.30524e+06,2.30524e+06,4433.79,4433.79,4433.79,4113.27,4113.27,4113.27,3.34906e+06,3.34906e+06,3.34906e+06,3.08261e+06,3.08261e+06,3.08261e+06,7905.77,7905.77,7905.77,7656.74,7656.74,7656.74,1.22698e+06,1.22698e+06,1.22698e+06,1.3563e+06,1.3563e+06,1.3563e+06,1.41478e+07,1.41478e+07,1.41478e+07,1.34775e+07,1.34775e+07,1.34775e+07,8.79825e+07,8.79825e+07,8.79825e+07,6.16287,6.16287,6.16287,9.34895,9.34895,9.34895
30,2.30617e+06,2.30617e+06,2.30617e+06,4426.75,4426.75,4426.75,4108,4108,4108,3.34861e+06,3.34861e+06,3.34861e+06,3.08213e+06,3.08213e+06,3.08213e+06,7889.34,7889.34,7889.34,7643.19,7643.19,7643.19,1.22768e+06,1.22768e+06,1.22768e+06,1.35756e+06,1.35756e+06,1.35756e+06,1.4158e+07,1.4158e+07,1.4158e+07,1.34822e+07,1.34822e+07,1.34822e+07,8.79744e+07,8.79744e+07,8.79744e+07,6.1513,6.1513,6.1513,9.3339,9.3339,9.3339
31,2.30712e+06,2.30712e+06,2.30712e+06,4419.6,4419.6,4419.6,4102.87,4102.87,4102.87,3.34822e+06,3.34822e+06,3.34822e+06,3.08172e+06,3.08172e+06,3.08172e+06,7872.75,7872.75,7872.75,7629.98,7629.98,7629.98,1.22832e+06,1.22832e+06,1.22832e+06,1.35874e+06,1.35874e+06,1.35874e+06,1.41674e+07,1.41674e+07,1.41674e+07,1.34864e+07,1.34864e+07,1.34864e+07,8.79675e+07,8.79675e+07,8.79675e+07,6.13951,6.13951,6.13951,9.31914,9.31914,9.31914
32,2.3081e+06,2.3081e+06,2.3081e+06,4412.46,4412.46,4412.46,4097.97,4097.97,4097.97,3.34791e+06,3.34791e+06,3.34791e+06,3.08136e+06,3.08136e+06,3.08136e+06,7856.22,7856.22,7856.22,7617.23,7617.23,7617.23,1.22891e+06,1.22891e+06,1.22891e+06,1.35985e+06,1.35985e+06,1.35985e+06,1.4176e+07,1.4176e+07,1.4176e+07,1.34901e+07,1.34901e+07,1.34901e+07,8.79619e+07,8.79619e+07,8.79619e+07,6.12766,6.12766,6.12766,9.30484,9.30484,9.30484
33,2.30911e+06,2.30911e+06,2.30911e+06,4405.44,4405.44,4405.44,4093.35,4093.35,4093.35,3.34767e+06,3.34767e+06,3.34767e+06,3.08106e+06,3.08106e+06,3.08106e+06,7839.96,7839.96,7839.96,7605.08,7605.08,7605.08,1.22946e+06,1.22946e+06,1.22946e+06,1.36089e+06,1.36089e+06,1.36089e+06,1.41839e+07,1.41839e+07,1.41839e+07,1.34933e+07,1.34933e+07,1.34933e+07,8.79575e+07,8.79575e+07,8.79575e+07,6.11593,6.11593,6.11593,9.29117,9.29117,9.29117
34,2.31014e+06,2.31014e+06,2.31014e+06,4398.65,4398.65,4398.65,4089.1,4089.1,4089.1,3.3475e+06,3.3475e+06,3.3475e+06,3.08081e+06,3.08081e+06,3.08081e+06,7824.16,7824.16,7824.16,7593.65,7593.65,7593.65,1.22996e+06,1.22996e+06,1.22996e+06,1.36186e+06,1.36186e+06,1.36186e+06,1.41911e+07,1.41911e+07,1.41911e+07,1.3496e+07,1.3496e+07,1.3496e+07,8.79542e+07,8.79542e+07,8.79542e+07,6.10448,6.10448,6.10448,9.27828,9.27828,9.27828
35,2.31119e+06,2.31119e+06,2.31119e+06,4392.21,4392.21,4392.21,4085.27,4085.27,4085.27,3.34739e+06,3.34739e+06,3.34739e+06,3.0806e+06,3.0806e+06,3.0806e+06,7809.01,7809.01,7809.01,7583.05,7583.05,7583.05,1.23043e+06,1.23043e+06,1.23043e+06,1.36276e+06,1.36276e+06,1.36276e+06,1.41976e+07,1.41976e+07,1.41976e+07,1.34983e+07,1.34983e+07,1.34983e+07,8.79519e+07,8.79519e+07,8.79519e+07,6.09345,6.09345,6.09345,9.26632,9.26632,9.26632
36,2.31226e+06,2.31226e+06,2.31226e+06,4386.22,4386.22,4386.22,4081.91,4081.91,4081.91,3.34734e+06,3.34734e+06,3.34734e+06,3.08044e+06,3.08044e+06,3.08044e+06,7794.69,7794.69,7794.69,7573.4,7573.4,7573.4,1.23086e+06,1.23086e+06,1.23086e+06,1.3636e+06,1.3636e+06,1.3636e+06,1.42034e+07,1.42034e+07,1.42034e+07,1.35002e+07,1.35002e+07,1.35002e+07,8.79506e+07,8.79506e+07,8.79506e+07,6.08298,6.08298,6.08298,9.25543,9.25543,9.25543
37,2.31335e+06,2.31335e+06,2.31335e+06,4380.76,4380.76,4380.76,4079.09,4079.09,4079.09,3.34734e+06,3.34734e+06,3.34734e+06,3.08032e+06,3.08032e+06,3.08032e+06,7781.37,7781.37,7781.37,7564.77,7564.77,7564.77,1.23126e+06,1.23126e+06,1.23126e+06,1.36438e+06,1.36438e+06,1.36438e+06,1.42087e+07,1.42087e+07,1.42087e+07,1.35018e+07,1.35018e+07,1.35018e+07,8.79502e+07,8.79502e+07,8.79502e+07,6.07322,6.07322,6.07322,9.24571,9.24571,9.24571
38,2.31445e+06,2.31445e+06,2.31445e+06,4375.92,4375.92,4375.92,4076.85,4076.85,4076.85,3.34739e+06,3.34739e+06,3.34739e+06,3.08024e+06,3.08024e+06,3.08024e+06,7769.18,7769.18,7769.18,7557.26,7557.26,7557.26,1.23163e+06,1.23163e+06,1.23163e+06,1.36511e+06,1.36511e+06,1.36511e+06,1.42134e+07,1.42134e+07,1.42134e+07,1.35031e+07,1.35031e+07,1.35031e+07,8.79506e+07,8.79506e+07,8.79506e+07,6.06427,6.06427,6.06427,9.23729,9.23729,9.23729
39,2.31557e+06,2.31557e+06,2.31557e+06,4371.77,4371.77,4371.77,4075.22,4075.22,4075.22,3.34749e+06,3.34749e+06,3.34749e+06,3.08019e+06,3.08019e+06,3.08019e+06,7758.28,7758.28,7758.28,7550.95,7550.95,7550.95,1.23197e+06,1.23197e+06,1.23197e+06,1.36579e+06,1.36579e+06,1.36579e+06,1.42177e+07,1.42177e+07,1.42177e+07,1.35041e+07,1.35041e+07,1.35041e+07,8.79516e+07,8.79516e+07,8.79516e+07,6.05626,6.05626,6.05626,9.23026,9.23026,9.23026
40,2.31669e+06,2.31669e+06,2.31669e+06,4368.4,4368.4,4368.4,4074.24,4074.24,4074.24,3.34762e+06,3.34762e+06,3.34762e+06,3.08017e+06,3.08017e+06,3.08017e+06,7748.77,7748.77,7748.77,7545.87,7545.87,7545.87,1.2323e+06,1.2323e+06,1.2323e+06,1.36643e+06,1.36643e+06,1.36643e+06,1.42215e+07,1.42215e+07,1.42215e+07,1.3505e+07,1.3505e+07,1.3505e+07,8.79532e+07,8.79532e+07,8.79532e+07,6.04929,6.04929,6.04929,9.2247,9.2247,9.2247
41,2.31782e+06,2.31782e+06,2.31782e+06,4365.84,4365.84,4365.84,4073.94,4073.94,4073.94,3.34779e+06,3.34779e+06,3.34779e+06,3.08018e+06,3.08018e+06,3.08018e+06,7740.76,7740.76,7740.76,7542.1,7542.1,7542.1,1.23261e+06,1.23261e+06,1.23261e+06,1.36704e+06,1.36704e+06,1.36704e+06,1.4225e+07,1.4225e+07,1.4225e+07,1.35056e+07,1.35056e+07,1.35056e+07,8.79553e+07,8.79553e+07,8.79553e+07,6.04343,6.04343,6.04343,9.22067,9.22067,9.22067
42,2.31894e+06,2.31894e+06,2.31894e+06,4364.15,4364.15,4364.15,4074.32,4074.32,4074.32,3.34798e+06,3.34798e+06,3.34798e+06,3.0802e+06,3.0802e+06,3.0802e+06,7734.33,7734.33,7734.33,7539.65,7539.65,7539.65,1.23291e+06,1.23291e+06,1.23291e+06,1.36762e+06,1.36762e+06,1.36762e+06,1.42282e+07,1.42282e+07,1.42282e+07,1.35062e+07,1.35062e+07,1.35062e+07,8.79578e+07,8.79578e+07,8.79578e+07,6.03877,6.03877,6.03877,9.21824,9.21824,9.21824
43,2.32006e+06,2.32006e+06,2.32006e+06,4363.37,4363.37,4363.37,4075.41,4075.41,4075.41,3.3482e+06,3.3482e+06,3.3482e+06,3.08024e+06,3.08024e+06,3.08024e+06,7729.56,7729.56,7729.56,7538.55,7538.55,7538.55,1.2332e+06,1.2332e+06,1.2332e+06,1.36817e+06,1.36817e+06,1.36817e+06,1.42311e+07,1.42311e+07,1.42311e+07,1.35067e+07,1.35067e+07,1.35067e+07,8.79605e+07,8.79605e+07,8.79605e+07,6.03535,6.03535,6.03535,9.21741,9.21741,9.21741
44,2.32117e+06,2.32117e+06,2.32117e+06,4363.52,4363.52,4363.52,4077.21,4077.21,4077.21,3.34843e+06,3.34843e+06,3.34843e+06,3.08028e+06,3.08028e+06,3.08028e+06,7726.48,7726.48,7726.48,7538.81,7538.81,7538.81,1.2335e+06,1.2335e+06,1.2335e+06,1.3687e+06,1.3687e+06,1.3687e+06,1.42338e+07,1.42338e+07,1.42338e+07,1.35072e+07,1.35072e+07,1.35072e+07,8.79633e+07,8.79633e+07,8.79633e+07,6.03323,6.03323,6.03323,9.21823,9.21823,9.21823
45,2.32227e+06,2.32227e+06,2.32227e+06,4364.62,4364.62,4364.62,4079.71,4079.71,4079.71,3.34868e+06,3.34868e+06,3.34868e+06,3.08034e+06,3.08034e+06,3.08034e+06,7725.12,7725.12,7725.12,7540.41,7540.41,7540.41,1.23379e+06,1.23379e+06,1.23379e+06,1.36923e+06,1.36923e+06,1.36923e+06,1.42365e+07,1.42365e+07,1.42365e+07,1.35077e+07,1.35077e+07,1.35077e+07,8.79661e+07,8.79661e+07,8.79661e+07,6.03243,6.03243,6.03243,9.22067,9.22067,9.22067
46,2.32335e+06,2.32335e+06,2.32335e+06,4366.66,4366.66,4366.66,4082.9,4082.9,4082.9,3.34893e+06,3.34893e+06,3.34893e+06,3.08039e+06,3.08039e+06,3.08039e+06,7725.49,7725.49,7725.49,7543.34,7543.34,7543.34,1.23409e+06,1.23409e+06,1.23409e+06,1.36975e+06,1.36975e+06,1.36975e+06,1.42391e+07,1.42391e+07,1.42391e+07,1.35084e+07,1.35084e+07,1.35084e+07,8.79689e+07,8.79689e+07,8.79689e+07,6.03297,6.03297,6.03297,9.22473,9.22473,9.22473
47,2.32441e+06,2.32441e+06,2.32441e+06,4369.64,4369.64,4369.64,4086.75,4086.75,4086.75,3.34917e+06,3.34917e+06,3.34917e+06,3.08044e+06,3.08044e+06,3.08044e+06,7727.57,7727.57,7727.57,7547.55,7547.55,7547.55,1.2344e+06,1.2344e+06,1.2344e+06,1.37027e+06,1.37027e+06,1.37027e+06,1.42417e+07,1.42417e+07,1.42417e+07,1.35091e+07,1.35091e+07,1.35091e+07,8.79715e+07,8.79715e+07,8.79715e+07,6.03484,6.03484,6.03484,9.23036,9.23036,9.23036
48,2.32545e+06,2.32545e+06,2.32545e+06,4373.55,4373.55,4373.55,4091.24,4091.24,4091.24,3.34942e+06,3.34942e+06,3.34942e+06,3.08048e+06,3.08048e+06,3.08048e+06,7731.34,7731.34,7731.34,7552.99,7552.99,7552.99,1.23472e+06,1.23472e+06,1.23472e+06,1.37079e+06,1.37079e+06,1.37079e+06,1.42444e+07,1.42444e+07,1.42444e+07,1.351e+07,1.351e+07,1.351e+07,8.79738e+07,8.79738e+07,8.79738e+07,6.03802,6.03802,6.03802,9.2375,9.2375,9.2375
49,2.32645e+06,2.32645e+06,2.32645e+06,4378.34,4378.34,4378.34,4096.33,4096.33,4096.33,3.34965e+06,3.34965e+06,3.34965e+06,3.08051e+06,3.08051e+06,3.08051e+06,7736.73,7736.73,7736.73,7559.59,7559.59,7559.59,1.23506e+06,1.23506e+06,1.23506e+06,1.37133e+06,1.37133e+06,1.37133e+06,1.42472e+07,1.42472e+07,1.42472e+07,1.35111e+07,1.35111e+07,1.35111e+07,8.79758e+07,8.79758e+07,8.79758e+07,6.04248,6.04248,6.04248,9.24609,9.24609,9.24609
50,2.32743e+06,2.32743e+06,2.32743e+06,4383.98,4383.98,4383.98,4101.97,4101.97,4101.97,3.34987e+06,3.34987e+06,3.34987e+06,3.08053e+06,3.08053e+06,3.08053e+06,7743.67,7743.67,7743.67,7567.28,7567.28,7567.28,1.23543e+06,1.23543e+06,1.23543e+06,1.37189e+06,1.37189e+06,1.37189e+06,1.42502e+07,1.42502e+07,1.42502e+07,1.35124e+07,1.35124e+07,1.35124e+07,8.79773e+07,8.79773e+07,8.79773e+07,6.04816,6.04816,6.04816,9.25603,9.25603,9.25603
51,2.32837e+06,2.32837e+06,2.32837e+06,4390.41,4390.41,4390.41,4108.12,4108.12,4108.12,3.35007e+06,3.35007e+06,3.35007e+06,3.08053e+06,3.08053e+06,3.08053e+06,7752.07,7752.07,7752.07,7575.97,7575.97,7575.97,1.23581e+06,1.23581e+06,1.23581e+06,1.37247e+06,1.37247e+06,1.37247e+06,1.42535e+07,1.42535e+07,1.42535e+07,1.3514e+07,1.3514e+07,1.3514e+07,8.79782e+07,8.79782e+07,8.79782e+07,6.05501,6.05501,6.05501,9.26722,9.26722,9.26722
52,2.32927e+06,2.32927e+06,2.32927e+06,4397.56,4397.56,4397.56,4114.71,4114.71,4114.71,3.35025e+06,3.35025e+06,3.35025e+06,3.08051e+06,3.08051e+06,3.08051e+06,7761.82,7761.82,7761.82,7585.53,7585.53,7585.53,1.23622e+06,1.23622e+06,1.23622e+06,1.37308e+06,1.37308e+06,1.37308e+06,1.4257e+07,1.4257e+07,1.4257e+07,1.35159e+07,1.35159e+07,1.35159e+07,8.79786e+07,8.79786e+07,8.79786e+07,6.06293,6.06293,6.06293,9.27953,9.27953,9.27953
53,2.33012e+06,2.33012e+06,2.33012e+06,4405.37,4405.37,4405.37,4121.69,4121.69,4121.69,3.3504e+06,3.3504e+06,3.3504e+06,3.08046e+06,3.08046e+06,3.08046e+06,7772.78,7772.78,7772.78,7595.87,7595.87,7595.87,1.23666e+06,1.23666e+06,1.23666e+06,1.37371e+06,1.37371e+06,1.37371e+06,1.42608e+07,1.42608e+07,1.42608e+07,1.3518e+07,1.3518e+07,1.3518e+07,8.79782e+07,8.79782e+07,8.79782e+07,6.07184,6.07184,6.07184,9.29282,9.29282,9.29282
54,2.33094e+06,2.33094e+06,2.33094e+06,4413.74,4413.74,4413.74,4128.97,4128.97,4128.97,3.35053e+06,3.35053e+06,3.35053e+06,3.08039e+06,3.08039e+06,3.08039e+06,7784.81,7784.81,7784.81,7606.84,7606.84,7606.84,1.23712e+06,1.23712e+06,1.23712e+06,1.37438e+06,1.37438e+06,1.37438e+06,1.4265e+07,1.4265e+07,1.4265e+07,1.35205e+07,1.35205e+07,1.35205e+07,8.79772e+07,8.79772e+07,8.79772e+07,6.08162,6.08162,6.08162,9.30695,9.30695,9.30695
55,2.33171e+06,2.33171e+06,2.33171e+06,4422.59,4422.59,4422.59,4136.49,4136.49,4136.49,3.35063e+06,3.35063e+06,3.35063e+06,3.08029e+06,3.08029e+06,3.08029e+06,7797.75,7797.75,7797.75,7618.32,7618.32,7618.32,1.23762e+06,1.23762e+06,1.23762e+06,1.37509e+06,1.37509e+06,1.37509e+06,1.42696e+07,1.42696e+07,1.42696e+07,1.35234e+07,1.35234e+07,1.35234e+07,8.79754e+07,8.79754e+07,8.79754e+07,6.09216,6.09216,6.09216,9.32174,9.32174,9.32174
56,2.33243e+06,2.33243e+06,2.33243e+06,4431.81,4431.81,4431.81,4144.16,4144.16,4144.16,3.3507e+06,3.3507e+06,3.3507e+06,3.08017e+06,3.08017e+06,3.08017e+06,7811.42,7811.42,7811.42,7630.15,7630.15,7630.15,1.23815e+06,1.23815e+06,1.23815e+06,1.37583e+06,1.37583e+06,1.37583e+06,1.42746e+07,1.42746e+07,1.42746e+07,1.35266e+07,1.35266e+07,1.35266e+07,8.79728e+07,8.79728e+07,8.79728e+07,6.10332,6.10332,6.10332,9.33704,9.33704,9.33704
57,2.3331e+06,2.3331e+06,2.3331e+06,4441.3,4441.3,4441.3,4151.91,4151.91,4151.91,3.35073e+06,3.35073e+06,3.35073e+06,3.08001e+06,3.08001e+06,3.08001e+06,7825.64,7825.64,7825.64,7642.2,7642.2,7642.2,1.23871e+06,1.23871e+06,1.23871e+06,1.37661e+06,1.37661e+06,1.37661e+06,1.42799e+07,1.42799e+07,1.42799e+07,1.35301e+07,1.35301e+07,1.35301e+07,8.79694e+07,8.79694e+07,8.79694e+07,6.11496,6.11496,6.11496,9.35265,9.35265,9.35265
58,2.33373e+06,2.33373e+06,2.33373e+06,4450.95,4450.95,4450.95,4159.64,4159.64,4159.64,3.35074e+06,3.35074e+06,3.35074e+06,3.07983e+06,3.07983e+06,3.07983e+06,7840.22,7840.22,7840.22,7654.3,7654.3,7654.3,1.2393e+06,1.2393e+06,1.2393e+06,1.37744e+06,1.37744e+06,1.37744e+06,1.42857e+07,1.42857e+07,1.42857e+07,1.3534e+07,1.3534e+07,1.3534e+07,8.79652e+07,8.79652e+07,8.79652e+07,6.12693,6.12693,6.12693,9.3684,9.3684,9.3684
59,2.33431e+06,2.33431e+06,2.33431e+06,4460.65,4460.65,4460.65,4167.29,4167.29,4167.29,3.35071e+06,3.35071e+06,3.35071e+06,3.07962e+06,3.07962e+06,3.07962e+06,7854.94,7854.94,7854.94,7666.31,7666.31,7666.31,1.23991e+06,1.23991e+06,1.23991e+06,1.3783e+06,1.3783e+06,1.3783e+06,1.42919e+07,1.42919e+07,1.42919e+07,1.35382e+07,1.35382e+07,1.35382e+07,8.79602e+07,8.79602e+07,8.79602e+07,6.13908,6.13908,6.13908,9.38408,9.38408,9.38408
60,2.33483e+06,2.33483e+06,2.33483e+06,4470.27,4470.27,4470.27,4174.75,4174.75,4174.75,3.35066e+06,3.35066e+06,3.35066e+06,3.07939e+06,3.07939e+06,3.07939e+06,7869.62,7869.62,7869.62,7678.07,7678.07,7678.07,1.24056e+06,1.24056e+06,1.24056e+06,1.3792e+06,1.3792e+06,1.3792e+06,1.42985e+07,1.42985e+07,1.42985e+07,1.35427e+07,1.35427e+07,1.35427e+07,8.79544e+07,8.79544e+07,8.79544e+07,6.15125,6.15125,6.15125,9.39953,9.39953,9.39953
61,2.33532e+06,2.33532e+06,2.33532e+06,4479.7,4479.7,4479.7,4181.96,4181.96,4181.96,3.35058e+06,3.35058e+06,3.35058e+06,3.07913e+06,3.07913e+06,3.07913e+06,7884.04,7884.04,7884.04,7689.43,7689.43,7689.43,1.24123e+06,1.24123e+06,1.24123e+06,1.38014e+06,1.38014e+06,1.38014e+06,1.43055e+07,1.43055e+07,1.43055e+07,1.35476e+07,1.35476e+07,1.35476e+07,8.79479e+07,8.79479e+07,8.79479e+07,6.16327,6.16327,6.16327,9.41454,9.41454,9.41454
62,2.33575e+06,2.33575e+06,2.33575e+06,4488.82,4488.82,4488.82,4188.82,4188.82,4188.82,3.35047e+06,3.35047e+06,3.35047e+06,3.07884e+06,3.07884e+06,3.07884e+06,7898,7898,7898,7700.25,7700.25,7700.25,1.24193e+06,1.24193e+06,1.24193e+06,1.38111e+06,1.38111e+06,1.38111e+06,1.43129e+07,1.43129e+07,1.43129e+07,1.35527e+07,1.35527e+07,1.35527e+07,8.79407e+07,8.79407e+07,8.79407e+07,6.175,6.175,6.175,9.42894,9.42894,9.42894
63,2.33615e+06,2.33615e+06,2.33615e+06,4497.52,4497.52,4497.52,4195.27,4195.27,4195.27,3.35034e+06,3.35034e+06,3.35034e+06,3.07853e+06,3.07853e+06,3.07853e+06,7911.3,7911.3,7911.3,7710.38,7710.38,7710.38,1.24265e+06,1.24265e+06,1.24265e+06,1.38212e+06,1.38212e+06,1.38212e+06,1.43206e+07,1.43206e+07,1.43206e+07,1.3558e+07,1.3558e+07,1.3558e+07,8.79328e+07,8.79328e+07,8.79328e+07,6.18626,6.18626,6.18626,9.44255,9.44255,9.44255
64,2.3365e+06,2.3365e+06,2.3365e+06,4505.7,4505.7,4505.7,4201.24,4201.24,4201.24,3.35019e+06,3.35019e+06,3.35019e+06,3.07821e+06,3.07821e+06,3.07821e+06,7923.75,7923.75,7923.75,7719.69,7719.69,7719.69,1.24339e+06,1.24339e+06,1.24339e+06,1.38315e+06,1.38315e+06,1.38315e+06,1.43286e+07,1.43286e+07,1.43286e+07,1.35636e+07,1.35636e+07,1.35636e+07,8.79244e+07,8.79244e+07,8.79244e+07,6.19691,6.19691,6.19691,9.4552,9.4552,9.4552
65,2.33682e+06,2.33682e+06,2.33682e+06,4513.25,4513.25,4513.25,4206.66,4206.66,4206.66,3.35002e+06,3.35002e+06,3.35002e+06,3.07787e+06,3.07787e+06,3.07787e+06,7935.17,7935.17,7935.17,7728.08,7728.08,7728.08,1.24414e+06,1.24414e+06,1.24414e+06,1.38421e+06,1.38421e+06,1.38421e+06,1.43369e+07,1.43369e+07,1.43369e+07,1.35694e+07,1.35694e+07,1.35694e+07,8.79154e+07,8.79154e+07,8.79154e+07,6.2068,6.2068,6.2068,9.46676,9.46676,9.46676
66,2.3371e+06,2.3371e+06,2.3371e+06,4520.08,4520.08,4520.08,4211.48,4211.48,4211.48,3.34984e+06,3.34984e+06,3.34984e+06,3.07752e+06,3.07752e+06,3.07752e+06,7945.4,7945.4,7945.4,7735.43,7735.43,7735.43,1.2449e+06,1.2449e+06,1.2449e+06,1.38529e+06,1.38529e+06,1.38529e+06,1.43454e+07,1.43454e+07,1.43454e+07,1.35753e+07,1.35753e+07,1.35753e+07,8.7906e+07,8.7906e+07,8.7906e+07,6.2158,6.2158,6.2158,9.47707,9.47707,9.47707
67,2.33735e+06,2.33735e+06,2.33735e+06,4526.1,4526.1,4526.1,4215.64,4215.64,4215.64,3.34965e+06,3.34965e+06,3.34965e+06,3.07716e+06,3.07716e+06,3.07716e+06,7954.28,7954.28,7954.28,7741.66,7741.66,7741.66,1.24567e+06,1.24567e+06,1.24567e+06,1.38639e+06,1.38639e+06,1.38639e+06,1.4354e+07,1.4354e+07,1.4354e+07,1.35813e+07,1.35813e+07,1.35813e+07,8.78963e+07,8.78963e+07,8.78963e+07,6.22378,6.22378,6.22378,9.48604,9.48604,9.48604
68,2.33758e+06,2.33758e+06,2.33758e+06,4531.25,4531.25,4531.25,4219.12,4219.12,4219.12,3.34947e+06,3.34947e+06,3.34947e+06,3.0768e+06,3.0768e+06,3.0768e+06,7961.68,7961.68,7961.68,7746.7,7746.7,7746.7,1.24645e+06,1.24645e+06,1.24645e+06,1.38749e+06,1.38749e+06,1.38749e+06,1.43628e+07,1.43628e+07,1.43628e+07,1.35873e+07,1.35873e+07,1.35873e+07,8.78863e+07,8.78863e+07,8.78863e+07,6.23063,6.23063,6.23063,9.49355,9.49355,9.49355
69,2.33778e+06,2.33778e+06,2.33778e+06,4535.46,4535.46,4535.46,4221.89,4221.89,4221.89,3.34928e+06,3.34928e+06,3.34928e+06,3.07644e+06,3.07644e+06,3.07644e+06,7967.5,7967.5,7967.5,7750.5,7750.5,7750.5,1.24723e+06,1.24723e+06,1.24723e+06,1.3886e+06,1.3886e+06,1.3886e+06,1.43716e+07,1.43716e+07,1.43716e+07,1.35934e+07,1.35934e+07,1.35934e+07,8.78762e+07,8.78762e+07,8.78762e+07,6.23627,6.23627,6.23627,9.49954,9.49954,9.49954
70,2.33796e+06,2.33796e+06,2.33796e+06,4538.68,4538.68,4538.68,4223.93,4223.93,4223.93,3.3491e+06,3.3491e+06,3.3491e+06,3.07609e+06,3.07609e+06,3.07609e+06,7971.66,7971.66,7971.66,7753.01,7753.01,7753.01,1.248e+06,1.248e+06,1.248e+06,1.3897e+06,1.3897e+06,1.3897e+06,1.43804e+07,1.43804e+07,1.43804e+07,1.35994e+07,1.35994e+07,1.35994e+07,8.7866e+07,8.7866e+07,8.7866e+07,6.24062,6.24062,6.24062,9.50395,9.50395,9.50395
71,2.33813e+06,2.33813e+06,2.33813e+06,4540.89,4540.89,4540.89,4225.22,4225.22,4225.22,3.34894e+06,3.34894e+06,3.34894e+06,3.07574e+06,3.07574e+06,3.07574e+06,7974.08,7974.08,7974.08,7754.24,7754.24,7754.24,1.24876e+06,1.24876e+06,1.24876e+06,1.3908e+06,1.3908e+06,1.3908e+06,1.43891e+07,1.43891e+07,1.43891e+07,1.36054e+07,1.36054e+07,1.36054e+07,8.78558e+07,8.78558e+07,8.78558e+07,6.24362,6.24362,6.24362,9.50676,9.50676,9.50676
72,2.33829e+06,2.33829e+06,2.33829e+06,4542.07,4542.07,4542.07,4225.79,4225.79,4225.79,3.34879e+06,3.34879e+06,3.34879e+06,3.07541e+06,3.07541e+06,3.07541e+06,7974.75,7974.75,7974.75,7754.18,7754.18,7754.18,1.24951e+06,1.24951e+06,1.24951e+06,1.39189e+06,1.39189e+06,1.39189e+06,1.43977e+07,1.43977e+07,1.43977e+07,1.36112e+07,1.36112e+07,1.36112e+07,8.78458e+07,8.78458e+07,8.78458e+07,6.24524,6.24524,6.24524,9.50796,9.50796,9.50796
73,2.33844e+06,2.33844e+06,2.33844e+06,4542.21,4542.21,4542.21,4225.65,4225.65,4225.65,3.34866e+06,3.34866e+06,3.34866e+06,3.0751e+06,3.0751e+06,3.0751e+06,7973.64,7973.64,7973.64,7752.86,7752.86,7752.86,1.25025e+06,1.25025e+06,1.25025e+06,1.39295e+06,1.39295e+06,1.39295e+06,1.44061e+07,1.44061e+07,1.44061e+07,1.36169e+07,1.36169e+07,1.36169e+07,8.7836e+07,8.7836e+07,8.7836e+07,6.24546,6.24546,6.24546,9.50758,9.50758,9.50758
74,2.3386e+06,2.3386e+06,2.3386e+06,4541.33,4541.33,4541.33,4224.82,4224.82,4224.82,3.34856e+06,3.34856e+06,3.34856e+06,3.0748e+06,3.0748e+06,3.0748e+06,7970.8,7970.8,7970.8,7750.32,7750.32,7750.32,1.25096e+06,1.25096e+06,1.25096e+06,1.39399e+06,1.39399e+06,1.39399e+06,1.44142e+07,1.44142e+07,1.44142e+07,1.36224e+07,1.36224e+07,1.36224e+07,8.78266e+07,8.78266e+07,8.78266e+07,6.24429,6.24429,6.24429,9.50565,9.50565,9.50565
75,2.33876e+06,2.33876e+06,2.33876e+06,4539.47,4539.47,4539.47,4223.34,4223.34,4223.34,3.34849e+06,3.34849e+06,3.34849e+06,3.07454e+06,3.07454e+06,3.07454e+06,7966.25,7966.25,7966.25,7746.64,7746.64,7746.64,1.25165e+06,1.25165e+06,1.25165e+06,1.395e+06,1.395e+06,1.395e+06,1.4422e+07,1.4422e+07,1.4422e+07,1.36277e+07,1.36277e+07,1.36277e+07,8.78176e+07,8.78176e+07,8.78176e+07,6.24175,6.24175,6.24175,9.50227,9.50227,9.50227
76,2.33892e+06,2.33892e+06,2.33892e+06,4536.65,4536.65,4536.65,4221.26,4221.26,4221.26,3.34846e+06,3.34846e+06,3.34846e+06,3.0743e+06,3.0743e+06,3.0743e+06,7960.07,7960.07,7960.07,7741.9,7741.9,7741.9,1.25232e+06,1.25232e+06,1.25232e+06,1.39597e+06,1.39597e+06,1.39597e+06,1.44295e+07,1.44295e+07,1.44295e+07,1.36326e+07,1.36326e+07,1.36326e+07,8.7809e+07,8.7809e+07,8.7809e+07,6.2379,6.2379,6.2379,9.4975,9.4975,9.4975
77,2.3391e+06,2.3391e+06,2.3391e+06,4532.95,4532.95,4532.95,4218.64,4218.64,4218.64,3.34847e+06,3.34847e+06,3.34847e+06,3.07409e+06,3.07409e+06,3.07409e+06,7952.37,7952.37,7952.37,7736.19,7736.19,7736.19,1.25296e+06,1.25296e+06,1.25296e+06,1.3969e+06,1.3969e+06,1.3969e+06,1.44365e+07,1.44365e+07,1.44365e+07,1.36373e+07,1.36373e+07,1.36373e+07,8.7801e+07,8.7801e+07,8.7801e+07,6.23281,6.23281,6.23281,9.49148,9.49148,9.49148
78,2.33929e+06,2.33929e+06,2.33929e+06,4528.44,4528.44,4528.44,4215.53,4215.53,4215.53,3.34852e+06,3.34852e+06,3.34852e+06,3.07392e+06,3.07392e+06,3.07392e+06,7943.26,7943.26,7943.26,7729.63,7729.63,7729.63,1.25356e+06,1.25356e+06,1.25356e+06,1.39779e+06,1.39779e+06,1.39779e+06,1.44431e+07,1.44431e+07,1.44431e+07,1.36417e+07,1.36417e+07,1.36417e+07,8.77937e+07,8.77937e+07,8.77937e+07,6.22656,6.22656,6.22656,9.48432,9.48432,9.48432
79,2.33949e+06,2.33949e+06,2.33949e+06,4523.19,4523.19,4523.19,4212.02,4212.02,4212.02,3.34861e+06,3.34861e+06,3.34861e+06,3.07379e+06,3.07379e+06,3.07379e+06,7932.88,7932.88,7932.88,7722.35,7722.35,7722.35,1.25413e+06,1.25413e+06,1.25413e+06,1.39863e+06,1.39863e+06,1.39863e+06,1.44492e+07,1.44492e+07,1.44492e+07,1.36457e+07,1.36457e+07,1.36457e+07,8.7787e+07,8.7787e+07,8.7787e+07,6.21925,6.21925,6.21925,9.47619,9.47619,9.47619
80,2.33972e+06,2.33972e+06,2.33972e+06,4517.3,4517.3,4517.3,4208.18,4208.18,4208.18,3.34875e+06,3.34875e+06,3.34875e+06,3.07369e+06,3.07369e+06,3.07369e+06,7921.4,7921.4,7921.4,7714.47,7714.47,7714.47,1.25467e+06,1.25467e+06,1.25467e+06,1.39941e+06,1.39941e+06,1.39941e+06,1.44548e+07,1.44548e+07,1.44548e+07,1.36494e+07,1.36494e+07,1.36494e+07,8.77811e+07,8.77811e+07,8.77811e+07,6.211,6.211,6.211,9.46724,9.46724,9.46724
81,2.33997e+06,2.33997e+06,2.33997e+06,4510.87,4510.87,4510.87,4204.08,4204.08,4204.08,3.34894e+06,3.34894e+06,3.34894e+06,3.07363e+06,3.07363e+06,3.07363e+06,7908.98,7908.98,7908.98,7706.15,7706.15,7706.15,1.25517e+06,1.25517e+06,1.25517e+06,1.40015e+06,1.40015e+06,1.40015e+06,1.44598e+07,1.44598e+07,1.44598e+07,1.36527e+07,1.36527e+07,1.36527e+07,8.77759e+07,8.77759e+07,8.77759e+07,6.20195,6.20195,6.20195,9.45765,9.45765,9.45765
82,2.34024e+06,2.34024e+06,2.34024e+06,4504.01,4504.01,4504.01,4199.81,4199.81,4199.81,3.34918e+06,3.34918e+06,3.34918e+06,3.07362e+06,3.07362e+06,3.07362e+06,7895.82,7895.82,7895.82,7697.54,7697.54,7697.54,1.25564e+06,1.25564e+06,1.25564e+06,1.40082e+06,1.40082e+06,1.40082e+06,1.44643e+07,1.44643e+07,1.44643e+07,1.36556e+07,1.36556e+07,1.36556e+07,8.77716e+07,8.77716e+07,8.77716e+07,6.19225,6.19225,6.19225,9.44759,9.44759,9.44759
83,2.34054e+06,2.34054e+06,2.34054e+06,4496.83,4496.83,4496.83,4195.46,4195.46,4195.46,3.34946e+06,3.34946e+06,3.34946e+06,3.07364e+06,3.07364e+06,3.07364e+06,7882.11,7882.11,7882.11,7688.78,7688.78,7688.78,1.25607e+06,1.25607e+06,1.25607e+06,1.40144e+06,1.40144e+06,1.40144e+06,1.44681e+07,1.44681e+07,1.44681e+07,1.36582e+07,1.36582e+07,1.36582e+07,8.7768e+07,8.7768e+07,8.7768e+07,6.18203,6.18203,6.18203,9.43726,9.43726,9.43726
84,2.34086e+06,2.34086e+06,2.34086e+06,4489.45,4489.45,4489.45,4191.11,4191.11,4191.11,3.3498e+06,3.3498e+06,3.3498e+06,3.07371e+06,3.07371e+06,3.07371e+06,7868.06,7868.06,7868.06,7680.04,7680.04,7680.04,1.25646e+06,1.25646e+06,1.25646e+06,1.402e+06,1.402e+06,1.402e+06,1.44714e+07,1.44714e+07,1.44714e+07,1.36604e+07,1.36604e+07,1.36604e+07,8.77652e+07,8.77652e+07,8.77652e+07,6.17146,6.17146,6.17146,9.42685,9.42685,9.42685
85,2.34121e+06,2.34121e+06,2.34121e+06,4481.99,4481.99,4481.99,4186.85,4186.85,4186.85,3.35018e+06,3.35018e+06,3.35018e+06,3.07382e+06,3.07382e+06,3.07382e+06,7853.86,7853.86,7853.86,7671.46,7671.46,7671.46,1.25682e+06,1.25682e+06,1.25682e+06,1.40251e+06,1.40251e+06,1.40251e+06,1.44742e+07,1.44742e+07,1.44742e+07,1.36622e+07,1.36622e+07,1.36622e+07,8.77632e+07,8.77632e+07,8.77632e+07,6.16069,6.16069,6.16069,9.41655,9.41655,9.41655
86,2.34158e+06,2.34158e+06,2.34158e+06,4474.57,4474.57,4474.57,4182.75,4182.75,4182.75,3.35061e+06,3.35061e+06,3.35061e+06,3.07396e+06,3.07396e+06,3.07396e+06,7839.73,7839.73,7839.73,7663.2,7663.2,7663.2,1.25715e+06,1.25715e+06,1.25715e+06,1.40296e+06,1.40296e+06,1.40296e+06,1.44763e+07,1.44763e+07,1.44763e+07,1.36637e+07,1.36637e+07,1.36637e+07,8.7762e+07,8.7762e+07,8.7762e+07,6.1499,6.1499,6.1499,9.40653,9.40653,9.40653
87,2.34197e+06,2.34197e+06,2.34197e+06,4467.29,4467.29,4467.29,4178.9,4178.9,4178.9,3.35109e+06,3.35109e+06,3.35109e+06,3.07414e+06,3.07414e+06,3.07414e+06,7825.87,7825.87,7825.87,7655.39,7655.39,7655.39,1.25745e+06,1.25745e+06,1.25745e+06,1.40335e+06,1.40335e+06,1.40335e+06,1.44779e+07,1.44779e+07,1.44779e+07,1.36649e+07,1.36649e+07,1.36649e+07,8.77616e+07,8.77616e+07,8.77616e+07,6.13924,6.13924,6.13924,9.39699,9.39699,9.39699
88,2.34239e+06,2.34239e+06,2.34239e+06,4460.29,4460.29,4460.29,4175.38,4175.38,4175.38,3.35161e+06,3.35161e+06,3.35161e+06,3.07436e+06,3.07436e+06,3.07436e+06,7812.48,7812.48,7812.48,7648.18,7648.18,7648.18,1.25772e+06,1.25772e+06,1.25772e+06,1.4037e+06,1.4037e+06,1.4037e+06,1.4479e+07,1.4479e+07,1.4479e+07,1.36658e+07,1.36658e+07,1.36658e+07,8.77618e+07,8.77618e+07,8.77618e+07,6.12886,6.12886,6.12886,9.38809,9.38809,9.38809
89,2.34282e+06,2.34282e+06,2.34282e+06,4453.65,4453.65,4453.65,4172.24,4172.24,4172.24,3.35216e+06,3.35216e+06,3.35216e+06,3.07461e+06,3.07461e+06,3.07461e+06,7799.73,7799.73,7799.73,7641.7,7641.7,7641.7,1.25796e+06,1.25796e+06,1.25796e+06,1.40399e+06,1.40399e+06,1.40399e+06,1.44796e+07,1.44796e+07,1.44796e+07,1.36664e+07,1.36664e+07,1.36664e+07,8.77626e+07,8.77626e+07,8.77626e+07,6.11892,6.11892,6.11892,9.37999,9.37999,9.37999
90,2.34328e+06,2.34328e+06,2.34328e+06,4447.48,4447.48,4447.48,4169.56,4169.56,4169.56,3.35275e+06,3.35275e+06,3.35275e+06,3.07489e+06,3.07489e+06,3.07489e+06,7787.82,7787.82,7787.82,7636.05,7636.05,7636.05,1.25819e+06,1.25819e+06,1.25819e+06,1.40424e+06,1.40424e+06,1.40424e+06,1.44798e+07,1.44798e+07,1.44798e+07,1.36668e+07,1.36668e+07,1.36668e+07,8.7764e+07,8.7764e+07,8.7764e+07,6.10957,6.10957,6.10957,9.37286,9.37286,9.37286
91,2.34374e+06,2.34374e+06,2.34374e+06,4441.88,4441.88,4441.88,4167.39,4167.39,4167.39,3.35337e+06,3.35337e+06,3.35337e+06,3.07519e+06,3.07519e+06,3.07519e+06,7776.91,7776.91,7776.91,7631.34,7631.34,7631.34,1.25839e+06,1.25839e+06,1.25839e+06,1.40446e+06,1.40446e+06,1.40446e+06,1.44796e+07,1.44796e+07,1.44796e+07,1.3667e+07,1.3667e+07,1.3667e+07,8.77659e+07,8.77659e+07,8.77659e+07,6.10092,6.10092,6.10092,9.36682,9.36682,9.36682
92,2.34422e+06,2.34422e+06,2.34422e+06,4436.93,4436.93,4436.93,4165.78,4165.78,4165.78,3.35401e+06,3.35401e+06,3.35401e+06,3.07552e+06,3.07552e+06,3.07552e+06,7767.13,7767.13,7767.13,7627.67,7627.67,7627.67,1.25858e+06,1.25858e+06,1.25858e+06,1.40463e+06,1.40463e+06,1.40463e+06,1.44789e+07,1.44789e+07,1.44789e+07,1.3667e+07,1.3667e+07,1.3667e+07,8.77682e+07,8.77682e+07,8.77682e+07,6.09312,6.09312,6.09312,9.36198,9.36198,9.36198
93,2.34471e+06,2.34471e+06,2.34471e+06,4432.7,4432.7,4432.7,4164.77,4164.77,4164.77,3.35468e+06,3.35468e+06,3.35468e+06,3.07586e+06,3.07586e+06,3.07586e+06,7758.63,7758.63,7758.63,7625.11,7625.11,7625.11,1.25875e+06,1.25875e+06,1.25875e+06,1.40478e+06,1.40478e+06,1.40478e+06,1.4478e+07,1.4478e+07,1.4478e+07,1.3667e+07,1.3667e+07,1.3667e+07,8.77709e+07,8.77709e+07,8.77709e+07,6.08626,6.08626,6.08626,9.35847,9.35847,9.35847
94,2.34521e+06,2.34521e+06,2.34521e+06,4429.25,4429.25,4429.25,4164.4,4164.4,4164.4,3.35536e+06,3.35536e+06,3.35536e+06,3.07622e+06,3.07622e+06,3.07622e+06,7751.52,7751.52,7751.52,7623.73,7623.73,7623.73,1.25892e+06,1.25892e+06,1.25892e+06,1.4049e+06,1.4049e+06,1.4049e+06,1.44769e+07,1.44769e+07,1.44769e+07,1.36668e+07,1.36668e+07,1.36668e+07,8.77738e+07,8.77738e+07,8.77738e+07,6.08045,6.08045,6.08045,9.35635,9.35635,9.35635
95,2.3457e+06,2.3457e+06,2.3457e+06,4426.65,4426.65,4426.65,4164.68,4164.68,4164.68,3.35605e+06,3.35605e+06,3.35605e+06,3.07659e+06,3.07659e+06,3.07659e+06,7745.9,7745.9,7745.9,7623.56,7623.56,7623.56,1.25908e+06,1.25908e+06,1.25908e+06,1.405e+06,1.405e+06,1.405e+06,1.44755e+07,1.44755e+07,1.44755e+07,1.36667e+07,1.36667e+07,1.36667e+07,8.77768e+07,8.77768e+07,8.77768e+07,6.07575,6.07575,6.07575,9.35569,9.35569,9.35569
96,2.34619e+06,2.34619e+06,2.34619e+06,4424.92,4424.92,4424.92,4165.64,4165.64,4165.64,3.35675e+06,3.35675e+06,3.35675e+06,3.07696e+06,3.07696e+06,3.07696e+06,7741.82,7741.82,7741.82,7624.63,7624.63,7624.63,1.25925e+06,1.25925e+06,1.25925e+06,1.40508e+06,1.40508e+06,1.40508e+06,1.4474e+07,1.4474e+07,1.4474e+07,1.36665e+07,1.36665e+07,1.36665e+07,8.77799e+07,8.77799e+07,8.77799e+07,6.07225,6.07225,6.07225,9.35654,9.35654,9.35654
97,2.34667e+06,2.34667e+06,2.34667e+06,4424.09,4424.09,4424.09,4167.27,4167.27,4167.27,3.35746e+06,3.35746e+06,3.35746e+06,3.07734e+06,3.07734e+06,3.07734e+06,7739.35,7739.35,7739.35,7626.97,7626.97,7626.97,1.25941e+06,1.25941e+06,1.25941e+06,1.40516e+06,1.40516e+06,1.40516e+06,1.44724e+07,1.44724e+07,1.44724e+07,1.36664e+07,1.36664e+07,1.36664e+07,8.7783e+07,8.7783e+07,8.7783e+07,6.06998,6.06998,6.06998,9.35892,9.35892,9.35892
98,2.34715e+06,2.34715e+06,2.34715e+06,4424.19,4424.19,4424.19,4169.57,4169.57,4169.57,3.35815e+06,3.35815e+06,3.35815e+06,3.07771e+06,3.07771e+06,3.07771e+06,7738.51,7738.51,7738.51,7630.55,7630.55,7630.55,1.25959e+06,1.25959e+06,1.25959e+06,1.40523e+06,1.40523e+06,1.40523e+06,1.44708e+07,1.44708e+07,1.44708e+07,1.36664e+07,1.36664e+07,1.36664e+07,8.77859e+07,8.77859e+07,8.77859e+07,6.06897,6.06897,6.06897,9.36283,9.36283,9.36283
99,2.3476e+06,2.3476e+06,2.3476e+06,4425.2,4425.2,4425.2,4172.53,4172.53,4172.53,3.35884e+06,3.35884e+06,3.35884e+06,3.07808e+06,3.07808e+06,3.07808e+06,7739.31,7739.31,7739.31,7635.36,7635.36,7635.36,1.25978e+06,1.25978e+06,1.25978e+06,1.40531e+06,1.40531e+06,1.40531e+06,1.44692e+07,1.44692e+07,1.44692e+07,1.36666e+07,1.36666e+07,1.36666e+07,8.77886e+07,8.77886e+07,8.77886e+07,6.06923,6.06923,6.06923,9.36825,9.36825,9.36825
100,2.34804e+06,2.34804e+06,2.34804e+06,4427.13,4427.13,4427.13,4176.12,4176.12,4176.12,3.35952e+06,3.35952e+06,3.35952e+06,3.07844e+06,3.07844e+06,3.07844e+06,7741.73,7741.73,7741.73,7641.36,7641.36,7641.36,1.25998e+06,1.25998e+06,1.25998e+06,1.4054e+06,1.4054e+06,1.4054e+06,1.44678e+07,1.44678e+07,1.44678e+07,1.36669e+07,1.36669e+07,1.36669e+07,8.7791e+07,8.7791e+07,8.7791e+07,6.07077,6.07077,6.07077,9.37514,9.37514,9.37514
101,2.34846e+06,2.34846e+06,2.34846e+06,4429.93,4429.93,4429.93,4180.31,4180.31,4180.31,3.36017e+06,3.36017e+06,3.36017e+06,3.07878e+06,3.07878e+06,3.07878e+06,7745.74,7745.74,7745.74,7648.5,7648.5,7648.5,1.2602e+06,1.2602e+06,1.2602e+06,1.4055e+06,1.4055e+06,1.4055e+06,1.44665e+07,1.44665e+07,1.44665e+07,1.36674e+07,1.36674e+07,1.36674e+07,8.7793e+07,8.7793e+07,8.7793e+07,6.07356,6.07356,6.07356,9.38345,9.38345,9.38345
102,2.34884e+06,2.34884e+06,2.34884e+06,4433.59,4433.59,4433.59,4185.06,4185.06,4185.06,3.36081e+06,3.36081e+06,3.36081e+06,3.07911e+06,3.07911e+06,3.07911e+06,7751.26,7751.26,7751.26,7656.69,7656.69,7656.69,1.26044e+06,1.26044e+06,1.26044e+06,1.40562e+06,1.40562e+06,1.40562e+06,1.44653e+07,1.44653e+07,1.44653e+07,1.36682e+07,1.36682e+07,1.36682e+07,8.77945e+07,8.77945e+07,8.77945e+07,6.07755,6.07755,6.07755,9.39309,9.39309,9.39309
103,2.3492e+06,2.3492e+06,2.3492e+06,4438.04,4438.04,4438.04,4190.32,4190.32,4190.32,3.36141e+06,3.36141e+06,3.36141e+06,3.07941e+06,3.07941e+06,3.07941e+06,7758.23,7758.23,7758.23,7665.86,7665.86,7665.86,1.26071e+06,1.26071e+06,1.26071e+06,1.40576e+06,1.40576e+06,1.40576e+06,1.44645e+07,1.44645e+07,1.44645e+07,1.36692e+07,1.36692e+07,1.36692e+07,8.77955e+07,8.77955e+07,8.77955e+07,6.0827,6.0827,6.0827,9.40396,9.40396,9.40396
104,2.34953e+06,2.34953e+06,2.34953e+06,4443.23,4443.23,4443.23,4196.04,4196.04,4196.04,3.36199e+06,3.36199e+06,3.36199e+06,3.07969e+06,3.07969e+06,3.07969e+06,7766.53,7766.53,7766.53,7675.9,7675.9,7675.9,1.261e+06,1.261e+06,1.261e+06,1.40594e+06,1.40594e+06,1.40594e+06,1.44639e+07,1.44639e+07,1.44639e+07,1.36706e+07,1.36706e+07,1.36706e+07,8.77958e+07,8.77958e+07,8.77958e+07,6.08892,6.08892,6.08892,9.41595,9.41595,9.41595
105,2.34982e+06,2.34982e+06,2.34982e+06,4449.08,4449.08,4449.08,4202.14,4202.14,4202.14,3.36254e+06,3.36254e+06,3.36254e+06,3.07995e+06,3.07995e+06,3.07995e+06,7776.05,7776.05,7776.05,7686.69,7686.69,7686.69,1.26133e+06,1.26133e+06,1.26133e+06,1.40614e+06,1.40614e+06,1.40614e+06,1.44637e+07,1.44637e+07,1.44637e+07,1.36722e+07,1.36722e+07,1.36722e+07,8.77955e+07,8.77955e+07,8.77955e+07,6.09613,6.09613,6.09613,9.42892,9.42892,9.42892
106,2.35007e+06,2.35007e+06,2.35007e+06,4455.51,4455.51,4455.51,4208.56,4208.56,4208.56,3.36304e+06,3.36304e+06,3.36304e+06,3.08018e+06,3.08018e+06,3.08018e+06,7786.64,7786.64,7786.64,7698.12,7698.12,7698.12,1.26168e+06,1.26168e+06,1.26168e+06,1.40638e+06,1.40638e+06,1.40638e+06,1.44638e+07,1.44638e+07,1.44638e+07,1.36742e+07,1.36742e+07,1.36742e+07,8.77946e+07,8.77946e+07,8.77946e+07,6.10422,6.10422,6.10422,9.44273,9.44273,9.44273
107,2.35028e+06,2.35028e+06,2.35028e+06,4462.44,4462.44,4462.44,4215.23,4215.23,4215.23,3.36352e+06,3.36352e+06,3.36352e+06,3.08038e+06,3.08038e+06,3.08038e+06,7798.15,7798.15,7798.15,7710.05,7710.05,7710.05,1.26206e+06,1.26206e+06,1.26206e+06,1.40665e+06,1.40665e+06,1.40665e+06,1.44643e+07,1.44643e+07,1.44643e+07,1.36766e+07,1.36766e+07,1.36766e+07,8.77928e+07,8.77928e+07,8.77928e+07,6.11308,6.11308,6.11308,9.4572,9.4572,9.4572
108,2.35044e+06,2.35044e+06,2.35044e+06,4469.76,4469.76,4469.76,4222.05,4222.05,4222.05,3.36395e+06,3.36395e+06,3.36395e+06,3.08054e+06,3.08054e+06,3.08054e+06,7810.41,7810.41,7810.41,7722.32,7722.32,7722.32,1.26248e+06,1.26248e+06,1.26248e+06,1.40697e+06,1.40697e+06,1.40697e+06,1.44653e+07,1.44653e+07,1.44653e+07,1.36793e+07,1.36793e+07,1.36793e+07,8.77904e+07,8.77904e+07,8.77904e+07,6.12257,6.12257,6.12257,9.47217,9.47217,9.47217
109,2.35057e+06,2.35057e+06,2.35057e+06,4477.37,4477.37,4477.37,4228.95,4228.95,4228.95,3.36435e+06,3.36435e+06,3.36435e+06,3.08068e+06,3.08068e+06,3.08068e+06,7823.23,7823.23,7823.23,7734.8,7734.8,7734.8,1.26293e+06,1.26293e+06,1.26293e+06,1.40733e+06,1.40733e+06,1.40733e+06,1.44666e+07,1.44666e+07,1.44666e+07,1.36824e+07,1.36824e+07,1.36824e+07,8.77871e+07,8.77871e+07,8.77871e+07,6.13257,6.13257,6.13257,9.48746,9.48746,9.48746
110,2.35065e+06,2.35065e+06,2.35065e+06,4485.15,4485.15,4485.15,4235.84,4235.84,4235.84,3.36471e+06,3.36471e+06,3.36471e+06,3.08079e+06,3.08079e+06,3.08079e+06,7836.43,7836.43,7836.43,7747.32,7747.32,7747.32,1.26341e+06,1.26341e+06,1.26341e+06,1.40772e+06,1.40772e+06,1.40772e+06,1.44684e+07,1.44684e+07,1.44684e+07,1.36858e+07,1.36858e+07,1.36858e+07,8.77832e+07,8.77832e+07,8.77832e+07,6.14292,6.14292,6.14292,9.50287,9.50287,9.50287
111,2.35069e+06,2.35069e+06,2.35069e+06,4493,4493,4493,4242.64,4242.64,4242.64,3.36502e+06,3.36502e+06,3.36502e+06,3.08087e+06,3.08087e+06,3.08087e+06,7849.81,7849.81,7849.81,7759.73,7759.73,7759.73,1.26392e+06,1.26392e+06,1.26392e+06,1.40816e+06,1.40816e+06,1.40816e+06,1.44706e+07,1.44706e+07,1.44706e+07,1.36895e+07,1.36895e+07,1.36895e+07,8.77784e+07,8.77784e+07,8.77784e+07,6.15346,6.15346,6.15346,9.51821,9.51821,9.51821
112,2.35068e+06,2.35068e+06,2.35068e+06,4500.79,4500.79,4500.79,4249.26,4249.26,4249.26,3.3653e+06,3.3653e+06,3.3653e+06,3.08092e+06,3.08092e+06,3.08092e+06,7863.16,7863.16,7863.16,7771.87,7771.87,7771.87,1.26446e+06,1.26446e+06,1.26446e+06,1.40864e+06,1.40864e+06,1.40864e+06,1.44733e+07,1.44733e+07,1.44733e+07,1.36936e+07,1.36936e+07,1.36936e+07,8.7773e+07,8.7773e+07,8.7773e+07,6.16404,6.16404,6.16404,9.53329,9.53329,9.53329
113,2.35063e+06,2.35063e+06,2.35063e+06,4508.4,4508.4,4508.4,4255.6,4255.6,4255.6,3.36555e+06,3.36555e+06,3.36555e+06,3.08094e+06,3.08094e+06,3.08094e+06,7876.27,7876.27,7876.27,7783.59,7783.59,7783.59,1.26502e+06,1.26502e+06,1.26502e+06,1.40916e+06,1.40916e+06,1.40916e+06,1.44763e+07,1.44763e+07,1.44763e+07,1.3698e+07,1.3698e+07,1.3698e+07,8.77668e+07,8.77668e+07,8.77668e+07,6.1745,6.1745,6.1745,9.54792,9.54792,9.54792
114,2.35054e+06,2.35054e+06,2.35054e+06,4515.72,4515.72,4515.72,4261.6,4261.6,4261.6,3.36576e+06,3.36576e+06,3.36576e+06,3.08093e+06,3.08093e+06,3.08093e+06,7888.95,7888.95,7888.95,7794.73,7794.73,7794.73,1.26561e+06,1.26561e+06,1.26561e+06,1.40971e+06,1.40971e+06,1.40971e+06,1.44798e+07,1.44798e+07,1.44798e+07,1.37027e+07,1.37027e+07,1.37027e+07,8.77601e+07,8.77601e+07,8.77601e+07,6.18467,6.18467,6.18467,9.5619,9.5619,9.5619
115,2.35042e+06,2.35042e+06,2.35042e+06,4522.64,4522.64,4522.64,4267.16,4267.16,4267.16,3.36594e+06,3.36594e+06,3.36594e+06,3.0809e+06,3.0809e+06,3.0809e+06,7900.99,7900.99,7900.99,7805.15,7805.15,7805.15,1.26623e+06,1.26623e+06,1.26623e+06,1.4103e+06,1.4103e+06,1.4103e+06,1.44836e+07,1.44836e+07,1.44836e+07,1.37076e+07,1.37076e+07,1.37076e+07,8.77528e+07,8.77528e+07,8.77528e+07,6.1944,6.1944,6.1944,9.57505,9.57505,9.57505
116,2.35025e+06,2.35025e+06,2.35025e+06,4529.04,4529.04,4529.04,4272.23,4272.23,4272.23,3.3661e+06,3.3661e+06,3.3661e+06,3.08085e+06,3.08085e+06,3.08085e+06,7912.2,7912.2,7912.2,7814.71,7814.71,7814.71,1.26686e+06,1.26686e+06,1.26686e+06,1.41092e+06,1.41092e+06,1.41092e+06,1.44877e+07,1.44877e+07,1.44877e+07,1.37128e+07,1.37128e+07,1.37128e+07,8.7745e+07,8.7745e+07,8.7745e+07,6.20354,6.20354,6.20354,9.58722,9.58722,9.58722
117,2.35006e+06,2.35006e+06,2.35006e+06,4534.82,4534.82,4534.82,4276.72,4276.72,4276.72,3.36623e+06,3.36623e+06,3.36623e+06,3.08079e+06,3.08079e+06,3.08079e+06,7922.4,7922.4,7922.4,7823.3,7823.3,7823.3,1.26751e+06,1.26751e+06,1.26751e+06,1.41157e+06,1.41157e+06,1.41157e+06,1.44921e+07,1.44921e+07,1.44921e+07,1.37181e+07,1.37181e+07,1.37181e+07,8.77367e+07,8.77367e+07,8.77367e+07,6.21193,6.21193,6.21193,9.59822,9.59822,9.59822
118,2.34983e+06,2.34983e+06,2.34983e+06,4539.89,4539.89,4539.89,4280.59,4280.59,4280.59,3.36634e+06,3.36634e+06,3.36634e+06,3.08071e+06,3.08071e+06,3.08071e+06,7931.42,7931.42,7931.42,7830.8,7830.8,7830.8,1.26817e+06,1.26817e+06,1.26817e+06,1.41223e+06,1.41223e+06,1.41223e+06,1.44967e+07,1.44967e+07,1.44967e+07,1.37236e+07,1.37236e+07,1.37236e+07,8.77282e+07,8.77282e+07,8.77282e+07,6.21944,6.21944,6.21944,9.60794,9.60794,9.60794
119,2.34958e+06,2.34958e+06,2.34958e+06,4544.16,4544.16,4544.16,4283.78,4283.78,4283.78,3.36644e+06,3.36644e+06,3.36644e+06,3.08062e+06,3.08062e+06,3.08062e+06,7939.11,7939.11,7939.11,7837.12,7837.12,7837.12,1.26884e+06,1.26884e+06,1.26884e+06,1.41292e+06,1.41292e+06,1.41292e+06,1.45015e+07,1.45015e+07,1.45015e+07,1.37292e+07,1.37292e+07,1.37292e+07,8.77194e+07,8.77194e+07,8.77194e+07,6.22595,6.22595,6.22595,9.61623,9.61623,9.61623
120,2.3493e+06,2.3493e+06,2.3493e+06,4547.56,4547.56,4547.56,4286.25,4286.25,4286.25,3.36653e+06,3.36653e+06,3.36653e+06,3.08053e+06,3.08053e+06,3.08053e+06,7945.34,7945.34,7945.34,7842.19,7842.19,7842.19,1.26951e+06,1.26951e+06,1.26951e+06,1.41361e+06,1.41361e+06,1.41361e+06,1.45065e+07,1.45065e+07,1.45065e+07,1.37348e+07,1.37348e+07,1.37348e+07,8.77104e+07,8.77104e+07,8.77104e+07,6.23135,6.23135,6.23135,9.62301,9.62301,9.62301
121,2.34901e+06,2.34901e+06,2.34901e+06,4550.02,4550.02,4550.02,4287.98,4287.98,4287.98,3.36662e+06,3.36662e+06,3.36662e+06,3.08044e+06,3.08044e+06,3.08044e+06,7950,7950,7950,7845.95,7845.95,7845.95,1.27019e+06,1.27019e+06,1.27019e+06,1.41431e+06,1.41431e+06,1.41431e+06,1.45115e+07,1.45115e+07,1.45115e+07,1.37405e+07,1.37405e+07,1.37405e+07,8.77015e+07,8.77015e+07,8.77015e+07,6.23553,6.23553,6.23553,9.62818,9.62818,9.62818
122,2.3487e+06,2.3487e+06,2.3487e+06,4551.51,4551.51,4551.51,4288.94,4288.94,4288.94,3.36671e+06,3.36671e+06,3.36671e+06,3.08035e+06,3.08035e+06,3.08035e+06,7953.01,7953.01,7953.01,7848.36,7848.36,7848.36,1.27085e+06,1.27085e+06,1.27085e+06,1.41501e+06,1.41501e+06,1.41501e+06,1.45165e+07,1.45165e+07,1.45165e+07,1.37461e+07,1.37461e+07,1.37461e+07,8.76926e+07,8.76926e+07,8.76926e+07,6.23844,6.23844,6.23844,9.6317,9.6317,9.6317
123,2.34839e+06,2.34839e+06,2.34839e+06,4551.99,4551.99,4551.99,4289.13,4289.13,4289.13,3.3668e+06,3.3668e+06,3.3668e+06,3.08026e+06,3.08026e+06,3.08026e+06,7954.29,7954.29,7954.29,7849.4,7849.4,7849.4,1.27151e+06,1.27151e+06,1.27151e+06,1.41571e+06,1.41571e+06,1.41571e+06,1.45215e+07,1.45215e+07,1.45215e+07,1.37517e+07,1.37517e+07,1.37517e+07,8.76839e+07,8.76839e+07,8.76839e+07,6.24,6.24,6.24,9.63353,9.63353,9.63353
124,2.34807e+06,2.34807e+06,2.34807e+06,4551.43,4551.43,4551.43,4288.56,4288.56,4288.56,3.3669e+06,3.3669e+06,3.3669e+06,3.08019e+06,3.08019e+06,3.08019e+06,7953.82,7953.82,7953.82,7849.07,7849.07,7849.07,1.27216e+06,1.27216e+06,1.27216e+06,1.41639e+06,1.41639e+06,1.41639e+06,1.45264e+07,1.45264e+07,1.45264e+07,1.37571e+07,1.37571e+07,1.37571e+07,8.76755e+07,8.76755e+07,8.76755e+07,6.24018,6.24018,6.24018,9.63366,9.63366,9.63366
125,2.34774e+06,2.34774e+06,2.34774e+06,4549.84,4549.84,4549.84,4287.23,4287.23,4287.23,3.36702e+06,3.36702e+06,3.36702e+06,3.08014e+06,3.08014e+06,3.08014e+06,7951.58,7951.58,7951.58,7847.41,7847.41,7847.41,1.27279e+06,1.27279e+06,1.27279e+06,1.41705e+06,1.41705e+06,1.41705e+06,1.45311e+07,1.45311e+07,1.45311e+07,1.37623e+07,1.37623e+07,1.37623e+07,8.76675e+07,8.76675e+07,8.76675e+07,6.23897,6.23897,6.23897,9.63211,9.63211,9.63211
126,2.34743e+06,2.34743e+06,2.34743e+06,4547.23,4547.23,4547.23,4285.17,4285.17,4285.17,3.36717e+06,3.36717e+06,3.36717e+06,3.08011e+06,3.08011e+06,3.08011e+06,7947.6,7947.6,7947.6,7844.46,7844.46,7844.46,1.27339e+06,1.27339e+06,1.27339e+06,1.41769e+06,1.41769e+06,1.41769e+06,1.45355e+07,1.45355e+07,1.45355e+07,1.37674e+07,1.37674e+07,1.37674e+07,8.766e+07,8.766e+07,8.766e+07,6.23637,6.23637,6.23637,9.62892,9.62892,9.62892
127,2.34712e+06,2.34712e+06,2.34712e+06,4543.64,4543.64,4543.64,4282.43,4282.43,4282.43,3.36734e+06,3.36734e+06,3.36734e+06,3.0801e+06,3.0801e+06,3.0801e+06,7941.91,7941.91,7941.91,7840.27,7840.27,7840.27,1.27397e+06,1.27397e+06,1.27397e+06,1.4183e+06,1.4183e+06,1.4183e+06,1.45397e+07,1.45397e+07,1.45397e+07,1.37722e+07,1.37722e+07,1.37722e+07,8.76531e+07,8.76531e+07,8.76531e+07,6.23241,6.23241,6.23241,9.62418,9.62418,9.62418
128,2.34682e+06,2.34682e+06,2.34682e+06,4539.09,4539.09,4539.09,4279.04,4279.04,4279.04,3.36753e+06,3.36753e+06,3.36753e+06,3.08012e+06,3.08012e+06,3.08012e+06,7934.6,7934.6,7934.6,7834.93,7834.93,7834.93,1.27453e+06,1.27453e+06,1.27453e+06,1.41887e+06,1.41887e+06,1.41887e+06,1.45435e+07,1.45435e+07,1.45435e+07,1.37767e+07,1.37767e+07,1.37767e+07,8.76469e+07,8.76469e+07,8.76469e+07,6.22712,6.22712,6.22712,9.61796,9.61796,9.61796
129,2.34654e+06,2.34654e+06,2.34654e+06,4533.65,4533.65,4533.65,4275.07,4275.07,4275.07,3.36777e+06,3.36777e+06,3.36777e+06,3.08017e+06,3.08017e+06,3.08017e+06,7925.75,7925.75,7925.75,7828.54,7828.54,7828.54,1.27505e+06,1.27505e+06,1.27505e+06,1.4194e+06,1.4194e+06,1.4194e+06,1.4547e+07,1.4547e+07,1.4547e+07,1.37808e+07,1.37808e+07,1.37808e+07,8.76414e+07,8.76414e+07,8.76414e+07,6.22059,6.22059,6.22059,9.61037,9.61037,9.61037
130,2.34627e+06,2.34627e+06,2.34627e+06,4527.4,4527.4,4527.4,4270.58,4270.58,4270.58,3.36804e+06,3.36804e+06,3.36804e+06,3.08026e+06,3.08026e+06,3.08026e+06,7915.48,7915.48,7915.48,7821.22,7821.22,7821.22,1.27554e+06,1.27554e+06,1.27554e+06,1.41989e+06,1.41989e+06,1.41989e+06,1.455e+07,1.455e+07,1.455e+07,1.37847e+07,1.37847e+07,1.37847e+07,8.76368e+07,8.76368e+07,8.76368e+07,6.2129,6.2129,6.2129,9.60156,9.60156,9.60156
131,2.34603e+06,2.34603e+06,2.34603e+06,4520.41,4520.41,4520.41,4265.65,4265.65,4265.65,3.36835e+06,3.36835e+06,3.36835e+06,3.08038e+06,3.08038e+06,3.08038e+06,7903.93,7903.93,7903.93,7813.09,7813.09,7813.09,1.27599e+06,1.27599e+06,1.27599e+06,1.42033e+06,1.42033e+06,1.42033e+06,1.45525e+07,1.45525e+07,1.45525e+07,1.37882e+07,1.37882e+07,1.37882e+07,8.76331e+07,8.76331e+07,8.76331e+07,6.20414,6.20414,6.20414,9.59168,9.59168,9.59168
132,2.34581e+06,2.34581e+06,2.34581e+06,4512.77,4512.77,4512.77,4260.34,4260.34,4260.34,3.3687e+06,3.3687e+06,3.3687e+06,3.08054e+06,3.08054e+06,3.08054e+06,7891.26,7891.26,7891.26,7804.28,7804.28,7804.28,1.27641e+06,1.27641e+06,1.27641e+06,1.42072e+06,1.42072e+06,1.42072e+06,1.45546e+07,1.45546e+07,1.45546e+07,1.37913e+07,1.37913e+07,1.37913e+07,8.76303e+07,8.76303e+07,8.76303e+07,6.19444,6.19444,6.19444,9.58088,9.58088,9.58088
133,2.34563e+06,2.34563e+06,2.34563e+06,4504.59,4504.59,4504.59,4254.74,4254.74,4254.74,3.3691e+06,3.3691e+06,3.3691e+06,3.08074e+06,3.08074e+06,3.08074e+06,7877.65,7877.65,7877.65,7794.96,7794.96,7794.96,1.27679e+06,1.27679e+06,1.27679e+06,1.42106e+06,1.42106e+06,1.42106e+06,1.45561e+07,1.45561e+07,1.45561e+07,1.3794e+07,1.3794e+07,1.3794e+07,8.76284e+07,8.76284e+07,8.76284e+07,6.18393,6.18393,6.18393,9.56934,9.56934,9.56934
134,2.34546e+06,2.34546e+06,2.34546e+06,4495.97,4495.97,4495.97,4248.95,4248.95,4248.95,3.36954e+06,3.36954e+06,3.36954e+06,3.08099e+06,3.08099e+06,3.08099e+06,7863.28,7863.28,7863.28,7785.26,7785.26,7785.26,1.27713e+06,1.27713e+06,1.27713e+06,1.42134e+06,1.42134e+06,1.42134e+06,1.4557e+07,1.4557e+07,1.4557e+07,1.37963e+07,1.37963e+07,1.37963e+07,8.76276e+07,8.76276e+07,8.76276e+07,6.17274,6.17274,6.17274,9.55725,9.55725,9.55725
135,2.34533e+06,2.34533e+06,2.34533e+06,4487.04,4487.04,4487.04,4243.03,4243.03,4243.03,3.37003e+06,3.37003e+06,3.37003e+06,3.08127e+06,3.08127e+06,3.08127e+06,7848.34,7848.34,7848.34,7775.35,7775.35,7775.35,1.27743e+06,1.27743e+06,1.27743e+06,1.42156e+06,1.42156e+06,1.42156e+06,1.45574e+07,1.45574e+07,1.45574e+07,1.37982e+07,1.37982e+07,1.37982e+07,8.76278e+07,8.76278e+07,8.76278e+07,6.16103,6.16103,6.16103,9.54481,9.54481,9.54481
136,2.34523e+06,2.34523e+06,2.34523e+06,4477.9,4477.9,4477.9,4237.09,4237.09,4237.09,3.37057e+06,3.37057e+06,3.37057e+06,3.0816e+06,3.0816e+06,3.0816e+06,7833.03,7833.03,7833.03,7765.38,7765.38,7765.38,1.27769e+06,1.27769e+06,1.27769e+06,1.42173e+06,1.42173e+06,1.42173e+06,1.45573e+07,1.45573e+07,1.45573e+07,1.37997e+07,1.37997e+07,1.37997e+07,8.7629e+07,8.7629e+07,8.7629e+07,6.14897,6.14897,6.14897,9.5322,9.5322,9.5322
137,2.34516e+06,2.34516e+06,2.34516e+06,4468.68,4468.68,4468.68,4231.22,4231.22,4231.22,3.37115e+06,3.37115e+06,3.37115e+06,3.08196e+06,3.08196e+06,3.08196e+06,7817.58,7817.58,7817.58,7755.53,7755.53,7755.53,1.27791e+06,1.27791e+06,1.27791e+06,1.42184e+06,1.42184e+06,1.42184e+06,1.45565e+07,1.45565e+07,1.45565e+07,1.38008e+07,1.38008e+07,1.38008e+07,8.76311e+07,8.76311e+07,8.76311e+07,6.1367,6.1367,6.1367,9.51963,9.51963,9.51963
138,2.34511e+06,2.34511e+06,2.34511e+06,4459.49,4459.49,4459.49,4225.49,4225.49,4225.49,3.37177e+06,3.37177e+06,3.37177e+06,3.08237e+06,3.08237e+06,3.08237e+06,7802.17,7802.17,7802.17,7745.93,7745.93,7745.93,1.2781e+06,1.2781e+06,1.2781e+06,1.42189e+06,1.42189e+06,1.42189e+06,1.45553e+07,1.45553e+07,1.45553e+07,1.38016e+07,1.38016e+07,1.38016e+07,8.76342e+07,8.76342e+07,8.76342e+07,6.12439,6.12439,6.12439,9.50729,9.50729,9.50729
139,2.3451e+06,2.3451e+06,2.3451e+06,4450.45,4450.45,4450.45,4219.99,4219.99,4219.99,3.37243e+06,3.37243e+06,3.37243e+06,3.08281e+06,3.08281e+06,3.08281e+06,7787.03,7787.03,7787.03,7736.75,7736.75,7736.75,1.27825e+06,1.27825e+06,1.27825e+06,1.42189e+06,1.42189e+06,1.42189e+06,1.45535e+07,1.45535e+07,1.45535e+07,1.3802e+07,1.3802e+07,1.3802e+07,8.76382e+07,8.76382e+07,8.76382e+07,6.11221,6.11221,6.11221,9.49537,9.49537,9.49537
140,2.34511e+06,2.34511e+06,2.34511e+06,4441.68,4441.68,4441.68,4214.79,4214.79,4214.79,3.37314e+06,3.37314e+06,3.37314e+06,3.08329e+06,3.08329e+06,3.08329e+06,7772.33,7772.33,7772.33,7728.12,7728.12,7728.12,1.27837e+06,1.27837e+06,1.27837e+06,1.42184e+06,1.42184e+06,1.42184e+06,1.45512e+07,1.45512e+07,1.45512e+07,1.38021e+07,1.38021e+07,1.38021e+07,8.76431e+07,8.76431e+07,8.76431e+07,6.10031,6.10031,6.10031,9.48404,9.48404,9.48404
141,2.34515e+06,2.34515e+06,2.34515e+06,4433.28,4433.28,4433.28,4209.98,4209.98,4209.98,3.37387e+06,3.37387e+06,3.37387e+06,3.0838e+06,3.0838e+06,3.0838e+06,7758.28,7758.28,7758.28,7720.18,7720.18,7720.18,1.27846e+06,1.27846e+06,1.27846e+06,1.42174e+06,1.42174e+06,1.42174e+06,1.45484e+07,1.45484e+07,1.45484e+07,1.38018e+07,1.38018e+07,1.38018e+07,8.76487e+07,8.76487e+07,8.76487e+07,6.08884,6.08884,6.08884,9.47348,9.47348,9.47348
142,2.34521e+06,2.34521e+06,2.34521e+06,4425.36,4425.36,4425.36,4205.62,4205.62,4205.62,3.37464e+06,3.37464e+06,3.37464e+06,3.08434e+06,3.08434e+06,3.08434e+06,7745.06,7745.06,7745.06,7713.05,7713.05,7713.05,1.27853e+06,1.27853e+06,1.27853e+06,1.4216e+06,1.4216e+06,1.4216e+06,1.45452e+07,1.45452e+07,1.45452e+07,1.38014e+07,1.38014e+07,1.38014e+07,8.76551e+07,8.76551e+07,8.76551e+07,6.07795,6.07795,6.07795,9.46385,9.46385,9.46385
143,2.34529e+06,2.34529e+06,2.34529e+06,4418.01,4418.01,4418.01,4201.76,4201.76,4201.76,3.37544e+06,3.37544e+06,3.37544e+06,3.08491e+06,3.08491e+06,3.08491e+06,7732.82,7732.82,7732.82,7706.84,7706.84,7706.84,1.27857e+06,1.27857e+06,1.27857e+06,1.42142e+06,1.42142e+06,1.42142e+06,1.45416e+07,1.45416e+07,1.45416e+07,1.38007e+07,1.38007e+07,1.38007e+07,8.76621e+07,8.76621e+07,8.76621e+07,6.06778,6.06778,6.06778,9.45528,9.45528,9.45528
144,2.34539e+06,2.34539e+06,2.34539e+06,4411.31,4411.31,4411.31,4198.45,4198.45,4198.45,3.37626e+06,3.37626e+06,3.37626e+06,3.0855e+06,3.0855e+06,3.0855e+06,7721.72,7721.72,7721.72,7701.65,7701.65,7701.65,1.2786e+06,1.2786e+06,1.2786e+06,1.4212e+06,1.4212e+06,1.4212e+06,1.45376e+07,1.45376e+07,1.45376e+07,1.37998e+07,1.37998e+07,1.37998e+07,8.76697e+07,8.76697e+07,8.76697e+07,6.05845,6.05845,6.05845,9.4479,9.4479,9.4479
145,2.3455e+06,2.3455e+06,2.3455e+06,4405.34,4405.34,4405.34,4195.75,4195.75,4195.75,3.3771e+06,3.3771e+06,3.3771e+06,3.0861e+06,3.0861e+06,3.0861e+06,7711.9,7711.9,7711.9,7697.55,7697.55,7697.55,1.2786e+06,1.2786e+06,1.2786e+06,1.42095e+06,1.42095e+06,1.42095e+06,1.45334e+07,1.45334e+07,1.45334e+07,1.37987e+07,1.37987e+07,1.37987e+07,8.76778e+07,8.76778e+07,8.76778e+07,6.05006,6.05006,6.05006,9.44183,9.44183,9.44183
146,2.34562e+06,2.34562e+06,2.34562e+06,4400.16,4400.16,4400.16,4193.69,4193.69,4193.69,3.37796e+06,3.37796e+06,3.37796e+06,3.08673e+06,3.08673e+06,3.08673e+06,7703.46,7703.46,7703.46,7694.62,7694.62,7694.62,1.2786e+06,1.2786e+06,1.2786e+06,1.42067e+06,1.42067e+06,1.42067e+06,1.45289e+07,1.45289e+07,1.45289e+07,1.37976e+07,1.37976e+07,1.37976e+07,8.76862e+07,8.76862e+07,8.76862e+07,6.04271,6.04271,6.04271,9.43714,9.43714,9.43714
147,2.34575e+06,2.34575e+06,2.34575e+06,4395.83,4395.83,4395.83,4192.29,4192.29,4192.29,3.37882e+06,3.37882e+06,3.37882e+06,3.08736e+06,3.08736e+06,3.08736e+06,7696.51,7696.51,7696.51,7692.9,7692.9,7692.9,1.27859e+06,1.27859e+06,1.27859e+06,1.42037e+06,1.42037e+06,1.42037e+06,1.45243e+07,1.45243e+07,1.45243e+07,1.37964e+07,1.37964e+07,1.37964e+07,8.76949e+07,8.76949e+07,8.76949e+07,6.0365,6.0365,6.0365,9.43392,9.43392,9.43392
148,2.34587e+06,2.34587e+06,2.34587e+06,4392.39,4392.39,4392.39,4191.56,4191.56,4191.56,3.37968e+06,3.37968e+06,3.37968e+06,3.088e+06,3.088e+06,3.088e+06,7691.12,7691.12,7691.12,7692.43,7692.43,7692.43,1.27858e+06,1.27858e+06,1.27858e+06,1.42006e+06,1.42006e+06,1.42006e+06,1.45195e+07,1.45195e+07,1.45195e+07,1.37951e+07,1.37951e+07,1.37951e+07,8.77038e+07,8.77038e+07,8.77038e+07,6.03147,6.03147,6.03147,9.4322,9.4322,9.4322
149,2.346e+06,2.346e+06,2.346e+06,4389.86,4389.86,4389.86,4191.52,4191.52,4191.52,3.38055e+06,3.38055e+06,3.38055e+06,3.08865e+06,3.08865e+06,3.08865e+06,7687.33,7687.33,7687.33,7693.22,7693.22,7693.22,1.27856e+06,1.27856e+06,1.27856e+06,1.41975e+06,1.41975e+06,1.41975e+06,1.45146e+07,1.45146e+07,1.45146e+07,1.37939e+07,1.37939e+07,1.37939e+07,8.77127e+07,8.77127e+07,8.77127e+07,6.02769,6.02769,6.02769,9.43202,9.43202,9.43202
150,2.34612e+06,2.34612e+06,2.34612e+06,4388.25,4388.25,4388.25,4192.15,4192.15,4192.15,3.38141e+06,3.38141e+06,3.38141e+06,3.08929e+06,3.08929e+06,3.08929e+06,7685.19,7685.19,7685.19,7695.27,7695.27,7695.27,1.27855e+06,1.27855e+06,1.27855e+06,1.41942e+06,1.41942e+06,1.41942e+06,1.45098e+07,1.45098e+07,1.45098e+07,1.37928e+07,1.37928e+07,1.37928e+07,8.77217e+07,8.77217e+07,8.77217e+07,6.02518,6.02518,6.02518,9.43339,9.43339,9.43339
151,2.34623e+06,2.34623e+06,2.34623e+06,4387.58,4387.58,4387.58,4193.46,4193.46,4193.46,3.38226e+06,3.38226e+06,3.38226e+06,3.08992e+06,3.08992e+06,3.08992e+06,7684.69,7684.69,7684.69,7698.56,7698.56,7698.56,1.27855e+06,1.27855e+06,1.27855e+06,1.41911e+06,1.41911e+06,1.41911e+06,1.4505e+07,1.4505e+07,1.4505e+07,1.37918e+07,1.37918e+07,1.37918e+07,8.77304e+07,8.77304e+07,8.77304e+07,6.02395,6.02395,6.02395,9.43628,9.43628,9.43628
152,2.34632e+06,2.34632e+06,2.34632e+06,4387.83,4387.83,4387.83,4195.41,4195.41,4195.41,3.38309e+06,3.38309e+06,3.38309e+06,3.09055e+06,3.09055e+06,3.09055e+06,7685.83,7685.83,7685.83,7703.05,7703.05,7703.05,1.27857e+06,1.27857e+06,1.27857e+06,1.4188e+06,1.4188e+06,1.4188e+06,1.45003e+07,1.45003e+07,1.45003e+07,1.37909e+07,1.37909e+07,1.37909e+07,8.7739e+07,8.7739e+07,8.7739e+07,6.02401,6.02401,6.02401,9.44066,9.44066,9.44066
153,2.3464e+06,2.3464e+06,2.3464e+06,4388.98,4388.98,4388.98,4197.97,4197.97,4197.97,3.3839e+06,3.3839e+06,3.3839e+06,3.09116e+06,3.09116e+06,3.09116e+06,7688.57,7688.57,7688.57,7708.69,7708.69,7708.69,1.27859e+06,1.27859e+06,1.27859e+06,1.4185e+06,1.4185e+06,1.4185e+06,1.44957e+07,1.44957e+07,1.44957e+07,1.37902e+07,1.37902e+07,1.37902e+07,8.77472e+07,8.77472e+07,8.77472e+07,6.02533,6.02533,6.02533,9.44648,9.44648,9.44648
154,2.34645e+06,2.34645e+06,2.34645e+06,4390.99,4390.99,4390.99,4201.11,4201.11,4201.11,3.38468e+06,3.38468e+06,3.38468e+06,3.09175e+06,3.09175e+06,3.09175e+06,7692.86,7692.86,7692.86,7715.41,7715.41,7715.41,1.27864e+06,1.27864e+06,1.27864e+06,1.41823e+06,1.41823e+06,1.41823e+06,1.44914e+07,1.44914e+07,1.44914e+07,1.37897e+07,1.37897e+07,1.37897e+07,8.77551e+07,8.77551e+07,8.77551e+07,6.02787,6.02787,6.02787,9.45365,9.45365,9.45365
155,2.34648e+06,2.34648e+06,2.34648e+06,4393.81,4393.81,4393.81,4204.77,4204.77,4204.77,3.38544e+06,3.38544e+06,3.38544e+06,3.09232e+06,3.09232e+06,3.09232e+06,7698.6,7698.6,7698.6,7723.12,7723.12,7723.12,1.27871e+06,1.27871e+06,1.27871e+06,1.41798e+06,1.41798e+06,1.41798e+06,1.44874e+07,1.44874e+07,1.44874e+07,1.37895e+07,1.37895e+07,1.37895e+07,8.77624e+07,8.77624e+07,8.77624e+07,6.03159,6.03159,6.03159,9.46208,9.46208,9.46208
156,2.34648e+06,2.34648e+06,2.34648e+06,4397.39,4397.39,4397.39,4208.9,4208.9,4208.9,3.38616e+06,3.38616e+06,3.38616e+06,3.09287e+06,3.09287e+06,3.09287e+06,7705.71,7705.71,7705.71,7731.72,7731.72,7731.72,1.2788e+06,1.2788e+06,1.2788e+06,1.41775e+06,1.41775e+06,1.41775e+06,1.44837e+07,1.44837e+07,1.44837e+07,1.37896e+07,1.37896e+07,1.37896e+07,8.77692e+07,8.77692e+07,8.77692e+07,6.0364,6.0364,6.0364,9.47166,9.47166,9.47166
157,2.34645e+06,2.34645e+06,2.34645e+06,4401.66,4401.66,4401.66,4213.43,4213.43,4213.43,3.38685e+06,3.38685e+06,3.38685e+06,3.09339e+06,3.09339e+06,3.09339e+06,7714.07,7714.07,7714.07,7741.11,7741.11,7741.11,1.27892e+06,1.27892e+06,1.27892e+06,1.41756e+06,1.41756e+06,1.41756e+06,1.44803e+07,1.44803e+07,1.44803e+07,1.37899e+07,1.37899e+07,1.37899e+07,8.77754e+07,8.77754e+07,8.77754e+07,6.04222,6.04222,6.04222,9.48225,9.48225,9.48225
158,2.34639e+06,2.34639e+06,2.34639e+06,4406.53,4406.53,4406.53,4218.31,4218.31,4218.31,3.3875e+06,3.3875e+06,3.3875e+06,3.09389e+06,3.09389e+06,3.09389e+06,7723.54,7723.54,7723.54,7751.15,7751.15,7751.15,1.27907e+06,1.27907e+06,1.27907e+06,1.41741e+06,1.41741e+06,1.41741e+06,1.44773e+07,1.44773e+07,1.44773e+07,1.37906e+07,1.37906e+07,1.37906e+07,8.77809e+07,8.77809e+07,8.77809e+07,6.04896,6.04896,6.04896,9.49371,9.49371,9.49371
159,2.34628e+06,2.34628e+06,2.34628e+06,4411.93,4411.93,4411.93,4223.44,4223.44,4223.44,3.38811e+06,3.38811e+06,3.38811e+06,3.09435e+06,3.09435e+06,3.09435e+06,7733.97,7733.97,7733.97,7761.72,7761.72,7761.72,1.27924e+06,1.27924e+06,1.27924e+06,1.41729e+06,1.41729e+06,1.41729e+06,1.44747e+07,1.44747e+07,1.44747e+07,1.37916e+07,1.37916e+07,1.37916e+07,8.77858e+07,8.77858e+07,8.77858e+07,6.0565,6.0565,6.0565,9.50587,9.50587,9.50587
160,2.34614e+06,2.34614e+06,2.34614e+06,4417.74,4417.74,4417.74,4228.75,4228.75,4228.75,3.38868e+06,3.38868e+06,3.38868e+06,3.09478e+06,3.09478e+06,3.09478e+06,7745.19,7745.19,7745.19,7772.66,7772.66,7772.66,1.27945e+06,1.27945e+06,1.27945e+06,1.41721e+06,1.41721e+06,1.41721e+06,1.44725e+07,1.44725e+07,1.44725e+07,1.37929e+07,1.37929e+07,1.37929e+07,8.77898e+07,8.77898e+07,8.77898e+07,6.06471,6.06471,6.06471,9.51857,9.51857,9.51857
161,2.34597e+06,2.34597e+06,2.34597e+06,4423.88,4423.88,4423.88,4234.17,4234.17,4234.17,3.38921e+06,3.38921e+06,3.38921e+06,3.09518e+06,3.09518e+06,3.09518e+06,7757.03,7757.03,7757.03,7783.83,7783.83,7783.83,1.27968e+06,1.27968e+06,1.27968e+06,1.41718e+06,1.41718e+06,1.41718e+06,1.44708e+07,1.44708e+07,1.44708e+07,1.37946e+07,1.37946e+07,1.37946e+07,8.77932e+07,8.77932e+07,8.77932e+07,6.07346,6.07346,6.07346,9.53161,9.53161,9.53161
162,2.34575e+06,2.34575e+06,2.34575e+06,4430.23,4430.23,4430.23,4239.59,4239.59,4239.59,3.38969e+06,3.38969e+06,3.38969e+06,3.09555e+06,3.09555e+06,3.09555e+06,7769.31,7769.31,7769.31,7795.07,7795.07,7795.07,1.27995e+06,1.27995e+06,1.27995e+06,1.41719e+06,1.41719e+06,1.41719e+06,1.44696e+07,1.44696e+07,1.44696e+07,1.37966e+07,1.37966e+07,1.37966e+07,8.77957e+07,8.77957e+07,8.77957e+07,6.0826,6.0826,6.0826,9.54482,9.54482,9.54482
163,2.34549e+06,2.34549e+06,2.34549e+06,4436.68,4436.68,4436.68,4244.94,4244.94,4244.94,3.39013e+06,3.39013e+06,3.39013e+06,3.09589e+06,3.09589e+06,3.09589e+06,7781.81,7781.81,7781.81,7806.23,7806.23,7806.23,1.28024e+06,1.28024e+06,1.28024e+06,1.41724e+06,1.41724e+06,1.41724e+06,1.44688e+07,1.44688e+07,1.44688e+07,1.3799e+07,1.3799e+07,1.3799e+07,8.77976e+07,8.77976e+07,8.77976e+07,6.09199,6.09199,6.09199,9.558,9.558,9.558
164,2.34519e+06,2.34519e+06,2.34519e+06,4443.11,4443.11,4443.11,4250.13,4250.13,4250.13,3.39054e+06,3.39054e+06,3.39054e+06,3.0962e+06,3.0962e+06,3.0962e+06,7794.36,7794.36,7794.36,7817.14,7817.14,7817.14,1.28056e+06,1.28056e+06,1.28056e+06,1.41733e+06,1.41733e+06,1.41733e+06,1.44684e+07,1.44684e+07,1.44684e+07,1.38016e+07,1.38016e+07,1.38016e+07,8.77986e+07,8.77986e+07,8.77986e+07,6.10147,6.10147,6.10147,9.57096,9.57096,9.57096
165,2.34486e+06,2.34486e+06,2.34486e+06,4449.42,4449.42,4449.42,4255.08,4255.08,4255.08,3.3909e+06,3.3909e+06,3.3909e+06,3.09648e+06,3.09648e+06,3.09648e+06,7806.74,7806.74,7806.74,7827.66,7827.66,7827.66,1.28091e+06,1.28091e+06,1.28091e+06,1.41746e+06,1.41746e+06,1.41746e+06,1.44685e+07,1.44685e+07,1.44685e+07,1.38046e+07,1.38046e+07,1.38046e+07,8.7799e+07,8.7799e+07,8.7799e+07,6.11088,6.11088,6.11088,9.5835,9.5835,9.5835
166,2.34449e+06,2.34449e+06,2.34449e+06,4455.48,4455.48,4455.48,4259.69,4259.69,4259.69,3.39122e+06,3.39122e+06,3.39122e+06,3.09673e+06,3.09673e+06,3.09673e+06,7818.75,7818.75,7818.75,7837.62,7837.62,7837.62,1.28128e+06,1.28128e+06,1.28128e+06,1.41764e+06,1.41764e+06,1.41764e+06,1.4469e+07,1.4469e+07,1.4469e+07,1.38078e+07,1.38078e+07,1.38078e+07,8.77987e+07,8.77987e+07,8.77987e+07,6.12006,6.12006,6.12006,9.59544,9.59544,9.59544
167,2.34408e+06,2.34408e+06,2.34408e+06,4461.19,4461.19,4461.19,4263.91,4263.91,4263.91,3.39152e+06,3.39152e+06,3.39152e+06,3.09695e+06,3.09695e+06,3.09695e+06,7830.2,7830.2,7830.2,7846.89,7846.89,7846.89,1.28168e+06,1.28168e+06,1.28168e+06,1.41784e+06,1.41784e+06,1.41784e+06,1.44699e+07,1.44699e+07,1.44699e+07,1.38113e+07,1.38113e+07,1.38113e+07,8.77978e+07,8.77978e+07,8.77978e+07,6.12886,6.12886,6.12886,9.60659,9.60659,9.60659
168,2.34364e+06,2.34364e+06,2.34364e+06,4466.43,4466.43,4466.43,4267.64,4267.64,4267.64,3.39178e+06,3.39178e+06,3.39178e+06,3.09715e+06,3.09715e+06,3.09715e+06,7840.91,7840.91,7840.91,7855.33,7855.33,7855.33,1.28209e+06,1.28209e+06,1.28209e+06,1.41808e+06,1.41808e+06,1.41808e+06,1.44712e+07,1.44712e+07,1.44712e+07,1.3815e+07,1.3815e+07,1.3815e+07,8.77963e+07,8.77963e+07,8.77963e+07,6.13714,6.13714,6.13714,9.61679,9.61679,9.61679
169,2.34317e+06,2.34317e+06,2.34317e+06,4471.12,4471.12,4471.12,4270.83,4270.83,4270.83,3.39201e+06,3.39201e+06,3.39201e+06,3.09734e+06,3.09734e+06,3.09734e+06,7850.68,7850.68,7850.68,7862.82,7862.82,7862.82,1.28252e+06,1.28252e+06,1.28252e+06,1.41835e+06,1.41835e+06,1.41835e+06,1.44727e+07,1.44727e+07,1.44727e+07,1.38189e+07,1.38189e+07,1.38189e+07,8.77943e+07,8.77943e+07,8.77943e+07,6.14473,6.14473,6.14473,9.62586,9.62586,9.62586
170,2.34267e+06,2.34267e+06,2.34267e+06,4475.15,4475.15,4475.15,4273.41,4273.41,4273.41,3.39222e+06,3.39222e+06,3.39222e+06,3.0975e+06,3.0975e+06,3.0975e+06,7859.36,7859.36,7859.36,7869.24,7869.24,7869.24,1.28295e+06,1.28295e+06,1.28295e+06,1.41865e+06,1.41865e+06,1.41865e+06,1.44746e+07,1.44746e+07,1.44746e+07,1.38229e+07,1.38229e+07,1.38229e+07,8.77919e+07,8.77919e+07,8.77919e+07,6.15152,6.15152,6.15152,9.63368,9.63368,9.63368
171,2.34215e+06,2.34215e+06,2.34215e+06,4478.45,4478.45,4478.45,4275.34,4275.34,4275.34,3.39241e+06,3.39241e+06,3.39241e+06,3.09766e+06,3.09766e+06,3.09766e+06,7866.8,7866.8,7866.8,7874.5,7874.5,7874.5,1.2834e+06,1.2834e+06,1.2834e+06,1.41896e+06,1.41896e+06,1.41896e+06,1.44767e+07,1.44767e+07,1.44767e+07,1.3827e+07,1.3827e+07,1.3827e+07,8.77892e+07,8.77892e+07,8.77892e+07,6.15738,6.15738,6.15738,9.64012,9.64012,9.64012
172,2.34161e+06,2.34161e+06,2.34161e+06,4480.93,4480.93,4480.93,4276.58,4276.58,4276.58,3.39259e+06,3.39259e+06,3.39259e+06,3.09781e+06,3.09781e+06,3.09781e+06,7872.86,7872.86,7872.86,7878.53,7878.53,7878.53,1.28385e+06,1.28385e+06,1.28385e+06,1.41929e+06,1.41929e+06,1.41929e+06,1.44789e+07,1.44789e+07,1.44789e+07,1.38312e+07,1.38312e+07,1.38312e+07,8.77863e+07,8.77863e+07,8.77863e+07,6.1622,6.1622,6.1622,9.64507,9.64507,9.64507
173,2.34106e+06,2.34106e+06,2.34106e+06,4482.54,4482.54,4482.54,4277.09,4277.09,4277.09,3.39276e+06,3.39276e+06,3.39276e+06,3.09795e+06,3.09795e+06,3.09795e+06,7877.43,7877.43,7877.43,7881.25,7881.25,7881.25,1.2843e+06,1.2843e+06,1.2843e+06,1.41963e+06,1.41963e+06,1.41963e+06,1.44813e+07,1.44813e+07,1.44813e+07,1.38353e+07,1.38353e+07,1.38353e+07,8.77832e+07,8.77832e+07,8.77832e+07,6.16588,6.16588,6.16588,9.64845,9.64845,9.64845
174,2.34049e+06,2.34049e+06,2.34049e+06,4483.24,4483.24,4483.24,4276.86,4276.86,4276.86,3.39292e+06,3.39292e+06,3.39292e+06,3.0981e+06,3.0981e+06,3.0981e+06,7880.43,7880.43,7880.43,7882.64,7882.64,7882.64,1.28474e+06,1.28474e+06,1.28474e+06,1.41997e+06,1.41997e+06,1.41997e+06,1.44837e+07,1.44837e+07,1.44837e+07,1.38395e+07,1.38395e+07,1.38395e+07,8.77801e+07,8.77801e+07,8.77801e+07,6.16835,6.16835,6.16835,9.6502,9.6502,9.6502
175,2.33992e+06,2.33992e+06,2.33992e+06,4482.98,4482.98,4482.98,4275.88,4275.88,4275.88,3.39309e+06,3.39309e+06,3.39309e+06,3.09825e+06,3.09825e+06,3.09825e+06,7881.8,7881.8,7881.8,7882.68,7882.68,7882.68,1.28517e+06,1.28517e+06,1.28517e+06,1.42031e+06,1.42031e+06,1.42031e+06,1.44861e+07,1.44861e+07,1.44861e+07,1.38435e+07,1.38435e+07,1.38435e+07,8.7777e+07,8.7777e+07,8.7777e+07,6.16955,6.16955,6.16955,9.65028,9.65028,9.65028
176,2.33934e+06,2.33934e+06,2.33934e+06,4481.76,4481.76,4481.76,4274.15,4274.15,4274.15,3.39326e+06,3.39326e+06,3.39326e+06,3.09841e+06,3.09841e+06,3.09841e+06,7881.48,7881.48,7881.48,7881.36,7881.36,7881.36,1.28559e+06,1.28559e+06,1.28559e+06,1.42064e+06,1.42064e+06,1.42064e+06,1.44885e+07,1.44885e+07,1.44885e+07,1.38475e+07,1.38475e+07,1.38475e+07,8.77741e+07,8.77741e+07,8.77741e+07,6.16945,6.16945,6.16945,9.6487,9.6487,9.6487
177,2.33876e+06,2.33876e+06,2.33876e+06,4479.57,4479.57,4479.57,4271.69,4271.69,4271.69,3.39345e+06,3.39345e+06,3.39345e+06,3.09858e+06,3.09858e+06,3.09858e+06,7879.48,7879.48,7879.48,7878.7,7878.7,7878.7,1.286e+06,1.286e+06,1.286e+06,1.42096e+06,1.42096e+06,1.42096e+06,1.44907e+07,1.44907e+07,1.44907e+07,1.38512e+07,1.38512e+07,1.38512e+07,8.77714e+07,8.77714e+07,8.77714e+07,6.16802,6.16802,6.16802,9.64545,9.64545,9.64545
178,2.3382e+06,2.3382e+06,2.3382e+06,4476.41,4476.41,4476.41,4268.52,4268.52,4268.52,3.39365e+06,3.39365e+06,3.39365e+06,3.09877e+06,3.09877e+06,3.09877e+06,7875.81,7875.81,7875.81,7874.75,7874.75,7874.75,1.28638e+06,1.28638e+06,1.28638e+06,1.42126e+06,1.42126e+06,1.42126e+06,1.44928e+07,1.44928e+07,1.44928e+07,1.38548e+07,1.38548e+07,1.38548e+07,8.77691e+07,8.77691e+07,8.77691e+07,6.16526,6.16526,6.16526,9.64059,9.64059,9.64059
179,2.33764e+06,2.33764e+06,2.33764e+06,4472.32,4472.32,4472.32,4264.68,4264.68,4264.68,3.39388e+06,3.39388e+06,3.39388e+06,3.09898e+06,3.09898e+06,3.09898e+06,7870.5,7870.5,7870.5,7869.58,7869.58,7869.58,1.28674e+06,1.28674e+06,1.28674e+06,1.42153e+06,1.42153e+06,1.42153e+06,1.44946e+07,1.44946e+07,1.44946e+07,1.38581e+07,1.38581e+07,1.38581e+07,8.77672e+07,8.77672e+07,8.77672e+07,6.16121,6.16121,6.16121,9.63418,9.63418,9.63418
180,2.33709e+06,2.33709e+06,2.33709e+06,4467.33,4467.33,4467.33,4260.22,4260.22,4260.22,3.39412e+06,3.39412e+06,3.39412e+06,3.09921e+06,3.09921e+06,3.09921e+06,7863.62,7863.62,7863.62,7863.25,7863.25,7863.25,1.28707e+06,1.28707e+06,1.28707e+06,1.42178e+06,1.42178e+06,1.42178e+06,1.44962e+07,1.44962e+07,1.44962e+07,1.38611e+07,1.38611e+07,1.38611e+07,8.77658e+07,8.77658e+07,8.77658e+07,6.1559,6.1559,6.1559,9.62631,9.62631,9.62631
181,2.33656e+06,2.33656e+06,2.33656e+06,4461.51,4461.51,4461.51,4255.18,4255.18,4255.18,3.3944e+06,3.3944e+06,3.3944e+06,3.09948e+06,3.09948e+06,3.09948e+06,7855.27,7855.27,7855.27,7855.87,7855.87,7855.87,1.28736e+06,1.28736e+06,1.28736e+06,1.42198e+06,1.42198e+06,1.42198e+06,1.44974e+07,1.44974e+07,1.44974e+07,1.38638e+07,1.38638e+07,1.38638e+07,8.7765e+07,8.7765e+07,8.7765e+07,6.1494,6.1494,6.1494,9.61709,9.61709,9.61709
182,2.33606e+06,2.33606e+06,2.33606e+06,4454.91,4454.91,4454.91,4249.64,4249.64,4249.64,3.39471e+06,3.39471e+06,3.39471e+06,3.09977e+06,3.09977e+06,3.09977e+06,7845.55,7845.55,7845.55,7847.55,7847.55,7847.55,1.28763e+06,1.28763e+06,1.28763e+06,1.42215e+06,1.42215e+06,1.42215e+06,1.44983e+07,1.44983e+07,1.44983e+07,1.38662e+07,1.38662e+07,1.38662e+07,8.77649e+07,8.77649e+07,8.77649e+07,6.14178,6.14178,6.14178,9.60665,9.60665,9.60665
183,2.33557e+06,2.33557e+06,2.33557e+06,4447.63,4447.63,4447.63,4243.67,4243.67,4243.67,3.39506e+06,3.39506e+06,3.39506e+06,3.1001e+06,3.1001e+06,3.1001e+06,7834.6,7834.6,7834.6,7838.41,7838.41,7838.41,1.28786e+06,1.28786e+06,1.28786e+06,1.42228e+06,1.42228e+06,1.42228e+06,1.44987e+07,1.44987e+07,1.44987e+07,1.38681e+07,1.38681e+07,1.38681e+07,8.77654e+07,8.77654e+07,8.77654e+07,6.13315,6.13315,6.13315,9.59514,9.59514,9.59514
184,2.33512e+06,2.33512e+06,2.33512e+06,4439.73,4439.73,4439.73,4237.33,4237.33,4237.33,3.39544e+06,3.39544e+06,3.39544e+06,3.10046e+06,3.10046e+06,3.10046e+06,7822.56,7822.56,7822.56,7828.6,7828.6,7828.6,1.28805e+06,1.28805e+06,1.28805e+06,1.42236e+06,1.42236e+06,1.42236e+06,1.44987e+07,1.44987e+07,1.44987e+07,1.38698e+07,1.38698e+07,1.38698e+07,8.77667e+07,8.77667e+07,8.77667e+07,6.12362,6.12362,6.12362,9.58272,9.58272,9.58272
185,2.33469e+06,2.33469e+06,2.33469e+06,4431.33,4431.33,4431.33,4230.72,4230.72,4230.72,3.39586e+06,3.39586e+06,3.39586e+06,3.10086e+06,3.10086e+06,3.10086e+06,7809.62,7809.62,7809.62,7818.26,7818.26,7818.26,1.2882e+06,1.2882e+06,1.2882e+06,1.4224e+06,1.4224e+06,1.4224e+06,1.44982e+07,1.44982e+07,1.44982e+07,1.3871e+07,1.3871e+07,1.3871e+07,8.77688e+07,8.77688e+07,8.77688e+07,6.11331,6.11331,6.11331,9.56957,9.56957,9.56957
186,2.33429e+06,2.33429e+06,2.33429e+06,4422.53,4422.53,4422.53,4223.92,4223.92,4223.92,3.39633e+06,3.39633e+06,3.39633e+06,3.10129e+06,3.10129e+06,3.10129e+06,7795.94,7795.94,7795.94,7807.54,7807.54,7807.54,1.28832e+06,1.28832e+06,1.28832e+06,1.42238e+06,1.42238e+06,1.42238e+06,1.44973e+07,1.44973e+07,1.44973e+07,1.38718e+07,1.38718e+07,1.38718e+07,8.77717e+07,8.77717e+07,8.77717e+07,6.10236,6.10236,6.10236,9.55588,9.55588,9.55588
187,2.33393e+06,2.33393e+06,2.33393e+06,4413.43,4413.43,4413.43,4217.01,4217.01,4217.01,3.39683e+06,3.39683e+06,3.39683e+06,3.10176e+06,3.10176e+06,3.10176e+06,7781.71,7781.71,7781.71,7796.6,7796.6,7796.6,1.2884e+06,1.2884e+06,1.2884e+06,1.42232e+06,1.42232e+06,1.42232e+06,1.44958e+07,1.44958e+07,1.44958e+07,1.38722e+07,1.38722e+07,1.38722e+07,8.77754e+07,8.77754e+07,8.77754e+07,6.09092,6.09092,6.09092,9.54182,9.54182,9.54182
188,2.33359e+06,2.33359e+06,2.33359e+06,4404.15,4404.15,4404.15,4210.08,4210.08,4210.08,3.39738e+06,3.39738e+06,3.39738e+06,3.10227e+06,3.10227e+06,3.10227e+06,7767.14,7767.14,7767.14,7785.59,7785.59,7785.59,1.28843e+06,1.28843e+06,1.28843e+06,1.4222e+06,1.4222e+06,1.4222e+06,1.44939e+07,1.44939e+07,1.44939e+07,1.38722e+07,1.38722e+07,1.38722e+07,8.77799e+07,8.77799e+07,8.77799e+07,6.07914,6.07914,6.07914,9.5276,9.5276,9.5276
189,2.33329e+06,2.33329e+06,2.33329e+06,4394.81,4394.81,4394.81,4203.22,4203.22,4203.22,3.39796e+06,3.39796e+06,3.39796e+06,3.10282e+06,3.10282e+06,3.10282e+06,7752.41,7752.41,7752.41,7774.68,7774.68,7774.68,1.28843e+06,1.28843e+06,1.28843e+06,1.42203e+06,1.42203e+06,1.42203e+06,1.44914e+07,1.44914e+07,1.44914e+07,1.38718e+07,1.38718e+07,1.38718e+07,8.77852e+07,8.77852e+07,8.77852e+07,6.06717,6.06717,6.06717,9.51341,9.51341,9.51341
190,2.33302e+06,2.33302e+06,2.33302e+06,4385.51,4385.51,4385.51,4196.5,4196.5,4196.5,3.39859e+06,3.39859e+06,3.39859e+06,3.1034e+06,3.1034e+06,3.1034e+06,7737.74,7737.74,7737.74,7764.01,7764.01,7764.01,1.2884e+06,1.2884e+06,1.2884e+06,1.42181e+06,1.42181e+06,1.42181e+06,1.44885e+07,1.44885e+07,1.44885e+07,1.38711e+07,1.38711e+07,1.38711e+07,8.77913e+07,8.77913e+07,8.77913e+07,6.05517,6.05517,6.05517,9.49945,9.49945,9.49945
191,2.33277e+06,2.33277e+06,2.33277e+06,4376.38,4376.38,4376.38,4190.02,4190.02,4190.02,3.39925e+06,3.39925e+06,3.39925e+06,3.10401e+06,3.10401e+06,3.10401e+06,7723.32,7723.32,7723.32,7753.75,7753.75,7753.75,1.28833e+06,1.28833e+06,1.28833e+06,1.42154e+06,1.42154e+06,1.42154e+06,1.44851e+07,1.44851e+07,1.44851e+07,1.387e+07,1.387e+07,1.387e+07,8.77981e+07,8.77981e+07,8.77981e+07,6.04331,6.04331,6.04331,9.4859,9.4859,9.4859
192,2.33256e+06,2.33256e+06,2.33256e+06,4367.51,4367.51,4367.51,4183.85,4183.85,4183.85,3.39994e+06,3.39994e+06,3.39994e+06,3.10466e+06,3.10466e+06,3.10466e+06,7709.35,7709.35,7709.35,7744.03,7744.03,7744.03,1.28823e+06,1.28823e+06,1.28823e+06,1.42123e+06,1.42123e+06,1.42123e+06,1.44812e+07,1.44812e+07,1.44812e+07,1.38686e+07,1.38686e+07,1.38686e+07,8.78056e+07,8.78056e+07,8.78056e+07,6.03172,6.03172,6.03172,9.47293,9.47293,9.47293
193,2.33238e+06,2.33238e+06,2.33238e+06,4359.02,4359.02,4359.02,4178.06,4178.06,4178.06,3.40067e+06,3.40067e+06,3.40067e+06,3.10534e+06,3.10534e+06,3.10534e+06,7696,7696,7696,7734.98,7734.98,7734.98,1.2881e+06,1.2881e+06,1.2881e+06,1.42088e+06,1.42088e+06,1.42088e+06,1.44769e+07,1.44769e+07,1.44769e+07,1.38668e+07,1.38668e+07,1.38668e+07,8.78138e+07,8.78138e+07,8.78138e+07,6.02056,6.02056,6.02056,9.46072,9.46072,9.46072
194,2.33222e+06,2.33222e+06,2.33222e+06,4351,4351,4351,4172.72,4172.72,4172.72,3.40143e+06,3.40143e+06,3.40143e+06,3.10604e+06,3.10604e+06,3.10604e+06,7683.46,7683.46,7683.46,7726.73,7726.73,7726.73,1.28794e+06,1.28794e+06,1.28794e+06,1.42048e+06,1.42048e+06,1.42048e+06,1.44722e+07,1.44722e+07,1.44722e+07,1.38648e+07,1.38648e+07,1.38648e+07,8.78225e+07,8.78225e+07,8.78225e+07,6.00997,6.00997,6.00997,9.44943,9.44943,9.44943
195,2.33208e+06,2.33208e+06,2.33208e+06,4343.55,4343.55,4343.55,4167.89,4167.89,4167.89,3.40221e+06,3.40221e+06,3.40221e+06,3.10676e+06,3.10676e+06,3.10676e+06,7671.88,7671.88,7671.88,7719.39,7719.39,7719.39,1.28777e+06,1.28777e+06,1.28777e+06,1.42005e+06,1.42005e+06,1.42005e+06,1.44672e+07,1.44672e+07,1.44672e+07,1.38626e+07,1.38626e+07,1.38626e+07,8.78318e+07,8.78318e+07,8.78318e+07,6.00008,6.00008,6.00008,9.4392,9.4392,9.4392
196,2.33196e+06,2.33196e+06,2.33196e+06,4336.74,4336.74,4336.74,4163.61,4163.61,4163.61,3.40301e+06,3.40301e+06,3.40301e+06,3.10751e+06,3.10751e+06,3.10751e+06,7661.43,7661.43,7661.43,7713.07,7713.07,7713.07,1.28757e+06,1.28757e+06,1.28757e+06,1.41959e+06,1.41959e+06,1.41959e+06,1.44619e+07,1.44619e+07,1.44619e+07,1.38602e+07,1.38602e+07,1.38602e+07,8.78414e+07,8.78414e+07,8.78414e+07,5.99102,5.99102,5.99102,9.43015,9.43015,9.43015
197,2.33185e+06,2.33185e+06,2.33185e+06,4330.65,4330.65,4330.65,4159.94,4159.94,4159.94,3.40382e+06,3.40382e+06,3.40382e+06,3.10827e+06,3.10827e+06,3.10827e+06,7652.22,7652.22,7652.22,7707.83,7707.83,7707.83,1.28736e+06,1.28736e+06,1.28736e+06,1.4191e+06,1.4191e+06,1.4191e+06,1.44564e+07,1.44564e+07,1.44564e+07,1.38576e+07,1.38576e+07,1.38576e+07,8.78514e+07,8.78514e+07,8.78514e+07,5.98289,5.98289,5.98289,9.4224,9.4224,9.4224
198,2.33176e+06,2.33176e+06,2.33176e+06,4325.35,4325.35,4325.35,4156.9,4156.9,4156.9,3.40465e+06,3.40465e+06,3.40465e+06,3.10904e+06,3.10904e+06,3.10904e+06,7644.37,7644.37,7644.37,7703.75,7703.75,7703.75,1.28713e+06,1.28713e+06,1.28713e+06,1.4186e+06,1.4186e+06,1.4186e+06,1.44506e+07,1.44506e+07,1.44506e+07,1.38549e+07,1.38549e+07,1.38549e+07,8.78616e+07,8.78616e+07,8.78616e+07,5.97578,5.97578,5.97578,9.41603,9.41603,9.41603
199,2.33168e+06,2.33168e+06,2.33168e+06,4320.88,4320.88,4320.88,4154.53,4154.53,4154.53,3.40548e+06,3.40548e+06,3.40548e+06,3.10982e+06,3.10982e+06,3.10982e+06,7637.98,7637.98,7637.98,7700.88,7700.88,7700.88,1.2869e+06,1.2869e+06,1.2869e+06,1.41807e+06,1.41807e+06,1.41807e+06,1.44447e+07,1.44447e+07,1.44447e+07,1.38522e+07,1.38522e+07,1.38522e+07,8.78719e+07,8.78719e+07,8.78719e+07,5.96979,5.96979,5.96979,9.41112,9.41112,9.41112
200,2.3316e+06,2.3316e+06,2.3316e+06,4317.28,4317.28,4317.28,4152.83,4152.83,4152.83,3.40631e+06,3.40631e+06,3.40631e+06,3.1106e+06,3.1106e+06,3.1106e+06,7633.13,7633.13,7633.13,7699.26,7699.26,7699.26,1.28667e+06,1.28667e+06,1.28667e+06,1.41754e+06,1.41754e+06,1.41754e+06,1.44388e+07,1.44388e+07,1.44388e+07,1.38494e+07,1.38494e+07,1.38494e+07,8.78823e+07,8.78823e+07,8.78823e+07,5.96497,5.96497,5.96497,9.40773,9.40773,9.40773
201,2.33153e+06,2.33153e+06,2.33153e+06,4314.59,4314.59,4314.59,4151.83,4151.83,4151.83,3.40714e+06,3.40714e+06,3.40714e+06,3.11138e+06,3.11138e+06,3.11138e+06,7629.86,7629.86,7629.86,7698.9,7698.9,7698.9,1.28643e+06,1.28643e+06,1.28643e+06,1.417e+06,1.417e+06,1.417e+06,1.44328e+07,1.44328e+07,1.44328e+07,1.38466e+07,1.38466e+07,1.38466e+07,8.78926e+07,8.78926e+07,8.78926e+07,5.96137,5.96137,5.96137,9.40587,9.40587,9.40587
202,2.33145e+06,2.33145e+06,2.33145e+06,4312.82,4312.82,4312.82,4151.51,4151.51,4151.51,3.40795e+06,3.40795e+06,3.40795e+06,3.11215e+06,3.11215e+06,3.11215e+06,7628.22,7628.22,7628.22,7699.81,7699.81,7699.81,1.2862e+06,1.2862e+06,1.2862e+06,1.41647e+06,1.41647e+06,1.41647e+06,1.44268e+07,1.44268e+07,1.44268e+07,1.38439e+07,1.38439e+07,1.38439e+07,8.79028e+07,8.79028e+07,8.79028e+07,5.95903,5.95903,5.95903,9.40556,9.40556,9.40556
203,2.33136e+06,2.33136e+06,2.33136e+06,4311.97,4311.97,4311.97,4151.86,4151.86,4151.86,3.40876e+06,3.40876e+06,3.40876e+06,3.11292e+06,3.11292e+06,3.11292e+06,7628.2,7628.2,7628.2,7701.96,7701.96,7701.96,1.28598e+06,1.28598e+06,1.28598e+06,1.41594e+06,1.41594e+06,1.41594e+06,1.44209e+07,1.44209e+07,1.44209e+07,1.38414e+07,1.38414e+07,1.38414e+07,8.79127e+07,8.79127e+07,8.79127e+07,5.95796,5.95796,5.95796,9.40679,9.40679,9.40679
204,2.33126e+06,2.33126e+06,2.33126e+06,4312.04,4312.04,4312.04,4152.87,4152.87,4152.87,3.40954e+06,3.40954e+06,3.40954e+06,3.11367e+06,3.11367e+06,3.11367e+06,7629.81,7629.81,7629.81,7705.32,7705.32,7705.32,1.28578e+06,1.28578e+06,1.28578e+06,1.41542e+06,1.41542e+06,1.41542e+06,1.44152e+07,1.44152e+07,1.44152e+07,1.38389e+07,1.38389e+07,1.38389e+07,8.79223e+07,8.79223e+07,8.79223e+07,5.95817,5.95817,5.95817,9.40952,9.40952,9.40952
205,2.33114e+06,2.33114e+06,2.33114e+06,4313,4313,4313,4154.5,4154.5,4154.5,3.4103e+06,3.4103e+06,3.4103e+06,3.1144e+06,3.1144e+06,3.1144e+06,7633.01,7633.01,7633.01,7709.85,7709.85,7709.85,1.28558e+06,1.28558e+06,1.28558e+06,1.41492e+06,1.41492e+06,1.41492e+06,1.44096e+07,1.44096e+07,1.44096e+07,1.38366e+07,1.38366e+07,1.38366e+07,8.79315e+07,8.79315e+07,8.79315e+07,5.95963,5.95963,5.95963,9.4137,9.4137,9.4137
206,2.33101e+06,2.33101e+06,2.33101e+06,4314.82,4314.82,4314.82,4156.71,4156.71,4156.71,3.41103e+06,3.41103e+06,3.41103e+06,3.11511e+06,3.11511e+06,3.11511e+06,7637.75,7637.75,7637.75,7715.47,7715.47,7715.47,1.28541e+06,1.28541e+06,1.28541e+06,1.41445e+06,1.41445e+06,1.41445e+06,1.44044e+07,1.44044e+07,1.44044e+07,1.38346e+07,1.38346e+07,1.38346e+07,8.79401e+07,8.79401e+07,8.79401e+07,5.96231,5.96231,5.96231,9.41926,9.41926,9.41926
207,2.33085e+06,2.33085e+06,2.33085e+06,4317.46,4317.46,4317.46,4159.47,4159.47,4159.47,3.41174e+06,3.41174e+06,3.41174e+06,3.1158e+06,3.1158e+06,3.1158e+06,7643.95,7643.95,7643.95,7722.1,7722.1,7722.1,1.28526e+06,1.28526e+06,1.28526e+06,1.414e+06,1.414e+06,1.414e+06,1.43994e+07,1.43994e+07,1.43994e+07,1.38328e+07,1.38328e+07,1.38328e+07,8.79482e+07,8.79482e+07,8.79482e+07,5.96615,5.96615,5.96615,9.42611,9.42611,9.42611
208,2.33067e+06,2.33067e+06,2.33067e+06,4320.85,4320.85,4320.85,4162.7,4162.7,4162.7,3.4124e+06,3.4124e+06,3.4124e+06,3.11646e+06,3.11646e+06,3.11646e+06,7651.52,7651.52,7651.52,7729.65,7729.65,7729.65,1.28514e+06,1.28514e+06,1.28514e+06,1.41359e+06,1.41359e+06,1.41359e+06,1.43947e+07,1.43947e+07,1.43947e+07,1.38312e+07,1.38312e+07,1.38312e+07,8.79556e+07,8.79556e+07,8.79556e+07,5.9711,5.9711,5.9711,9.43413,9.43413,9.43413
209,2.33046e+06,2.33046e+06,2.33046e+06,4324.94,4324.94,4324.94,4166.36,4166.36,4166.36,3.41303e+06,3.41303e+06,3.41303e+06,3.11709e+06,3.11709e+06,3.11709e+06,7660.35,7660.35,7660.35,7738.01,7738.01,7738.01,1.28504e+06,1.28504e+06,1.28504e+06,1.41321e+06,1.41321e+06,1.41321e+06,1.43904e+07,1.43904e+07,1.43904e+07,1.383e+07,1.383e+07,1.383e+07,8.79623e+07,8.79623e+07,8.79623e+07,5.97706,5.97706,5.97706,9.44319,9.44319,9.44319
210,2.33022e+06,2.33022e+06,2.33022e+06,4329.65,4329.65,4329.65,4170.38,4170.38,4170.38,3.41362e+06,3.41362e+06,3.41362e+06,3.11769e+06,3.11769e+06,3.11769e+06,7670.29,7670.29,7670.29,7747.05,7747.05,7747.05,1.28497e+06,1.28497e+06,1.28497e+06,1.41287e+06,1.41287e+06,1.41287e+06,1.43866e+07,1.43866e+07,1.43866e+07,1.38291e+07,1.38291e+07,1.38291e+07,8.79682e+07,8.79682e+07,8.79682e+07,5.98395,5.98395,5.98395,9.45315,9.45315,9.45315
211,2.32995e+06,2.32995e+06,2.32995e+06,4334.89,4334.89,4334.89,4174.68,4174.68,4174.68,3.41416e+06,3.41416e+06,3.41416e+06,3.11825e+06,3.11825e+06,3.11825e+06,7681.22,7681.22,7681.22,7756.64,7756.64,7756.64,1.28493e+06,1.28493e+06,1.28493e+06,1.41257e+06,1.41257e+06,1.41257e+06,1.43832e+07,1.43832e+07,1.43832e+07,1.38285e+07,1.38285e+07,1.38285e+07,8.79733e+07,8.79733e+07,8.79733e+07,5.99165,5.99165,5.99165,9.46385,9.46385,9.46385
212,2.32964e+06,2.32964e+06,2.32964e+06,4340.57,4340.57,4340.57,4179.18,4179.18,4179.18,3.41466e+06,3.41466e+06,3.41466e+06,3.11878e+06,3.11878e+06,3.11878e+06,7692.96,7692.96,7692.96,7766.64,7766.64,7766.64,1.28492e+06,1.28492e+06,1.28492e+06,1.41231e+06,1.41231e+06,1.41231e+06,1.43802e+07,1.43802e+07,1.43802e+07,1.38282e+07,1.38282e+07,1.38282e+07,8.79776e+07,8.79776e+07,8.79776e+07,6.00004,6.00004,6.00004,9.47513,9.47513,9.47513
213,2.32929e+06,2.32929e+06,2.32929e+06,4346.59,4346.59,4346.59,4183.8,4183.8,4183.8,3.41512e+06,3.41512e+06,3.41512e+06,3.11927e+06,3.11927e+06,3.11927e+06,7705.35,7705.35,7705.35,7776.89,7776.89,7776.89,1.28494e+06,1.28494e+06,1.28494e+06,1.41211e+06,1.41211e+06,1.41211e+06,1.43778e+07,1.43778e+07,1.43778e+07,1.38283e+07,1.38283e+07,1.38283e+07,8.7981e+07,8.7981e+07,8.7981e+07,6.00899,6.00899,6.00899,9.48681,9.48681,9.48681
214,2.32891e+06,2.32891e+06,2.32891e+06,4352.84,4352.84,4352.84,4188.46,4188.46,4188.46,3.41553e+06,3.41553e+06,3.41553e+06,3.11973e+06,3.11973e+06,3.11973e+06,7718.2,7718.2,7718.2,7787.26,7787.26,7787.26,1.28499e+06,1.28499e+06,1.28499e+06,1.41194e+06,1.41194e+06,1.41194e+06,1.43758e+07,1.43758e+07,1.43758e+07,1.38287e+07,1.38287e+07,1.38287e+07,8.79836e+07,8.79836e+07,8.79836e+07,6.01836,6.01836,6.01836,9.49869,9.49869,9.49869
215,2.32849e+06,2.32849e+06,2.32849e+06,4359.22,4359.22,4359.22,4193.08,4193.08,4193.08,3.4159e+06,3.4159e+06,3.4159e+06,3.12015e+06,3.12015e+06,3.12015e+06,7731.31,7731.31,7731.31,7797.57,7797.57,7797.57,1.28508e+06,1.28508e+06,1.28508e+06,1.41183e+06,1.41183e+06,1.41183e+06,1.43743e+07,1.43743e+07,1.43743e+07,1.38295e+07,1.38295e+07,1.38295e+07,8.79854e+07,8.79854e+07,8.79854e+07,6.028,6.028,6.028,9.5106,9.5106,9.5106
216,2.32804e+06,2.32804e+06,2.32804e+06,4365.61,4365.61,4365.61,4197.56,4197.56,4197.56,3.41622e+06,3.41622e+06,3.41622e+06,3.12054e+06,3.12054e+06,3.12054e+06,7744.5,7744.5,7744.5,7807.68,7807.68,7807.68,1.28519e+06,1.28519e+06,1.28519e+06,1.41176e+06,1.41176e+06,1.41176e+06,1.43732e+07,1.43732e+07,1.43732e+07,1.38305e+07,1.38305e+07,1.38305e+07,8.79863e+07,8.79863e+07,8.79863e+07,6.03776,6.03776,6.03776,9.52232,9.52232,9.52232
217,2.32755e+06,2.32755e+06,2.32755e+06,4371.9,4371.9,4371.9,4201.82,4201.82,4201.82,3.4165e+06,3.4165e+06,3.4165e+06,3.1209e+06,3.1209e+06,3.1209e+06,7757.55,7757.55,7757.55,7817.42,7817.42,7817.42,1.28533e+06,1.28533e+06,1.28533e+06,1.41173e+06,1.41173e+06,1.41173e+06,1.43727e+07,1.43727e+07,1.43727e+07,1.38319e+07,1.38319e+07,1.38319e+07,8.79864e+07,8.79864e+07,8.79864e+07,6.04749,6.04749,6.04749,9.53369,9.53369,9.53369
218,2.32702e+06,2.32702e+06,2.32702e+06,4377.99,4377.99,4377.99,4205.79,4205.79,4205.79,3.41674e+06,3.41674e+06,3.41674e+06,3.12122e+06,3.12122e+06,3.12122e+06,7770.28,7770.28,7770.28,7826.65,7826.65,7826.65,1.28549e+06,1.28549e+06,1.28549e+06,1.41175e+06,1.41175e+06,1.41175e+06,1.43726e+07,1.43726e+07,1.43726e+07,1.38336e+07,1.38336e+07,1.38336e+07,8.79857e+07,8.79857e+07,8.79857e+07,6.05702,6.05702,6.05702,9.5445,9.5445,9.5445
219,2.32646e+06,2.32646e+06,2.32646e+06,4383.75,4383.75,4383.75,4209.38,4209.38,4209.38,3.41694e+06,3.41694e+06,3.41694e+06,3.12151e+06,3.12151e+06,3.12151e+06,7782.49,7782.49,7782.49,7835.22,7835.22,7835.22,1.28568e+06,1.28568e+06,1.28568e+06,1.4118e+06,1.4118e+06,1.4118e+06,1.43729e+07,1.43729e+07,1.43729e+07,1.38355e+07,1.38355e+07,1.38355e+07,8.79843e+07,8.79843e+07,8.79843e+07,6.06621,6.06621,6.06621,9.55457,9.55457,9.55457
220,2.32587e+06,2.32587e+06,2.32587e+06,4389.08,4389.08,4389.08,4212.52,4212.52,4212.52,3.41711e+06,3.41711e+06,3.41711e+06,3.12178e+06,3.12178e+06,3.12178e+06,7793.99,7793.99,7793.99,7842.98,7842.98,7842.98,1.28589e+06,1.28589e+06,1.28589e+06,1.4119e+06,1.4119e+06,1.4119e+06,1.43736e+07,1.43736e+07,1.43736e+07,1.38376e+07,1.38376e+07,1.38376e+07,8.79823e+07,8.79823e+07,8.79823e+07,6.07491,6.07491,6.07491,9.56374,9.56374,9.56374
221,2.32525e+06,2.32525e+06,2.32525e+06,4393.89,4393.89,4393.89,4215.14,4215.14,4215.14,3.41725e+06,3.41725e+06,3.41725e+06,3.12202e+06,3.12202e+06,3.12202e+06,7804.6,7804.6,7804.6,7849.83,7849.83,7849.83,1.28611e+06,1.28611e+06,1.28611e+06,1.41203e+06,1.41203e+06,1.41203e+06,1.43747e+07,1.43747e+07,1.43747e+07,1.38399e+07,1.38399e+07,1.38399e+07,8.79797e+07,8.79797e+07,8.79797e+07,6.08296,6.08296,6.08296,9.57183,9.57183,9.57183
222,2.32461e+06,2.32461e+06,2.32461e+06,4398.08,4398.08,4398.08,4217.19,4217.19,4217.19,3.41736e+06,3.41736e+06,3.41736e+06,3.12224e+06,3.12224e+06,3.12224e+06,7814.14,7814.14,7814.14,7855.64,7855.64,7855.64,1.28635e+06,1.28635e+06,1.28635e+06,1.41218e+06,1.41218e+06,1.41218e+06,1.43761e+07,1.43761e+07,1.43761e+07,1.38424e+07,1.38424e+07,1.38424e+07,8.79766e+07,8.79766e+07,8.79766e+07,6.09024,6.09024,6.09024,9.57872,9.57872,9.57872
223,2.32395e+06,2.32395e+06,2.32395e+06,4401.56,4401.56,4401.56,4218.61,4218.61,4218.61,3.41745e+06,3.41745e+06,3.41745e+06,3.12245e+06,3.12245e+06,3.12245e+06,7822.48,7822.48,7822.48,7860.31,7860.31,7860.31,1.28659e+06,1.28659e+06,1.28659e+06,1.41236e+06,1.41236e+06,1.41236e+06,1.43777e+07,1.43777e+07,1.43777e+07,1.3845e+07,1.3845e+07,1.3845e+07,8.79731e+07,8.79731e+07,8.79731e+07,6.09663,6.09663,6.09663,9.58427,9.58427,9.58427
224,2.32326e+06,2.32326e+06,2.32326e+06,4404.27,4404.27,4404.27,4219.37,4219.37,4219.37,3.41753e+06,3.41753e+06,3.41753e+06,3.12264e+06,3.12264e+06,3.12264e+06,7829.47,7829.47,7829.47,7863.77,7863.77,7863.77,1.28685e+06,1.28685e+06,1.28685e+06,1.41256e+06,1.41256e+06,1.41256e+06,1.43796e+07,1.43796e+07,1.43796e+07,1.38477e+07,1.38477e+07,1.38477e+07,8.79693e+07,8.79693e+07,8.79693e+07,6.10201,6.10201,6.10201,9.58836,9.58836,9.58836
225,2.32257e+06,2.32257e+06,2.32257e+06,4406.14,4406.14,4406.14,4219.42,4219.42,4219.42,3.41759e+06,3.41759e+06,3.41759e+06,3.12282e+06,3.12282e+06,3.12282e+06,7835,7835,7835,7865.95,7865.95,7865.95,1.2871e+06,1.2871e+06,1.2871e+06,1.41278e+06,1.41278e+06,1.41278e+06,1.43816e+07,1.43816e+07,1.43816e+07,1.38503e+07,1.38503e+07,1.38503e+07,8.79653e+07,8.79653e+07,8.79653e+07,6.10628,6.10628,6.10628,9.59093,9.59093,9.59093
226,2.32186e+06,2.32186e+06,2.32186e+06,4407.11,4407.11,4407.11,4218.76,4218.76,4218.76,3.41764e+06,3.41764e+06,3.41764e+06,3.123e+06,3.123e+06,3.123e+06,7838.98,7838.98,7838.98,7866.81,7866.81,7866.81,1.28735e+06,1.28735e+06,1.28735e+06,1.413e+06,1.413e+06,1.413e+06,1.43837e+07,1.43837e+07,1.43837e+07,1.3853e+07,1.3853e+07,1.3853e+07,8.79611e+07,8.79611e+07,8.79611e+07,6.10937,6.10937,6.10937,9.5919,9.5919,9.5919
227,2.32115e+06,2.32115e+06,2.32115e+06,4407.17,4407.17,4407.17,4217.36,4217.36,4217.36,3.4177e+06,3.4177e+06,3.4177e+06,3.12318e+06,3.12318e+06,3.12318e+06,7841.33,7841.33,7841.33,7866.32,7866.32,7866.32,1.28759e+06,1.28759e+06,1.28759e+06,1.41322e+06,1.41322e+06,1.41322e+06,1.43858e+07,1.43858e+07,1.43858e+07,1.38555e+07,1.38555e+07,1.38555e+07,8.79569e+07,8.79569e+07,8.79569e+07,6.11121,6.11121,6.11121,9.59123,9.59123,9.59123
228,2.32043e+06,2.32043e+06,2.32043e+06,4406.28,4406.28,4406.28,4215.23,4215.23,4215.23,3.41775e+06,3.41775e+06,3.41775e+06,3.12337e+06,3.12337e+06,3.12337e+06,7842.02,7842.02,7842.02,7864.49,7864.49,7864.49,1.28783e+06,1.28783e+06,1.28783e+06,1.41344e+06,1.41344e+06,1.41344e+06,1.4388e+07,1.4388e+07,1.4388e+07,1.3858e+07,1.3858e+07,1.3858e+07,8.79527e+07,8.79527e+07,8.79527e+07,6.11176,6.11176,6.11176,9.58891,9.58891,9.58891
229,2.31972e+06,2.31972e+06,2.31972e+06,4404.43,4404.43,4404.43,4212.39,4212.39,4212.39,3.41782e+06,3.41782e+06,3.41782e+06,3.12356e+06,3.12356e+06,3.12356e+06,7841.02,7841.02,7841.02,7861.33,7861.33,7861.33,1.28804e+06,1.28804e+06,1.28804e+06,1.41365e+06,1.41365e+06,1.41365e+06,1.439e+07,1.439e+07,1.439e+07,1.38603e+07,1.38603e+07,1.38603e+07,8.79488e+07,8.79488e+07,8.79488e+07,6.111,6.111,6.111,9.58495,9.58495,9.58495
230,2.31901e+06,2.31901e+06,2.31901e+06,4401.64,4401.64,4401.64,4208.85,4208.85,4208.85,3.4179e+06,3.4179e+06,3.4179e+06,3.12377e+06,3.12377e+06,3.12377e+06,7838.34,7838.34,7838.34,7856.87,7856.87,7856.87,1.28824e+06,1.28824e+06,1.28824e+06,1.41385e+06,1.41385e+06,1.41385e+06,1.43919e+07,1.43919e+07,1.43919e+07,1.38624e+07,1.38624e+07,1.38624e+07,8.79451e+07,8.79451e+07,8.79451e+07,6.10892,6.10892,6.10892,9.57939,9.57939,9.57939
231,2.31832e+06,2.31832e+06,2.31832e+06,4397.93,4397.93,4397.93,4204.65,4204.65,4204.65,3.418e+06,3.418e+06,3.418e+06,3.124e+06,3.124e+06,3.124e+06,7834.02,7834.02,7834.02,7851.18,7851.18,7851.18,1.28842e+06,1.28842e+06,1.28842e+06,1.41403e+06,1.41403e+06,1.41403e+06,1.43936e+07,1.43936e+07,1.43936e+07,1.38643e+07,1.38643e+07,1.38643e+07,8.79418e+07,8.79418e+07,8.79418e+07,6.10555,6.10555,6.10555,9.57229,9.57229,9.57229
232,2.31764e+06,2.31764e+06,2.31764e+06,4393.33,4393.33,4393.33,4199.84,4199.84,4199.84,3.41812e+06,3.41812e+06,3.41812e+06,3.12424e+06,3.12424e+06,3.12424e+06,7828.11,7828.11,7828.11,7844.34,7844.34,7844.34,1.28856e+06,1.28856e+06,1.28856e+06,1.41418e+06,1.41418e+06,1.41418e+06,1.43951e+07,1.43951e+07,1.43951e+07,1.38659e+07,1.38659e+07,1.38659e+07,8.79389e+07,8.79389e+07,8.79389e+07,6.10092,6.10092,6.10092,9.56373,9.56373,9.56373
233,2.31698e+06,2.31698e+06,2.31698e+06,4387.89,4387.89,4387.89,4194.45,4194.45,4194.45,3.41827e+06,3.41827e+06,3.41827e+06,3.12451e+06,3.12451e+06,3.12451e+06,7820.7,7820.7,7820.7,7836.42,7836.42,7836.42,1.28868e+06,1.28868e+06,1.28868e+06,1.4143e+06,1.4143e+06,1.4143e+06,1.43963e+07,1.43963e+07,1.43963e+07,1.38672e+07,1.38672e+07,1.38672e+07,8.79366e+07,8.79366e+07,8.79366e+07,6.09509,6.09509,6.09509,9.55381,9.55381,9.55381
234,2.31634e+06,2.31634e+06,2.31634e+06,4381.68,4381.68,4381.68,4188.57,4188.57,4188.57,3.41844e+06,3.41844e+06,3.41844e+06,3.1248e+06,3.1248e+06,3.1248e+06,7811.9,7811.9,7811.9,7827.56,7827.56,7827.56,1.28877e+06,1.28877e+06,1.28877e+06,1.41438e+06,1.41438e+06,1.41438e+06,1.43971e+07,1.43971e+07,1.43971e+07,1.38682e+07,1.38682e+07,1.38682e+07,8.79348e+07,8.79348e+07,8.79348e+07,6.08813,6.08813,6.08813,9.54267,9.54267,9.54267
235,2.31572e+06,2.31572e+06,2.31572e+06,4374.76,4374.76,4374.76,4182.25,4182.25,4182.25,3.41866e+06,3.41866e+06,3.41866e+06,3.12513e+06,3.12513e+06,3.12513e+06,7801.82,7801.82,7801.82,7817.86,7817.86,7817.86,1.28883e+06,1.28883e+06,1.28883e+06,1.41443e+06,1.41443e+06,1.41443e+06,1.43975e+07,1.43975e+07,1.43975e+07,1.38688e+07,1.38688e+07,1.38688e+07,8.79337e+07,8.79337e+07,8.79337e+07,6.08013,6.08013,6.08013,9.53044,9.53044,9.53044
236,2.31513e+06,2.31513e+06,2.31513e+06,4367.24,4367.24,4367.24,4175.57,4175.57,4175.57,3.4189e+06,3.4189e+06,3.4189e+06,3.12548e+06,3.12548e+06,3.12548e+06,7790.62,7790.62,7790.62,7807.46,7807.46,7807.46,1.28885e+06,1.28885e+06,1.28885e+06,1.41443e+06,1.41443e+06,1.41443e+06,1.43976e+07,1.43976e+07,1.43976e+07,1.3869e+07,1.3869e+07,1.3869e+07,8.79333e+07,8.79333e+07,8.79333e+07,6.07121,6.07121,6.07121,9.51729,9.51729,9.51729
237,2.31457e+06,2.31457e+06,2.31457e+06,4359.18,4359.18,4359.18,4168.6,4168.6,4168.6,3.41919e+06,3.41919e+06,3.41919e+06,3.12587e+06,3.12587e+06,3.12587e+06,7778.46,7778.46,7778.46,7796.5,7796.5,7796.5,1.28883e+06,1.28883e+06,1.28883e+06,1.41439e+06,1.41439e+06,1.41439e+06,1.43971e+07,1.43971e+07,1.43971e+07,1.38689e+07,1.38689e+07,1.38689e+07,8.79336e+07,8.79336e+07,8.79336e+07,6.06148,6.06148,6.06148,9.50339,9.50339,9.50339
238,2.31404e+06,2.31404e+06,2.31404e+06,4350.71,4350.71,4350.71,4161.44,4161.44,4161.44,3.41951e+06,3.41951e+06,3.41951e+06,3.12629e+06,3.12629e+06,3.12629e+06,7765.51,7765.51,7765.51,7785.14,7785.14,7785.14,1.28877e+06,1.28877e+06,1.28877e+06,1.4143e+06,1.4143e+06,1.4143e+06,1.43963e+07,1.43963e+07,1.43963e+07,1.38683e+07,1.38683e+07,1.38683e+07,8.79347e+07,8.79347e+07,8.79347e+07,6.05109,6.05109,6.05109,9.48891,9.48891,9.48891
239,2.31354e+06,2.31354e+06,2.31354e+06,4341.92,4341.92,4341.92,4154.15,4154.15,4154.15,3.41988e+06,3.41988e+06,3.41988e+06,3.12675e+06,3.12675e+06,3.12675e+06,7751.96,7751.96,7751.96,7773.54,7773.54,7773.54,1.28868e+06,1.28868e+06,1.28868e+06,1.41417e+06,1.41417e+06,1.41417e+06,1.43949e+07,1.43949e+07,1.43949e+07,1.38674e+07,1.38674e+07,1.38674e+07,8.79366e+07,8.79366e+07,8.79366e+07,6.04015,6.04015,6.04015,9.47405,9.47405,9.47405
240,2.31307e+06,2.31307e+06,2.31307e+06,4332.92,4332.92,4332.92,4146.84,4146.84,4146.84,3.42028e+06,3.42028e+06,3.42028e+06,3.12724e+06,3.12724e+06,3.12724e+06,7738,7738,7738,7761.84,7761.84,7761.84,1.28855e+06,1.28855e+06,1.28855e+06,1.41399e+06,1.41399e+06,1.41399e+06,1.43931e+07,1.43931e+07,1.43931e+07,1.38661e+07,1.38661e+07,1.38661e+07,8.79393e+07,8.79393e+07,8.79393e+07,6.02884,6.02884,6.02884,9.45899,9.45899,9.45899
241,2.31264e+06,2.31264e+06,2.31264e+06,4323.82,4323.82,4323.82,4139.57,4139.57,4139.57,3.42072e+06,3.42072e+06,3.42072e+06,3.12776e+06,3.12776e+06,3.12776e+06,7723.82,7723.82,7723.82,7750.2,7750.2,7750.2,1.28839e+06,1.28839e+06,1.28839e+06,1.41376e+06,1.41376e+06,1.41376e+06,1.43908e+07,1.43908e+07,1.43908e+07,1.38644e+07,1.38644e+07,1.38644e+07,8.79428e+07,8.79428e+07,8.79428e+07,6.01729,6.01729,6.01729,9.44393,9.44393,9.44393
242,2.31224e+06,2.31224e+06,2.31224e+06,4314.73,4314.73,4314.73,4132.45,4132.45,4132.45,3.42121e+06,3.42121e+06,3.42121e+06,3.12832e+06,3.12832e+06,3.12832e+06,7709.64,7709.64,7709.64,7738.78,7738.78,7738.78,1.28819e+06,1.28819e+06,1.28819e+06,1.41348e+06,1.41348e+06,1.41348e+06,1.4388e+07,1.4388e+07,1.4388e+07,1.38623e+07,1.38623e+07,1.38623e+07,8.79471e+07,8.79471e+07,8.79471e+07,6.00566,6.00566,6.00566,9.42905,9.42905,9.42905
243,2.31187e+06,2.31187e+06,2.31187e+06,4305.78,4305.78,4305.78,4125.54,4125.54,4125.54,3.42172e+06,3.42172e+06,3.42172e+06,3.1289e+06,3.1289e+06,3.1289e+06,7695.63,7695.63,7695.63,7727.73,7727.73,7727.73,1.28795e+06,1.28795e+06,1.28795e+06,1.41315e+06,1.41315e+06,1.41315e+06,1.43848e+07,1.43848e+07,1.43848e+07,1.38599e+07,1.38599e+07,1.38599e+07,8.79521e+07,8.79521e+07,8.79521e+07,5.99412,5.99412,5.99412,9.41455,9.41455,9.41455
244,2.31153e+06,2.31153e+06,2.31153e+06,4297.05,4297.05,4297.05,4118.92,4118.92,4118.92,3.42228e+06,3.42228e+06,3.42228e+06,3.12952e+06,3.12952e+06,3.12952e+06,7682,7682,7682,7717.19,7717.19,7717.19,1.28769e+06,1.28769e+06,1.28769e+06,1.41278e+06,1.41278e+06,1.41278e+06,1.43811e+07,1.43811e+07,1.43811e+07,1.38571e+07,1.38571e+07,1.38571e+07,8.79578e+07,8.79578e+07,8.79578e+07,5.9828,5.9828,5.9828,9.4006,9.4006,9.4006
245,2.31121e+06,2.31121e+06,2.31121e+06,4288.66,4288.66,4288.66,4112.66,4112.66,4112.66,3.42286e+06,3.42286e+06,3.42286e+06,3.13017e+06,3.13017e+06,3.13017e+06,7668.93,7668.93,7668.93,7707.3,7707.3,7707.3,1.2874e+06,1.2874e+06,1.2874e+06,1.41237e+06,1.41237e+06,1.41237e+06,1.4377e+07,1.4377e+07,1.4377e+07,1.38541e+07,1.38541e+07,1.38541e+07,8.79642e+07,8.79642e+07,8.79642e+07,5.97185,5.97185,5.97185,9.38737,9.38737,9.38737
246,2.31093e+06,2.31093e+06,2.31093e+06,4280.7,4280.7,4280.7,4106.83,4106.83,4106.83,3.42347e+06,3.42347e+06,3.42347e+06,3.13083e+06,3.13083e+06,3.13083e+06,7656.6,7656.6,7656.6,7698.17,7698.17,7698.17,1.28708e+06,1.28708e+06,1.28708e+06,1.41193e+06,1.41193e+06,1.41193e+06,1.43725e+07,1.43725e+07,1.43725e+07,1.38507e+07,1.38507e+07,1.38507e+07,8.79711e+07,8.79711e+07,8.79711e+07,5.96143,5.96143,5.96143,9.37501,9.37501,9.37501
247,2.31067e+06,2.31067e+06,2.31067e+06,4273.27,4273.27,4273.27,4101.5,4101.5,4101.5,3.42411e+06,3.42411e+06,3.42411e+06,3.13152e+06,3.13152e+06,3.13152e+06,7645.17,7645.17,7645.17,7689.93,7689.93,7689.93,1.28674e+06,1.28674e+06,1.28674e+06,1.41144e+06,1.41144e+06,1.41144e+06,1.43677e+07,1.43677e+07,1.43677e+07,1.38472e+07,1.38472e+07,1.38472e+07,8.79786e+07,8.79786e+07,8.79786e+07,5.95165,5.95165,5.95165,9.36368,9.36368,9.36368
248,2.31043e+06,2.31043e+06,2.31043e+06,4266.45,4266.45,4266.45,4096.7,4096.7,4096.7,3.42477e+06,3.42477e+06,3.42477e+06,3.13223e+06,3.13223e+06,3.13223e+06,7634.79,7634.79,7634.79,7682.68,7682.68,7682.68,1.28638e+06,1.28638e+06,1.28638e+06,1.41093e+06,1.41093e+06,1.41093e+06,1.43626e+07,1.43626e+07,1.43626e+07,1.38434e+07,1.38434e+07,1.38434e+07,8.79866e+07,8.79866e+07,8.79866e+07,5.94264,5.94264,5.94264,9.3535,9.3535,9.3535
249,2.31021e+06,2.31021e+06,2.31021e+06,4260.3,4260.3,4260.3,4092.48,4092.48,4092.48,3.42544e+06,3.42544e+06,3.42544e+06,3.13295e+06,3.13295e+06,3.13295e+06,7625.59,7625.59,7625.59,7676.49,7676.49,7676.49,1.28601e+06,1.28601e+06,1.28601e+06,1.41039e+06,1.41039e+06,1.41039e+06,1.43572e+07,1.43572e+07,1.43572e+07,1.38395e+07,1.38395e+07,1.38395e+07,8.79949e+07,8.79949e+07,8.79949e+07,5.93451,5.93451,5.93451,9.34458,9.34458,9.34458
250,2.31e+06,2.31e+06,2.31e+06,4254.9,4254.9,4254.9,4088.89,4088.89,4088.89,3.42612e+06,3.42612e+06,3.42612e+06,3.13368e+06,3.13368e+06,3.13368e+06,7617.71,7617.71,7617.71,7671.44,7671.44,7671.44,1.28562e+06,1.28562e+06,1.28562e+06,1.40983e+06,1.40983e+06,1.40983e+06,1.43516e+07,1.43516e+07,1.43516e+07,1.38355e+07,1.38355e+07,1.38355e+07,8.80035e+07,8.80035e+07,8.80035e+07,5.92736,5.92736,5.92736,9.33702,9.33702,9.33702
251,2.3098e+06,2.3098e+06,2.3098e+06,4250.3,4250.3,4250.3,4085.95,4085.95,4085.95,3.42682e+06,3.42682e+06,3.42682e+06,3.13442e+06,3.13442e+06,3.13442e+06,7611.22,7611.22,7611.22,7667.58,7667.58,7667.58,1.28523e+06,1.28523e+06,1.28523e+06,1.40926e+06,1.40926e+06,1.40926e+06,1.43459e+07,1.43459e+07,1.43459e+07,1.38314e+07,1.38314e+07,1.38314e+07,8.80123e+07,8.80123e+07,8.80123e+07,5.92128,5.92128,5.92128,9.33089,9.33089,9.33089
252,2.30961e+06,2.30961e+06,2.30961e+06,4246.53,4246.53,4246.53,4083.67,4083.67,4083.67,3.42751e+06,3.42751e+06,3.42751e+06,3.13515e+06,3.13515e+06,3.13515e+06,7606.22,7606.22,7606.22,7664.95,7664.95,7664.95,1.28483e+06,1.28483e+06,1.28483e+06,1.40867e+06,1.40867e+06,1.40867e+06,1.43401e+07,1.43401e+07,1.43401e+07,1.38272e+07,1.38272e+07,1.38272e+07,8.80212e+07,8.80212e+07,8.80212e+07,5.91632,5.91632,5.91632,9.32624,9.32624,9.32624
253,2.30943e+06,2.30943e+06,2.30943e+06,4243.64,4243.64,4243.64,4082.06,4082.06,4082.06,3.4282e+06,3.4282e+06,3.4282e+06,3.13589e+06,3.13589e+06,3.13589e+06,7602.76,7602.76,7602.76,7663.58,7663.58,7663.58,1.28444e+06,1.28444e+06,1.28444e+06,1.40808e+06,1.40808e+06,1.40808e+06,1.43343e+07,1.43343e+07,1.43343e+07,1.38231e+07,1.38231e+07,1.38231e+07,8.80301e+07,8.80301e+07,8.80301e+07,5.91254,5.91254,5.91254,9.32311,9.32311,9.32311
254,2.30924e+06,2.30924e+06,2.30924e+06,4241.63,4241.63,4241.63,4081.13,4081.13,4081.13,3.42888e+06,3.42888e+06,3.42888e+06,3.13662e+06,3.13662e+06,3.13662e+06,7600.88,7600.88,7600.88,7663.46,7663.46,7663.46,1.28405e+06,1.28405e+06,1.28405e+06,1.4075e+06,1.4075e+06,1.4075e+06,1.43285e+07,1.43285e+07,1.43285e+07,1.38191e+07,1.38191e+07,1.38191e+07,8.8039e+07,8.8039e+07,8.8039e+07,5.90999,5.90999,5.90999,9.32151,9.32151,9.32151
255,2.30905e+06,2.30905e+06,2.30905e+06,4240.52,4240.52,4240.52,4080.87,4080.87,4080.87,3.42955e+06,3.42955e+06,3.42955e+06,3.13733e+06,3.13733e+06,3.13733e+06,7600.59,7600.59,7600.59,7664.58,7664.58,7664.58,1.28366e+06,1.28366e+06,1.28366e+06,1.40691e+06,1.40691e+06,1.40691e+06,1.43227e+07,1.43227e+07,1.43227e+07,1.38151e+07,1.38151e+07,1.38151e+07,8.80476e+07,8.80476e+07,8.80476e+07,5.90867,5.90867,5.90867,9.32143,9.32143,9.32143
256,2.30885e+06,2.30885e+06,2.30885e+06,4240.3,4240.3,4240.3,4081.25,4081.25,4081.25,3.4302e+06,3.4302e+06,3.4302e+06,3.13804e+06,3.13804e+06,3.13804e+06,7601.9,7601.9,7601.9,7666.91,7666.91,7666.91,1.28329e+06,1.28329e+06,1.28329e+06,1.40635e+06,1.40635e+06,1.40635e+06,1.43171e+07,1.43171e+07,1.43171e+07,1.38113e+07,1.38113e+07,1.38113e+07,8.80561e+07,8.80561e+07,8.80561e+07,5.90859,5.90859,5.90859,9.32286,9.32286,9.32286
257,2.30864e+06,2.30864e+06,2.30864e+06,4240.94,4240.94,4240.94,4082.25,4082.25,4082.25,3.43083e+06,3.43083e+06,3.43083e+06,3.13872e+06,3.13872e+06,3.13872e+06,7604.77,7604.77,7604.77,7670.4,7670.4,7670.4,1.28294e+06,1.28294e+06,1.28294e+06,1.40579e+06,1.40579e+06,1.40579e+06,1.43117e+07,1.43117e+07,1.43117e+07,1.38076e+07,1.38076e+07,1.38076e+07,8.80641e+07,8.80641e+07,8.80641e+07,5.90974,5.90974,5.90974,9.32572,9.32572,9.32572
258,2.30841e+06,2.30841e+06,2.30841e+06,4242.43,4242.43,4242.43,4083.84,4083.84,4083.84,3.43143e+06,3.43143e+06,3.43143e+06,3.13938e+06,3.13938e+06,3.13938e+06,7609.15,7609.15,7609.15,7675,7675,7675,1.28261e+06,1.28261e+06,1.28261e+06,1.40526e+06,1.40526e+06,1.40526e+06,1.43065e+07,1.43065e+07,1.43065e+07,1.38042e+07,1.38042e+07,1.38042e+07,8.80718e+07,8.80718e+07,8.80718e+07,5.91209,5.91209,5.91209,9.32997,9.32997,9.32997
259,2.30816e+06,2.30816e+06,2.30816e+06,4244.72,4244.72,4244.72,4085.96,4085.96,4085.96,3.43201e+06,3.43201e+06,3.43201e+06,3.14002e+06,3.14002e+06,3.14002e+06,7614.98,7614.98,7614.98,7680.62,7680.62,7680.62,1.28229e+06,1.28229e+06,1.28229e+06,1.40476e+06,1.40476e+06,1.40476e+06,1.43016e+07,1.43016e+07,1.43016e+07,1.38009e+07,1.38009e+07,1.38009e+07,8.8079e+07,8.8079e+07,8.8079e+07,5.91558,5.91558,5.91558,9.3355,9.3355,9.3355
260,2.30789e+06,2.30789e+06,2.30789e+06,4247.75,4247.75,4247.75,4088.57,4088.57,4088.57,3.43255e+06,3.43255e+06,3.43255e+06,3.14063e+06,3.14063e+06,3.14063e+06,7622.16,7622.16,7622.16,7687.16,7687.16,7687.16,1.282e+06,1.282e+06,1.282e+06,1.40429e+06,1.40429e+06,1.40429e+06,1.4297e+07,1.4297e+07,1.4297e+07,1.3798e+07,1.3798e+07,1.3798e+07,8.80856e+07,8.80856e+07,8.80856e+07,5.92016,5.92016,5.92016,9.34221,9.34221,9.34221
261,2.3076e+06,2.3076e+06,2.3076e+06,4251.47,4251.47,4251.47,4091.61,4091.61,4091.61,3.43305e+06,3.43305e+06,3.43305e+06,3.14121e+06,3.14121e+06,3.14121e+06,7630.59,7630.59,7630.59,7694.53,7694.53,7694.53,1.28174e+06,1.28174e+06,1.28174e+06,1.40385e+06,1.40385e+06,1.40385e+06,1.42928e+07,1.42928e+07,1.42928e+07,1.37954e+07,1.37954e+07,1.37954e+07,8.80916e+07,8.80916e+07,8.80916e+07,5.92575,5.92575,5.92575,9.34999,9.34999,9.34999
262,2.30728e+06,2.30728e+06,2.30728e+06,4255.79,4255.79,4255.79,4095.01,4095.01,4095.01,3.43351e+06,3.43351e+06,3.43351e+06,3.14175e+06,3.14175e+06,3.14175e+06,7640.15,7640.15,7640.15,7702.6,7702.6,7702.6,1.28151e+06,1.28151e+06,1.28151e+06,1.40345e+06,1.40345e+06,1.40345e+06,1.42889e+07,1.42889e+07,1.42889e+07,1.3793e+07,1.3793e+07,1.3793e+07,8.80969e+07,8.80969e+07,8.80969e+07,5.93225,5.93225,5.93225,9.35868,9.35868,9.35868
263,2.30693e+06,2.30693e+06,2.30693e+06,4260.65,4260.65,4260.65,4098.71,4098.71,4098.71,3.43393e+06,3.43393e+06,3.43393e+06,3.14226e+06,3.14226e+06,3.14226e+06,7650.68,7650.68,7650.68,7711.25,7711.25,7711.25,1.28131e+06,1.28131e+06,1.28131e+06,1.40309e+06,1.40309e+06,1.40309e+06,1.42856e+07,1.42856e+07,1.42856e+07,1.3791e+07,1.3791e+07,1.3791e+07,8.81016e+07,8.81016e+07,8.81016e+07,5.93956,5.93956,5.93956,9.36815,9.36815,9.36815
264,2.30655e+06,2.30655e+06,2.30655e+06,4265.95,4265.95,4265.95,4102.62,4102.62,4102.62,3.43431e+06,3.43431e+06,3.43431e+06,3.14273e+06,3.14273e+06,3.14273e+06,7662.04,7662.04,7662.04,7720.33,7720.33,7720.33,1.28113e+06,1.28113e+06,1.28113e+06,1.40278e+06,1.40278e+06,1.40278e+06,1.42826e+07,1.42826e+07,1.42826e+07,1.37894e+07,1.37894e+07,1.37894e+07,8.81055e+07,8.81055e+07,8.81055e+07,5.94757,5.94757,5.94757,9.37822,9.37822,9.37822
265,2.30614e+06,2.30614e+06,2.30614e+06,4271.6,4271.6,4271.6,4106.67,4106.67,4106.67,3.43465e+06,3.43465e+06,3.43465e+06,3.14317e+06,3.14317e+06,3.14317e+06,7674.05,7674.05,7674.05,7729.7,7729.7,7729.7,1.28099e+06,1.28099e+06,1.28099e+06,1.40251e+06,1.40251e+06,1.40251e+06,1.42801e+07,1.42801e+07,1.42801e+07,1.3788e+07,1.3788e+07,1.3788e+07,8.81087e+07,8.81087e+07,8.81087e+07,5.95614,5.95614,5.95614,9.38871,9.38871,9.38871
266,2.30569e+06,2.30569e+06,2.30569e+06,4277.48,4277.48,4277.48,4110.78,4110.78,4110.78,3.43494e+06,3.43494e+06,3.43494e+06,3.14357e+06,3.14357e+06,3.14357e+06,7686.54,7686.54,7686.54,7739.21,7739.21,7739.21,1.28088e+06,1.28088e+06,1.28088e+06,1.40228e+06,1.40228e+06,1.40228e+06,1.42781e+07,1.42781e+07,1.42781e+07,1.3787e+07,1.3787e+07,1.3787e+07,8.81111e+07,8.81111e+07,8.81111e+07,5.96514,5.96514,5.96514,9.39946,9.39946,9.39946
267,2.30521e+06,2.30521e+06,2.30521e+06,4283.51,4283.51,4283.51,4114.86,4114.86,4114.86,3.43519e+06,3.43519e+06,3.43519e+06,3.14393e+06,3.14393e+06,3.14393e+06,7699.31,7699.31,7699.31,7748.71,7748.71,7748.71,1.2808e+06,1.2808e+06,1.2808e+06,1.4021e+06,1.4021e+06,1.4021e+06,1.42766e+07,1.42766e+07,1.42766e+07,1.37864e+07,1.37864e+07,1.37864e+07,8.81128e+07,8.81128e+07,8.81128e+07,5.97443,5.97443,5.97443,9.41027,9.41027,9.41027
268,2.3047e+06,2.3047e+06,2.3047e+06,4289.56,4289.56,4289.56,4118.83,4118.83,4118.83,3.43539e+06,3.43539e+06,3.43539e+06,3.14426e+06,3.14426e+06,3.14426e+06,7712.18,7712.18,7712.18,7758.03,7758.03,7758.03,1.28075e+06,1.28075e+06,1.28075e+06,1.40197e+06,1.40197e+06,1.40197e+06,1.42755e+07,1.42755e+07,1.42755e+07,1.37861e+07,1.37861e+07,1.37861e+07,8.81138e+07,8.81138e+07,8.81138e+07,5.98385,5.98385,5.98385,9.42095,9.42095,9.42095
269,2.30416e+06,2.30416e+06,2.30416e+06,4295.53,4295.53,4295.53,4122.62,4122.62,4122.62,3.43556e+06,3.43556e+06,3.43556e+06,3.14455e+06,3.14455e+06,3.14455e+06,7724.94,7724.94,7724.94,7767.03,7767.03,7767.03,1.28073e+06,1.28073e+06,1.28073e+06,1.40188e+06,1.40188e+06,1.40188e+06,1.42749e+07,1.42749e+07,1.42749e+07,1.3786e+07,1.3786e+07,1.3786e+07,8.81141e+07,8.81141e+07,8.81141e+07,5.99326,5.99326,5.99326,9.43131,9.43131,9.43131
270,2.30358e+06,2.30358e+06,2.30358e+06,4301.32,4301.32,4301.32,4126.13,4126.13,4126.13,3.43568e+06,3.43568e+06,3.43568e+06,3.14481e+06,3.14481e+06,3.14481e+06,7737.39,7737.39,7737.39,7775.55,7775.55,7775.55,1.28073e+06,1.28073e+06,1.28073e+06,1.40183e+06,1.40183e+06,1.40183e+06,1.42748e+07,1.42748e+07,1.42748e+07,1.37863e+07,1.37863e+07,1.37863e+07,8.81138e+07,8.81138e+07,8.81138e+07,6.0025,6.0025,6.0025,9.44118,9.44118,9.44118
271,2.30298e+06,2.30298e+06,2.30298e+06,4306.8,4306.8,4306.8,4129.3,4129.3,4129.3,3.43577e+06,3.43577e+06,3.43577e+06,3.14504e+06,3.14504e+06,3.14504e+06,7749.36,7749.36,7749.36,7783.46,7783.46,7783.46,1.28076e+06,1.28076e+06,1.28076e+06,1.40182e+06,1.40182e+06,1.40182e+06,1.42751e+07,1.42751e+07,1.42751e+07,1.37868e+07,1.37868e+07,1.37868e+07,8.81128e+07,8.81128e+07,8.81128e+07,6.01141,6.01141,6.01141,9.45036,9.45036,9.45036
272,2.30235e+06,2.30235e+06,2.30235e+06,4311.88,4311.88,4311.88,4132.04,4132.04,4132.04,3.43583e+06,3.43583e+06,3.43583e+06,3.14524e+06,3.14524e+06,3.14524e+06,7760.64,7760.64,7760.64,7790.6,7790.6,7790.6,1.28081e+06,1.28081e+06,1.28081e+06,1.40185e+06,1.40185e+06,1.40185e+06,1.42757e+07,1.42757e+07,1.42757e+07,1.37876e+07,1.37876e+07,1.37876e+07,8.81114e+07,8.81114e+07,8.81114e+07,6.01986,6.01986,6.01986,9.45869,9.45869,9.45869
273,2.30169e+06,2.30169e+06,2.30169e+06,4316.46,4316.46,4316.46,4134.3,4134.3,4134.3,3.43585e+06,3.43585e+06,3.43585e+06,3.14541e+06,3.14541e+06,3.14541e+06,7771.05,7771.05,7771.05,7796.87,7796.87,7796.87,1.28087e+06,1.28087e+06,1.28087e+06,1.40191e+06,1.40191e+06,1.40191e+06,1.42767e+07,1.42767e+07,1.42767e+07,1.37885e+07,1.37885e+07,1.37885e+07,8.81095e+07,8.81095e+07,8.81095e+07,6.02769,6.02769,6.02769,9.46601,9.46601,9.46601
274,2.30102e+06,2.30102e+06,2.30102e+06,4320.45,4320.45,4320.45,4136.02,4136.02,4136.02,3.43585e+06,3.43585e+06,3.43585e+06,3.14557e+06,3.14557e+06,3.14557e+06,7780.43,7780.43,7780.43,7802.14,7802.14,7802.14,1.28095e+06,1.28095e+06,1.28095e+06,1.402e+06,1.402e+06,1.402e+06,1.4278e+07,1.4278e+07,1.4278e+07,1.37897e+07,1.37897e+07,1.37897e+07,8.81072e+07,8.81072e+07,8.81072e+07,6.03478,6.03478,6.03478,9.47218,9.47218,9.47218
275,2.30032e+06,2.30032e+06,2.30032e+06,4323.76,4323.76,4323.76,4137.14,4137.14,4137.14,3.43583e+06,3.43583e+06,3.43583e+06,3.1457e+06,3.1457e+06,3.1457e+06,7788.63,7788.63,7788.63,7806.31,7806.31,7806.31,1.28104e+06,1.28104e+06,1.28104e+06,1.40211e+06,1.40211e+06,1.40211e+06,1.42796e+07,1.42796e+07,1.42796e+07,1.37909e+07,1.37909e+07,1.37909e+07,8.81046e+07,8.81046e+07,8.81046e+07,6.04099,6.04099,6.04099,9.47706,9.47706,9.47706
276,2.29961e+06,2.29961e+06,2.29961e+06,4326.32,4326.32,4326.32,4137.63,4137.63,4137.63,3.43579e+06,3.43579e+06,3.43579e+06,3.14582e+06,3.14582e+06,3.14582e+06,7795.5,7795.5,7795.5,7809.3,7809.3,7809.3,1.28114e+06,1.28114e+06,1.28114e+06,1.40224e+06,1.40224e+06,1.40224e+06,1.42814e+07,1.42814e+07,1.42814e+07,1.37922e+07,1.37922e+07,1.37922e+07,8.81018e+07,8.81018e+07,8.81018e+07,6.04623,6.04623,6.04623,9.48055,9.48055,9.48055
277,2.29889e+06,2.29889e+06,2.29889e+06,4328.07,4328.07,4328.07,4137.44,4137.44,4137.44,3.43574e+06,3.43574e+06,3.43574e+06,3.14593e+06,3.14593e+06,3.14593e+06,7800.94,7800.94,7800.94,7811.06,7811.06,7811.06,1.28124e+06,1.28124e+06,1.28124e+06,1.40239e+06,1.40239e+06,1.40239e+06,1.42833e+07,1.42833e+07,1.42833e+07,1.37936e+07,1.37936e+07,1.37936e+07,8.80989e+07,8.80989e+07,8.80989e+07,6.05038,6.05038,6.05038,9.48256,9.48256,9.48256
278,2.29817e+06,2.29817e+06,2.29817e+06,4328.96,4328.96,4328.96,4136.56,4136.56,4136.56,3.43568e+06,3.43568e+06,3.43568e+06,3.14604e+06,3.14604e+06,3.14604e+06,7804.83,7804.83,7804.83,7811.52,7811.52,7811.52,1.28134e+06,1.28134e+06,1.28134e+06,1.40255e+06,1.40255e+06,1.40255e+06,1.42854e+07,1.42854e+07,1.42854e+07,1.3795e+07,1.3795e+07,1.3795e+07,8.8096e+07,8.8096e+07,8.8096e+07,6.05337,6.05337,6.05337,9.48302,9.48302,9.48302
279,2.29744e+06,2.29744e+06,2.29744e+06,4328.94,4328.94,4328.94,4134.98,4134.98,4134.98,3.43562e+06,3.43562e+06,3.43562e+06,3.14614e+06,3.14614e+06,3.14614e+06,7807.12,7807.12,7807.12,7810.67,7810.67,7810.67,1.28143e+06,1.28143e+06,1.28143e+06,1.40271e+06,1.40271e+06,1.40271e+06,1.42874e+07,1.42874e+07,1.42874e+07,1.37963e+07,1.37963e+07,1.37963e+07,8.80932e+07,8.80932e+07,8.80932e+07,6.05513,6.05513,6.05513,9.48189,9.48189,9.48189
280,2.29671e+06,2.29671e+06,2.29671e+06,4328,4328,4328,4132.7,4132.7,4132.7,3.43557e+06,3.43557e+06,3.43557e+06,3.14625e+06,3.14625e+06,3.14625e+06,7807.75,7807.75,7807.75,7808.5,7808.5,7808.5,1.28151e+06,1.28151e+06,1.28151e+06,1.40286e+06,1.40286e+06,1.40286e+06,1.42895e+07,1.42895e+07,1.42895e+07,1.37975e+07,1.37975e+07,1.37975e+07,8.80906e+07,8.80906e+07,8.80906e+07,6.05563,6.05563,6.05563,9.47916,9.47916,9.47916
281,2.29599e+06,2.29599e+06,2.29599e+06,4326.13,4326.13,4326.13,4129.72,4129.72,4129.72,3.43552e+06,3.43552e+06,3.43552e+06,3.14636e+06,3.14636e+06,3.14636e+06,7806.7,7806.7,7806.7,7805.02,7805.02,7805.02,1.28158e+06,1.28158e+06,1.28158e+06,1.40301e+06,1.40301e+06,1.40301e+06,1.42915e+07,1.42915e+07,1.42915e+07,1.37985e+07,1.37985e+07,1.37985e+07,8.80883e+07,8.80883e+07,8.80883e+07,6.05482,6.05482,6.05482,9.47483,9.47483,9.47483
282,2.29528e+06,2.29528e+06,2.29528e+06,4323.33,4323.33,4323.33,4126.07,4126.07,4126.07,3.43549e+06,3.43549e+06,3.43549e+06,3.14648e+06,3.14648e+06,3.14648e+06,7803.98,7803.98,7803.98,7800.26,7800.26,7800.26,1.28163e+06,1.28163e+06,1.28163e+06,1.40314e+06,1.40314e+06,1.40314e+06,1.42934e+07,1.42934e+07,1.42934e+07,1.37994e+07,1.37994e+07,1.37994e+07,8.80865e+07,8.80865e+07,8.80865e+07,6.05271,6.05271,6.05271,9.46892,9.46892,9.46892
283,2.29458e+06,2.29458e+06,2.29458e+06,4319.62,4319.62,4319.62,4121.78,4121.78,4121.78,3.43548e+06,3.43548e+06,3.43548e+06,3.14662e+06,3.14662e+06,3.14662e+06,7799.6,7799.6,7799.6,7794.29,7794.29,7794.29,1.28166e+06,1.28166e+06,1.28166e+06,1.40326e+06,1.40326e+06,1.40326e+06,1.4295e+07,1.4295e+07,1.4295e+07,1.38001e+07,1.38001e+07,1.38001e+07,8.80851e+07,8.80851e+07,8.80851e+07,6.04931,6.04931,6.04931,9.46151,9.46151,9.46151
284,2.2939e+06,2.2939e+06,2.2939e+06,4315.03,4315.03,4315.03,4116.89,4116.89,4116.89,3.43549e+06,3.43549e+06,3.43549e+06,3.14678e+06,3.14678e+06,3.14678e+06,7793.63,7793.63,7793.63,7787.16,7787.16,7787.16,1.28167e+06,1.28167e+06,1.28167e+06,1.40334e+06,1.40334e+06,1.40334e+06,1.42964e+07,1.42964e+07,1.42964e+07,1.38005e+07,1.38005e+07,1.38005e+07,8.80843e+07,8.80843e+07,8.80843e+07,6.04466,6.04466,6.04466,9.45265,9.45265,9.45265
285,2.29325e+06,2.29325e+06,2.29325e+06,4309.62,4309.62,4309.62,4111.44,4111.44,4111.44,3.43553e+06,3.43553e+06,3.43553e+06,3.14696e+06,3.14696e+06,3.14696e+06,7786.15,7786.15,7786.15,7778.98,7778.98,7778.98,1.28165e+06,1.28165e+06,1.28165e+06,1.4034e+06,1.4034e+06,1.4034e+06,1.42976e+07,1.42976e+07,1.42976e+07,1.38007e+07,1.38007e+07,1.38007e+07,8.80842e+07,8.80842e+07,8.80842e+07,6.0388,6.0388,6.0388,9.44247,9.44247,9.44247
286,2.29262e+06,2.29262e+06,2.29262e+06,4303.43,4303.43,4303.43,4105.5,4105.5,4105.5,3.43559e+06,3.43559e+06,3.43559e+06,3.14717e+06,3.14717e+06,3.14717e+06,7777.25,7777.25,7777.25,7769.84,7769.84,7769.84,1.28159e+06,1.28159e+06,1.28159e+06,1.40342e+06,1.40342e+06,1.40342e+06,1.42984e+07,1.42984e+07,1.42984e+07,1.38005e+07,1.38005e+07,1.38005e+07,8.80848e+07,8.80848e+07,8.80848e+07,6.03181,6.03181,6.03181,9.43106,9.43106,9.43106
287,2.29201e+06,2.29201e+06,2.29201e+06,4296.55,4296.55,4296.55,4099.13,4099.13,4099.13,3.43569e+06,3.43569e+06,3.43569e+06,3.14741e+06,3.14741e+06,3.14741e+06,7767.06,7767.06,7767.06,7759.86,7759.86,7759.86,1.28151e+06,1.28151e+06,1.28151e+06,1.40341e+06,1.40341e+06,1.40341e+06,1.42988e+07,1.42988e+07,1.42988e+07,1.38e+07,1.38e+07,1.38e+07,8.80862e+07,8.80862e+07,8.80862e+07,6.02378,6.02378,6.02378,9.41858,9.41858,9.41858
288,2.29144e+06,2.29144e+06,2.29144e+06,4289.05,4289.05,4289.05,4092.41,4092.41,4092.41,3.43583e+06,3.43583e+06,3.43583e+06,3.14767e+06,3.14767e+06,3.14767e+06,7755.72,7755.72,7755.72,7749.18,7749.18,7749.18,1.28139e+06,1.28139e+06,1.28139e+06,1.40335e+06,1.40335e+06,1.40335e+06,1.42988e+07,1.42988e+07,1.42988e+07,1.37992e+07,1.37992e+07,1.37992e+07,8.80884e+07,8.80884e+07,8.80884e+07,6.01481,6.01481,6.01481,9.40517,9.40517,9.40517
289,2.29091e+06,2.29091e+06,2.29091e+06,4281.03,4281.03,4281.03,4085.4,4085.4,4085.4,3.43601e+06,3.43601e+06,3.43601e+06,3.14797e+06,3.14797e+06,3.14797e+06,7743.38,7743.38,7743.38,7737.94,7737.94,7737.94,1.28124e+06,1.28124e+06,1.28124e+06,1.40325e+06,1.40325e+06,1.40325e+06,1.42984e+07,1.42984e+07,1.42984e+07,1.37979e+07,1.37979e+07,1.37979e+07,8.80916e+07,8.80916e+07,8.80916e+07,6.00502,6.00502,6.00502,9.39101,9.39101,9.39101
290,2.2904e+06,2.2904e+06,2.2904e+06,4272.57,4272.57,4272.57,4078.2,4078.2,4078.2,3.43622e+06,3.43622e+06,3.43622e+06,3.1483e+06,3.1483e+06,3.1483e+06,7730.23,7730.23,7730.23,7726.27,7726.27,7726.27,1.28105e+06,1.28105e+06,1.28105e+06,1.40311e+06,1.40311e+06,1.40311e+06,1.42975e+07,1.42975e+07,1.42975e+07,1.37963e+07,1.37963e+07,1.37963e+07,8.80956e+07,8.80956e+07,8.80956e+07,5.99454,5.99454,5.99454,9.37626,9.37626,9.37626
291,2.28994e+06,2.28994e+06,2.28994e+06,4263.79,4263.79,4263.79,4070.87,4070.87,4070.87,3.43648e+06,3.43648e+06,3.43648e+06,3.14866e+06,3.14866e+06,3.14866e+06,7716.44,7716.44,7716.44,7714.35,7714.35,7714.35,1.28083e+06,1.28083e+06,1.28083e+06,1.40291e+06,1.40291e+06,1.40291e+06,1.42961e+07,1.42961e+07,1.42961e+07,1.37944e+07,1.37944e+07,1.37944e+07,8.81006e+07,8.81006e+07,8.81006e+07,5.98351,5.98351,5.98351,9.36112,9.36112,9.36112
292,2.28951e+06,2.28951e+06,2.28951e+06,4254.79,4254.79,4254.79,4063.51,4063.51,4063.51,3.43677e+06,3.43677e+06,3.43677e+06,3.14905e+06,3.14905e+06,3.14905e+06,7702.21,7702.21,7702.21,7702.31,7702.31,7702.31,1.28057e+06,1.28057e+06,1.28057e+06,1.40267e+06,1.40267e+06,1.40267e+06,1.42943e+07,1.42943e+07,1.42943e+07,1.3792e+07,1.3792e+07,1.3792e+07,8.81065e+07,8.81065e+07,8.81065e+07,5.97207,5.97207,5.97207,9.34577,9.34577,9.34577
293,2.28912e+06,2.28912e+06,2.28912e+06,4245.69,4245.69,4245.69,4056.21,4056.21,4056.21,3.43711e+06,3.43711e+06,3.43711e+06,3.14948e+06,3.14948e+06,3.14948e+06,7687.74,7687.74,7687.74,7690.33,7690.33,7690.33,1.28028e+06,1.28028e+06,1.28028e+06,1.40238e+06,1.40238e+06,1.40238e+06,1.42919e+07,1.42919e+07,1.42919e+07,1.37893e+07,1.37893e+07,1.37893e+07,8.81134e+07,8.81134e+07,8.81134e+07,5.96038,5.96038,5.96038,9.3304,9.3304,9.3304
294,2.28877e+06,2.28877e+06,2.28877e+06,4236.58,4236.58,4236.58,4049.03,4049.03,4049.03,3.43749e+06,3.43749e+06,3.43749e+06,3.14995e+06,3.14995e+06,3.14995e+06,7673.22,7673.22,7673.22,7678.55,7678.55,7678.55,1.27995e+06,1.27995e+06,1.27995e+06,1.40204e+06,1.40204e+06,1.40204e+06,1.42891e+07,1.42891e+07,1.42891e+07,1.37862e+07,1.37862e+07,1.37862e+07,8.81211e+07,8.81211e+07,8.81211e+07,5.94859,5.94859,5.94859,9.31521,9.31521,9.31521
295,2.28845e+06,2.28845e+06,2.28845e+06,4227.6,4227.6,4227.6,4042.07,4042.07,4042.07,3.4379e+06,3.4379e+06,3.4379e+06,3.15044e+06,3.15044e+06,3.15044e+06,7658.85,7658.85,7658.85,7667.13,7667.13,7667.13,1.27959e+06,1.27959e+06,1.27959e+06,1.40166e+06,1.40166e+06,1.40166e+06,1.42859e+07,1.42859e+07,1.42859e+07,1.37828e+07,1.37828e+07,1.37828e+07,8.81297e+07,8.81297e+07,8.81297e+07,5.93685,5.93685,5.93685,9.30038,9.30038,9.30038
296,2.28817e+06,2.28817e+06,2.28817e+06,4218.83,4218.83,4218.83,4035.39,4035.39,4035.39,3.43835e+06,3.43835e+06,3.43835e+06,3.15096e+06,3.15096e+06,3.15096e+06,7644.82,7644.82,7644.82,7656.2,7656.2,7656.2,1.2792e+06,1.2792e+06,1.2792e+06,1.40123e+06,1.40123e+06,1.40123e+06,1.42822e+07,1.42822e+07,1.42822e+07,1.37791e+07,1.37791e+07,1.37791e+07,8.8139e+07,8.8139e+07,8.8139e+07,5.92533,5.92533,5.92533,9.28608,9.28608,9.28608
297,2.28792e+06,2.28792e+06,2.28792e+06,4210.39,4210.39,4210.39,4029.07,4029.07,4029.07,3.43883e+06,3.43883e+06,3.43883e+06,3.15151e+06,3.15151e+06,3.15151e+06,7631.34,7631.34,7631.34,7645.91,7645.91,7645.91,1.27878e+06,1.27878e+06,1.27878e+06,1.40076e+06,1.40076e+06,1.40076e+06,1.4278e+07,1.4278e+07,1.4278e+07,1.37751e+07,1.37751e+07,1.37751e+07,8.81492e+07,8.81492e+07,8.81492e+07,5.91416,5.91416,5.91416,9.27249,9.27249,9.27249
298,2.28771e+06,2.28771e+06,2.28771e+06,4202.37,4202.37,4202.37,4023.18,4023.18,4023.18,3.43935e+06,3.43935e+06,3.43935e+06,3.15208e+06,3.15208e+06,3.15208e+06,7618.57,7618.57,7618.57,7636.37,7636.37,7636.37,1.27834e+06,1.27834e+06,1.27834e+06,1.40025e+06,1.40025e+06,1.40025e+06,1.42735e+07,1.42735e+07,1.42735e+07,1.37708e+07,1.37708e+07,1.37708e+07,8.816e+07,8.816e+07,8.816e+07,5.90349,5.90349,5.90349,9.25977,9.25977,9.25977
299,2.28753e+06,2.28753e+06,2.28753e+06,4194.87,4194.87,4194.87,4017.78,4017.78,4017.78,3.43988e+06,3.43988e+06,3.43988e+06,3.15268e+06,3.15268e+06,3.15268e+06,7606.68,7606.68,7606.68,7627.72,7627.72,7627.72,1.27787e+06,1.27787e+06,1.27787e+06,1.3997e+06,1.3997e+06,1.3997e+06,1.42687e+07,1.42687e+07,1.42687e+07,1.37664e+07,1.37664e+07,1.37664e+07,8.81715e+07,8.81715e+07,8.81715e+07,5.89345,5.89345,5.89345,9.24805,9.24805,9.24805
300,2.28737e+06,2.28737e+06,2.28737e+06,4187.96,4187.96,4187.96,4012.91,4012.91,4012.91,3.44044e+06,3.44044e+06,3.44044e+06,3.15329e+06,3.15329e+06,3.15329e+06,7595.83,7595.83,7595.83,7620.04,7620.04,7620.04,1.27739e+06,1.27739e+06,1.27739e+06,1.39913e+06,1.39913e+06,1.39913e+06,1.42635e+07,1.42635e+07,1.42635e+07,1.37617e+07,1.37617e+07,1.37617e+07,8.81835e+07,8.81835e+07,8.81835e+07,5.88418,5.88418,5.88418,9.23749,9.23749,9.23749
301,2.28724e+06,2.28724e+06,2.28724e+06,4181.74,4181.74,4181.74,4008.63,4008.63,4008.63,3.44102e+06,3.44102e+06,3.44102e+06,3.15392e+06,3.15392e+06,3.15392e+06,7586.15,7586.15,7586.15,7613.42,7613.42,7613.42,1.2769e+06,1.2769e+06,1.2769e+06,1.39853e+06,1.39853e+06,1.39853e+06,1.42581e+07,1.42581e+07,1.42581e+07,1.37569e+07,1.37569e+07,1.37569e+07,8.8196e+07,8.8196e+07,8.8196e+07,5.87577,5.87577,5.87577,9.22818,9.22818,9.22818
302,2.28713e+06,2.28713e+06,2.28713e+06,4176.25,4176.25,4176.25,4004.96,4004.96,4004.96,3.44161e+06,3.44161e+06,3.44161e+06,3.15455e+06,3.15455e+06,3.15455e+06,7577.77,7577.77,7577.77,7607.95,7607.95,7607.95,1.27639e+06,1.27639e+06,1.27639e+06,1.39791e+06,1.39791e+06,1.39791e+06,1.42525e+07,1.42525e+07,1.42525e+07,1.3752e+07,1.3752e+07,1.3752e+07,8.82088e+07,8.82088e+07,8.82088e+07,5.86834,5.86834,5.86834,9.22022,9.22022,9.22022
303,2.28703e+06,2.28703e+06,2.28703e+06,4171.55,4171.55,4171.55,4001.95,4001.95,4001.95,3.44221e+06,3.44221e+06,3.44221e+06,3.15519e+06,3.15519e+06,3.15519e+06,7570.79,7570.79,7570.79,7603.67,7603.67,7603.67,1.27588e+06,1.27588e+06,1.27588e+06,1.39727e+06,1.39727e+06,1.39727e+06,1.42467e+07,1.42467e+07,1.42467e+07,1.3747e+07,1.3747e+07,1.3747e+07,8.82219e+07,8.82219e+07,8.82219e+07,5.86196,5.86196,5.86196,9.21369,9.21369,9.21369
304,2.28695e+06,2.28695e+06,2.28695e+06,4167.7,4167.7,4167.7,3999.61,3999.61,3999.61,3.44281e+06,3.44281e+06,3.44281e+06,3.15584e+06,3.15584e+06,3.15584e+06,7565.3,7565.3,7565.3,7600.63,7600.63,7600.63,1.27536e+06,1.27536e+06,1.27536e+06,1.39662e+06,1.39662e+06,1.39662e+06,1.42408e+07,1.42408e+07,1.42408e+07,1.3742e+07,1.3742e+07,1.3742e+07,8.82352e+07,8.82352e+07,8.82352e+07,5.85671,5.85671,5.85671,9.20866,9.20866,9.20866
305,2.28688e+06,2.28688e+06,2.28688e+06,4164.72,4164.72,4164.72,3997.95,3997.95,3997.95,3.44341e+06,3.44341e+06,3.44341e+06,3.15648e+06,3.15648e+06,3.15648e+06,7561.36,7561.36,7561.36,7598.85,7598.85,7598.85,1.27485e+06,1.27485e+06,1.27485e+06,1.39596e+06,1.39596e+06,1.39596e+06,1.42349e+07,1.42349e+07,1.42349e+07,1.3737e+07,1.3737e+07,1.3737e+07,8.82485e+07,8.82485e+07,8.82485e+07,5.85265,5.85265,5.85265,9.20515,9.20515,9.20515
306,2.28682e+06,2.28682e+06,2.28682e+06,4162.63,4162.63,4162.63,3996.97,3996.97,3996.97,3.44401e+06,3.44401e+06,3.44401e+06,3.15711e+06,3.15711e+06,3.15711e+06,7559.01,7559.01,7559.01,7598.33,7598.33,7598.33,1.27434e+06,1.27434e+06,1.27434e+06,1.39531e+06,1.39531e+06,1.39531e+06,1.4229e+07,1.4229e+07,1.4229e+07,1.37321e+07,1.37321e+07,1.37321e+07,8.82618e+07,8.82618e+07,8.82618e+07,5.84981,5.84981,5.84981,9.20319,9.20319,9.20319
307,2.28676e+06,2.28676e+06,2.28676e+06,4161.44,4161.44,4161.44,3996.66,3996.66,3996.66,3.44459e+06,3.44459e+06,3.44459e+06,3.15774e+06,3.15774e+06,3.15774e+06,7558.28,7558.28,7558.28,7599.08,7599.08,7599.08,1.27384e+06,1.27384e+06,1.27384e+06,1.39466e+06,1.39466e+06,1.39466e+06,1.42231e+07,1.42231e+07,1.42231e+07,1.37273e+07,1.37273e+07,1.37273e+07,8.8275e+07,8.8275e+07,8.8275e+07,5.84822,5.84822,5.84822,9.20278,9.20278,9.20278
308,2.2867e+06,2.2867e+06,2.2867e+06,4161.15,4161.15,4161.15,3997.02,3997.02,3997.02,3.44515e+06,3.44515e+06,3.44515e+06,3.15835e+06,3.15835e+06,3.15835e+06,7559.16,7559.16,7559.16,7601.06,7601.06,7601.06,1.27336e+06,1.27336e+06,1.27336e+06,1.39403e+06,1.39403e+06,1.39403e+06,1.42174e+07,1.42174e+07,1.42174e+07,1.37227e+07,1.37227e+07,1.37227e+07,8.8288e+07,8.8288e+07,8.8288e+07,5.84789,5.84789,5.84789,9.20389,9.20389,9.20389
309,2.28663e+06,2.28663e+06,2.28663e+06,4161.76,4161.76,4161.76,3998.01,3998.01,3998.01,3.4457e+06,3.4457e+06,3.4457e+06,3.15894e+06,3.15894e+06,3.15894e+06,7561.63,7561.63,7561.63,7604.23,7604.23,7604.23,1.27289e+06,1.27289e+06,1.27289e+06,1.39341e+06,1.39341e+06,1.39341e+06,1.42119e+07,1.42119e+07,1.42119e+07,1.37183e+07,1.37183e+07,1.37183e+07,8.83007e+07,8.83007e+07,8.83007e+07,5.84881,5.84881,5.84881,9.20647,9.20647,9.20647
310,2.28655e+06,2.28655e+06,2.28655e+06,4163.22,4163.22,4163.22,3999.6,3999.6,3999.6,3.44622e+06,3.44622e+06,3.44622e+06,3.15951e+06,3.15951e+06,3.15951e+06,7565.65,7565.65,7565.65,7608.53,7608.53,7608.53,1.27244e+06,1.27244e+06,1.27244e+06,1.39281e+06,1.39281e+06,1.39281e+06,1.42066e+07,1.42066e+07,1.42066e+07,1.3714e+07,1.3714e+07,1.3714e+07,8.83129e+07,8.83129e+07,8.83129e+07,5.85095,5.85095,5.85095,9.21047,9.21047,9.21047
311,2.28646e+06,2.28646e+06,2.28646e+06,4165.5,4165.5,4165.5,4001.76,4001.76,4001.76,3.4467e+06,3.4467e+06,3.4467e+06,3.16005e+06,3.16005e+06,3.16005e+06,7571.16,7571.16,7571.16,7613.89,7613.89,7613.89,1.27202e+06,1.27202e+06,1.27202e+06,1.39224e+06,1.39224e+06,1.39224e+06,1.42016e+07,1.42016e+07,1.42016e+07,1.371e+07,1.371e+07,1.371e+07,8.83247e+07,8.83247e+07,8.83247e+07,5.85427,5.85427,5.85427,9.21579,9.21579,9.21579
312,2.28636e+06,2.28636e+06,2.28636e+06,4168.56,4168.56,4168.56,4004.42,4004.42,4004.42,3.44716e+06,3.44716e+06,3.44716e+06,3.16056e+06,3.16056e+06,3.16056e+06,7578.08,7578.08,7578.08,7620.21,7620.21,7620.21,1.27162e+06,1.27162e+06,1.27162e+06,1.39171e+06,1.39171e+06,1.39171e+06,1.41969e+07,1.41969e+07,1.41969e+07,1.37064e+07,1.37064e+07,1.37064e+07,8.8336e+07,8.8336e+07,8.8336e+07,5.85871,5.85871,5.85871,9.22235,9.22235,9.22235
313,2.28623e+06,2.28623e+06,2.28623e+06,4172.33,4172.33,4172.33,4007.55,4007.55,4007.55,3.44758e+06,3.44758e+06,3.44758e+06,3.16105e+06,3.16105e+06,3.16105e+06,7586.29,7586.29,7586.29,7627.41,7627.41,7627.41,1.27125e+06,1.27125e+06,1.27125e+06,1.3912e+06,1.3912e+06,1.3912e+06,1.41926e+07,1.41926e+07,1.41926e+07,1.3703e+07,1.3703e+07,1.3703e+07,8.83466e+07,8.83466e+07,8.83466e+07,5.86419,5.86419,5.86419,9.23003,9.23003,9.23003
314,2.28609e+06,2.28609e+06,2.28609e+06,4176.75,4176.75,4176.75,4011.07,4011.07,4011.07,3.44796e+06,3.44796e+06,3.44796e+06,3.1615e+06,3.1615e+06,3.1615e+06,7595.69,7595.69,7595.69,7635.35,7635.35,7635.35,1.2709e+06,1.2709e+06,1.2709e+06,1.39074e+06,1.39074e+06,1.39074e+06,1.41887e+07,1.41887e+07,1.41887e+07,1.36999e+07,1.36999e+07,1.36999e+07,8.83566e+07,8.83566e+07,8.83566e+07,5.87064,5.87064,5.87064,9.23868,9.23868,9.23868
315,2.28592e+06,2.28592e+06,2.28592e+06,4181.74,4181.74,4181.74,4014.91,4014.91,4014.91,3.4483e+06,3.4483e+06,3.4483e+06,3.16191e+06,3.16191e+06,3.16191e+06,7606.13,7606.13,7606.13,7643.93,7643.93,7643.93,1.2706e+06,1.2706e+06,1.2706e+06,1.39032e+06,1.39032e+06,1.39032e+06,1.41852e+07,1.41852e+07,1.41852e+07,1.36972e+07,1.36972e+07,1.36972e+07,8.83658e+07,8.83658e+07,8.83658e+07,5.87795,5.87795,5.87795,9.24818,9.24818,9.24818
316,2.28573e+06,2.28573e+06,2.28573e+06,4187.22,4187.22,4187.22,4019.02,4019.02,4019.02,3.4486e+06,3.4486e+06,3.4486e+06,3.16229e+06,3.16229e+06,3.16229e+06,7617.46,7617.46,7617.46,7652.99,7652.99,7652.99,1.27032e+06,1.27032e+06,1.27032e+06,1.38994e+06,1.38994e+06,1.38994e+06,1.41822e+07,1.41822e+07,1.41822e+07,1.36949e+07,1.36949e+07,1.36949e+07,8.83743e+07,8.83743e+07,8.83743e+07,5.886,5.886,5.886,9.25834,9.25834,9.25834
317,2.28551e+06,2.28551e+06,2.28551e+06,4193.09,4193.09,4193.09,4023.3,4023.3,4023.3,3.44885e+06,3.44885e+06,3.44885e+06,3.16263e+06,3.16263e+06,3.16263e+06,7629.52,7629.52,7629.52,7662.4,7662.4,7662.4,1.27007e+06,1.27007e+06,1.27007e+06,1.3896e+06,1.3896e+06,1.3896e+06,1.41797e+07,1.41797e+07,1.41797e+07,1.36929e+07,1.36929e+07,1.36929e+07,8.8382e+07,8.8382e+07,8.8382e+07,5.89468,5.89468,5.89468,9.26902,9.26902,9.26902
318,2.28527e+06,2.28527e+06,2.28527e+06,4199.25,4199.25,4199.25,4027.68,4027.68,4027.68,3.44906e+06,3.44906e+06,3.44906e+06,3.16293e+06,3.16293e+06,3.16293e+06,7642.13,7642.13,7642.13,7672.02,7672.02,7672.02,1.26986e+06,1.26986e+06,1.26986e+06,1.38932e+06,1.38932e+06,1.38932e+06,1.41776e+07,1.41776e+07,1.41776e+07,1.36913e+07,1.36913e+07,1.36913e+07,8.83889e+07,8.83889e+07,8.83889e+07,5.90384,5.90384,5.90384,9.28002,9.28002,9.28002
319,2.28499e+06,2.28499e+06,2.28499e+06,4205.61,4205.61,4205.61,4032.08,4032.08,4032.08,3.44923e+06,3.44923e+06,3.44923e+06,3.16319e+06,3.16319e+06,3.16319e+06,7655.1,7655.1,7655.1,7681.69,7681.69,7681.69,1.26969e+06,1.26969e+06,1.26969e+06,1.38908e+06,1.38908e+06,1.38908e+06,1.41761e+07,1.41761e+07,1.41761e+07,1.369e+07,1.369e+07,1.369e+07,8.8395e+07,8.8395e+07,8.8395e+07,5.91336,5.91336,5.91336,9.29118,9.29118,9.29118
320,2.28469e+06,2.28469e+06,2.28469e+06,4212.05,4212.05,4212.05,4036.43,4036.43,4036.43,3.44935e+06,3.44935e+06,3.44935e+06,3.16342e+06,3.16342e+06,3.16342e+06,7668.26,7668.26,7668.26,7691.25,7691.25,7691.25,1.26954e+06,1.26954e+06,1.26954e+06,1.38889e+06,1.38889e+06,1.38889e+06,1.4175e+07,1.4175e+07,1.4175e+07,1.36891e+07,1.36891e+07,1.36891e+07,8.84003e+07,8.84003e+07,8.84003e+07,5.92309,5.92309,5.92309,9.3023,9.3023,9.3023
321,2.28437e+06,2.28437e+06,2.28437e+06,4218.47,4218.47,4218.47,4040.63,4040.63,4040.63,3.44943e+06,3.44943e+06,3.44943e+06,3.1636e+06,3.1636e+06,3.1636e+06,7681.39,7681.39,7681.39,7700.56,7700.56,7700.56,1.26943e+06,1.26943e+06,1.26943e+06,1.38874e+06,1.38874e+06,1.38874e+06,1.41744e+07,1.41744e+07,1.41744e+07,1.36886e+07,1.36886e+07,1.36886e+07,8.84048e+07,8.84048e+07,8.84048e+07,5.93287,5.93287,5.93287,9.31319,9.31319,9.31319
322,2.28401e+06,2.28401e+06,2.28401e+06,4224.76,4224.76,4224.76,4044.61,4044.61,4044.61,3.44947e+06,3.44947e+06,3.44947e+06,3.16376e+06,3.16376e+06,3.16376e+06,7694.31,7694.31,7694.31,7709.47,7709.47,7709.47,1.26934e+06,1.26934e+06,1.26934e+06,1.38864e+06,1.38864e+06,1.38864e+06,1.41743e+07,1.41743e+07,1.41743e+07,1.36883e+07,1.36883e+07,1.36883e+07,8.84087e+07,8.84087e+07,8.84087e+07,5.94255,5.94255,5.94255,9.32368,9.32368,9.32368
323,2.28363e+06,2.28363e+06,2.28363e+06,4230.82,4230.82,4230.82,4048.29,4048.29,4048.29,3.44947e+06,3.44947e+06,3.44947e+06,3.16388e+06,3.16388e+06,3.16388e+06,7706.82,7706.82,7706.82,7717.82,7717.82,7717.82,1.26928e+06,1.26928e+06,1.26928e+06,1.38858e+06,1.38858e+06,1.38858e+06,1.41747e+07,1.41747e+07,1.41747e+07,1.36884e+07,1.36884e+07,1.36884e+07,8.84118e+07,8.84118e+07,8.84118e+07,5.95199,5.95199,5.95199,9.33358,9.33358,9.33358
324,2.28323e+06,2.28323e+06,2.28323e+06,4236.54,4236.54,4236.54,4051.61,4051.61,4051.61,3.44943e+06,3.44943e+06,3.44943e+06,3.16397e+06,3.16397e+06,3.16397e+06,7718.73,7718.73,7718.73,7725.49,7725.49,7725.49,1.26925e+06,1.26925e+06,1.26925e+06,1.38856e+06,1.38856e+06,1.38856e+06,1.41754e+07,1.41754e+07,1.41754e+07,1.36887e+07,1.36887e+07,1.36887e+07,8.84143e+07,8.84143e+07,8.84143e+07,5.96103,5.96103,5.96103,9.34273,9.34273,9.34273
325,2.28281e+06,2.28281e+06,2.28281e+06,4241.82,4241.82,4241.82,4054.49,4054.49,4054.49,3.44937e+06,3.44937e+06,3.44937e+06,3.16403e+06,3.16403e+06,3.16403e+06,7729.87,7729.87,7729.87,7732.34,7732.34,7732.34,1.26923e+06,1.26923e+06,1.26923e+06,1.38858e+06,1.38858e+06,1.38858e+06,1.41765e+07,1.41765e+07,1.41765e+07,1.36892e+07,1.36892e+07,1.36892e+07,8.84161e+07,8.84161e+07,8.84161e+07,5.96954,5.96954,5.96954,9.35097,9.35097,9.35097
326,2.28237e+06,2.28237e+06,2.28237e+06,4246.58,4246.58,4246.58,4056.88,4056.88,4056.88,3.44927e+06,3.44927e+06,3.44927e+06,3.16407e+06,3.16407e+06,3.16407e+06,7740.06,7740.06,7740.06,7738.27,7738.27,7738.27,1.26924e+06,1.26924e+06,1.26924e+06,1.38864e+06,1.38864e+06,1.38864e+06,1.4178e+07,1.4178e+07,1.4178e+07,1.369e+07,1.369e+07,1.369e+07,8.84175e+07,8.84175e+07,8.84175e+07,5.97737,5.97737,5.97737,9.35815,9.35815,9.35815
327,2.28191e+06,2.28191e+06,2.28191e+06,4250.72,4250.72,4250.72,4058.73,4058.73,4058.73,3.44915e+06,3.44915e+06,3.44915e+06,3.16409e+06,3.16409e+06,3.16409e+06,7749.14,7749.14,7749.14,7743.16,7743.16,7743.16,1.26926e+06,1.26926e+06,1.26926e+06,1.38872e+06,1.38872e+06,1.38872e+06,1.41798e+07,1.41798e+07,1.41798e+07,1.36909e+07,1.36909e+07,1.36909e+07,8.84185e+07,8.84185e+07,8.84185e+07,5.98441,5.98441,5.98441,9.36413,9.36413,9.36413
328,2.28144e+06,2.28144e+06,2.28144e+06,4254.17,4254.17,4254.17,4059.99,4059.99,4059.99,3.44901e+06,3.44901e+06,3.44901e+06,3.16409e+06,3.16409e+06,3.16409e+06,7756.98,7756.98,7756.98,7746.94,7746.94,7746.94,1.26929e+06,1.26929e+06,1.26929e+06,1.38882e+06,1.38882e+06,1.38882e+06,1.41818e+07,1.41818e+07,1.41818e+07,1.36919e+07,1.36919e+07,1.36919e+07,8.84191e+07,8.84191e+07,8.84191e+07,5.99054,5.99054,5.99054,9.36881,9.36881,9.36881
329,2.28096e+06,2.28096e+06,2.28096e+06,4256.87,4256.87,4256.87,4060.62,4060.62,4060.62,3.44886e+06,3.44886e+06,3.44886e+06,3.16408e+06,3.16408e+06,3.16408e+06,7763.45,7763.45,7763.45,7749.53,7749.53,7749.53,1.26932e+06,1.26932e+06,1.26932e+06,1.38894e+06,1.38894e+06,1.38894e+06,1.4184e+07,1.4184e+07,1.4184e+07,1.3693e+07,1.3693e+07,1.3693e+07,8.84194e+07,8.84194e+07,8.84194e+07,5.99565,5.99565,5.99565,9.3721,9.3721,9.3721
330,2.28048e+06,2.28048e+06,2.28048e+06,4258.77,4258.77,4258.77,4060.61,4060.61,4060.61,3.4487e+06,3.4487e+06,3.4487e+06,3.16406e+06,3.16406e+06,3.16406e+06,7768.46,7768.46,7768.46,7750.89,7750.89,7750.89,1.26936e+06,1.26936e+06,1.26936e+06,1.38908e+06,1.38908e+06,1.38908e+06,1.41864e+07,1.41864e+07,1.41864e+07,1.36942e+07,1.36942e+07,1.36942e+07,8.84196e+07,8.84196e+07,8.84196e+07,5.99967,5.99967,5.99967,9.37391,9.37391,9.37391
331,2.28e+06,2.28e+06,2.28e+06,4259.82,4259.82,4259.82,4059.93,4059.93,4059.93,3.44853e+06,3.44853e+06,3.44853e+06,3.16403e+06,3.16403e+06,3.16403e+06,7771.91,7771.91,7771.91,7750.97,7750.97,7750.97,1.2694e+06,1.2694e+06,1.2694e+06,1.38922e+06,1.38922e+06,1.38922e+06,1.41888e+07,1.41888e+07,1.41888e+07,1.36953e+07,1.36953e+07,1.36953e+07,8.84197e+07,8.84197e+07,8.84197e+07,6.00251,6.00251,6.00251,9.37421,9.37421,9.37421
332,2.27952e+06,2.27952e+06,2.27952e+06,4259.99,4259.99,4259.99,4058.59,4058.59,4058.59,3.44837e+06,3.44837e+06,3.44837e+06,3.164e+06,3.164e+06,3.164e+06,7773.77,7773.77,7773.77,7749.77,7749.77,7749.77,1.26944e+06,1.26944e+06,1.26944e+06,1.38937e+06,1.38937e+06,1.38937e+06,1.41913e+07,1.41913e+07,1.41913e+07,1.36964e+07,1.36964e+07,1.36964e+07,8.84198e+07,8.84198e+07,8.84198e+07,6.00415,6.00415,6.00415,9.37297,9.37297,9.37297
333,2.27905e+06,2.27905e+06,2.27905e+06,4259.28,4259.28,4259.28,4056.58,4056.58,4056.58,3.44821e+06,3.44821e+06,3.44821e+06,3.16398e+06,3.16398e+06,3.16398e+06,7773.99,7773.99,7773.99,7747.31,7747.31,7747.31,1.26946e+06,1.26946e+06,1.26946e+06,1.38951e+06,1.38951e+06,1.38951e+06,1.41937e+07,1.41937e+07,1.41937e+07,1.36974e+07,1.36974e+07,1.36974e+07,8.842e+07,8.842e+07,8.842e+07,6.00453,6.00453,6.00453,9.37018,9.37018,9.37018
334,2.27859e+06,2.27859e+06,2.27859e+06,4257.68,4257.68,4257.68,4053.94,4053.94,4053.94,3.44806e+06,3.44806e+06,3.44806e+06,3.16397e+06,3.16397e+06,3.16397e+06,7772.57,7772.57,7772.57,7743.59,7743.59,7743.59,1.26947e+06,1.26947e+06,1.26947e+06,1.38964e+06,1.38964e+06,1.38964e+06,1.41961e+07,1.41961e+07,1.41961e+07,1.36983e+07,1.36983e+07,1.36983e+07,8.84205e+07,8.84205e+07,8.84205e+07,6.00365,6.00365,6.00365,9.36588,9.36588,9.36588
335,2.27815e+06,2.27815e+06,2.27815e+06,4255.2,4255.2,4255.2,4050.67,4050.67,4050.67,3.44792e+06,3.44792e+06,3.44792e+06,3.16396e+06,3.16396e+06,3.16396e+06,7769.53,7769.53,7769.53,7738.68,7738.68,7738.68,1.26947e+06,1.26947e+06,1.26947e+06,1.38976e+06,1.38976e+06,1.38976e+06,1.41983e+07,1.41983e+07,1.41983e+07,1.3699e+07,1.3699e+07,1.3699e+07,8.84212e+07,8.84212e+07,8.84212e+07,6.00152,6.00152,6.00152,9.36011,9.36011,9.36011
336,2.27772e+06,2.27772e+06,2.27772e+06,4251.88,4251.88,4251.88,4046.83,4046.83,4046.83,3.44781e+06,3.44781e+06,3.44781e+06,3.16398e+06,3.16398e+06,3.16398e+06,7764.93,7764.93,7764.93,7732.64,7732.64,7732.64,1.26944e+06,1.26944e+06,1.26944e+06,1.38986e+06,1.38986e+06,1.38986e+06,1.42003e+07,1.42003e+07,1.42003e+07,1.36995e+07,1.36995e+07,1.36995e+07,8.84224e+07,8.84224e+07,8.84224e+07,5.99817,5.99817,5.99817,9.35293,9.35293,9.35293
337,2.27732e+06,2.27732e+06,2.27732e+06,4247.76,4247.76,4247.76,4042.45,4042.45,4042.45,3.44772e+06,3.44772e+06,3.44772e+06,3.16401e+06,3.16401e+06,3.16401e+06,7758.83,7758.83,7758.83,7725.54,7725.54,7725.54,1.2694e+06,1.2694e+06,1.2694e+06,1.38994e+06,1.38994e+06,1.38994e+06,1.42021e+07,1.42021e+07,1.42021e+07,1.36997e+07,1.36997e+07,1.36997e+07,8.84239e+07,8.84239e+07,8.84239e+07,5.99364,5.99364,5.99364,9.34445,9.34445,9.34445
338,2.27694e+06,2.27694e+06,2.27694e+06,4242.89,4242.89,4242.89,4037.6,4037.6,4037.6,3.44765e+06,3.44765e+06,3.44765e+06,3.16407e+06,3.16407e+06,3.16407e+06,7751.32,7751.32,7751.32,7717.5,7717.5,7717.5,1.26932e+06,1.26932e+06,1.26932e+06,1.38998e+06,1.38998e+06,1.38998e+06,1.42036e+07,1.42036e+07,1.42036e+07,1.36997e+07,1.36997e+07,1.36997e+07,8.8426e+07,8.8426e+07,8.8426e+07,5.98799,5.98799,5.98799,9.33477,9.33477,9.33477
339,2.27659e+06,2.27659e+06,2.27659e+06,4237.33,4237.33,4237.33,4032.32,4032.32,4032.32,3.44762e+06,3.44762e+06,3.44762e+06,3.16415e+06,3.16415e+06,3.16415e+06,7742.52,7742.52,7742.52,7708.62,7708.62,7708.62,1.26923e+06,1.26923e+06,1.26923e+06,1.39e+06,1.39e+06,1.39e+06,1.42047e+07,1.42047e+07,1.42047e+07,1.36994e+07,1.36994e+07,1.36994e+07,8.84287e+07,8.84287e+07,8.84287e+07,5.98131,5.98131,5.98131,9.32402,9.32402,9.32402
340,2.27628e+06,2.27628e+06,2.27628e+06,4231.17,4231.17,4231.17,4026.7,4026.7,4026.7,3.44762e+06,3.44762e+06,3.44762e+06,3.16425e+06,3.16425e+06,3.16425e+06,7732.57,7732.57,7732.57,7699.03,7699.03,7699.03,1.2691e+06,1.2691e+06,1.2691e+06,1.38998e+06,1.38998e+06,1.38998e+06,1.42055e+07,1.42055e+07,1.42055e+07,1.36987e+07,1.36987e+07,1.36987e+07,8.8432e+07,8.8432e+07,8.8432e+07,5.9737,5.9737,5.9737,9.31235,9.31235,9.31235
341,2.27599e+06,2.27599e+06,2.27599e+06,4224.49,4224.49,4224.49,4020.79,4020.79,4020.79,3.44766e+06,3.44766e+06,3.44766e+06,3.16439e+06,3.16439e+06,3.16439e+06,7721.61,7721.61,7721.61,7688.86,7688.86,7688.86,1.26894e+06,1.26894e+06,1.26894e+06,1.38992e+06,1.38992e+06,1.38992e+06,1.42059e+07,1.42059e+07,1.42059e+07,1.36978e+07,1.36978e+07,1.36978e+07,8.8436e+07,8.8436e+07,8.8436e+07,5.96527,5.96527,5.96527,9.29992,9.29992,9.29992
342,2.27574e+06,2.27574e+06,2.27574e+06,4217.37,4217.37,4217.37,4014.68,4014.68,4014.68,3.44773e+06,3.44773e+06,3.44773e+06,3.16455e+06,3.16455e+06,3.16455e+06,7709.82,7709.82,7709.82,7678.26,7678.26,7678.26,1.26875e+06,1.26875e+06,1.26875e+06,1.38981e+06,1.38981e+06,1.38981e+06,1.42058e+07,1.42058e+07,1.42058e+07,1.36965e+07,1.36965e+07,1.36965e+07,8.84407e+07,8.84407e+07,8.84407e+07,5.95614,5.95614,5.95614,9.2869,9.2869,9.2869
343,2.27553e+06,2.27553e+06,2.27553e+06,4209.93,4209.93,4209.93,4008.45,4008.45,4008.45,3.44784e+06,3.44784e+06,3.44784e+06,3.16475e+06,3.16475e+06,3.16475e+06,7697.37,7697.37,7697.37,7667.38,7667.38,7667.38,1.26853e+06,1.26853e+06,1.26853e+06,1.38967e+06,1.38967e+06,1.38967e+06,1.42054e+07,1.42054e+07,1.42054e+07,1.36948e+07,1.36948e+07,1.36948e+07,8.84461e+07,8.84461e+07,8.84461e+07,5.94645,5.94645,5.94645,9.27346,9.27346,9.27346
344,2.27535e+06,2.27535e+06,2.27535e+06,4202.26,4202.26,4202.26,4002.18,4002.18,4002.18,3.44799e+06,3.44799e+06,3.44799e+06,3.16498e+06,3.16498e+06,3.16498e+06,7684.44,7684.44,7684.44,7656.36,7656.36,7656.36,1.26827e+06,1.26827e+06,1.26827e+06,1.38948e+06,1.38948e+06,1.38948e+06,1.42045e+07,1.42045e+07,1.42045e+07,1.36929e+07,1.36929e+07,1.36929e+07,8.84523e+07,8.84523e+07,8.84523e+07,5.93633,5.93633,5.93633,9.25979,9.25979,9.25979
345,2.27522e+06,2.27522e+06,2.27522e+06,4194.46,4194.46,4194.46,3995.94,3995.94,3995.94,3.44818e+06,3.44818e+06,3.44818e+06,3.16524e+06,3.16524e+06,3.16524e+06,7671.24,7671.24,7671.24,7645.37,7645.37,7645.37,1.26799e+06,1.26799e+06,1.26799e+06,1.38925e+06,1.38925e+06,1.38925e+06,1.42031e+07,1.42031e+07,1.42031e+07,1.36905e+07,1.36905e+07,1.36905e+07,8.84592e+07,8.84592e+07,8.84592e+07,5.92594,5.92594,5.92594,9.24608,9.24608,9.24608
346,2.27511e+06,2.27511e+06,2.27511e+06,4186.66,4186.66,4186.66,3989.83,3989.83,3989.83,3.4484e+06,3.4484e+06,3.4484e+06,3.16553e+06,3.16553e+06,3.16553e+06,7657.95,7657.95,7657.95,7634.54,7634.54,7634.54,1.26767e+06,1.26767e+06,1.26767e+06,1.38898e+06,1.38898e+06,1.38898e+06,1.42013e+07,1.42013e+07,1.42013e+07,1.36879e+07,1.36879e+07,1.36879e+07,8.84668e+07,8.84668e+07,8.84668e+07,5.91543,5.91543,5.91543,9.2325,9.2325,9.2325
347,2.27505e+06,2.27505e+06,2.27505e+06,4178.94,4178.94,4178.94,3983.9,3983.9,3983.9,3.44866e+06,3.44866e+06,3.44866e+06,3.16585e+06,3.16585e+06,3.16585e+06,7644.77,7644.77,7644.77,7624.04,7624.04,7624.04,1.26733e+06,1.26733e+06,1.26733e+06,1.38866e+06,1.38866e+06,1.38866e+06,1.4199e+07,1.4199e+07,1.4199e+07,1.3685e+07,1.3685e+07,1.3685e+07,8.8475e+07,8.8475e+07,8.8475e+07,5.90494,5.90494,5.90494,9.21924,9.21924,9.21924
348,2.27502e+06,2.27502e+06,2.27502e+06,4171.43,4171.43,4171.43,3978.25,3978.25,3978.25,3.44895e+06,3.44895e+06,3.44895e+06,3.16619e+06,3.16619e+06,3.16619e+06,7631.89,7631.89,7631.89,7614,7614,7614,1.26696e+06,1.26696e+06,1.26696e+06,1.3883e+06,1.3883e+06,1.3883e+06,1.41964e+07,1.41964e+07,1.41964e+07,1.36817e+07,1.36817e+07,1.36817e+07,8.8484e+07,8.8484e+07,8.8484e+07,5.89463,5.89463,5.89463,9.20648,9.20648,9.20648
349,2.27502e+06,2.27502e+06,2.27502e+06,4164.21,4164.21,4164.21,3972.94,3972.94,3972.94,3.44928e+06,3.44928e+06,3.44928e+06,3.16656e+06,3.16656e+06,3.16656e+06,7619.51,7619.51,7619.51,7604.56,7604.56,7604.56,1.26657e+06,1.26657e+06,1.26657e+06,1.38791e+06,1.38791e+06,1.38791e+06,1.41933e+07,1.41933e+07,1.41933e+07,1.36782e+07,1.36782e+07,1.36782e+07,8.84935e+07,8.84935e+07,8.84935e+07,5.88464,5.88464,5.88464,9.19439,9.19439,9.19439
350,2.27506e+06,2.27506e+06,2.27506e+06,4157.4,4157.4,4157.4,3968.03,3968.03,3968.03,3.44963e+06,3.44963e+06,3.44963e+06,3.16695e+06,3.16695e+06,3.16695e+06,7607.79,7607.79,7607.79,7595.83,7595.83,7595.83,1.26615e+06,1.26615e+06,1.26615e+06,1.38748e+06,1.38748e+06,1.38748e+06,1.41899e+07,1.41899e+07,1.41899e+07,1.36745e+07,1.36745e+07,1.36745e+07,8.85036e+07,8.85036e+07,8.85036e+07,5.87511,5.87511,5.87511,9.18311,9.18311,9.18311
351,2.27513e+06,2.27513e+06,2.27513e+06,4151.07,4151.07,4151.07,3963.59,3963.59,3963.59,3.45001e+06,3.45001e+06,3.45001e+06,3.16737e+06,3.16737e+06,3.16737e+06,7596.92,7596.92,7596.92,7587.95,7587.95,7587.95,1.26572e+06,1.26572e+06,1.26572e+06,1.38702e+06,1.38702e+06,1.38702e+06,1.41862e+07,1.41862e+07,1.41862e+07,1.36706e+07,1.36706e+07,1.36706e+07,8.85141e+07,8.85141e+07,8.85141e+07,5.86619,5.86619,5.86619,9.1728,9.1728,9.1728
352,2.27522e+06,2.27522e+06,2.27522e+06,4145.31,4145.31,4145.31,3959.66,3959.66,3959.66,3.45041e+06,3.45041e+06,3.45041e+06,3.1678e+06,3.1678e+06,3.1678e+06,7587.03,7587.03,7587.03,7581.01,7581.01,7581.01,1.26527e+06,1.26527e+06,1.26527e+06,1.38653e+06,1.38653e+06,1.38653e+06,1.41821e+07,1.41821e+07,1.41821e+07,1.36665e+07,1.36665e+07,1.36665e+07,8.85251e+07,8.85251e+07,8.85251e+07,5.85798,5.85798,5.85798,9.16359,9.16359,9.16359
353,2.27534e+06,2.27534e+06,2.27534e+06,4140.2,4140.2,4140.2,3956.3,3956.3,3956.3,3.45083e+06,3.45083e+06,3.45083e+06,3.16824e+06,3.16824e+06,3.16824e+06,7578.28,7578.28,7578.28,7575.11,7575.11,7575.11,1.26481e+06,1.26481e+06,1.26481e+06,1.38602e+06,1.38602e+06,1.38602e+06,1.41779e+07,1.41779e+07,1.41779e+07,1.36623e+07,1.36623e+07,1.36623e+07,8.85364e+07,8.85364e+07,8.85364e+07,5.85061,5.85061,5.85061,9.15559,9.15559,9.15559
354,2.27548e+06,2.27548e+06,2.27548e+06,4135.8,4135.8,4135.8,3953.54,3953.54,3953.54,3.45126e+06,3.45126e+06,3.45126e+06,3.16869e+06,3.16869e+06,3.16869e+06,7570.79,7570.79,7570.79,7570.3,7570.3,7570.3,1.26435e+06,1.26435e+06,1.26435e+06,1.38549e+06,1.38549e+06,1.38549e+06,1.41734e+07,1.41734e+07,1.41734e+07,1.3658e+07,1.3658e+07,1.3658e+07,8.85479e+07,8.85479e+07,8.85479e+07,5.84418,5.84418,5.84418,9.1489,9.1489,9.1489
355,2.27563e+06,2.27563e+06,2.27563e+06,4132.18,4132.18,4132.18,3951.41,3951.41,3951.41,3.45169e+06,3.45169e+06,3.45169e+06,3.16915e+06,3.16915e+06,3.16915e+06,7564.67,7564.67,7564.67,7566.67,7566.67,7566.67,1.26388e+06,1.26388e+06,1.26388e+06,1.38494e+06,1.38494e+06,1.38494e+06,1.41688e+07,1.41688e+07,1.41688e+07,1.36536e+07,1.36536e+07,1.36536e+07,8.85596e+07,8.85596e+07,8.85596e+07,5.83878,5.83878,5.83878,9.14361,9.14361,9.14361
356,2.2758e+06,2.2758e+06,2.2758e+06,4129.37,4129.37,4129.37,3949.93,3949.93,3949.93,3.45213e+06,3.45213e+06,3.45213e+06,3.1696e+06,3.1696e+06,3.1696e+06,7559.99,7559.99,7559.99,7564.25,7564.25,7564.25,1.2634e+06,1.2634e+06,1.2634e+06,1.38439e+06,1.38439e+06,1.38439e+06,1.41641e+07,1.41641e+07,1.41641e+07,1.36492e+07,1.36492e+07,1.36492e+07,8.85713e+07,8.85713e+07,8.85713e+07,5.83447,5.83447,5.83447,9.13977,9.13977,9.13977
357,2.27598e+06,2.27598e+06,2.27598e+06,4127.41,4127.41,4127.41,3949.12,3949.12,3949.12,3.45257e+06,3.45257e+06,3.45257e+06,3.17006e+06,3.17006e+06,3.17006e+06,7556.84,7556.84,7556.84,7563.06,7563.06,7563.06,1.26294e+06,1.26294e+06,1.26294e+06,1.38384e+06,1.38384e+06,1.38384e+06,1.41594e+07,1.41594e+07,1.41594e+07,1.36449e+07,1.36449e+07,1.36449e+07,8.8583e+07,8.8583e+07,8.8583e+07,5.83133,5.83133,5.83133,9.13743,9.13743,9.13743
358,2.27617e+06,2.27617e+06,2.27617e+06,4126.32,4126.32,4126.32,3948.98,3948.98,3948.98,3.453e+06,3.453e+06,3.453e+06,3.1705e+06,3.1705e+06,3.1705e+06,7555.26,7555.26,7555.26,7563.12,7563.12,7563.12,1.26248e+06,1.26248e+06,1.26248e+06,1.38329e+06,1.38329e+06,1.38329e+06,1.41547e+07,1.41547e+07,1.41547e+07,1.36407e+07,1.36407e+07,1.36407e+07,8.85946e+07,8.85946e+07,8.85946e+07,5.82938,5.82938,5.82938,9.1366,9.1366,9.1366
359,2.27635e+06,2.27635e+06,2.27635e+06,4126.13,4126.13,4126.13,3949.5,3949.5,3949.5,3.45342e+06,3.45342e+06,3.45342e+06,3.17094e+06,3.17094e+06,3.17094e+06,7555.27,7555.27,7555.27,7564.43,7564.43,7564.43,1.26203e+06,1.26203e+06,1.26203e+06,1.38274e+06,1.38274e+06,1.38274e+06,1.41501e+07,1.41501e+07,1.41501e+07,1.36365e+07,1.36365e+07,1.36365e+07,8.86059e+07,8.86059e+07,8.86059e+07,5.82867,5.82867,5.82867,9.1373,9.1373,9.1373
360,2.27654e+06,2.27654e+06,2.27654e+06,4126.82,4126.82,4126.82,3950.67,3950.67,3950.67,3.45382e+06,3.45382e+06,3.45382e+06,3.17136e+06,3.17136e+06,3.17136e+06,7556.88,7556.88,7556.88,7566.96,7566.96,7566.96,1.26159e+06,1.26159e+06,1.26159e+06,1.38221e+06,1.38221e+06,1.38221e+06,1.41456e+07,1.41456e+07,1.41456e+07,1.36326e+07,1.36326e+07,1.36326e+07,8.86169e+07,8.86169e+07,8.86169e+07,5.8292,5.8292,5.8292,9.1395,9.1395,9.1395
361,2.27672e+06,2.27672e+06,2.27672e+06,4128.38,4128.38,4128.38,3952.47,3952.47,3952.47,3.4542e+06,3.4542e+06,3.4542e+06,3.17177e+06,3.17177e+06,3.17177e+06,7560.07,7560.07,7560.07,7570.67,7570.67,7570.67,1.26118e+06,1.26118e+06,1.26118e+06,1.3817e+06,1.3817e+06,1.3817e+06,1.41413e+07,1.41413e+07,1.41413e+07,1.36288e+07,1.36288e+07,1.36288e+07,8.86275e+07,8.86275e+07,8.86275e+07,5.83096,5.83096,5.83096,9.14316,9.14316,9.14316
362,2.27689e+06,2.27689e+06,2.27689e+06,4130.8,4130.8,4130.8,3954.87,3954.87,3954.87,3.45456e+06,3.45456e+06,3.45456e+06,3.17215e+06,3.17215e+06,3.17215e+06,7564.81,7564.81,7564.81,7575.51,7575.51,7575.51,1.26079e+06,1.26079e+06,1.26079e+06,1.38122e+06,1.38122e+06,1.38122e+06,1.41373e+07,1.41373e+07,1.41373e+07,1.36253e+07,1.36253e+07,1.36253e+07,8.86377e+07,8.86377e+07,8.86377e+07,5.83394,5.83394,5.83394,9.14822,9.14822,9.14822
363,2.27705e+06,2.27705e+06,2.27705e+06,4134.04,4134.04,4134.04,3957.82,3957.82,3957.82,3.45488e+06,3.45488e+06,3.45488e+06,3.1725e+06,3.1725e+06,3.1725e+06,7571.03,7571.03,7571.03,7581.4,7581.4,7581.4,1.26042e+06,1.26042e+06,1.26042e+06,1.38076e+06,1.38076e+06,1.38076e+06,1.41335e+07,1.41335e+07,1.41335e+07,1.3622e+07,1.3622e+07,1.3622e+07,8.86472e+07,8.86472e+07,8.86472e+07,5.83809,5.83809,5.83809,9.15461,9.15461,9.15461
364,2.27719e+06,2.27719e+06,2.27719e+06,4138.04,4138.04,4138.04,3961.29,3961.29,3961.29,3.45518e+06,3.45518e+06,3.45518e+06,3.17283e+06,3.17283e+06,3.17283e+06,7578.66,7578.66,7578.66,7588.26,7588.26,7588.26,1.26008e+06,1.26008e+06,1.26008e+06,1.38033e+06,1.38033e+06,1.38033e+06,1.41301e+07,1.41301e+07,1.41301e+07,1.3619e+07,1.3619e+07,1.3619e+07,8.86562e+07,8.86562e+07,8.86562e+07,5.84336,5.84336,5.84336,9.16223,9.16223,9.16223
365,2.27731e+06,2.27731e+06,2.27731e+06,4142.77,4142.77,4142.77,3965.22,3965.22,3965.22,3.45544e+06,3.45544e+06,3.45544e+06,3.17312e+06,3.17312e+06,3.17312e+06,7587.6,7587.6,7587.6,7596,7596,7596,1.25977e+06,1.25977e+06,1.25977e+06,1.37995e+06,1.37995e+06,1.37995e+06,1.4127e+07,1.4127e+07,1.4127e+07,1.36163e+07,1.36163e+07,1.36163e+07,8.86644e+07,8.86644e+07,8.86644e+07,5.84967,5.84967,5.84967,9.17097,9.17097,9.17097
366,2.27741e+06,2.27741e+06,2.27741e+06,4148.14,4148.14,4148.14,3969.54,3969.54,3969.54,3.45566e+06,3.45566e+06,3.45566e+06,3.17338e+06,3.17338e+06,3.17338e+06,7597.73,7597.73,7597.73,7604.5,7604.5,7604.5,1.25949e+06,1.25949e+06,1.25949e+06,1.3796e+06,1.3796e+06,1.3796e+06,1.41244e+07,1.41244e+07,1.41244e+07,1.3614e+07,1.3614e+07,1.3614e+07,8.86719e+07,8.86719e+07,8.86719e+07,5.85696,5.85696,5.85696,9.1807,9.1807,9.1807
367,2.27749e+06,2.27749e+06,2.27749e+06,4154.09,4154.09,4154.09,3974.2,3974.2,3974.2,3.45584e+06,3.45584e+06,3.45584e+06,3.1736e+06,3.1736e+06,3.1736e+06,7608.91,7608.91,7608.91,7613.64,7613.64,7613.64,1.25924e+06,1.25924e+06,1.25924e+06,1.37929e+06,1.37929e+06,1.37929e+06,1.41222e+07,1.41222e+07,1.41222e+07,1.3612e+07,1.3612e+07,1.3612e+07,8.86786e+07,8.86786e+07,8.86786e+07,5.86511,5.86511,5.86511,9.19128,9.19128,9.19128
368,2.27754e+06,2.27754e+06,2.27754e+06,4160.53,4160.53,4160.53,3979.12,3979.12,3979.12,3.45597e+06,3.45597e+06,3.45597e+06,3.17379e+06,3.17379e+06,3.17379e+06,7621.01,7621.01,7621.01,7623.29,7623.29,7623.29,1.25903e+06,1.25903e+06,1.25903e+06,1.37903e+06,1.37903e+06,1.37903e+06,1.41204e+07,1.41204e+07,1.41204e+07,1.36104e+07,1.36104e+07,1.36104e+07,8.86845e+07,8.86845e+07,8.86845e+07,5.87402,5.87402,5.87402,9.20255,9.20255,9.20255
369,2.27756e+06,2.27756e+06,2.27756e+06,4167.37,4167.37,4167.37,3984.23,3984.23,3984.23,3.45607e+06,3.45607e+06,3.45607e+06,3.17394e+06,3.17394e+06,3.17394e+06,7633.84,7633.84,7633.84,7633.3,7633.3,7633.3,1.25885e+06,1.25885e+06,1.25885e+06,1.37882e+06,1.37882e+06,1.37882e+06,1.41192e+07,1.41192e+07,1.41192e+07,1.36092e+07,1.36092e+07,1.36092e+07,8.86895e+07,8.86895e+07,8.86895e+07,5.88356,5.88356,5.88356,9.21435,9.21435,9.21435
370,2.27756e+06,2.27756e+06,2.27756e+06,4174.52,4174.52,4174.52,3989.45,3989.45,3989.45,3.45612e+06,3.45612e+06,3.45612e+06,3.17405e+06,3.17405e+06,3.17405e+06,7647.25,7647.25,7647.25,7643.53,7643.53,7643.53,1.25871e+06,1.25871e+06,1.25871e+06,1.37866e+06,1.37866e+06,1.37866e+06,1.41184e+07,1.41184e+07,1.41184e+07,1.36083e+07,1.36083e+07,1.36083e+07,8.86937e+07,8.86937e+07,8.86937e+07,5.89361,5.89361,5.89361,9.22649,9.22649,9.22649
371,2.27753e+06,2.27753e+06,2.27753e+06,4181.87,4181.87,4181.87,3994.7,3994.7,3994.7,3.45612e+06,3.45612e+06,3.45612e+06,3.17412e+06,3.17412e+06,3.17412e+06,7661.05,7661.05,7661.05,7653.83,7653.83,7653.83,1.2586e+06,1.2586e+06,1.2586e+06,1.37855e+06,1.37855e+06,1.37855e+06,1.41181e+07,1.41181e+07,1.41181e+07,1.36078e+07,1.36078e+07,1.36078e+07,8.8697e+07,8.8697e+07,8.8697e+07,5.90403,5.90403,5.90403,9.23881,9.23881,9.23881
372,2.27746e+06,2.27746e+06,2.27746e+06,4189.31,4189.31,4189.31,3999.9,3999.9,3999.9,3.45608e+06,3.45608e+06,3.45608e+06,3.17416e+06,3.17416e+06,3.17416e+06,7675.04,7675.04,7675.04,7664.05,7664.05,7664.05,1.25853e+06,1.25853e+06,1.25853e+06,1.37848e+06,1.37848e+06,1.37848e+06,1.41184e+07,1.41184e+07,1.41184e+07,1.36077e+07,1.36077e+07,1.36077e+07,8.86994e+07,8.86994e+07,8.86994e+07,5.91467,5.91467,5.91467,9.25111,9.25111,9.25111
373,2.27737e+06,2.27737e+06,2.27737e+06,4196.75,4196.75,4196.75,4004.96,4004.96,4004.96,3.456e+06,3.456e+06,3.456e+06,3.17415e+06,3.17415e+06,3.17415e+06,7689.04,7689.04,7689.04,7674.04,7674.04,7674.04,1.25849e+06,1.25849e+06,1.25849e+06,1.37847e+06,1.37847e+06,1.37847e+06,1.41191e+07,1.41191e+07,1.41191e+07,1.36079e+07,1.36079e+07,1.36079e+07,8.8701e+07,8.8701e+07,8.8701e+07,5.92537,5.92537,5.92537,9.26322,9.26322,9.26322
374,2.27725e+06,2.27725e+06,2.27725e+06,4204.07,4204.07,4204.07,4009.82,4009.82,4009.82,3.45588e+06,3.45588e+06,3.45588e+06,3.17412e+06,3.17412e+06,3.17412e+06,7702.84,7702.84,7702.84,7683.64,7683.64,7683.64,1.25848e+06,1.25848e+06,1.25848e+06,1.3785e+06,1.3785e+06,1.3785e+06,1.41203e+07,1.41203e+07,1.41203e+07,1.36084e+07,1.36084e+07,1.36084e+07,8.87018e+07,8.87018e+07,8.87018e+07,5.936,5.936,5.936,9.27495,9.27495,9.27495
375,2.2771e+06,2.2771e+06,2.2771e+06,4211.16,4211.16,4211.16,4014.39,4014.39,4014.39,3.45572e+06,3.45572e+06,3.45572e+06,3.17404e+06,3.17404e+06,3.17404e+06,7716.25,7716.25,7716.25,7692.7,7692.7,7692.7,1.2585e+06,1.2585e+06,1.2585e+06,1.37857e+06,1.37857e+06,1.37857e+06,1.4122e+07,1.4122e+07,1.4122e+07,1.36093e+07,1.36093e+07,1.36093e+07,8.87019e+07,8.87019e+07,8.87019e+07,5.9464,5.9464,5.9464,9.28611,9.28611,9.28611
376,2.27693e+06,2.27693e+06,2.27693e+06,4217.93,4217.93,4217.93,4018.61,4018.61,4018.61,3.45552e+06,3.45552e+06,3.45552e+06,3.17394e+06,3.17394e+06,3.17394e+06,7729.07,7729.07,7729.07,7701.1,7701.1,7701.1,1.25854e+06,1.25854e+06,1.25854e+06,1.37869e+06,1.37869e+06,1.37869e+06,1.41241e+07,1.41241e+07,1.41241e+07,1.36104e+07,1.36104e+07,1.36104e+07,8.87012e+07,8.87012e+07,8.87012e+07,5.95641,5.95641,5.95641,9.29654,9.29654,9.29654
377,2.27673e+06,2.27673e+06,2.27673e+06,4224.27,4224.27,4224.27,4022.4,4022.4,4022.4,3.45529e+06,3.45529e+06,3.45529e+06,3.17381e+06,3.17381e+06,3.17381e+06,7741.13,7741.13,7741.13,7708.7,7708.7,7708.7,1.25861e+06,1.25861e+06,1.25861e+06,1.37885e+06,1.37885e+06,1.37885e+06,1.41265e+07,1.41265e+07,1.41265e+07,1.36118e+07,1.36118e+07,1.36118e+07,8.87e+07,8.87e+07,8.87e+07,5.9659,5.9659,5.9659,9.30608,9.30608,9.30608
378,2.27651e+06,2.27651e+06,2.27651e+06,4230.08,4230.08,4230.08,4025.7,4025.7,4025.7,3.45504e+06,3.45504e+06,3.45504e+06,3.17366e+06,3.17366e+06,3.17366e+06,7752.25,7752.25,7752.25,7715.38,7715.38,7715.38,1.2587e+06,1.2587e+06,1.2587e+06,1.37904e+06,1.37904e+06,1.37904e+06,1.41294e+07,1.41294e+07,1.41294e+07,1.36134e+07,1.36134e+07,1.36134e+07,8.86981e+07,8.86981e+07,8.86981e+07,5.97473,5.97473,5.97473,9.31457,9.31457,9.31457
379,2.27628e+06,2.27628e+06,2.27628e+06,4235.29,4235.29,4235.29,4028.46,4028.46,4028.46,3.45476e+06,3.45476e+06,3.45476e+06,3.17348e+06,3.17348e+06,3.17348e+06,7762.27,7762.27,7762.27,7721.04,7721.04,7721.04,1.2588e+06,1.2588e+06,1.2588e+06,1.37926e+06,1.37926e+06,1.37926e+06,1.41325e+07,1.41325e+07,1.41325e+07,1.36151e+07,1.36151e+07,1.36151e+07,8.86958e+07,8.86958e+07,8.86958e+07,5.98276,5.98276,5.98276,9.32188,9.32188,9.32188
380,2.27603e+06,2.27603e+06,2.27603e+06,4239.8,4239.8,4239.8,4030.64,4030.64,4030.64,3.45446e+06,3.45446e+06,3.45446e+06,3.17328e+06,3.17328e+06,3.17328e+06,7771.04,7771.04,7771.04,7725.59,7725.59,7725.59,1.25892e+06,1.25892e+06,1.25892e+06,1.37951e+06,1.37951e+06,1.37951e+06,1.41359e+07,1.41359e+07,1.41359e+07,1.3617e+07,1.3617e+07,1.3617e+07,8.86931e+07,8.86931e+07,8.86931e+07,5.98988,5.98988,5.98988,9.3279,9.3279,9.3279
381,2.27577e+06,2.27577e+06,2.27577e+06,4243.56,4243.56,4243.56,4032.19,4032.19,4032.19,3.45414e+06,3.45414e+06,3.45414e+06,3.17308e+06,3.17308e+06,3.17308e+06,7778.43,7778.43,7778.43,7728.96,7728.96,7728.96,1.25905e+06,1.25905e+06,1.25905e+06,1.37977e+06,1.37977e+06,1.37977e+06,1.41395e+07,1.41395e+07,1.41395e+07,1.3619e+07,1.3619e+07,1.3619e+07,8.869e+07,8.869e+07,8.869e+07,5.99599,5.99599,5.99599,9.33253,9.33253,9.33253
382,2.2755e+06,2.2755e+06,2.2755e+06,4246.51,4246.51,4246.51,4033.1,4033.1,4033.1,3.45382e+06,3.45382e+06,3.45382e+06,3.17286e+06,3.17286e+06,3.17286e+06,7784.34,7784.34,7784.34,7731.09,7731.09,7731.09,1.25918e+06,1.25918e+06,1.25918e+06,1.38006e+06,1.38006e+06,1.38006e+06,1.41433e+07,1.41433e+07,1.41433e+07,1.36211e+07,1.36211e+07,1.36211e+07,8.86868e+07,8.86868e+07,8.86868e+07,6.00099,6.00099,6.00099,9.33569,9.33569,9.33569
383,2.27523e+06,2.27523e+06,2.27523e+06,4248.61,4248.61,4248.61,4033.33,4033.33,4033.33,3.45349e+06,3.45349e+06,3.45349e+06,3.17264e+06,3.17264e+06,3.17264e+06,7788.69,7788.69,7788.69,7731.95,7731.95,7731.95,1.25931e+06,1.25931e+06,1.25931e+06,1.38035e+06,1.38035e+06,1.38035e+06,1.41471e+07,1.41471e+07,1.41471e+07,1.36231e+07,1.36231e+07,1.36231e+07,8.86835e+07,8.86835e+07,8.86835e+07,6.00481,6.00481,6.00481,9.33733,9.33733,9.33733
384,2.27495e+06,2.27495e+06,2.27495e+06,4249.81,4249.81,4249.81,4032.9,4032.9,4032.9,3.45316e+06,3.45316e+06,3.45316e+06,3.17241e+06,3.17241e+06,3.17241e+06,7791.41,7791.41,7791.41,7731.51,7731.51,7731.51,1.25944e+06,1.25944e+06,1.25944e+06,1.38065e+06,1.38065e+06,1.38065e+06,1.4151e+07,1.4151e+07,1.4151e+07,1.36251e+07,1.36251e+07,1.36251e+07,8.86801e+07,8.86801e+07,8.86801e+07,6.0074,6.0074,6.0074,9.33742,9.33742,9.33742
385,2.27468e+06,2.27468e+06,2.27468e+06,4250.11,4250.11,4250.11,4031.79,4031.79,4031.79,3.45284e+06,3.45284e+06,3.45284e+06,3.1722e+06,3.1722e+06,3.1722e+06,7792.47,7792.47,7792.47,7729.79,7729.79,7729.79,1.25956e+06,1.25956e+06,1.25956e+06,1.38094e+06,1.38094e+06,1.38094e+06,1.41549e+07,1.41549e+07,1.41549e+07,1.3627e+07,1.3627e+07,1.3627e+07,8.86769e+07,8.86769e+07,8.86769e+07,6.00872,6.00872,6.00872,9.33595,9.33595,9.33595
386,2.27442e+06,2.27442e+06,2.27442e+06,4249.5,4249.5,4249.5,4030.03,4030.03,4030.03,3.45253e+06,3.45253e+06,3.45253e+06,3.17199e+06,3.17199e+06,3.17199e+06,7791.85,7791.85,7791.85,7726.81,7726.81,7726.81,1.25967e+06,1.25967e+06,1.25967e+06,1.38123e+06,1.38123e+06,1.38123e+06,1.41586e+07,1.41586e+07,1.41586e+07,1.36288e+07,1.36288e+07,1.36288e+07,8.86738e+07,8.86738e+07,8.86738e+07,6.00875,6.00875,6.00875,9.33295,9.33295,9.33295
387,2.27418e+06,2.27418e+06,2.27418e+06,4247.99,4247.99,4247.99,4027.64,4027.64,4027.64,3.45223e+06,3.45223e+06,3.45223e+06,3.17179e+06,3.17179e+06,3.17179e+06,7789.58,7789.58,7789.58,7722.61,7722.61,7722.61,1.25976e+06,1.25976e+06,1.25976e+06,1.3815e+06,1.3815e+06,1.3815e+06,1.41623e+07,1.41623e+07,1.41623e+07,1.36304e+07,1.36304e+07,1.36304e+07,8.8671e+07,8.8671e+07,8.8671e+07,6.0075,6.0075,6.0075,9.32844,9.32844,9.32844
388,2.27394e+06,2.27394e+06,2.27394e+06,4245.61,4245.61,4245.61,4024.65,4024.65,4024.65,3.45196e+06,3.45196e+06,3.45196e+06,3.1716e+06,3.1716e+06,3.1716e+06,7785.69,7785.69,7785.69,7717.25,7717.25,7717.25,1.25984e+06,1.25984e+06,1.25984e+06,1.38176e+06,1.38176e+06,1.38176e+06,1.41657e+07,1.41657e+07,1.41657e+07,1.36318e+07,1.36318e+07,1.36318e+07,8.86686e+07,8.86686e+07,8.86686e+07,6.00499,6.00499,6.00499,9.32251,9.32251,9.32251
389,2.27373e+06,2.27373e+06,2.27373e+06,4242.4,4242.4,4242.4,4021.11,4021.11,4021.11,3.45171e+06,3.45171e+06,3.45171e+06,3.17144e+06,3.17144e+06,3.17144e+06,7780.25,7780.25,7780.25,7710.81,7710.81,7710.81,1.25989e+06,1.25989e+06,1.25989e+06,1.38199e+06,1.38199e+06,1.38199e+06,1.41689e+07,1.41689e+07,1.41689e+07,1.3633e+07,1.3633e+07,1.3633e+07,8.86666e+07,8.86666e+07,8.86666e+07,6.00126,6.00126,6.00126,9.31522,9.31522,9.31522
390,2.27354e+06,2.27354e+06,2.27354e+06,4238.4,4238.4,4238.4,4017.06,4017.06,4017.06,3.45149e+06,3.45149e+06,3.45149e+06,3.1713e+06,3.1713e+06,3.1713e+06,7773.34,7773.34,7773.34,7703.4,7703.4,7703.4,1.25992e+06,1.25992e+06,1.25992e+06,1.38219e+06,1.38219e+06,1.38219e+06,1.41718e+07,1.41718e+07,1.41718e+07,1.36339e+07,1.36339e+07,1.36339e+07,8.86651e+07,8.86651e+07,8.86651e+07,5.99637,5.99637,5.99637,9.30671,9.30671,9.30671
391,2.27337e+06,2.27337e+06,2.27337e+06,4233.68,4233.68,4233.68,4012.58,4012.58,4012.58,3.4513e+06,3.4513e+06,3.4513e+06,3.17118e+06,3.17118e+06,3.17118e+06,7765.09,7765.09,7765.09,7695.11,7695.11,7695.11,1.25993e+06,1.25993e+06,1.25993e+06,1.38236e+06,1.38236e+06,1.38236e+06,1.41743e+07,1.41743e+07,1.41743e+07,1.36345e+07,1.36345e+07,1.36345e+07,8.86643e+07,8.86643e+07,8.86643e+07,5.99041,5.99041,5.99041,9.29708,9.29708,9.29708
392,2.27323e+06,2.27323e+06,2.27323e+06,4228.32,4228.32,4228.32,4007.72,4007.72,4007.72,3.45114e+06,3.45114e+06,3.45114e+06,3.1711e+06,3.1711e+06,3.1711e+06,7755.62,7755.62,7755.62,7686.08,7686.08,7686.08,1.2599e+06,1.2599e+06,1.2599e+06,1.3825e+06,1.3825e+06,1.3825e+06,1.41765e+07,1.41765e+07,1.41765e+07,1.36348e+07,1.36348e+07,1.36348e+07,8.86641e+07,8.86641e+07,8.86641e+07,5.98346,5.98346,5.98346,9.28649,9.28649,9.28649
393,2.27312e+06,2.27312e+06,2.27312e+06,4222.39,4222.39,4222.39,4002.55,4002.55,4002.55,3.45102e+06,3.45102e+06,3.45102e+06,3.17104e+06,3.17104e+06,3.17104e+06,7745.09,7745.09,7745.09,7676.43,7676.43,7676.43,1.25985e+06,1.25985e+06,1.25985e+06,1.3826e+06,1.3826e+06,1.3826e+06,1.41783e+07,1.41783e+07,1.41783e+07,1.36348e+07,1.36348e+07,1.36348e+07,8.86645e+07,8.86645e+07,8.86645e+07,5.97564,5.97564,5.97564,9.27508,9.27508,9.27508
394,2.27304e+06,2.27304e+06,2.27304e+06,4215.99,4215.99,4215.99,3997.15,3997.15,3997.15,3.45094e+06,3.45094e+06,3.45094e+06,3.17101e+06,3.17101e+06,3.17101e+06,7733.65,7733.65,7733.65,7666.31,7666.31,7666.31,1.25976e+06,1.25976e+06,1.25976e+06,1.38265e+06,1.38265e+06,1.38265e+06,1.41797e+07,1.41797e+07,1.41797e+07,1.36345e+07,1.36345e+07,1.36345e+07,8.86657e+07,8.86657e+07,8.86657e+07,5.96708,5.96708,5.96708,9.26303,9.26303,9.26303
395,2.273e+06,2.273e+06,2.273e+06,4209.22,4209.22,4209.22,3991.61,3991.61,3991.61,3.4509e+06,3.4509e+06,3.4509e+06,3.17102e+06,3.17102e+06,3.17102e+06,7721.48,7721.48,7721.48,7655.87,7655.87,7655.87,1.25965e+06,1.25965e+06,1.25965e+06,1.38267e+06,1.38267e+06,1.38267e+06,1.41806e+07,1.41806e+07,1.41806e+07,1.36338e+07,1.36338e+07,1.36338e+07,8.86676e+07,8.86676e+07,8.86676e+07,5.95789,5.95789,5.95789,9.25051,9.25051,9.25051
396,2.27299e+06,2.27299e+06,2.27299e+06,4202.17,4202.17,4202.17,3985.99,3985.99,3985.99,3.4509e+06,3.4509e+06,3.4509e+06,3.17106e+06,3.17106e+06,3.17106e+06,7708.78,7708.78,7708.78,7645.25,7645.25,7645.25,1.2595e+06,1.2595e+06,1.2595e+06,1.38263e+06,1.38263e+06,1.38263e+06,1.4181e+07,1.4181e+07,1.4181e+07,1.36327e+07,1.36327e+07,1.36327e+07,8.86703e+07,8.86703e+07,8.86703e+07,5.94822,5.94822,5.94822,9.23771,9.23771,9.23771
397,2.27301e+06,2.27301e+06,2.27301e+06,4194.97,4194.97,4194.97,3980.38,3980.38,3980.38,3.45094e+06,3.45094e+06,3.45094e+06,3.17113e+06,3.17113e+06,3.17113e+06,7695.73,7695.73,7695.73,7634.62,7634.62,7634.62,1.25932e+06,1.25932e+06,1.25932e+06,1.38256e+06,1.38256e+06,1.38256e+06,1.4181e+07,1.4181e+07,1.4181e+07,1.36313e+07,1.36313e+07,1.36313e+07,8.86737e+07,8.86737e+07,8.86737e+07,5.93823,5.93823,5.93823,9.22481,9.22481,9.22481
398,2.27307e+06,2.27307e+06,2.27307e+06,4187.71,4187.71,4187.71,3974.86,3974.86,3974.86,3.45102e+06,3.45102e+06,3.45102e+06,3.17123e+06,3.17123e+06,3.17123e+06,7682.54,7682.54,7682.54,7624.12,7624.12,7624.12,1.25912e+06,1.25912e+06,1.25912e+06,1.38244e+06,1.38244e+06,1.38244e+06,1.41805e+07,1.41805e+07,1.41805e+07,1.36296e+07,1.36296e+07,1.36296e+07,8.86779e+07,8.86779e+07,8.86779e+07,5.92806,5.92806,5.92806,9.21199,9.21199,9.21199
399,2.27316e+06,2.27316e+06,2.27316e+06,4180.5,4180.5,4180.5,3969.51,3969.51,3969.51,3.45114e+06,3.45114e+06,3.45114e+06,3.17136e+06,3.17136e+06,3.17136e+06,7669.4,7669.4,7669.4,7613.91,7613.91,7613.91,1.25888e+06,1.25888e+06,1.25888e+06,1.38227e+06,1.38227e+06,1.38227e+06,1.41795e+07,1.41795e+07,1.41795e+07,1.36276e+07,1.36276e+07,1.36276e+07,8.86828e+07,8.86828e+07,8.86828e+07,5.91787,5.91787,5.91787,9.19945,9.19945,9.19945
400,2.27329e+06,2.27329e+06,2.27329e+06,4173.44,4173.44,4173.44,3964.41,3964.41,3964.41,3.45129e+06,3.45129e+06,3.45129e+06,3.17153e+06,3.17153e+06,3.17153e+06,7656.5,7656.5,7656.5,7604.13,7604.13,7604.13,1.25862e+06,1.25862e+06,1.25862e+06,1.38207e+06,1.38207e+06,1.38207e+06,1.41781e+07,1.41781e+07,1.41781e+07,1.36253e+07,1.36253e+07,1.36253e+07,8.86883e+07,8.86883e+07,8.86883e+07,5.90781,5.90781,5.90781,9.18735,9.18735,9.18735
401,2.27344e+06,2.27344e+06,2.27344e+06,4166.66,4166.66,4166.66,3959.62,3959.62,3959.62,3.45148e+06,3.45148e+06,3.45148e+06,3.17172e+06,3.17172e+06,3.17172e+06,7644.05,7644.05,7644.05,7594.91,7594.91,7594.91,1.25833e+06,1.25833e+06,1.25833e+06,1.38182e+06,1.38182e+06,1.38182e+06,1.41763e+07,1.41763e+07,1.41763e+07,1.36227e+07,1.36227e+07,1.36227e+07,8.86945e+07,8.86945e+07,8.86945e+07,5.89802,5.89802,5.89802,9.17586,9.17586,9.17586
402,2.27363e+06,2.27363e+06,2.27363e+06,4160.23,4160.23,4160.23,3955.21,3955.21,3955.21,3.4517e+06,3.4517e+06,3.4517e+06,3.17193e+06,3.17193e+06,3.17193e+06,7632.21,7632.21,7632.21,7586.38,7586.38,7586.38,1.25802e+06,1.25802e+06,1.25802e+06,1.38154e+06,1.38154e+06,1.38154e+06,1.41741e+07,1.41741e+07,1.41741e+07,1.36199e+07,1.36199e+07,1.36199e+07,8.87012e+07,8.87012e+07,8.87012e+07,5.88865,5.88865,5.88865,9.16516,9.16516,9.16516
403,2.27384e+06,2.27384e+06,2.27384e+06,4154.26,4154.26,4154.26,3951.24,3951.24,3951.24,3.45194e+06,3.45194e+06,3.45194e+06,3.17217e+06,3.17217e+06,3.17217e+06,7621.17,7621.17,7621.17,7578.67,7578.67,7578.67,1.25769e+06,1.25769e+06,1.25769e+06,1.38123e+06,1.38123e+06,1.38123e+06,1.41716e+07,1.41716e+07,1.41716e+07,1.36168e+07,1.36168e+07,1.36168e+07,8.87085e+07,8.87085e+07,8.87085e+07,5.87984,5.87984,5.87984,9.15538,9.15538,9.15538
404,2.27408e+06,2.27408e+06,2.27408e+06,4148.83,4148.83,4148.83,3947.77,3947.77,3947.77,3.45221e+06,3.45221e+06,3.45221e+06,3.17242e+06,3.17242e+06,3.17242e+06,7611.08,7611.08,7611.08,7571.87,7571.87,7571.87,1.25734e+06,1.25734e+06,1.25734e+06,1.38088e+06,1.38088e+06,1.38088e+06,1.41687e+07,1.41687e+07,1.41687e+07,1.36136e+07,1.36136e+07,1.36136e+07,8.87161e+07,8.87161e+07,8.87161e+07,5.87171,5.87171,5.87171,9.14666,9.14666,9.14666
405,2.27433e+06,2.27433e+06,2.27433e+06,4144.01,4144.01,4144.01,3944.84,3944.84,3944.84,3.4525e+06,3.4525e+06,3.4525e+06,3.17269e+06,3.17269e+06,3.17269e+06,7602.09,7602.09,7602.09,7566.09,7566.09,7566.09,1.25699e+06,1.25699e+06,1.25699e+06,1.38051e+06,1.38051e+06,1.38051e+06,1.41656e+07,1.41656e+07,1.41656e+07,1.36102e+07,1.36102e+07,1.36102e+07,8.87242e+07,8.87242e+07,8.87242e+07,5.86438,5.86438,5.86438,9.13912,9.13912,9.13912
406,2.27461e+06,2.27461e+06,2.27461e+06,4139.89,4139.89,4139.89,3942.5,3942.5,3942.5,3.45281e+06,3.45281e+06,3.45281e+06,3.17298e+06,3.17298e+06,3.17298e+06,7594.32,7594.32,7594.32,7561.39,7561.39,7561.39,1.25662e+06,1.25662e+06,1.25662e+06,1.38012e+06,1.38012e+06,1.38012e+06,1.41622e+07,1.41622e+07,1.41622e+07,1.36067e+07,1.36067e+07,1.36067e+07,8.87325e+07,8.87325e+07,8.87325e+07,5.85796,5.85796,5.85796,9.13286,9.13286,9.13286
407,2.2749e+06,2.2749e+06,2.2749e+06,4136.51,4136.51,4136.51,3940.77,3940.77,3940.77,3.45312e+06,3.45312e+06,3.45312e+06,3.17327e+06,3.17327e+06,3.17327e+06,7587.89,7587.89,7587.89,7557.84,7557.84,7557.84,1.25625e+06,1.25625e+06,1.25625e+06,1.37971e+06,1.37971e+06,1.37971e+06,1.41587e+07,1.41587e+07,1.41587e+07,1.36032e+07,1.36032e+07,1.36032e+07,8.87409e+07,8.87409e+07,8.87409e+07,5.85255,5.85255,5.85255,9.12797,9.12797,9.12797
408,2.2752e+06,2.2752e+06,2.2752e+06,4133.93,4133.93,4133.93,3939.68,3939.68,3939.68,3.45344e+06,3.45344e+06,3.45344e+06,3.17356e+06,3.17356e+06,3.17356e+06,7582.9,7582.9,7582.9,7555.49,7555.49,7555.49,1.25588e+06,1.25588e+06,1.25588e+06,1.3793e+06,1.3793e+06,1.3793e+06,1.41551e+07,1.41551e+07,1.41551e+07,1.35997e+07,1.35997e+07,1.35997e+07,8.87495e+07,8.87495e+07,8.87495e+07,5.8482,5.8482,5.8482,9.12451,9.12451,9.12451
409,2.27551e+06,2.27551e+06,2.27551e+06,4132.18,4132.18,4132.18,3939.24,3939.24,3939.24,3.45377e+06,3.45377e+06,3.45377e+06,3.17385e+06,3.17385e+06,3.17385e+06,7579.41,7579.41,7579.41,7554.37,7554.37,7554.37,1.25551e+06,1.25551e+06,1.25551e+06,1.37887e+06,1.37887e+06,1.37887e+06,1.41514e+07,1.41514e+07,1.41514e+07,1.35961e+07,1.35961e+07,1.35961e+07,8.87581e+07,8.87581e+07,8.87581e+07,5.845,5.845,5.845,9.12252,9.12252,9.12252
410,2.27582e+06,2.27582e+06,2.27582e+06,4131.29,4131.29,4131.29,3939.46,3939.46,3939.46,3.45408e+06,3.45408e+06,3.45408e+06,3.17414e+06,3.17414e+06,3.17414e+06,7577.47,7577.47,7577.47,7554.49,7554.49,7554.49,1.25515e+06,1.25515e+06,1.25515e+06,1.37845e+06,1.37845e+06,1.37845e+06,1.41477e+07,1.41477e+07,1.41477e+07,1.35927e+07,1.35927e+07,1.35927e+07,8.87665e+07,8.87665e+07,8.87665e+07,5.84299,5.84299,5.84299,9.12204,9.12204,9.12204
411,2.27613e+06,2.27613e+06,2.27613e+06,4131.27,4131.27,4131.27,3940.34,3940.34,3940.34,3.45439e+06,3.45439e+06,3.45439e+06,3.17442e+06,3.17442e+06,3.17442e+06,7577.12,7577.12,7577.12,7555.86,7555.86,7555.86,1.2548e+06,1.2548e+06,1.2548e+06,1.37804e+06,1.37804e+06,1.37804e+06,1.4144e+07,1.4144e+07,1.4144e+07,1.35893e+07,1.35893e+07,1.35893e+07,8.87747e+07,8.87747e+07,8.87747e+07,5.84219,5.84219,5.84219,9.12306,9.12306,9.12306
412,2.27644e+06,2.27644e+06,2.27644e+06,4132.13,4132.13,4132.13,3941.86,3941.86,3941.86,3.45469e+06,3.45469e+06,3.45469e+06,3.17469e+06,3.17469e+06,3.17469e+06,7578.36,7578.36,7578.36,7558.44,7558.44,7558.44,1.25446e+06,1.25446e+06,1.25446e+06,1.37763e+06,1.37763e+06,1.37763e+06,1.41405e+07,1.41405e+07,1.41405e+07,1.35861e+07,1.35861e+07,1.35861e+07,8.87827e+07,8.87827e+07,8.87827e+07,5.84262,5.84262,5.84262,9.12558,9.12558,9.12558
413,2.27674e+06,2.27674e+06,2.27674e+06,4133.86,4133.86,4133.86,3944,3944,3944,3.45497e+06,3.45497e+06,3.45497e+06,3.17494e+06,3.17494e+06,3.17494e+06,7581.19,7581.19,7581.19,7562.21,7562.21,7562.21,1.25414e+06,1.25414e+06,1.25414e+06,1.37724e+06,1.37724e+06,1.37724e+06,1.41371e+07,1.41371e+07,1.41371e+07,1.35831e+07,1.35831e+07,1.35831e+07,8.87903e+07,8.87903e+07,8.87903e+07,5.84428,5.84428,5.84428,9.12956,9.12956,9.12956
414,2.27702e+06,2.27702e+06,2.27702e+06,4136.43,4136.43,4136.43,3946.73,3946.73,3946.73,3.45523e+06,3.45523e+06,3.45523e+06,3.17517e+06,3.17517e+06,3.17517e+06,7585.56,7585.56,7585.56,7567.11,7567.11,7567.11,1.25384e+06,1.25384e+06,1.25384e+06,1.37688e+06,1.37688e+06,1.37688e+06,1.41339e+07,1.41339e+07,1.41339e+07,1.35803e+07,1.35803e+07,1.35803e+07,8.87974e+07,8.87974e+07,8.87974e+07,5.84716,5.84716,5.84716,9.13494,9.13494,9.13494
415,2.27729e+06,2.27729e+06,2.27729e+06,4139.82,4139.82,4139.82,3950.02,3950.02,3950.02,3.45546e+06,3.45546e+06,3.45546e+06,3.17538e+06,3.17538e+06,3.17538e+06,7591.43,7591.43,7591.43,7573.07,7573.07,7573.07,1.25356e+06,1.25356e+06,1.25356e+06,1.37653e+06,1.37653e+06,1.37653e+06,1.4131e+07,1.4131e+07,1.4131e+07,1.35777e+07,1.35777e+07,1.35777e+07,8.88039e+07,8.88039e+07,8.88039e+07,5.8512,5.8512,5.8512,9.14165,9.14165,9.14165
416,2.27754e+06,2.27754e+06,2.27754e+06,4143.97,4143.97,4143.97,3953.82,3953.82,3953.82,3.45566e+06,3.45566e+06,3.45566e+06,3.17556e+06,3.17556e+06,3.17556e+06,7598.71,7598.71,7598.71,7580.01,7580.01,7580.01,1.25331e+06,1.25331e+06,1.25331e+06,1.37622e+06,1.37622e+06,1.37622e+06,1.41284e+07,1.41284e+07,1.41284e+07,1.35754e+07,1.35754e+07,1.35754e+07,8.88098e+07,8.88098e+07,8.88098e+07,5.85637,5.85637,5.85637,9.14959,9.14959,9.14959
417,2.27777e+06,2.27777e+06,2.27777e+06,4148.84,4148.84,4148.84,3958.07,3958.07,3958.07,3.45582e+06,3.45582e+06,3.45582e+06,3.17571e+06,3.17571e+06,3.17571e+06,7607.3,7607.3,7607.3,7587.84,7587.84,7587.84,1.25309e+06,1.25309e+06,1.25309e+06,1.37595e+06,1.37595e+06,1.37595e+06,1.41261e+07,1.41261e+07,1.41261e+07,1.35735e+07,1.35735e+07,1.35735e+07,8.88151e+07,8.88151e+07,8.88151e+07,5.86259,5.86259,5.86259,9.15866,9.15866,9.15866
418,2.27797e+06,2.27797e+06,2.27797e+06,4154.36,4154.36,4154.36,3962.73,3962.73,3962.73,3.45595e+06,3.45595e+06,3.45595e+06,3.17583e+06,3.17583e+06,3.17583e+06,7617.11,7617.11,7617.11,7596.45,7596.45,7596.45,1.2529e+06,1.2529e+06,1.2529e+06,1.37571e+06,1.37571e+06,1.37571e+06,1.41242e+07,1.41242e+07,1.41242e+07,1.35718e+07,1.35718e+07,1.35718e+07,8.88196e+07,8.88196e+07,8.88196e+07,5.86978,5.86978,5.86978,9.16873,9.16873,9.16873
419,2.27815e+06,2.27815e+06,2.27815e+06,4160.46,4160.46,4160.46,3967.72,3967.72,3967.72,3.45604e+06,3.45604e+06,3.45604e+06,3.17592e+06,3.17592e+06,3.17592e+06,7627.98,7627.98,7627.98,7605.71,7605.71,7605.71,1.25275e+06,1.25275e+06,1.25275e+06,1.37551e+06,1.37551e+06,1.37551e+06,1.41227e+07,1.41227e+07,1.41227e+07,1.35705e+07,1.35705e+07,1.35705e+07,8.88233e+07,8.88233e+07,8.88233e+07,5.87784,5.87784,5.87784,9.17966,9.17966,9.17966
420,2.27829e+06,2.27829e+06,2.27829e+06,4167.05,4167.05,4167.05,3972.98,3972.98,3972.98,3.4561e+06,3.4561e+06,3.4561e+06,3.17597e+06,3.17597e+06,3.17597e+06,7639.78,7639.78,7639.78,7615.49,7615.49,7615.49,1.25262e+06,1.25262e+06,1.25262e+06,1.37536e+06,1.37536e+06,1.37536e+06,1.41217e+07,1.41217e+07,1.41217e+07,1.35696e+07,1.35696e+07,1.35696e+07,8.88262e+07,8.88262e+07,8.88262e+07,5.88668,5.88668,5.88668,9.19129,9.19129,9.19129
421,2.27841e+06,2.27841e+06,2.27841e+06,4174.05,4174.05,4174.05,3978.42,3978.42,3978.42,3.45611e+06,3.45611e+06,3.45611e+06,3.17598e+06,3.17598e+06,3.17598e+06,7652.35,7652.35,7652.35,7625.65,7625.65,7625.65,1.25253e+06,1.25253e+06,1.25253e+06,1.37525e+06,1.37525e+06,1.37525e+06,1.41211e+07,1.41211e+07,1.41211e+07,1.3569e+07,1.3569e+07,1.3569e+07,8.88283e+07,8.88283e+07,8.88283e+07,5.89616,5.89616,5.89616,9.20347,9.20347,9.20347
422,2.27849e+06,2.27849e+06,2.27849e+06,4181.35,4181.35,4181.35,3983.98,3983.98,3983.98,3.45607e+06,3.45607e+06,3.45607e+06,3.17596e+06,3.17596e+06,3.17596e+06,7665.5,7665.5,7665.5,7636.06,7636.06,7636.06,1.25248e+06,1.25248e+06,1.25248e+06,1.37519e+06,1.37519e+06,1.37519e+06,1.4121e+07,1.4121e+07,1.4121e+07,1.35688e+07,1.35688e+07,1.35688e+07,8.88294e+07,8.88294e+07,8.88294e+07,5.90615,5.90615,5.90615,9.21601,9.21601,9.21601
423,2.27854e+06,2.27854e+06,2.27854e+06,4188.86,4188.86,4188.86,3989.57,3989.57,3989.57,3.456e+06,3.456e+06,3.456e+06,3.1759e+06,3.1759e+06,3.1759e+06,7679.06,7679.06,7679.06,7646.55,7646.55,7646.55,1.25246e+06,1.25246e+06,1.25246e+06,1.37518e+06,1.37518e+06,1.37518e+06,1.41214e+07,1.41214e+07,1.41214e+07,1.35689e+07,1.35689e+07,1.35689e+07,8.88297e+07,8.88297e+07,8.88297e+07,5.91653,5.91653,5.91653,9.22875,9.22875,9.22875
424,2.27856e+06,2.27856e+06,2.27856e+06,4196.48,4196.48,4196.48,3995.12,3995.12,3995.12,3.45588e+06,3.45588e+06,3.45588e+06,3.17581e+06,3.17581e+06,3.17581e+06,7692.84,7692.84,7692.84,7656.98,7656.98,7656.98,1.25247e+06,1.25247e+06,1.25247e+06,1.37521e+06,1.37521e+06,1.37521e+06,1.41223e+07,1.41223e+07,1.41223e+07,1.35694e+07,1.35694e+07,1.35694e+07,8.88292e+07,8.88292e+07,8.88292e+07,5.92713,5.92713,5.92713,9.24149,9.24149,9.24149
425,2.27854e+06,2.27854e+06,2.27854e+06,4204.08,4204.08,4204.08,4000.54,4000.54,4000.54,3.45573e+06,3.45573e+06,3.45573e+06,3.17568e+06,3.17568e+06,3.17568e+06,7706.64,7706.64,7706.64,7667.19,7667.19,7667.19,1.25251e+06,1.25251e+06,1.25251e+06,1.37529e+06,1.37529e+06,1.37529e+06,1.41236e+07,1.41236e+07,1.41236e+07,1.35703e+07,1.35703e+07,1.35703e+07,8.88278e+07,8.88278e+07,8.88278e+07,5.93782,5.93782,5.93782,9.25404,9.25404,9.25404
426,2.27849e+06,2.27849e+06,2.27849e+06,4211.58,4211.58,4211.58,4005.75,4005.75,4005.75,3.45553e+06,3.45553e+06,3.45553e+06,3.17552e+06,3.17552e+06,3.17552e+06,7720.26,7720.26,7720.26,7677.04,7677.04,7677.04,1.25259e+06,1.25259e+06,1.25259e+06,1.37541e+06,1.37541e+06,1.37541e+06,1.41254e+07,1.41254e+07,1.41254e+07,1.35715e+07,1.35715e+07,1.35715e+07,8.88256e+07,8.88256e+07,8.88256e+07,5.94844,5.94844,5.94844,9.26624,9.26624,9.26624
427,2.27841e+06,2.27841e+06,2.27841e+06,4218.85,4218.85,4218.85,4010.68,4010.68,4010.68,3.4553e+06,3.4553e+06,3.4553e+06,3.17532e+06,3.17532e+06,3.17532e+06,7733.5,7733.5,7733.5,7686.38,7686.38,7686.38,1.25269e+06,1.25269e+06,1.25269e+06,1.37558e+06,1.37558e+06,1.37558e+06,1.41277e+07,1.41277e+07,1.41277e+07,1.35729e+07,1.35729e+07,1.35729e+07,8.88226e+07,8.88226e+07,8.88226e+07,5.95884,5.95884,5.95884,9.27789,9.27789,9.27789
428,2.2783e+06,2.2783e+06,2.2783e+06,4225.79,4225.79,4225.79,4015.25,4015.25,4015.25,3.45503e+06,3.45503e+06,3.45503e+06,3.1751e+06,3.1751e+06,3.1751e+06,7746.18,7746.18,7746.18,7695.06,7695.06,7695.06,1.25282e+06,1.25282e+06,1.25282e+06,1.37579e+06,1.37579e+06,1.37579e+06,1.41303e+07,1.41303e+07,1.41303e+07,1.35747e+07,1.35747e+07,1.35747e+07,8.88189e+07,8.88189e+07,8.88189e+07,5.96887,5.96887,5.96887,9.28882,9.28882,9.28882
429,2.27816e+06,2.27816e+06,2.27816e+06,4232.31,4232.31,4232.31,4019.4,4019.4,4019.4,3.45473e+06,3.45473e+06,3.45473e+06,3.17485e+06,3.17485e+06,3.17485e+06,7758.11,7758.11,7758.11,7702.95,7702.95,7702.95,1.25297e+06,1.25297e+06,1.25297e+06,1.37604e+06,1.37604e+06,1.37604e+06,1.41334e+07,1.41334e+07,1.41334e+07,1.35767e+07,1.35767e+07,1.35767e+07,8.88146e+07,8.88146e+07,8.88146e+07,5.97837,5.97837,5.97837,9.29887,9.29887,9.29887
430,2.278e+06,2.278e+06,2.278e+06,4238.3,4238.3,4238.3,4023.06,4023.06,4023.06,3.45441e+06,3.45441e+06,3.45441e+06,3.17457e+06,3.17457e+06,3.17457e+06,7769.1,7769.1,7769.1,7709.95,7709.95,7709.95,1.25314e+06,1.25314e+06,1.25314e+06,1.37632e+06,1.37632e+06,1.37632e+06,1.41367e+07,1.41367e+07,1.41367e+07,1.35789e+07,1.35789e+07,1.35789e+07,8.88096e+07,8.88096e+07,8.88096e+07,5.98722,5.98722,5.98722,9.30789,9.30789,9.30789
431,2.27782e+06,2.27782e+06,2.27782e+06,4243.68,4243.68,4243.68,4026.18,4026.18,4026.18,3.45406e+06,3.45406e+06,3.45406e+06,3.17428e+06,3.17428e+06,3.17428e+06,7779,7779,7779,7715.93,7715.93,7715.93,1.25333e+06,1.25333e+06,1.25333e+06,1.37663e+06,1.37663e+06,1.37663e+06,1.41404e+07,1.41404e+07,1.41404e+07,1.35812e+07,1.35812e+07,1.35812e+07,8.88042e+07,8.88042e+07,8.88042e+07,5.99528,5.99528,5.99528,9.31574,9.31574,9.31574
432,2.27761e+06,2.27761e+06,2.27761e+06,4248.36,4248.36,4248.36,4028.71,4028.71,4028.71,3.45369e+06,3.45369e+06,3.45369e+06,3.17396e+06,3.17396e+06,3.17396e+06,7787.66,7787.66,7787.66,7720.81,7720.81,7720.81,1.25353e+06,1.25353e+06,1.25353e+06,1.37696e+06,1.37696e+06,1.37696e+06,1.41443e+07,1.41443e+07,1.41443e+07,1.35837e+07,1.35837e+07,1.35837e+07,8.87983e+07,8.87983e+07,8.87983e+07,6.00243,6.00243,6.00243,9.32231,9.32231,9.32231
433,2.27739e+06,2.27739e+06,2.27739e+06,4252.29,4252.29,4252.29,4030.61,4030.61,4030.61,3.45332e+06,3.45332e+06,3.45332e+06,3.17364e+06,3.17364e+06,3.17364e+06,7794.94,7794.94,7794.94,7724.52,7724.52,7724.52,1.25374e+06,1.25374e+06,1.25374e+06,1.37732e+06,1.37732e+06,1.37732e+06,1.41484e+07,1.41484e+07,1.41484e+07,1.35863e+07,1.35863e+07,1.35863e+07,8.87921e+07,8.87921e+07,8.87921e+07,6.00857,6.00857,6.00857,9.32748,9.32748,9.32748
434,2.27716e+06,2.27716e+06,2.27716e+06,4255.39,4255.39,4255.39,4031.86,4031.86,4031.86,3.45293e+06,3.45293e+06,3.45293e+06,3.17331e+06,3.17331e+06,3.17331e+06,7800.74,7800.74,7800.74,7726.99,7726.99,7726.99,1.25395e+06,1.25395e+06,1.25395e+06,1.37768e+06,1.37768e+06,1.37768e+06,1.41526e+07,1.41526e+07,1.41526e+07,1.3589e+07,1.3589e+07,1.3589e+07,8.87856e+07,8.87856e+07,8.87856e+07,6.01359,6.01359,6.01359,9.33119,9.33119,9.33119
435,2.27692e+06,2.27692e+06,2.27692e+06,4257.62,4257.62,4257.62,4032.44,4032.44,4032.44,3.45254e+06,3.45254e+06,3.45254e+06,3.17297e+06,3.17297e+06,3.17297e+06,7804.98,7804.98,7804.98,7728.19,7728.19,7728.19,1.25417e+06,1.25417e+06,1.25417e+06,1.37806e+06,1.37806e+06,1.37806e+06,1.41569e+07,1.41569e+07,1.41569e+07,1.35916e+07,1.35916e+07,1.35916e+07,8.87791e+07,8.87791e+07,8.87791e+07,6.01743,6.01743,6.01743,9.33337,9.33337,9.33337
436,2.27667e+06,2.27667e+06,2.27667e+06,4258.96,4258.96,4258.96,4032.33,4032.33,4032.33,3.45215e+06,3.45215e+06,3.45215e+06,3.17264e+06,3.17264e+06,3.17264e+06,7807.57,7807.57,7807.57,7728.1,7728.1,7728.1,1.25438e+06,1.25438e+06,1.25438e+06,1.37844e+06,1.37844e+06,1.37844e+06,1.41613e+07,1.41613e+07,1.41613e+07,1.35942e+07,1.35942e+07,1.35942e+07,8.87724e+07,8.87724e+07,8.87724e+07,6.02003,6.02003,6.02003,9.334,9.334,9.334
437,2.27643e+06,2.27643e+06,2.27643e+06,4259.37,4259.37,4259.37,4031.55,4031.55,4031.55,3.45176e+06,3.45176e+06,3.45176e+06,3.17231e+06,3.17231e+06,3.17231e+06,7808.49,7808.49,7808.49,7726.71,7726.71,7726.71,1.25458e+06,1.25458e+06,1.25458e+06,1.37881e+06,1.37881e+06,1.37881e+06,1.41656e+07,1.41656e+07,1.41656e+07,1.35967e+07,1.35967e+07,1.35967e+07,8.87659e+07,8.87659e+07,8.87659e+07,6.02134,6.02134,6.02134,9.33306,9.33306,9.33306
438,2.27618e+06,2.27618e+06,2.27618e+06,4258.86,4258.86,4258.86,4030.1,4030.1,4030.1,3.45139e+06,3.45139e+06,3.45139e+06,3.17199e+06,3.17199e+06,3.17199e+06,7807.72,7807.72,7807.72,7724.06,7724.06,7724.06,1.25477e+06,1.25477e+06,1.25477e+06,1.37918e+06,1.37918e+06,1.37918e+06,1.41698e+07,1.41698e+07,1.41698e+07,1.35991e+07,1.35991e+07,1.35991e+07,8.87595e+07,8.87595e+07,8.87595e+07,6.02136,6.02136,6.02136,9.33056,9.33056,9.33056
439,2.27595e+06,2.27595e+06,2.27595e+06,4257.44,4257.44,4257.44,4028,4028,4028,3.45104e+06,3.45104e+06,3.45104e+06,3.17168e+06,3.17168e+06,3.17168e+06,7805.28,7805.28,7805.28,7720.18,7720.18,7720.18,1.25495e+06,1.25495e+06,1.25495e+06,1.37953e+06,1.37953e+06,1.37953e+06,1.41738e+07,1.41738e+07,1.41738e+07,1.36013e+07,1.36013e+07,1.36013e+07,8.87533e+07,8.87533e+07,8.87533e+07,6.02007,6.02007,6.02007,9.32656,9.32656,9.32656
440,2.27572e+06,2.27572e+06,2.27572e+06,4255.12,4255.12,4255.12,4025.29,4025.29,4025.29,3.45071e+06,3.45071e+06,3.45071e+06,3.17139e+06,3.17139e+06,3.17139e+06,7801.2,7801.2,7801.2,7715.13,7715.13,7715.13,1.2551e+06,1.2551e+06,1.2551e+06,1.37986e+06,1.37986e+06,1.37986e+06,1.41776e+07,1.41776e+07,1.41776e+07,1.36033e+07,1.36033e+07,1.36033e+07,8.87475e+07,8.87475e+07,8.87475e+07,6.01751,6.01751,6.01751,9.3211,9.3211,9.3211
441,2.27551e+06,2.27551e+06,2.27551e+06,4251.95,4251.95,4251.95,4022.01,4022.01,4022.01,3.4504e+06,3.4504e+06,3.4504e+06,3.17113e+06,3.17113e+06,3.17113e+06,7795.54,7795.54,7795.54,7708.98,7708.98,7708.98,1.25524e+06,1.25524e+06,1.25524e+06,1.38017e+06,1.38017e+06,1.38017e+06,1.41812e+07,1.41812e+07,1.41812e+07,1.36051e+07,1.36051e+07,1.36051e+07,8.8742e+07,8.8742e+07,8.8742e+07,6.0137,6.0137,6.0137,9.31427,9.31427,9.31427
442,2.27532e+06,2.27532e+06,2.27532e+06,4247.97,4247.97,4247.97,4018.22,4018.22,4018.22,3.45012e+06,3.45012e+06,3.45012e+06,3.17088e+06,3.17088e+06,3.17088e+06,7788.4,7788.4,7788.4,7701.84,7701.84,7701.84,1.25535e+06,1.25535e+06,1.25535e+06,1.38045e+06,1.38045e+06,1.38045e+06,1.41845e+07,1.41845e+07,1.41845e+07,1.36065e+07,1.36065e+07,1.36065e+07,8.87371e+07,8.87371e+07,8.87371e+07,6.00872,6.00872,6.00872,9.30619,9.30619,9.30619
443,2.27515e+06,2.27515e+06,2.27515e+06,4243.25,4243.25,4243.25,4013.96,4013.96,4013.96,3.44988e+06,3.44988e+06,3.44988e+06,3.17066e+06,3.17066e+06,3.17066e+06,7779.88,7779.88,7779.88,7693.81,7693.81,7693.81,1.25543e+06,1.25543e+06,1.25543e+06,1.38069e+06,1.38069e+06,1.38069e+06,1.41874e+07,1.41874e+07,1.41874e+07,1.36077e+07,1.36077e+07,1.36077e+07,8.87327e+07,8.87327e+07,8.87327e+07,6.00263,6.00263,6.00263,9.29696,9.29696,9.29696
444,2.275e+06,2.275e+06,2.275e+06,4237.85,4237.85,4237.85,4009.32,4009.32,4009.32,3.44967e+06,3.44967e+06,3.44967e+06,3.17047e+06,3.17047e+06,3.17047e+06,7770.11,7770.11,7770.11,7685.01,7685.01,7685.01,1.25549e+06,1.25549e+06,1.25549e+06,1.3809e+06,1.3809e+06,1.3809e+06,1.41899e+07,1.41899e+07,1.41899e+07,1.36086e+07,1.36086e+07,1.36086e+07,8.8729e+07,8.8729e+07,8.8729e+07,5.99554,5.99554,5.99554,9.28673,9.28673,9.28673
445,2.27487e+06,2.27487e+06,2.27487e+06,4231.87,4231.87,4231.87,4004.34,4004.34,4004.34,3.4495e+06,3.4495e+06,3.4495e+06,3.17032e+06,3.17032e+06,3.17032e+06,7759.24,7759.24,7759.24,7675.58,7675.58,7675.58,1.25551e+06,1.25551e+06,1.25551e+06,1.38106e+06,1.38106e+06,1.38106e+06,1.4192e+07,1.4192e+07,1.4192e+07,1.36092e+07,1.36092e+07,1.36092e+07,8.87259e+07,8.87259e+07,8.87259e+07,5.98754,5.98754,5.98754,9.27567,9.27567,9.27567
446,2.27478e+06,2.27478e+06,2.27478e+06,4225.39,4225.39,4225.39,3999.12,3999.12,3999.12,3.44937e+06,3.44937e+06,3.44937e+06,3.17019e+06,3.17019e+06,3.17019e+06,7747.44,7747.44,7747.44,7665.65,7665.65,7665.65,1.25551e+06,1.25551e+06,1.25551e+06,1.38118e+06,1.38118e+06,1.38118e+06,1.41936e+07,1.41936e+07,1.41936e+07,1.36094e+07,1.36094e+07,1.36094e+07,8.87235e+07,8.87235e+07,8.87235e+07,5.97876,5.97876,5.97876,9.26392,9.26392,9.26392
447,2.27471e+06,2.27471e+06,2.27471e+06,4218.5,4218.5,4218.5,3993.72,3993.72,3993.72,3.44928e+06,3.44928e+06,3.44928e+06,3.1701e+06,3.1701e+06,3.1701e+06,7734.88,7734.88,7734.88,7655.37,7655.37,7655.37,1.25547e+06,1.25547e+06,1.25547e+06,1.38126e+06,1.38126e+06,1.38126e+06,1.41948e+07,1.41948e+07,1.41948e+07,1.36092e+07,1.36092e+07,1.36092e+07,8.87219e+07,8.87219e+07,8.87219e+07,5.96934,5.96934,5.96934,9.25167,9.25167,9.25167
448,2.27467e+06,2.27467e+06,2.27467e+06,4211.32,4211.32,4211.32,3988.23,3988.23,3988.23,3.44923e+06,3.44923e+06,3.44923e+06,3.17004e+06,3.17004e+06,3.17004e+06,7721.74,7721.74,7721.74,7644.89,7644.89,7644.89,1.2554e+06,1.2554e+06,1.2554e+06,1.38129e+06,1.38129e+06,1.38129e+06,1.41954e+07,1.41954e+07,1.41954e+07,1.36087e+07,1.36087e+07,1.36087e+07,8.8721e+07,8.8721e+07,8.8721e+07,5.9594,5.9594,5.9594,9.2391,9.2391,9.2391
449,2.27467e+06,2.27467e+06,2.27467e+06,4203.95,4203.95,4203.95,3982.73,3982.73,3982.73,3.44922e+06,3.44922e+06,3.44922e+06,3.17002e+06,3.17002e+06,3.17002e+06,7708.22,7708.22,7708.22,7634.36,7634.36,7634.36,1.25529e+06,1.25529e+06,1.25529e+06,1.38128e+06,1.38128e+06,1.38128e+06,1.41956e+07,1.41956e+07,1.41956e+07,1.36079e+07,1.36079e+07,1.36079e+07,8.87208e+07,8.87208e+07,8.87208e+07,5.94911,5.94911,5.94911,9.22638,9.22638,9.22638
450,2.27469e+06,2.27469e+06,2.27469e+06,4196.49,4196.49,4196.49,3977.3,3977.3,3977.3,3.44925e+06,3.44925e+06,3.44925e+06,3.17003e+06,3.17003e+06,3.17003e+06,7694.51,7694.51,7694.51,7623.94,7623.94,7623.94,1.25516e+06,1.25516e+06,1.25516e+06,1.38122e+06,1.38122e+06,1.38122e+06,1.41953e+07,1.41953e+07,1.41953e+07,1.36067e+07,1.36067e+07,1.36067e+07,8.87214e+07,8.87214e+07,8.87214e+07,5.9386,5.9386,5.9386,9.21372,9.21372,9.21372
451,2.27474e+06,2.27474e+06,2.27474e+06,4189.05,4189.05,4189.05,3972.01,3972.01,3972.01,3.44933e+06,3.44933e+06,3.44933e+06,3.17008e+06,3.17008e+06,3.17008e+06,7680.82,7680.82,7680.82,7613.77,7613.77,7613.77,1.255e+06,1.255e+06,1.255e+06,1.38111e+06,1.38111e+06,1.38111e+06,1.41945e+07,1.41945e+07,1.41945e+07,1.36051e+07,1.36051e+07,1.36051e+07,8.87228e+07,8.87228e+07,8.87228e+07,5.92804,5.92804,5.92804,9.20128,9.20128,9.20128
452,2.27482e+06,2.27482e+06,2.27482e+06,4181.75,4181.75,4181.75,3966.94,3966.94,3966.94,3.44944e+06,3.44944e+06,3.44944e+06,3.17015e+06,3.17015e+06,3.17015e+06,7667.34,7667.34,7667.34,7604.01,7604.01,7604.01,1.2548e+06,1.2548e+06,1.2548e+06,1.38096e+06,1.38096e+06,1.38096e+06,1.41933e+07,1.41933e+07,1.41933e+07,1.36033e+07,1.36033e+07,1.36033e+07,8.87248e+07,8.87248e+07,8.87248e+07,5.91757,5.91757,5.91757,9.18924,9.18924,9.18924
453,2.27493e+06,2.27493e+06,2.27493e+06,4174.67,4174.67,4174.67,3962.16,3962.16,3962.16,3.44959e+06,3.44959e+06,3.44959e+06,3.17025e+06,3.17025e+06,3.17025e+06,7654.26,7654.26,7654.26,7594.77,7594.77,7594.77,1.25459e+06,1.25459e+06,1.25459e+06,1.38076e+06,1.38076e+06,1.38076e+06,1.41916e+07,1.41916e+07,1.41916e+07,1.36012e+07,1.36012e+07,1.36012e+07,8.87275e+07,8.87275e+07,8.87275e+07,5.90734,5.90734,5.90734,9.17778,9.17778,9.17778
454,2.27507e+06,2.27507e+06,2.27507e+06,4167.93,4167.93,4167.93,3957.74,3957.74,3957.74,3.44977e+06,3.44977e+06,3.44977e+06,3.17039e+06,3.17039e+06,3.17039e+06,7641.76,7641.76,7641.76,7586.2,7586.2,7586.2,1.25435e+06,1.25435e+06,1.25435e+06,1.38053e+06,1.38053e+06,1.38053e+06,1.41895e+07,1.41895e+07,1.41895e+07,1.35988e+07,1.35988e+07,1.35988e+07,8.87308e+07,8.87308e+07,8.87308e+07,5.8975,5.8975,5.8975,9.16705,9.16705,9.16705
455,2.27523e+06,2.27523e+06,2.27523e+06,4161.62,4161.62,4161.62,3953.74,3953.74,3953.74,3.44998e+06,3.44998e+06,3.44998e+06,3.17054e+06,3.17054e+06,3.17054e+06,7630.01,7630.01,7630.01,7578.42,7578.42,7578.42,1.25408e+06,1.25408e+06,1.25408e+06,1.38026e+06,1.38026e+06,1.38026e+06,1.4187e+07,1.4187e+07,1.4187e+07,1.35962e+07,1.35962e+07,1.35962e+07,8.87346e+07,8.87346e+07,8.87346e+07,5.88818,5.88818,5.88818,9.15721,9.15721,9.15721
456,2.27541e+06,2.27541e+06,2.27541e+06,4155.82,4155.82,4155.82,3950.22,3950.22,3950.22,3.45021e+06,3.45021e+06,3.45021e+06,3.17072e+06,3.17072e+06,3.17072e+06,7619.19,7619.19,7619.19,7571.52,7571.52,7571.52,1.25381e+06,1.25381e+06,1.25381e+06,1.37995e+06,1.37995e+06,1.37995e+06,1.41842e+07,1.41842e+07,1.41842e+07,1.35934e+07,1.35934e+07,1.35934e+07,8.87389e+07,8.87389e+07,8.87389e+07,5.87952,5.87952,5.87952,9.14839,9.14839,9.14839
457,2.27561e+06,2.27561e+06,2.27561e+06,4150.61,4150.61,4150.61,3947.21,3947.21,3947.21,3.45047e+06,3.45047e+06,3.45047e+06,3.17091e+06,3.17091e+06,3.17091e+06,7609.42,7609.42,7609.42,7565.6,7565.6,7565.6,1.25351e+06,1.25351e+06,1.25351e+06,1.37962e+06,1.37962e+06,1.37962e+06,1.41811e+07,1.41811e+07,1.41811e+07,1.35905e+07,1.35905e+07,1.35905e+07,8.87437e+07,8.87437e+07,8.87437e+07,5.87163,5.87163,5.87163,9.1407,9.1407,9.1407
458,2.27582e+06,2.27582e+06,2.27582e+06,4146.06,4146.06,4146.06,3944.77,3944.77,3944.77,3.45074e+06,3.45074e+06,3.45074e+06,3.17112e+06,3.17112e+06,3.17112e+06,7600.85,7600.85,7600.85,7560.75,7560.75,7560.75,1.25321e+06,1.25321e+06,1.25321e+06,1.37927e+06,1.37927e+06,1.37927e+06,1.41777e+07,1.41777e+07,1.41777e+07,1.35874e+07,1.35874e+07,1.35874e+07,8.87487e+07,8.87487e+07,8.87487e+07,5.86461,5.86461,5.86461,9.13426,9.13426,9.13426
459,2.27604e+06,2.27604e+06,2.27604e+06,4142.24,4142.24,4142.24,3942.93,3942.93,3942.93,3.45103e+06,3.45103e+06,3.45103e+06,3.17134e+06,3.17134e+06,3.17134e+06,7593.59,7593.59,7593.59,7557.02,7557.02,7557.02,1.2529e+06,1.2529e+06,1.2529e+06,1.37889e+06,1.37889e+06,1.37889e+06,1.41742e+07,1.41742e+07,1.41742e+07,1.35843e+07,1.35843e+07,1.35843e+07,8.8754e+07,8.8754e+07,8.8754e+07,5.85857,5.85857,5.85857,9.12915,9.12915,9.12915
460,2.27628e+06,2.27628e+06,2.27628e+06,4139.18,4139.18,4139.18,3941.7,3941.7,3941.7,3.45133e+06,3.45133e+06,3.45133e+06,3.17156e+06,3.17156e+06,3.17156e+06,7587.73,7587.73,7587.73,7554.47,7554.47,7554.47,1.25259e+06,1.25259e+06,1.25259e+06,1.37851e+06,1.37851e+06,1.37851e+06,1.41704e+07,1.41704e+07,1.41704e+07,1.35811e+07,1.35811e+07,1.35811e+07,8.87595e+07,8.87595e+07,8.87595e+07,5.85357,5.85357,5.85357,9.12544,9.12544,9.12544
461,2.27651e+06,2.27651e+06,2.27651e+06,4136.94,4136.94,4136.94,3941.11,3941.11,3941.11,3.45163e+06,3.45163e+06,3.45163e+06,3.17179e+06,3.17179e+06,3.17179e+06,7583.34,7583.34,7583.34,7553.12,7553.12,7553.12,1.25227e+06,1.25227e+06,1.25227e+06,1.37811e+06,1.37811e+06,1.37811e+06,1.41666e+07,1.41666e+07,1.41666e+07,1.35779e+07,1.35779e+07,1.35779e+07,8.8765e+07,8.8765e+07,8.8765e+07,5.84969,5.84969,5.84969,9.12317,9.12317,9.12317
462,2.27675e+06,2.27675e+06,2.27675e+06,4135.54,4135.54,4135.54,3941.16,3941.16,3941.16,3.45192e+06,3.45192e+06,3.45192e+06,3.17201e+06,3.17201e+06,3.17201e+06,7580.49,7580.49,7580.49,7553,7553,7553,1.25197e+06,1.25197e+06,1.25197e+06,1.37771e+06,1.37771e+06,1.37771e+06,1.41628e+07,1.41628e+07,1.41628e+07,1.35748e+07,1.35748e+07,1.35748e+07,8.87705e+07,8.87705e+07,8.87705e+07,5.84697,5.84697,5.84697,9.12237,9.12237,9.12237
463,2.27698e+06,2.27698e+06,2.27698e+06,4134.99,4134.99,4134.99,3941.85,3941.85,3941.85,3.45221e+06,3.45221e+06,3.45221e+06,3.17223e+06,3.17223e+06,3.17223e+06,7579.2,7579.2,7579.2,7554.1,7554.1,7554.1,1.25167e+06,1.25167e+06,1.25167e+06,1.37731e+06,1.37731e+06,1.37731e+06,1.41589e+07,1.41589e+07,1.41589e+07,1.35717e+07,1.35717e+07,1.35717e+07,8.87759e+07,8.87759e+07,8.87759e+07,5.84545,5.84545,5.84545,9.12305,9.12305,9.12305
464,2.27721e+06,2.27721e+06,2.27721e+06,4135.29,4135.29,4135.29,3943.17,3943.17,3943.17,3.45249e+06,3.45249e+06,3.45249e+06,3.17244e+06,3.17244e+06,3.17244e+06,7579.48,7579.48,7579.48,7556.41,7556.41,7556.41,1.25138e+06,1.25138e+06,1.25138e+06,1.37693e+06,1.37693e+06,1.37693e+06,1.41552e+07,1.41552e+07,1.41552e+07,1.35688e+07,1.35688e+07,1.35688e+07,8.87811e+07,8.87811e+07,8.87811e+07,5.84513,5.84513,5.84513,9.1252,9.1252,9.1252
465,2.27743e+06,2.27743e+06,2.27743e+06,4136.45,4136.45,4136.45,3945.09,3945.09,3945.09,3.45276e+06,3.45276e+06,3.45276e+06,3.17263e+06,3.17263e+06,3.17263e+06,7581.32,7581.32,7581.32,7559.89,7559.89,7559.89,1.25111e+06,1.25111e+06,1.25111e+06,1.37655e+06,1.37655e+06,1.37655e+06,1.41515e+07,1.41515e+07,1.41515e+07,1.35661e+07,1.35661e+07,1.35661e+07,8.8786e+07,8.8786e+07,8.8786e+07,5.84603,5.84603,5.84603,9.12879,9.12879,9.12879
466,2.27763e+06,2.27763e+06,2.27763e+06,4138.44,4138.44,4138.44,3947.6,3947.6,3947.6,3.453e+06,3.453e+06,3.453e+06,3.17281e+06,3.17281e+06,3.17281e+06,7584.7,7584.7,7584.7,7564.49,7564.49,7564.49,1.25085e+06,1.25085e+06,1.25085e+06,1.37619e+06,1.37619e+06,1.37619e+06,1.41481e+07,1.41481e+07,1.41481e+07,1.35635e+07,1.35635e+07,1.35635e+07,8.87906e+07,8.87906e+07,8.87906e+07,5.84812,5.84812,5.84812,9.13376,9.13376,9.13376
467,2.27781e+06,2.27781e+06,2.27781e+06,4141.22,4141.22,4141.22,3950.65,3950.65,3950.65,3.45322e+06,3.45322e+06,3.45322e+06,3.17297e+06,3.17297e+06,3.17297e+06,7589.55,7589.55,7589.55,7570.14,7570.14,7570.14,1.25062e+06,1.25062e+06,1.25062e+06,1.37586e+06,1.37586e+06,1.37586e+06,1.41449e+07,1.41449e+07,1.41449e+07,1.35612e+07,1.35612e+07,1.35612e+07,8.87947e+07,8.87947e+07,8.87947e+07,5.85137,5.85137,5.85137,9.14004,9.14004,9.14004
468,2.27798e+06,2.27798e+06,2.27798e+06,4144.76,4144.76,4144.76,3954.19,3954.19,3954.19,3.45341e+06,3.45341e+06,3.45341e+06,3.1731e+06,3.1731e+06,3.1731e+06,7595.8,7595.8,7595.8,7576.76,7576.76,7576.76,1.25042e+06,1.25042e+06,1.25042e+06,1.37555e+06,1.37555e+06,1.37555e+06,1.41419e+07,1.41419e+07,1.41419e+07,1.35591e+07,1.35591e+07,1.35591e+07,8.87983e+07,8.87983e+07,8.87983e+07,5.85572,5.85572,5.85572,9.14754,9.14754,9.14754
469,2.27811e+06,2.27811e+06,2.27811e+06,4149,4149,4149,3958.19,3958.19,3958.19,3.45357e+06,3.45357e+06,3.45357e+06,3.1732e+06,3.1732e+06,3.1732e+06,7603.37,7603.37,7603.37,7584.27,7584.27,7584.27,1.25024e+06,1.25024e+06,1.25024e+06,1.37527e+06,1.37527e+06,1.37527e+06,1.41393e+07,1.41393e+07,1.41393e+07,1.35574e+07,1.35574e+07,1.35574e+07,8.88013e+07,8.88013e+07,8.88013e+07,5.86111,5.86111,5.86111,9.15615,9.15615,9.15615
470,2.27823e+06,2.27823e+06,2.27823e+06,4153.88,4153.88,4153.88,3962.58,3962.58,3962.58,3.4537e+06,3.4537e+06,3.4537e+06,3.17328e+06,3.17328e+06,3.17328e+06,7612.13,7612.13,7612.13,7592.54,7592.54,7592.54,1.25009e+06,1.25009e+06,1.25009e+06,1.37503e+06,1.37503e+06,1.37503e+06,1.4137e+07,1.4137e+07,1.4137e+07,1.35559e+07,1.35559e+07,1.35559e+07,8.88038e+07,8.88038e+07,8.88038e+07,5.86747,5.86747,5.86747,9.16575,9.16575,9.16575
471,2.27831e+06,2.27831e+06,2.27831e+06,4159.32,4159.32,4159.32,3967.29,3967.29,3967.29,3.45379e+06,3.45379e+06,3.45379e+06,3.17333e+06,3.17333e+06,3.17333e+06,7621.95,7621.95,7621.95,7601.47,7601.47,7601.47,1.24996e+06,1.24996e+06,1.24996e+06,1.37482e+06,1.37482e+06,1.37482e+06,1.41351e+07,1.41351e+07,1.41351e+07,1.35548e+07,1.35548e+07,1.35548e+07,8.88055e+07,8.88055e+07,8.88055e+07,5.87469,5.87469,5.87469,9.1762,9.1762,9.1762
472,2.27836e+06,2.27836e+06,2.27836e+06,4165.25,4165.25,4165.25,3972.26,3972.26,3972.26,3.45384e+06,3.45384e+06,3.45384e+06,3.17334e+06,3.17334e+06,3.17334e+06,7632.7,7632.7,7632.7,7610.92,7610.92,7610.92,1.24987e+06,1.24987e+06,1.24987e+06,1.37465e+06,1.37465e+06,1.37465e+06,1.41336e+07,1.41336e+07,1.41336e+07,1.3554e+07,1.3554e+07,1.3554e+07,8.88066e+07,8.88066e+07,8.88066e+07,5.88267,5.88267,5.88267,9.18735,9.18735,9.18735
473,2.27838e+06,2.27838e+06,2.27838e+06,4171.57,4171.57,4171.57,3977.41,3977.41,3977.41,3.45385e+06,3.45385e+06,3.45385e+06,3.17332e+06,3.17332e+06,3.17332e+06,7644.21,7644.21,7644.21,7620.75,7620.75,7620.75,1.24982e+06,1.24982e+06,1.24982e+06,1.37453e+06,1.37453e+06,1.37453e+06,1.41325e+07,1.41325e+07,1.41325e+07,1.35535e+07,1.35535e+07,1.35535e+07,8.88069e+07,8.88069e+07,8.88069e+07,5.89129,5.89129,5.89129,9.19903,9.19903,9.19903
474,2.27836e+06,2.27836e+06,2.27836e+06,4178.2,4178.2,4178.2,3982.67,3982.67,3982.67,3.45382e+06,3.45382e+06,3.45382e+06,3.17326e+06,3.17326e+06,3.17326e+06,7656.3,7656.3,7656.3,7630.82,7630.82,7630.82,1.24979e+06,1.24979e+06,1.24979e+06,1.37445e+06,1.37445e+06,1.37445e+06,1.41319e+07,1.41319e+07,1.41319e+07,1.35535e+07,1.35535e+07,1.35535e+07,8.88065e+07,8.88065e+07,8.88065e+07,5.90042,5.90042,5.90042,9.21107,9.21107,9.21107
475,2.27831e+06,2.27831e+06,2.27831e+06,4185.02,4185.02,4185.02,3987.96,3987.96,3987.96,3.45375e+06,3.45375e+06,3.45375e+06,3.17318e+06,3.17318e+06,3.17318e+06,7668.81,7668.81,7668.81,7640.99,7640.99,7640.99,1.2498e+06,1.2498e+06,1.2498e+06,1.37442e+06,1.37442e+06,1.37442e+06,1.41318e+07,1.41318e+07,1.41318e+07,1.35537e+07,1.35537e+07,1.35537e+07,8.88054e+07,8.88054e+07,8.88054e+07,5.90993,5.90993,5.90993,9.2233,9.2233,9.2233
476,2.27823e+06,2.27823e+06,2.27823e+06,4191.94,4191.94,4191.94,3993.19,3993.19,3993.19,3.45364e+06,3.45364e+06,3.45364e+06,3.17305e+06,3.17305e+06,3.17305e+06,7681.52,7681.52,7681.52,7651.09,7651.09,7651.09,1.24984e+06,1.24984e+06,1.24984e+06,1.37442e+06,1.37442e+06,1.37442e+06,1.41321e+07,1.41321e+07,1.41321e+07,1.35543e+07,1.35543e+07,1.35543e+07,8.88035e+07,8.88035e+07,8.88035e+07,5.91966,5.91966,5.91966,9.23554,9.23554,9.23554
477,2.27811e+06,2.27811e+06,2.27811e+06,4198.84,4198.84,4198.84,3998.3,3998.3,3998.3,3.4535e+06,3.4535e+06,3.4535e+06,3.1729e+06,3.1729e+06,3.1729e+06,7694.27,7694.27,7694.27,7660.97,7660.97,7660.97,1.24991e+06,1.24991e+06,1.24991e+06,1.37448e+06,1.37448e+06,1.37448e+06,1.41328e+07,1.41328e+07,1.41328e+07,1.35552e+07,1.35552e+07,1.35552e+07,8.8801e+07,8.8801e+07,8.8801e+07,5.92947,5.92947,5.92947,9.24759,9.24759,9.24759
478,2.27795e+06,2.27795e+06,2.27795e+06,4205.63,4205.63,4205.63,4003.19,4003.19,4003.19,3.45331e+06,3.45331e+06,3.45331e+06,3.17271e+06,3.17271e+06,3.17271e+06,7706.83,7706.83,7706.83,7670.5,7670.5,7670.5,1.25e+06,1.25e+06,1.25e+06,1.37457e+06,1.37457e+06,1.37457e+06,1.4134e+07,1.4134e+07,1.4134e+07,1.35564e+07,1.35564e+07,1.35564e+07,8.87978e+07,8.87978e+07,8.87978e+07,5.93921,5.93921,5.93921,9.25927,9.25927,9.25927
479,2.27777e+06,2.27777e+06,2.27777e+06,4212.18,4212.18,4212.18,4007.79,4007.79,4007.79,3.45309e+06,3.45309e+06,3.45309e+06,3.17249e+06,3.17249e+06,3.17249e+06,7719.03,7719.03,7719.03,7679.51,7679.51,7679.51,1.25013e+06,1.25013e+06,1.25013e+06,1.3747e+06,1.3747e+06,1.3747e+06,1.41355e+07,1.41355e+07,1.41355e+07,1.3558e+07,1.3558e+07,1.3558e+07,8.8794e+07,8.8794e+07,8.8794e+07,5.94873,5.94873,5.94873,9.2704,9.2704,9.2704
480,2.27755e+06,2.27755e+06,2.27755e+06,4218.41,4218.41,4218.41,4012.03,4012.03,4012.03,3.45284e+06,3.45284e+06,3.45284e+06,3.17225e+06,3.17225e+06,3.17225e+06,7730.66,7730.66,7730.66,7687.87,7687.87,7687.87,1.25027e+06,1.25027e+06,1.25027e+06,1.37488e+06,1.37488e+06,1.37488e+06,1.41375e+07,1.41375e+07,1.41375e+07,1.35597e+07,1.35597e+07,1.35597e+07,8.87896e+07,8.87896e+07,8.87896e+07,5.95788,5.95788,5.95788,9.28082,9.28082,9.28082
481,2.27731e+06,2.27731e+06,2.27731e+06,4224.2,4224.2,4224.2,4015.83,4015.83,4015.83,3.45255e+06,3.45255e+06,3.45255e+06,3.17198e+06,3.17198e+06,3.17198e+06,7741.55,7741.55,7741.55,7695.45,7695.45,7695.45,1.25044e+06,1.25044e+06,1.25044e+06,1.37508e+06,1.37508e+06,1.37508e+06,1.41398e+07,1.41398e+07,1.41398e+07,1.35617e+07,1.35617e+07,1.35617e+07,8.87847e+07,8.87847e+07,8.87847e+07,5.96651,5.96651,5.96651,9.29035,9.29035,9.29035
482,2.27704e+06,2.27704e+06,2.27704e+06,4229.46,4229.46,4229.46,4019.15,4019.15,4019.15,3.45225e+06,3.45225e+06,3.45225e+06,3.17169e+06,3.17169e+06,3.17169e+06,7751.5,7751.5,7751.5,7702.12,7702.12,7702.12,1.25063e+06,1.25063e+06,1.25063e+06,1.37532e+06,1.37532e+06,1.37532e+06,1.41425e+07,1.41425e+07,1.41425e+07,1.3564e+07,1.3564e+07,1.3564e+07,8.87794e+07,8.87794e+07,8.87794e+07,5.97447,5.97447,5.97447,9.29884,9.29884,9.29884
483,2.27675e+06,2.27675e+06,2.27675e+06,4234.1,4234.1,4234.1,4021.92,4021.92,4021.92,3.45192e+06,3.45192e+06,3.45192e+06,3.17138e+06,3.17138e+06,3.17138e+06,7760.37,7760.37,7760.37,7707.78,7707.78,7707.78,1.25083e+06,1.25083e+06,1.25083e+06,1.37558e+06,1.37558e+06,1.37558e+06,1.41454e+07,1.41454e+07,1.41454e+07,1.35663e+07,1.35663e+07,1.35663e+07,8.87738e+07,8.87738e+07,8.87738e+07,5.98165,5.98165,5.98165,9.30617,9.30617,9.30617
484,2.27643e+06,2.27643e+06,2.27643e+06,4238.05,4238.05,4238.05,4024.09,4024.09,4024.09,3.45157e+06,3.45157e+06,3.45157e+06,3.17106e+06,3.17106e+06,3.17106e+06,7768,7768,7768,7712.34,7712.34,7712.34,1.25104e+06,1.25104e+06,1.25104e+06,1.37586e+06,1.37586e+06,1.37586e+06,1.41485e+07,1.41485e+07,1.41485e+07,1.35688e+07,1.35688e+07,1.35688e+07,8.87679e+07,8.87679e+07,8.87679e+07,5.98792,5.98792,5.98792,9.31219,9.31219,9.31219
485,2.2761e+06,2.2761e+06,2.2761e+06,4241.23,4241.23,4241.23,4025.63,4025.63,4025.63,3.45121e+06,3.45121e+06,3.45121e+06,3.17073e+06,3.17073e+06,3.17073e+06,7774.26,7774.26,7774.26,7715.72,7715.72,7715.72,1.25126e+06,1.25126e+06,1.25126e+06,1.37616e+06,1.37616e+06,1.37616e+06,1.41518e+07,1.41518e+07,1.41518e+07,1.35714e+07,1.35714e+07,1.35714e+07,8.87618e+07,8.87618e+07,8.87618e+07,5.99317,5.99317,5.99317,9.31682,9.31682,9.31682
486,2.27576e+06,2.27576e+06,2.27576e+06,4243.58,4243.58,4243.58,4026.5,4026.5,4026.5,3.45085e+06,3.45085e+06,3.45085e+06,3.17039e+06,3.17039e+06,3.17039e+06,7779.03,7779.03,7779.03,7717.86,7717.86,7717.86,1.25148e+06,1.25148e+06,1.25148e+06,1.37647e+06,1.37647e+06,1.37647e+06,1.41552e+07,1.41552e+07,1.41552e+07,1.35739e+07,1.35739e+07,1.35739e+07,8.87557e+07,8.87557e+07,8.87557e+07,5.99731,5.99731,5.99731,9.31997,9.31997,9.31997
487,2.27541e+06,2.27541e+06,2.27541e+06,4245.05,4245.05,4245.05,4026.69,4026.69,4026.69,3.45048e+06,3.45048e+06,3.45048e+06,3.17005e+06,3.17005e+06,3.17005e+06,7782.24,7782.24,7782.24,7718.71,7718.71,7718.71,1.2517e+06,1.2517e+06,1.2517e+06,1.37679e+06,1.37679e+06,1.37679e+06,1.41587e+07,1.41587e+07,1.41587e+07,1.35765e+07,1.35765e+07,1.35765e+07,8.87496e+07,8.87496e+07,8.87496e+07,6.00026,6.00026,6.00026,9.32158,9.32158,9.32158
488,2.27505e+06,2.27505e+06,2.27505e+06,4245.62,4245.62,4245.62,4026.19,4026.19,4026.19,3.45012e+06,3.45012e+06,3.45012e+06,3.16971e+06,3.16971e+06,3.16971e+06,7783.81,7783.81,7783.81,7718.27,7718.27,7718.27,1.25191e+06,1.25191e+06,1.25191e+06,1.37711e+06,1.37711e+06,1.37711e+06,1.41622e+07,1.41622e+07,1.41622e+07,1.35791e+07,1.35791e+07,1.35791e+07,8.87437e+07,8.87437e+07,8.87437e+07,6.00196,6.00196,6.00196,9.32162,9.32162,9.32162
489,2.2747e+06,2.2747e+06,2.2747e+06,4245.27,4245.27,4245.27,4024.99,4024.99,4024.99,3.44976e+06,3.44976e+06,3.44976e+06,3.16938e+06,3.16938e+06,3.16938e+06,7783.7,7783.7,7783.7,7716.52,7716.52,7716.52,1.25211e+06,1.25211e+06,1.25211e+06,1.37742e+06,1.37742e+06,1.37742e+06,1.41656e+07,1.41656e+07,1.41656e+07,1.35815e+07,1.35815e+07,1.35815e+07,8.8738e+07,8.8738e+07,8.8738e+07,6.00238,6.00238,6.00238,9.32007,9.32007,9.32007
490,2.27434e+06,2.27434e+06,2.27434e+06,4243.98,4243.98,4243.98,4023.12,4023.12,4023.12,3.44942e+06,3.44942e+06,3.44942e+06,3.16907e+06,3.16907e+06,3.16907e+06,7781.9,7781.9,7781.9,7713.48,7713.48,7713.48,1.2523e+06,1.2523e+06,1.2523e+06,1.37771e+06,1.37771e+06,1.37771e+06,1.41689e+07,1.41689e+07,1.41689e+07,1.35838e+07,1.35838e+07,1.35838e+07,8.87327e+07,8.87327e+07,8.87327e+07,6.0015,6.0015,6.0015,9.31696,9.31696,9.31696
491,2.274e+06,2.274e+06,2.274e+06,4241.76,4241.76,4241.76,4020.59,4020.59,4020.59,3.44909e+06,3.44909e+06,3.44909e+06,3.16876e+06,3.16876e+06,3.16876e+06,7778.42,7778.42,7778.42,7709.2,7709.2,7709.2,1.25248e+06,1.25248e+06,1.25248e+06,1.378e+06,1.378e+06,1.378e+06,1.41721e+07,1.41721e+07,1.41721e+07,1.35859e+07,1.35859e+07,1.35859e+07,8.87279e+07,8.87279e+07,8.87279e+07,5.9993,5.9993,5.9993,9.3123,9.3123,9.3123
492,2.27366e+06,2.27366e+06,2.27366e+06,4238.64,4238.64,4238.64,4017.43,4017.43,4017.43,3.44879e+06,3.44879e+06,3.44879e+06,3.16848e+06,3.16848e+06,3.16848e+06,7773.29,7773.29,7773.29,7703.74,7703.74,7703.74,1.25263e+06,1.25263e+06,1.25263e+06,1.37825e+06,1.37825e+06,1.37825e+06,1.4175e+07,1.4175e+07,1.4175e+07,1.35878e+07,1.35878e+07,1.35878e+07,8.87235e+07,8.87235e+07,8.87235e+07,5.99582,5.99582,5.99582,9.30617,9.30617,9.30617
493,2.27335e+06,2.27335e+06,2.27335e+06,4234.66,4234.66,4234.66,4013.69,4013.69,4013.69,3.44852e+06,3.44852e+06,3.44852e+06,3.16822e+06,3.16822e+06,3.16822e+06,7766.58,7766.58,7766.58,7697.15,7697.15,7697.15,1.25276e+06,1.25276e+06,1.25276e+06,1.37848e+06,1.37848e+06,1.37848e+06,1.41776e+07,1.41776e+07,1.41776e+07,1.35894e+07,1.35894e+07,1.35894e+07,8.87198e+07,8.87198e+07,8.87198e+07,5.99109,5.99109,5.99109,9.29864,9.29864,9.29864
494,2.27304e+06,2.27304e+06,2.27304e+06,4229.86,4229.86,4229.86,4009.42,4009.42,4009.42,3.44827e+06,3.44827e+06,3.44827e+06,3.16799e+06,3.16799e+06,3.16799e+06,7758.36,7758.36,7758.36,7689.55,7689.55,7689.55,1.25286e+06,1.25286e+06,1.25286e+06,1.37868e+06,1.37868e+06,1.37868e+06,1.41799e+07,1.41799e+07,1.41799e+07,1.35908e+07,1.35908e+07,1.35908e+07,8.87168e+07,8.87168e+07,8.87168e+07,5.98517,5.98517,5.98517,9.28982,9.28982,9.28982
495,2.27277e+06,2.27277e+06,2.27277e+06,4224.3,4224.3,4224.3,4004.67,4004.67,4004.67,3.44806e+06,3.44806e+06,3.44806e+06,3.16778e+06,3.16778e+06,3.16778e+06,7748.76,7748.76,7748.76,7681.03,7681.03,7681.03,1.25293e+06,1.25293e+06,1.25293e+06,1.37884e+06,1.37884e+06,1.37884e+06,1.41818e+07,1.41818e+07,1.41818e+07,1.35918e+07,1.35918e+07,1.35918e+07,8.87146e+07,8.87146e+07,8.87146e+07,5.97813,5.97813,5.97813,9.27983,9.27983,9.27983
496,2.27251e+06,2.27251e+06,2.27251e+06,4218.06,4218.06,4218.06,3999.5,3999.5,3999.5,3.44789e+06,3.44789e+06,3.44789e+06,3.16761e+06,3.16761e+06,3.16761e+06,7737.89,7737.89,7737.89,7671.72,7671.72,7671.72,1.25298e+06,1.25298e+06,1.25298e+06,1.37897e+06,1.37897e+06,1.37897e+06,1.41833e+07,1.41833e+07,1.41833e+07,1.35925e+07,1.35925e+07,1.35925e+07,8.87131e+07,8.87131e+07,8.87131e+07,5.97007,5.97007,5.97007,9.2688,9.2688,9.2688
497,2.27229e+06,2.27229e+06,2.27229e+06,4211.22,4211.22,4211.22,3994,3994,3994,3.44775e+06,3.44775e+06,3.44775e+06,3.16747e+06,3.16747e+06,3.16747e+06,7725.9,7725.9,7725.9,7661.74,7661.74,7661.74,1.25299e+06,1.25299e+06,1.25299e+06,1.37904e+06,1.37904e+06,1.37904e+06,1.41844e+07,1.41844e+07,1.41844e+07,1.35929e+07,1.35929e+07,1.35929e+07,8.87126e+07,8.87126e+07,8.87126e+07,5.96109,5.96109,5.96109,9.2569,9.2569,9.2569
498,2.27209e+06,2.27209e+06,2.27209e+06,4203.87,4203.87,4203.87,3988.23,3988.23,3988.23,3.44766e+06,3.44766e+06,3.44766e+06,3.16736e+06,3.16736e+06,3.16736e+06,7712.96,7712.96,7712.96,7651.23,7651.23,7651.23,1.25296e+06,1.25296e+06,1.25296e+06,1.37907e+06,1.37907e+06,1.37907e+06,1.4185e+07,1.4185e+07,1.4185e+07,1.35929e+07,1.35929e+07,1.35929e+07,8.8713e+07,8.8713e+07,8.8713e+07,5.95132,5.95132,5.95132,9.24428,9.24428,9.24428
499,2.27192e+06,2.27192e+06,2.27192e+06,4196.11,4196.11,4196.11,3982.27,3982.27,3982.27,3.44761e+06,3.44761e+06,3.44761e+06,3.16729e+06,3.16729e+06,3.16729e+06,7699.25,7699.25,7699.25,7640.35,7640.35,7640.35,1.2529e+06,1.2529e+06,1.2529e+06,1.37906e+06,1.37906e+06,1.37906e+06,1.41851e+07,1.41851e+07,1.41851e+07,1.35926e+07,1.35926e+07,1.35926e+07,8.87142e+07,8.87142e+07,8.87142e+07,5.94089,5.94089,5.94089,9.23113,9.23113,9.23113
500,2.27179e+06,2.27179e+06,2.27179e+06,4188.03,4188.03,4188.03,3976.21,3976.21,3976.21,3.44761e+06,3.44761e+06,3.44761e+06,3.16726e+06,3.16726e+06,3.16726e+06,7684.95,7684.95,7684.95,7629.25,7629.25,7629.25,1.25281e+06,1.25281e+06,1.25281e+06,1.37899e+06,1.37899e+06,1.37899e+06,1.41847e+07,1.41847e+07,1.41847e+07,1.35918e+07,1.35918e+07,1.35918e+07,8.87164e+07,8.87164e+07,8.87164e+07,5.92994,5.92994,5.92994,9.21762,9.21762,9.21762
501,2.27168e+06,2.27168e+06,2.27168e+06,4179.76,4179.76,4179.76,3970.12,3970.12,3970.12,3.44764e+06,3.44764e+06,3.44764e+06,3.16726e+06,3.16726e+06,3.16726e+06,7670.25,7670.25,7670.25,7618.08,7618.08,7618.08,1.25268e+06,1.25268e+06,1.25268e+06,1.37888e+06,1.37888e+06,1.37888e+06,1.41838e+07,1.41838e+07,1.41838e+07,1.35908e+07,1.35908e+07,1.35908e+07,8.87196e+07,8.87196e+07,8.87196e+07,5.91861,5.91861,5.91861,9.20394,9.20394,9.20394
502,2.27161e+06,2.27161e+06,2.27161e+06,4171.4,4171.4,4171.4,3964.09,3964.09,3964.09,3.44772e+06,3.44772e+06,3.44772e+06,3.1673e+06,3.1673e+06,3.1673e+06,7655.35,7655.35,7655.35,7606.99,7606.99,7606.99,1.25252e+06,1.25252e+06,1.25252e+06,1.37871e+06,1.37871e+06,1.37871e+06,1.41824e+07,1.41824e+07,1.41824e+07,1.35893e+07,1.35893e+07,1.35893e+07,8.87236e+07,8.87236e+07,8.87236e+07,5.90706,5.90706,5.90706,9.19029,9.19029,9.19029
503,2.27157e+06,2.27157e+06,2.27157e+06,4163.05,4163.05,4163.05,3958.19,3958.19,3958.19,3.44784e+06,3.44784e+06,3.44784e+06,3.16738e+06,3.16738e+06,3.16738e+06,7640.47,7640.47,7640.47,7596.14,7596.14,7596.14,1.25233e+06,1.25233e+06,1.25233e+06,1.3785e+06,1.3785e+06,1.3785e+06,1.41805e+07,1.41805e+07,1.41805e+07,1.35875e+07,1.35875e+07,1.35875e+07,8.87285e+07,8.87285e+07,8.87285e+07,5.89545,5.89545,5.89545,9.17683,9.17683,9.17683
504,2.27157e+06,2.27157e+06,2.27157e+06,4154.83,4154.83,4154.83,3952.51,3952.51,3952.51,3.448e+06,3.448e+06,3.448e+06,3.16749e+06,3.16749e+06,3.16749e+06,7625.78,7625.78,7625.78,7585.68,7585.68,7585.68,1.2521e+06,1.2521e+06,1.2521e+06,1.37823e+06,1.37823e+06,1.37823e+06,1.41781e+07,1.41781e+07,1.41781e+07,1.35854e+07,1.35854e+07,1.35854e+07,8.87342e+07,8.87342e+07,8.87342e+07,5.88393,5.88393,5.88393,9.16376,9.16376,9.16376
505,2.27159e+06,2.27159e+06,2.27159e+06,4146.84,4146.84,4146.84,3947.11,3947.11,3947.11,3.4482e+06,3.4482e+06,3.4482e+06,3.16763e+06,3.16763e+06,3.16763e+06,7611.49,7611.49,7611.49,7575.73,7575.73,7575.73,1.25185e+06,1.25185e+06,1.25185e+06,1.37793e+06,1.37793e+06,1.37793e+06,1.41753e+07,1.41753e+07,1.41753e+07,1.3583e+07,1.3583e+07,1.3583e+07,8.87407e+07,8.87407e+07,8.87407e+07,5.87264,5.87264,5.87264,9.15125,9.15125,9.15125
506,2.27164e+06,2.27164e+06,2.27164e+06,4139.19,4139.19,4139.19,3942.07,3942.07,3942.07,3.44843e+06,3.44843e+06,3.44843e+06,3.1678e+06,3.1678e+06,3.1678e+06,7597.78,7597.78,7597.78,7566.44,7566.44,7566.44,1.25157e+06,1.25157e+06,1.25157e+06,1.37758e+06,1.37758e+06,1.37758e+06,1.4172e+07,1.4172e+07,1.4172e+07,1.35803e+07,1.35803e+07,1.35803e+07,8.8748e+07,8.8748e+07,8.8748e+07,5.86174,5.86174,5.86174,9.13946,9.13946,9.13946
507,2.27172e+06,2.27172e+06,2.27172e+06,4131.96,4131.96,4131.96,3937.44,3937.44,3937.44,3.44869e+06,3.44869e+06,3.44869e+06,3.168e+06,3.168e+06,3.168e+06,7584.83,7584.83,7584.83,7557.93,7557.93,7557.93,1.25127e+06,1.25127e+06,1.25127e+06,1.37719e+06,1.37719e+06,1.37719e+06,1.41683e+07,1.41683e+07,1.41683e+07,1.35774e+07,1.35774e+07,1.35774e+07,8.87559e+07,8.87559e+07,8.87559e+07,5.85137,5.85137,5.85137,9.12855,9.12855,9.12855
508,2.27182e+06,2.27182e+06,2.27182e+06,4125.26,4125.26,4125.26,3933.29,3933.29,3933.29,3.44898e+06,3.44898e+06,3.44898e+06,3.16822e+06,3.16822e+06,3.16822e+06,7572.8,7572.8,7572.8,7550.3,7550.3,7550.3,1.25095e+06,1.25095e+06,1.25095e+06,1.37677e+06,1.37677e+06,1.37677e+06,1.41643e+07,1.41643e+07,1.41643e+07,1.35743e+07,1.35743e+07,1.35743e+07,8.87644e+07,8.87644e+07,8.87644e+07,5.84165,5.84165,5.84165,9.11865,9.11865,9.11865
509,2.27194e+06,2.27194e+06,2.27194e+06,4119.15,4119.15,4119.15,3929.66,3929.66,3929.66,3.4493e+06,3.4493e+06,3.4493e+06,3.16846e+06,3.16846e+06,3.16846e+06,7561.84,7561.84,7561.84,7543.66,7543.66,7543.66,1.25061e+06,1.25061e+06,1.25061e+06,1.37631e+06,1.37631e+06,1.37631e+06,1.41599e+07,1.41599e+07,1.41599e+07,1.35709e+07,1.35709e+07,1.35709e+07,8.87733e+07,8.87733e+07,8.87733e+07,5.83271,5.83271,5.83271,9.1099,9.1099,9.1099
510,2.27209e+06,2.27209e+06,2.27209e+06,4113.7,4113.7,4113.7,3926.6,3926.6,3926.6,3.44963e+06,3.44963e+06,3.44963e+06,3.16872e+06,3.16872e+06,3.16872e+06,7552.09,7552.09,7552.09,7538.08,7538.08,7538.08,1.25026e+06,1.25026e+06,1.25026e+06,1.37583e+06,1.37583e+06,1.37583e+06,1.41553e+07,1.41553e+07,1.41553e+07,1.35675e+07,1.35675e+07,1.35675e+07,8.87827e+07,8.87827e+07,8.87827e+07,5.82465,5.82465,5.82465,9.10238,9.10238,9.10238
511,2.27224e+06,2.27224e+06,2.27224e+06,4109,4109,4109,3924.15,3924.15,3924.15,3.44997e+06,3.44997e+06,3.44997e+06,3.16898e+06,3.16898e+06,3.16898e+06,7543.66,7543.66,7543.66,7533.63,7533.63,7533.63,1.2499e+06,1.2499e+06,1.2499e+06,1.37533e+06,1.37533e+06,1.37533e+06,1.41505e+07,1.41505e+07,1.41505e+07,1.3564e+07,1.3564e+07,1.3564e+07,8.87924e+07,8.87924e+07,8.87924e+07,5.81758,5.81758,5.81758,9.09621,9.09621,9.09621
512,2.27241e+06,2.27241e+06,2.27241e+06,4105.07,4105.07,4105.07,3922.31,3922.31,3922.31,3.45033e+06,3.45033e+06,3.45033e+06,3.16926e+06,3.16926e+06,3.16926e+06,7536.65,7536.65,7536.65,7530.37,7530.37,7530.37,1.24953e+06,1.24953e+06,1.24953e+06,1.37481e+06,1.37481e+06,1.37481e+06,1.41455e+07,1.41455e+07,1.41455e+07,1.35604e+07,1.35604e+07,1.35604e+07,8.88023e+07,8.88023e+07,8.88023e+07,5.81157,5.81157,5.81157,9.09144,9.09144,9.09144
513,2.27258e+06,2.27258e+06,2.27258e+06,4101.97,4101.97,4101.97,3921.12,3921.12,3921.12,3.45069e+06,3.45069e+06,3.45069e+06,3.16954e+06,3.16954e+06,3.16954e+06,7531.14,7531.14,7531.14,7528.33,7528.33,7528.33,1.24917e+06,1.24917e+06,1.24917e+06,1.37428e+06,1.37428e+06,1.37428e+06,1.41404e+07,1.41404e+07,1.41404e+07,1.35568e+07,1.35568e+07,1.35568e+07,8.88123e+07,8.88123e+07,8.88123e+07,5.80668,5.80668,5.80668,9.08814,9.08814,9.08814
514,2.27276e+06,2.27276e+06,2.27276e+06,4099.72,4099.72,4099.72,3920.59,3920.59,3920.59,3.45105e+06,3.45105e+06,3.45105e+06,3.16982e+06,3.16982e+06,3.16982e+06,7527.18,7527.18,7527.18,7527.53,7527.53,7527.53,1.2488e+06,1.2488e+06,1.2488e+06,1.37374e+06,1.37374e+06,1.37374e+06,1.41352e+07,1.41352e+07,1.41352e+07,1.35532e+07,1.35532e+07,1.35532e+07,8.88224e+07,8.88224e+07,8.88224e+07,5.80298,5.80298,5.80298,9.08632,9.08632,9.08632
515,2.27294e+06,2.27294e+06,2.27294e+06,4098.34,4098.34,4098.34,3920.7,3920.7,3920.7,3.4514e+06,3.4514e+06,3.4514e+06,3.1701e+06,3.1701e+06,3.1701e+06,7524.81,7524.81,7524.81,7527.97,7527.97,7527.97,1.24845e+06,1.24845e+06,1.24845e+06,1.37321e+06,1.37321e+06,1.37321e+06,1.41301e+07,1.41301e+07,1.41301e+07,1.35498e+07,1.35498e+07,1.35498e+07,8.88323e+07,8.88323e+07,8.88323e+07,5.8005,5.8005,5.8005,9.08601,9.08601,9.08601
516,2.27311e+06,2.27311e+06,2.27311e+06,4097.84,4097.84,4097.84,3921.46,3921.46,3921.46,3.45174e+06,3.45174e+06,3.45174e+06,3.17037e+06,3.17037e+06,3.17037e+06,7524.05,7524.05,7524.05,7529.64,7529.64,7529.64,1.2481e+06,1.2481e+06,1.2481e+06,1.37268e+06,1.37268e+06,1.37268e+06,1.4125e+07,1.4125e+07,1.4125e+07,1.35464e+07,1.35464e+07,1.35464e+07,8.88421e+07,8.88421e+07,8.88421e+07,5.79925,5.79925,5.79925,9.0872,9.0872,9.0872
517,2.27328e+06,2.27328e+06,2.27328e+06,4098.22,4098.22,4098.22,3922.84,3922.84,3922.84,3.45207e+06,3.45207e+06,3.45207e+06,3.17062e+06,3.17062e+06,3.17062e+06,7524.89,7524.89,7524.89,7532.5,7532.5,7532.5,1.24777e+06,1.24777e+06,1.24777e+06,1.37216e+06,1.37216e+06,1.37216e+06,1.41201e+07,1.41201e+07,1.41201e+07,1.35432e+07,1.35432e+07,1.35432e+07,8.88516e+07,8.88516e+07,8.88516e+07,5.79924,5.79924,5.79924,9.08985,9.08985,9.08985
518,2.27343e+06,2.27343e+06,2.27343e+06,4099.44,4099.44,4099.44,3924.83,3924.83,3924.83,3.45238e+06,3.45238e+06,3.45238e+06,3.17086e+06,3.17086e+06,3.17086e+06,7527.3,7527.3,7527.3,7536.52,7536.52,7536.52,1.24745e+06,1.24745e+06,1.24745e+06,1.37166e+06,1.37166e+06,1.37166e+06,1.41153e+07,1.41153e+07,1.41153e+07,1.35402e+07,1.35402e+07,1.35402e+07,8.88607e+07,8.88607e+07,8.88607e+07,5.80045,5.80045,5.80045,9.09392,9.09392,9.09392
519,2.27357e+06,2.27357e+06,2.27357e+06,4101.49,4101.49,4101.49,3927.37,3927.37,3927.37,3.45266e+06,3.45266e+06,3.45266e+06,3.17108e+06,3.17108e+06,3.17108e+06,7531.22,7531.22,7531.22,7541.62,7541.62,7541.62,1.24716e+06,1.24716e+06,1.24716e+06,1.37118e+06,1.37118e+06,1.37118e+06,1.41107e+07,1.41107e+07,1.41107e+07,1.35374e+07,1.35374e+07,1.35374e+07,8.88693e+07,8.88693e+07,8.88693e+07,5.80285,5.80285,5.80285,9.09935,9.09935,9.09935
520,2.27369e+06,2.27369e+06,2.27369e+06,4104.33,4104.33,4104.33,3930.44,3930.44,3930.44,3.45292e+06,3.45292e+06,3.45292e+06,3.17128e+06,3.17128e+06,3.17128e+06,7536.6,7536.6,7536.6,7547.73,7547.73,7547.73,1.24688e+06,1.24688e+06,1.24688e+06,1.37073e+06,1.37073e+06,1.37073e+06,1.41064e+07,1.41064e+07,1.41064e+07,1.35348e+07,1.35348e+07,1.35348e+07,8.88774e+07,8.88774e+07,8.88774e+07,5.8064,5.8064,5.8064,9.10603,9.10603,9.10603
521,2.27379e+06,2.27379e+06,2.27379e+06,4107.9,4107.9,4107.9,3933.99,3933.99,3933.99,3.45314e+06,3.45314e+06,3.45314e+06,3.17145e+06,3.17145e+06,3.17145e+06,7543.34,7543.34,7543.34,7554.76,7554.76,7554.76,1.24664e+06,1.24664e+06,1.24664e+06,1.3703e+06,1.3703e+06,1.3703e+06,1.41025e+07,1.41025e+07,1.41025e+07,1.35326e+07,1.35326e+07,1.35326e+07,8.88848e+07,8.88848e+07,8.88848e+07,5.81103,5.81103,5.81103,9.11388,9.11388,9.11388
522,2.27387e+06,2.27387e+06,2.27387e+06,4112.14,4112.14,4112.14,3937.95,3937.95,3937.95,3.45333e+06,3.45333e+06,3.45333e+06,3.1716e+06,3.1716e+06,3.1716e+06,7551.34,7551.34,7551.34,7562.6,7562.6,7562.6,1.24642e+06,1.24642e+06,1.24642e+06,1.36991e+06,1.36991e+06,1.36991e+06,1.40989e+07,1.40989e+07,1.40989e+07,1.35307e+07,1.35307e+07,1.35307e+07,8.88916e+07,8.88916e+07,8.88916e+07,5.81666,5.81666,5.81666,9.12277,9.12277,9.12277
523,2.27392e+06,2.27392e+06,2.27392e+06,4116.99,4116.99,4116.99,3942.26,3942.26,3942.26,3.45348e+06,3.45348e+06,3.45348e+06,3.17171e+06,3.17171e+06,3.17171e+06,7560.46,7560.46,7560.46,7571.15,7571.15,7571.15,1.24623e+06,1.24623e+06,1.24623e+06,1.36956e+06,1.36956e+06,1.36956e+06,1.40956e+07,1.40956e+07,1.40956e+07,1.3529e+07,1.3529e+07,1.3529e+07,8.88977e+07,8.88977e+07,8.88977e+07,5.82321,5.82321,5.82321,9.13257,9.13257,9.13257
524,2.27394e+06,2.27394e+06,2.27394e+06,4122.36,4122.36,4122.36,3946.86,3946.86,3946.86,3.4536e+06,3.4536e+06,3.4536e+06,3.17179e+06,3.17179e+06,3.17179e+06,7570.58,7570.58,7570.58,7580.26,7580.26,7580.26,1.24607e+06,1.24607e+06,1.24607e+06,1.36924e+06,1.36924e+06,1.36924e+06,1.40928e+07,1.40928e+07,1.40928e+07,1.35278e+07,1.35278e+07,1.35278e+07,8.89029e+07,8.89029e+07,8.89029e+07,5.83057,5.83057,5.83057,9.14313,9.14313,9.14313
525,2.27392e+06,2.27392e+06,2.27392e+06,4128.18,4128.18,4128.18,3951.68,3951.68,3951.68,3.45367e+06,3.45367e+06,3.45367e+06,3.17184e+06,3.17184e+06,3.17184e+06,7581.52,7581.52,7581.52,7589.81,7589.81,7589.81,1.24595e+06,1.24595e+06,1.24595e+06,1.36897e+06,1.36897e+06,1.36897e+06,1.40904e+07,1.40904e+07,1.40904e+07,1.35268e+07,1.35268e+07,1.35268e+07,8.89074e+07,8.89074e+07,8.89074e+07,5.83862,5.83862,5.83862,9.15429,9.15429,9.15429
526,2.27388e+06,2.27388e+06,2.27388e+06,4134.33,4134.33,4134.33,3956.64,3956.64,3956.64,3.4537e+06,3.4537e+06,3.4537e+06,3.17185e+06,3.17185e+06,3.17185e+06,7593.13,7593.13,7593.13,7599.65,7599.65,7599.65,1.24585e+06,1.24585e+06,1.24585e+06,1.36875e+06,1.36875e+06,1.36875e+06,1.40885e+07,1.40885e+07,1.40885e+07,1.35263e+07,1.35263e+07,1.35263e+07,8.8911e+07,8.8911e+07,8.8911e+07,5.84725,5.84725,5.84725,9.16587,9.16587,9.16587
527,2.27381e+06,2.27381e+06,2.27381e+06,4140.74,4140.74,4140.74,3961.66,3961.66,3961.66,3.45369e+06,3.45369e+06,3.45369e+06,3.17183e+06,3.17183e+06,3.17183e+06,7605.23,7605.23,7605.23,7609.63,7609.63,7609.63,1.24579e+06,1.24579e+06,1.24579e+06,1.36856e+06,1.36856e+06,1.36856e+06,1.40871e+07,1.40871e+07,1.40871e+07,1.35261e+07,1.35261e+07,1.35261e+07,8.89137e+07,8.89137e+07,8.89137e+07,5.85631,5.85631,5.85631,9.17772,9.17772,9.17772
528,2.2737e+06,2.2737e+06,2.2737e+06,4147.29,4147.29,4147.29,3966.67,3966.67,3966.67,3.45364e+06,3.45364e+06,3.45364e+06,3.17177e+06,3.17177e+06,3.17177e+06,7617.62,7617.62,7617.62,7619.62,7619.62,7619.62,1.24576e+06,1.24576e+06,1.24576e+06,1.36842e+06,1.36842e+06,1.36842e+06,1.40861e+07,1.40861e+07,1.40861e+07,1.35262e+07,1.35262e+07,1.35262e+07,8.89156e+07,8.89156e+07,8.89156e+07,5.86566,5.86566,5.86566,9.18964,9.18964,9.18964
529,2.27356e+06,2.27356e+06,2.27356e+06,4153.89,4153.89,4153.89,3971.58,3971.58,3971.58,3.45355e+06,3.45355e+06,3.45355e+06,3.17168e+06,3.17168e+06,3.17168e+06,7630.13,7630.13,7630.13,7629.45,7629.45,7629.45,1.24576e+06,1.24576e+06,1.24576e+06,1.36833e+06,1.36833e+06,1.36833e+06,1.40856e+07,1.40856e+07,1.40856e+07,1.35267e+07,1.35267e+07,1.35267e+07,8.89166e+07,8.89166e+07,8.89166e+07,5.87517,5.87517,5.87517,9.20145,9.20145,9.20145
530,2.27338e+06,2.27338e+06,2.27338e+06,4160.42,4160.42,4160.42,3976.31,3976.31,3976.31,3.45342e+06,3.45342e+06,3.45342e+06,3.17156e+06,3.17156e+06,3.17156e+06,7642.56,7642.56,7642.56,7638.97,7638.97,7638.97,1.24579e+06,1.24579e+06,1.24579e+06,1.36828e+06,1.36828e+06,1.36828e+06,1.40855e+07,1.40855e+07,1.40855e+07,1.35274e+07,1.35274e+07,1.35274e+07,8.89168e+07,8.89168e+07,8.89168e+07,5.88468,5.88468,5.88468,9.21297,9.21297,9.21297
531,2.27318e+06,2.27318e+06,2.27318e+06,4166.78,4166.78,4166.78,3980.8,3980.8,3980.8,3.45325e+06,3.45325e+06,3.45325e+06,3.17141e+06,3.17141e+06,3.17141e+06,7654.7,7654.7,7654.7,7648.04,7648.04,7648.04,1.24585e+06,1.24585e+06,1.24585e+06,1.36827e+06,1.36827e+06,1.36827e+06,1.40859e+07,1.40859e+07,1.40859e+07,1.35285e+07,1.35285e+07,1.35285e+07,8.89163e+07,8.89163e+07,8.89163e+07,5.89404,5.89404,5.89404,9.22403,9.22403,9.22403
532,2.27294e+06,2.27294e+06,2.27294e+06,4172.87,4172.87,4172.87,3984.96,3984.96,3984.96,3.45304e+06,3.45304e+06,3.45304e+06,3.17122e+06,3.17122e+06,3.17122e+06,7666.38,7666.38,7666.38,7656.53,7656.53,7656.53,1.24593e+06,1.24593e+06,1.24593e+06,1.3683e+06,1.3683e+06,1.3683e+06,1.40866e+07,1.40866e+07,1.40866e+07,1.35299e+07,1.35299e+07,1.35299e+07,8.89149e+07,8.89149e+07,8.89149e+07,5.9031,5.9031,5.9031,9.23444,9.23444,9.23444
533,2.27268e+06,2.27268e+06,2.27268e+06,4178.58,4178.58,4178.58,3988.74,3988.74,3988.74,3.4528e+06,3.4528e+06,3.4528e+06,3.17102e+06,3.17102e+06,3.17102e+06,7677.41,7677.41,7677.41,7664.28,7664.28,7664.28,1.24603e+06,1.24603e+06,1.24603e+06,1.36837e+06,1.36837e+06,1.36837e+06,1.40878e+07,1.40878e+07,1.40878e+07,1.35315e+07,1.35315e+07,1.35315e+07,8.89128e+07,8.89128e+07,8.89128e+07,5.91172,5.91172,5.91172,9.24405,9.24405,9.24405
534,2.27239e+06,2.27239e+06,2.27239e+06,4183.83,4183.83,4183.83,3992.05,3992.05,3992.05,3.45254e+06,3.45254e+06,3.45254e+06,3.17079e+06,3.17079e+06,3.17079e+06,7687.61,7687.61,7687.61,7671.2,7671.2,7671.2,1.24616e+06,1.24616e+06,1.24616e+06,1.36847e+06,1.36847e+06,1.36847e+06,1.40893e+07,1.40893e+07,1.40893e+07,1.35333e+07,1.35333e+07,1.35333e+07,8.89101e+07,8.89101e+07,8.89101e+07,5.91976,5.91976,5.91976,9.25269,9.25269,9.25269
535,2.27208e+06,2.27208e+06,2.27208e+06,4188.52,4188.52,4188.52,3994.86,3994.86,3994.86,3.45225e+06,3.45225e+06,3.45225e+06,3.17053e+06,3.17053e+06,3.17053e+06,7696.82,7696.82,7696.82,7677.15,7677.15,7677.15,1.2463e+06,1.2463e+06,1.2463e+06,1.3686e+06,1.3686e+06,1.3686e+06,1.40911e+07,1.40911e+07,1.40911e+07,1.35353e+07,1.35353e+07,1.35353e+07,8.89069e+07,8.89069e+07,8.89069e+07,5.92709,5.92709,5.92709,9.26024,9.26024,9.26024
536,2.27175e+06,2.27175e+06,2.27175e+06,4192.58,4192.58,4192.58,3997.11,3997.11,3997.11,3.45194e+06,3.45194e+06,3.45194e+06,3.17027e+06,3.17027e+06,3.17027e+06,7704.88,7704.88,7704.88,7682.06,7682.06,7682.06,1.24645e+06,1.24645e+06,1.24645e+06,1.36875e+06,1.36875e+06,1.36875e+06,1.40932e+07,1.40932e+07,1.40932e+07,1.35374e+07,1.35374e+07,1.35374e+07,8.89031e+07,8.89031e+07,8.89031e+07,5.93359,5.93359,5.93359,9.26657,9.26657,9.26657
537,2.2714e+06,2.2714e+06,2.2714e+06,4195.93,4195.93,4195.93,3998.76,3998.76,3998.76,3.45161e+06,3.45161e+06,3.45161e+06,3.16999e+06,3.16999e+06,3.16999e+06,7711.67,7711.67,7711.67,7685.84,7685.84,7685.84,1.24661e+06,1.24661e+06,1.24661e+06,1.36893e+06,1.36893e+06,1.36893e+06,1.40955e+07,1.40955e+07,1.40955e+07,1.35397e+07,1.35397e+07,1.35397e+07,8.88989e+07,8.88989e+07,8.88989e+07,5.93916,5.93916,5.93916,9.27157,9.27157,9.27157
538,2.27104e+06,2.27104e+06,2.27104e+06,4198.51,4198.51,4198.51,3999.78,3999.78,3999.78,3.45127e+06,3.45127e+06,3.45127e+06,3.1697e+06,3.1697e+06,3.1697e+06,7717.07,7717.07,7717.07,7688.42,7688.42,7688.42,1.24677e+06,1.24677e+06,1.24677e+06,1.36912e+06,1.36912e+06,1.36912e+06,1.40979e+07,1.40979e+07,1.40979e+07,1.3542e+07,1.3542e+07,1.3542e+07,8.88944e+07,8.88944e+07,8.88944e+07,5.94368,5.94368,5.94368,9.27516,9.27516,9.27516
539,2.27067e+06,2.27067e+06,2.27067e+06,4200.27,4200.27,4200.27,4000.15,4000.15,4000.15,3.45093e+06,3.45093e+06,3.45093e+06,3.1694e+06,3.1694e+06,3.1694e+06,7720.99,7720.99,7720.99,7689.76,7689.76,7689.76,1.24694e+06,1.24694e+06,1.24694e+06,1.36932e+06,1.36932e+06,1.36932e+06,1.41005e+07,1.41005e+07,1.41005e+07,1.35443e+07,1.35443e+07,1.35443e+07,8.88896e+07,8.88896e+07,8.88896e+07,5.9471,5.9471,5.9471,9.27727,9.27727,9.27727
540,2.27029e+06,2.27029e+06,2.27029e+06,4201.19,4201.19,4201.19,3999.85,3999.85,3999.85,3.45058e+06,3.45058e+06,3.45058e+06,3.16911e+06,3.16911e+06,3.16911e+06,7723.36,7723.36,7723.36,7689.85,7689.85,7689.85,1.2471e+06,1.2471e+06,1.2471e+06,1.36952e+06,1.36952e+06,1.36952e+06,1.4103e+07,1.4103e+07,1.4103e+07,1.35465e+07,1.35465e+07,1.35465e+07,8.88847e+07,8.88847e+07,8.88847e+07,5.94934,5.94934,5.94934,9.27787,9.27787,9.27787
541,2.26992e+06,2.26992e+06,2.26992e+06,4201.23,4201.23,4201.23,3998.9,3998.9,3998.9,3.45024e+06,3.45024e+06,3.45024e+06,3.16882e+06,3.16882e+06,3.16882e+06,7724.13,7724.13,7724.13,7688.66,7688.66,7688.66,1.24726e+06,1.24726e+06,1.24726e+06,1.36973e+06,1.36973e+06,1.36973e+06,1.41056e+07,1.41056e+07,1.41056e+07,1.35487e+07,1.35487e+07,1.35487e+07,8.88797e+07,8.88797e+07,8.88797e+07,5.95036,5.95036,5.95036,9.27693,9.27693,9.27693
542,2.26954e+06,2.26954e+06,2.26954e+06,4200.39,4200.39,4200.39,3997.28,3997.28,3997.28,3.4499e+06,3.4499e+06,3.4499e+06,3.16854e+06,3.16854e+06,3.16854e+06,7723.29,7723.29,7723.29,7686.22,7686.22,7686.22,1.2474e+06,1.2474e+06,1.2474e+06,1.36992e+06,1.36992e+06,1.36992e+06,1.41081e+07,1.41081e+07,1.41081e+07,1.35508e+07,1.35508e+07,1.35508e+07,8.88748e+07,8.88748e+07,8.88748e+07,5.95015,5.95015,5.95015,9.27447,9.27447,9.27447
543,2.26917e+06,2.26917e+06,2.26917e+06,4198.67,4198.67,4198.67,3995.04,3995.04,3995.04,3.44958e+06,3.44958e+06,3.44958e+06,3.16827e+06,3.16827e+06,3.16827e+06,7720.83,7720.83,7720.83,7682.56,7682.56,7682.56,1.24754e+06,1.24754e+06,1.24754e+06,1.3701e+06,1.3701e+06,1.3701e+06,1.41105e+07,1.41105e+07,1.41105e+07,1.35527e+07,1.35527e+07,1.35527e+07,8.887e+07,8.887e+07,8.887e+07,5.94868,5.94868,5.94868,9.27052,9.27052,9.27052
544,2.26881e+06,2.26881e+06,2.26881e+06,4196.1,4196.1,4196.1,3992.19,3992.19,3992.19,3.44928e+06,3.44928e+06,3.44928e+06,3.16801e+06,3.16801e+06,3.16801e+06,7716.79,7716.79,7716.79,7677.74,7677.74,7677.74,1.24765e+06,1.24765e+06,1.24765e+06,1.37027e+06,1.37027e+06,1.37027e+06,1.41127e+07,1.41127e+07,1.41127e+07,1.35545e+07,1.35545e+07,1.35545e+07,8.88654e+07,8.88654e+07,8.88654e+07,5.94599,5.94599,5.94599,9.26512,9.26512,9.26512
545,2.26846e+06,2.26846e+06,2.26846e+06,4192.7,4192.7,4192.7,3988.77,3988.77,3988.77,3.44899e+06,3.44899e+06,3.44899e+06,3.16778e+06,3.16778e+06,3.16778e+06,7711.22,7711.22,7711.22,7671.82,7671.82,7671.82,1.24774e+06,1.24774e+06,1.24774e+06,1.37041e+06,1.37041e+06,1.37041e+06,1.41147e+07,1.41147e+07,1.41147e+07,1.3556e+07,1.3556e+07,1.3556e+07,8.8861e+07,8.8861e+07,8.8861e+07,5.94209,5.94209,5.94209,9.25836,9.25836,9.25836
546,2.26813e+06,2.26813e+06,2.26813e+06,4188.51,4188.51,4188.51,3984.84,3984.84,3984.84,3.44874e+06,3.44874e+06,3.44874e+06,3.16756e+06,3.16756e+06,3.16756e+06,7704.2,7704.2,7704.2,7664.89,7664.89,7664.89,1.24781e+06,1.24781e+06,1.24781e+06,1.37053e+06,1.37053e+06,1.37053e+06,1.41164e+07,1.41164e+07,1.41164e+07,1.35572e+07,1.35572e+07,1.35572e+07,8.8857e+07,8.8857e+07,8.8857e+07,5.93706,5.93706,5.93706,9.25033,9.25033,9.25033
547,2.26782e+06,2.26782e+06,2.26782e+06,4183.61,4183.61,4183.61,3980.44,3980.44,3980.44,3.44851e+06,3.44851e+06,3.44851e+06,3.16738e+06,3.16738e+06,3.16738e+06,7695.84,7695.84,7695.84,7657.05,7657.05,7657.05,1.24785e+06,1.24785e+06,1.24785e+06,1.37062e+06,1.37062e+06,1.37062e+06,1.41178e+07,1.41178e+07,1.41178e+07,1.35582e+07,1.35582e+07,1.35582e+07,8.88535e+07,8.88535e+07,8.88535e+07,5.93094,5.93094,5.93094,9.24115,9.24115,9.24115
548,2.26753e+06,2.26753e+06,2.26753e+06,4178.05,4178.05,4178.05,3975.64,3975.64,3975.64,3.44831e+06,3.44831e+06,3.44831e+06,3.16722e+06,3.16722e+06,3.16722e+06,7686.24,7686.24,7686.24,7648.42,7648.42,7648.42,1.24787e+06,1.24787e+06,1.24787e+06,1.37067e+06,1.37067e+06,1.37067e+06,1.41188e+07,1.41188e+07,1.41188e+07,1.35589e+07,1.35589e+07,1.35589e+07,8.88503e+07,8.88503e+07,8.88503e+07,5.92385,5.92385,5.92385,9.23096,9.23096,9.23096
549,2.26727e+06,2.26727e+06,2.26727e+06,4171.92,4171.92,4171.92,3970.51,3970.51,3970.51,3.44815e+06,3.44815e+06,3.44815e+06,3.16709e+06,3.16709e+06,3.16709e+06,7675.57,7675.57,7675.57,7639.13,7639.13,7639.13,1.24785e+06,1.24785e+06,1.24785e+06,1.37068e+06,1.37068e+06,1.37068e+06,1.41194e+07,1.41194e+07,1.41194e+07,1.35592e+07,1.35592e+07,1.35592e+07,8.88477e+07,8.88477e+07,8.88477e+07,5.91586,5.91586,5.91586,9.21989,9.21989,9.21989
550,2.26703e+06,2.26703e+06,2.26703e+06,4165.3,4165.3,4165.3,3965.12,3965.12,3965.12,3.44803e+06,3.44803e+06,3.44803e+06,3.16699e+06,3.16699e+06,3.16699e+06,7663.96,7663.96,7663.96,7629.31,7629.31,7629.31,1.24781e+06,1.24781e+06,1.24781e+06,1.37065e+06,1.37065e+06,1.37065e+06,1.41197e+07,1.41197e+07,1.41197e+07,1.35592e+07,1.35592e+07,1.35592e+07,8.88457e+07,8.88457e+07,8.88457e+07,5.90711,5.90711,5.90711,9.20812,9.20812,9.20812
551,2.26682e+06,2.26682e+06,2.26682e+06,4158.27,4158.27,4158.27,3959.54,3959.54,3959.54,3.44794e+06,3.44794e+06,3.44794e+06,3.16692e+06,3.16692e+06,3.16692e+06,7651.58,7651.58,7651.58,7619.1,7619.1,7619.1,1.24773e+06,1.24773e+06,1.24773e+06,1.37059e+06,1.37059e+06,1.37059e+06,1.41194e+07,1.41194e+07,1.41194e+07,1.35588e+07,1.35588e+07,1.35588e+07,8.88443e+07,8.88443e+07,8.88443e+07,5.89771,5.89771,5.89771,9.1958,9.1958,9.1958
552,2.26664e+06,2.26664e+06,2.26664e+06,4150.95,4150.95,4150.95,3953.85,3953.85,3953.85,3.44789e+06,3.44789e+06,3.44789e+06,3.16689e+06,3.16689e+06,3.16689e+06,7638.63,7638.63,7638.63,7608.65,7608.65,7608.65,1.24762e+06,1.24762e+06,1.24762e+06,1.37047e+06,1.37047e+06,1.37047e+06,1.41187e+07,1.41187e+07,1.41187e+07,1.35581e+07,1.35581e+07,1.35581e+07,8.88435e+07,8.88435e+07,8.88435e+07,5.8878,5.8878,5.8878,9.18312,9.18312,9.18312
553,2.26649e+06,2.26649e+06,2.26649e+06,4143.43,4143.43,4143.43,3948.13,3948.13,3948.13,3.44788e+06,3.44788e+06,3.44788e+06,3.16688e+06,3.16688e+06,3.16688e+06,7625.27,7625.27,7625.27,7598.12,7598.12,7598.12,1.24748e+06,1.24748e+06,1.24748e+06,1.37032e+06,1.37032e+06,1.37032e+06,1.41176e+07,1.41176e+07,1.41176e+07,1.35571e+07,1.35571e+07,1.35571e+07,8.88432e+07,8.88432e+07,8.88432e+07,5.87752,5.87752,5.87752,9.17025,9.17025,9.17025
554,2.26637e+06,2.26637e+06,2.26637e+06,4135.82,4135.82,4135.82,3942.46,3942.46,3942.46,3.44791e+06,3.44791e+06,3.44791e+06,3.16692e+06,3.16692e+06,3.16692e+06,7611.7,7611.7,7611.7,7587.64,7587.64,7587.64,1.2473e+06,1.2473e+06,1.2473e+06,1.37011e+06,1.37011e+06,1.37011e+06,1.4116e+07,1.4116e+07,1.4116e+07,1.35557e+07,1.35557e+07,1.35557e+07,8.88437e+07,8.88437e+07,8.88437e+07,5.86701,5.86701,5.86701,9.15738,9.15738,9.15738
555,2.26628e+06,2.26628e+06,2.26628e+06,4128.22,4128.22,4128.22,3936.91,3936.91,3936.91,3.44797e+06,3.44797e+06,3.44797e+06,3.16698e+06,3.16698e+06,3.16698e+06,7598.12,7598.12,7598.12,7577.37,7577.37,7577.37,1.2471e+06,1.2471e+06,1.2471e+06,1.36987e+06,1.36987e+06,1.36987e+06,1.4114e+07,1.4114e+07,1.4114e+07,1.35539e+07,1.35539e+07,1.35539e+07,8.88447e+07,8.88447e+07,8.88447e+07,5.85643,5.85643,5.85643,9.14468,9.14468,9.14468
556,2.26621e+06,2.26621e+06,2.26621e+06,4120.74,4120.74,4120.74,3931.57,3931.57,3931.57,3.44807e+06,3.44807e+06,3.44807e+06,3.16707e+06,3.16707e+06,3.16707e+06,7584.72,7584.72,7584.72,7567.45,7567.45,7567.45,1.24687e+06,1.24687e+06,1.24687e+06,1.36958e+06,1.36958e+06,1.36958e+06,1.41115e+07,1.41115e+07,1.41115e+07,1.35519e+07,1.35519e+07,1.35519e+07,8.88462e+07,8.88462e+07,8.88462e+07,5.84593,5.84593,5.84593,9.13233,9.13233,9.13233
557,2.26618e+06,2.26618e+06,2.26618e+06,4113.47,4113.47,4113.47,3926.49,3926.49,3926.49,3.4482e+06,3.4482e+06,3.4482e+06,3.16719e+06,3.16719e+06,3.16719e+06,7571.68,7571.68,7571.68,7558.03,7558.03,7558.03,1.24661e+06,1.24661e+06,1.24661e+06,1.36926e+06,1.36926e+06,1.36926e+06,1.41086e+07,1.41086e+07,1.41086e+07,1.35496e+07,1.35496e+07,1.35496e+07,8.88484e+07,8.88484e+07,8.88484e+07,5.83564,5.83564,5.83564,9.12051,9.12051,9.12051
558,2.26617e+06,2.26617e+06,2.26617e+06,4106.52,4106.52,4106.52,3921.76,3921.76,3921.76,3.44837e+06,3.44837e+06,3.44837e+06,3.16734e+06,3.16734e+06,3.16734e+06,7559.19,7559.19,7559.19,7549.21,7549.21,7549.21,1.24633e+06,1.24633e+06,1.24633e+06,1.36889e+06,1.36889e+06,1.36889e+06,1.41052e+07,1.41052e+07,1.41052e+07,1.3547e+07,1.3547e+07,1.3547e+07,8.8851e+07,8.8851e+07,8.8851e+07,5.82571,5.82571,5.82571,9.10936,9.10936,9.10936
559,2.26618e+06,2.26618e+06,2.26618e+06,4099.97,4099.97,4099.97,3917.42,3917.42,3917.42,3.44856e+06,3.44856e+06,3.44856e+06,3.16751e+06,3.16751e+06,3.16751e+06,7547.41,7547.41,7547.41,7541.14,7541.14,7541.14,1.24603e+06,1.24603e+06,1.24603e+06,1.36849e+06,1.36849e+06,1.36849e+06,1.41016e+07,1.41016e+07,1.41016e+07,1.35442e+07,1.35442e+07,1.35442e+07,8.8854e+07,8.8854e+07,8.8854e+07,5.81627,5.81627,5.81627,9.09905,9.09905,9.09905
560,2.26622e+06,2.26622e+06,2.26622e+06,4093.93,4093.93,4093.93,3913.54,3913.54,3913.54,3.44877e+06,3.44877e+06,3.44877e+06,3.1677e+06,3.1677e+06,3.1677e+06,7536.51,7536.51,7536.51,7533.92,7533.92,7533.92,1.24571e+06,1.24571e+06,1.24571e+06,1.36806e+06,1.36806e+06,1.36806e+06,1.40976e+07,1.40976e+07,1.40976e+07,1.35412e+07,1.35412e+07,1.35412e+07,8.88574e+07,8.88574e+07,8.88574e+07,5.80746,5.80746,5.80746,9.08971,9.08971,9.08971
561,2.26628e+06,2.26628e+06,2.26628e+06,4088.45,4088.45,4088.45,3910.17,3910.17,3910.17,3.449e+06,3.449e+06,3.449e+06,3.16791e+06,3.16791e+06,3.16791e+06,7526.63,7526.63,7526.63,7527.64,7527.64,7527.64,1.24538e+06,1.24538e+06,1.24538e+06,1.3676e+06,1.3676e+06,1.3676e+06,1.40933e+07,1.40933e+07,1.40933e+07,1.3538e+07,1.3538e+07,1.3538e+07,8.88611e+07,8.88611e+07,8.88611e+07,5.7994,5.7994,5.7994,9.08147,9.08147,9.08147
562,2.26635e+06,2.26635e+06,2.26635e+06,4083.62,4083.62,4083.62,3907.34,3907.34,3907.34,3.44925e+06,3.44925e+06,3.44925e+06,3.16813e+06,3.16813e+06,3.16813e+06,7517.91,7517.91,7517.91,7522.39,7522.39,7522.39,1.24503e+06,1.24503e+06,1.24503e+06,1.36713e+06,1.36713e+06,1.36713e+06,1.40888e+07,1.40888e+07,1.40888e+07,1.35347e+07,1.35347e+07,1.35347e+07,8.8865e+07,8.8865e+07,8.8865e+07,5.79218,5.79218,5.79218,9.07442,9.07442,9.07442
563,2.26643e+06,2.26643e+06,2.26643e+06,4079.5,4079.5,4079.5,3905.1,3905.1,3905.1,3.44951e+06,3.44951e+06,3.44951e+06,3.16836e+06,3.16836e+06,3.16836e+06,7510.47,7510.47,7510.47,7518.23,7518.23,7518.23,1.24468e+06,1.24468e+06,1.24468e+06,1.36663e+06,1.36663e+06,1.36663e+06,1.40841e+07,1.40841e+07,1.40841e+07,1.35313e+07,1.35313e+07,1.35313e+07,8.88691e+07,8.88691e+07,8.88691e+07,5.78591,5.78591,5.78591,9.06867,9.06867,9.06867
564,2.26653e+06,2.26653e+06,2.26653e+06,4076.13,4076.13,4076.13,3903.47,3903.47,3903.47,3.44978e+06,3.44978e+06,3.44978e+06,3.1686e+06,3.1686e+06,3.1686e+06,7504.4,7504.4,7504.4,7515.23,7515.23,7515.23,1.24432e+06,1.24432e+06,1.24432e+06,1.36612e+06,1.36612e+06,1.36612e+06,1.40793e+07,1.40793e+07,1.40793e+07,1.35279e+07,1.35279e+07,1.35279e+07,8.88732e+07,8.88732e+07,8.88732e+07,5.78066,5.78066,5.78066,9.06429,9.06429,9.06429
565,2.26663e+06,2.26663e+06,2.26663e+06,4073.56,4073.56,4073.56,3902.46,3902.46,3902.46,3.45005e+06,3.45005e+06,3.45005e+06,3.16884e+06,3.16884e+06,3.16884e+06,7499.77,7499.77,7499.77,7513.41,7513.41,7513.41,1.24397e+06,1.24397e+06,1.24397e+06,1.3656e+06,1.3656e+06,1.3656e+06,1.40744e+07,1.40744e+07,1.40744e+07,1.35244e+07,1.35244e+07,1.35244e+07,8.88773e+07,8.88773e+07,8.88773e+07,5.77651,5.77651,5.77651,9.06132,9.06132,9.06132
566,2.26673e+06,2.26673e+06,2.26673e+06,4071.82,4071.82,4071.82,3902.09,3902.09,3902.09,3.45031e+06,3.45031e+06,3.45031e+06,3.16908e+06,3.16908e+06,3.16908e+06,7496.66,7496.66,7496.66,7512.8,7512.8,7512.8,1.24361e+06,1.24361e+06,1.24361e+06,1.36508e+06,1.36508e+06,1.36508e+06,1.40694e+07,1.40694e+07,1.40694e+07,1.3521e+07,1.3521e+07,1.3521e+07,8.88812e+07,8.88812e+07,8.88812e+07,5.7735,5.7735,5.7735,9.05981,9.05981,9.05981
567,2.26683e+06,2.26683e+06,2.26683e+06,4070.93,4070.93,4070.93,3902.36,3902.36,3902.36,3.45057e+06,3.45057e+06,3.45057e+06,3.16931e+06,3.16931e+06,3.16931e+06,7495.1,7495.1,7495.1,7513.41,7513.41,7513.41,1.24327e+06,1.24327e+06,1.24327e+06,1.36456e+06,1.36456e+06,1.36456e+06,1.40645e+07,1.40645e+07,1.40645e+07,1.35176e+07,1.35176e+07,1.35176e+07,8.8885e+07,8.8885e+07,8.8885e+07,5.77167,5.77167,5.77167,9.05977,9.05977,9.05977
568,2.26692e+06,2.26692e+06,2.26692e+06,4070.89,4070.89,4070.89,3903.25,3903.25,3903.25,3.45081e+06,3.45081e+06,3.45081e+06,3.16953e+06,3.16953e+06,3.16953e+06,7495.1,7495.1,7495.1,7515.22,7515.22,7515.22,1.24293e+06,1.24293e+06,1.24293e+06,1.36406e+06,1.36406e+06,1.36406e+06,1.40596e+07,1.40596e+07,1.40596e+07,1.35144e+07,1.35144e+07,1.35144e+07,8.88884e+07,8.88884e+07,8.88884e+07,5.77105,5.77105,5.77105,9.0612,9.0612,9.0612
569,2.26701e+06,2.26701e+06,2.26701e+06,4071.7,4071.7,4071.7,3904.76,3904.76,3904.76,3.45104e+06,3.45104e+06,3.45104e+06,3.16973e+06,3.16973e+06,3.16973e+06,7496.66,7496.66,7496.66,7518.21,7518.21,7518.21,1.24261e+06,1.24261e+06,1.24261e+06,1.36356e+06,1.36356e+06,1.36356e+06,1.40549e+07,1.40549e+07,1.40549e+07,1.35113e+07,1.35113e+07,1.35113e+07,8.88915e+07,8.88915e+07,8.88915e+07,5.77164,5.77164,5.77164,9.06406,9.06406,9.06406
570,2.26708e+06,2.26708e+06,2.26708e+06,4073.35,4073.35,4073.35,3906.86,3906.86,3906.86,3.45124e+06,3.45124e+06,3.45124e+06,3.16992e+06,3.16992e+06,3.16992e+06,7499.76,7499.76,7499.76,7522.32,7522.32,7522.32,1.24231e+06,1.24231e+06,1.24231e+06,1.36308e+06,1.36308e+06,1.36308e+06,1.40504e+07,1.40504e+07,1.40504e+07,1.35084e+07,1.35084e+07,1.35084e+07,8.88941e+07,8.88941e+07,8.88941e+07,5.77341,5.77341,5.77341,9.06832,9.06832,9.06832
571,2.26714e+06,2.26714e+06,2.26714e+06,4075.8,4075.8,4075.8,3909.51,3909.51,3909.51,3.45142e+06,3.45142e+06,3.45142e+06,3.17009e+06,3.17009e+06,3.17009e+06,7504.35,7504.35,7504.35,7527.51,7527.51,7527.51,1.24203e+06,1.24203e+06,1.24203e+06,1.36263e+06,1.36263e+06,1.36263e+06,1.40461e+07,1.40461e+07,1.40461e+07,1.35057e+07,1.35057e+07,1.35057e+07,8.88961e+07,8.88961e+07,8.88961e+07,5.77636,5.77636,5.77636,9.0739,9.0739,9.0739
572,2.26718e+06,2.26718e+06,2.26718e+06,4079.02,4079.02,4079.02,3912.68,3912.68,3912.68,3.45158e+06,3.45158e+06,3.45158e+06,3.17023e+06,3.17023e+06,3.17023e+06,7510.36,7510.36,7510.36,7533.69,7533.69,7533.69,1.24177e+06,1.24177e+06,1.24177e+06,1.36221e+06,1.36221e+06,1.36221e+06,1.40421e+07,1.40421e+07,1.40421e+07,1.35033e+07,1.35033e+07,1.35033e+07,8.88976e+07,8.88976e+07,8.88976e+07,5.78042,5.78042,5.78042,9.08073,9.08073,9.08073
573,2.26719e+06,2.26719e+06,2.26719e+06,4082.96,4082.96,4082.96,3916.31,3916.31,3916.31,3.45169e+06,3.45169e+06,3.45169e+06,3.17035e+06,3.17035e+06,3.17035e+06,7517.71,7517.71,7517.71,7540.78,7540.78,7540.78,1.24154e+06,1.24154e+06,1.24154e+06,1.36181e+06,1.36181e+06,1.36181e+06,1.40384e+07,1.40384e+07,1.40384e+07,1.35012e+07,1.35012e+07,1.35012e+07,8.88984e+07,8.88984e+07,8.88984e+07,5.78555,5.78555,5.78555,9.08871,9.08871,9.08871
574,2.26718e+06,2.26718e+06,2.26718e+06,4087.56,4087.56,4087.56,3920.36,3920.36,3920.36,3.45178e+06,3.45178e+06,3.45178e+06,3.17044e+06,3.17044e+06,3.17044e+06,7526.29,7526.29,7526.29,7548.68,7548.68,7548.68,1.24134e+06,1.24134e+06,1.24134e+06,1.36146e+06,1.36146e+06,1.36146e+06,1.40351e+07,1.40351e+07,1.40351e+07,1.34993e+07,1.34993e+07,1.34993e+07,8.88984e+07,8.88984e+07,8.88984e+07,5.79166,5.79166,5.79166,9.09771,9.09771,9.09771
575,2.26714e+06,2.26714e+06,2.26714e+06,4092.75,4092.75,4092.75,3924.75,3924.75,3924.75,3.45182e+06,3.45182e+06,3.45182e+06,3.17049e+06,3.17049e+06,3.17049e+06,7535.98,7535.98,7535.98,7557.26,7557.26,7557.26,1.24116e+06,1.24116e+06,1.24116e+06,1.36114e+06,1.36114e+06,1.36114e+06,1.40322e+07,1.40322e+07,1.40322e+07,1.34978e+07,1.34978e+07,1.34978e+07,8.88977e+07,8.88977e+07,8.88977e+07,5.79867,5.79867,5.79867,9.10761,9.10761,9.10761
576,2.26707e+06,2.26707e+06,2.26707e+06,4098.45,4098.45,4098.45,3929.43,3929.43,3929.43,3.45183e+06,3.45183e+06,3.45183e+06,3.17051e+06,3.17051e+06,3.17051e+06,7546.64,7546.64,7546.64,7566.41,7566.41,7566.41,1.24102e+06,1.24102e+06,1.24102e+06,1.36086e+06,1.36086e+06,1.36086e+06,1.40297e+07,1.40297e+07,1.40297e+07,1.34966e+07,1.34966e+07,1.34966e+07,8.88961e+07,8.88961e+07,8.88961e+07,5.80648,5.80648,5.80648,9.11826,9.11826,9.11826
577,2.26697e+06,2.26697e+06,2.26697e+06,4104.59,4104.59,4104.59,3934.32,3934.32,3934.32,3.45179e+06,3.45179e+06,3.45179e+06,3.1705e+06,3.1705e+06,3.1705e+06,7558.13,7558.13,7558.13,7576,7576,7576,1.24091e+06,1.24091e+06,1.24091e+06,1.36063e+06,1.36063e+06,1.36063e+06,1.40276e+07,1.40276e+07,1.40276e+07,1.34958e+07,1.34958e+07,1.34958e+07,8.88937e+07,8.88937e+07,8.88937e+07,5.81497,5.81497,5.81497,9.12951,9.12951,9.12951
578,2.26684e+06,2.26684e+06,2.26684e+06,4111.07,4111.07,4111.07,3939.35,3939.35,3939.35,3.45171e+06,3.45171e+06,3.45171e+06,3.17045e+06,3.17045e+06,3.17045e+06,7570.26,7570.26,7570.26,7585.87,7585.87,7585.87,1.24083e+06,1.24083e+06,1.24083e+06,1.36044e+06,1.36044e+06,1.36044e+06,1.4026e+07,1.4026e+07,1.4026e+07,1.34953e+07,1.34953e+07,1.34953e+07,8.88905e+07,8.88905e+07,8.88905e+07,5.82402,5.82402,5.82402,9.14118,9.14118,9.14118
579,2.26667e+06,2.26667e+06,2.26667e+06,4117.78,4117.78,4117.78,3944.44,3944.44,3944.44,3.45158e+06,3.45158e+06,3.45158e+06,3.17036e+06,3.17036e+06,3.17036e+06,7582.88,7582.88,7582.88,7595.89,7595.89,7595.89,1.24079e+06,1.24079e+06,1.24079e+06,1.3603e+06,1.3603e+06,1.3603e+06,1.40249e+07,1.40249e+07,1.40249e+07,1.34951e+07,1.34951e+07,1.34951e+07,8.88864e+07,8.88864e+07,8.88864e+07,5.8335,5.8335,5.8335,9.1531,9.1531,9.1531
580,2.26647e+06,2.26647e+06,2.26647e+06,4124.64,4124.64,4124.64,3949.52,3949.52,3949.52,3.45142e+06,3.45142e+06,3.45142e+06,3.17024e+06,3.17024e+06,3.17024e+06,7595.79,7595.79,7595.79,7605.9,7605.9,7605.9,1.24078e+06,1.24078e+06,1.24078e+06,1.3602e+06,1.3602e+06,1.3602e+06,1.40243e+07,1.40243e+07,1.40243e+07,1.34953e+07,1.34953e+07,1.34953e+07,8.88815e+07,8.88815e+07,8.88815e+07,5.84326,5.84326,5.84326,9.1651,9.1651,9.1651
581,2.26624e+06,2.26624e+06,2.26624e+06,4131.54,4131.54,4131.54,3954.49,3954.49,3954.49,3.45121e+06,3.45121e+06,3.45121e+06,3.17009e+06,3.17009e+06,3.17009e+06,7608.8,7608.8,7608.8,7615.76,7615.76,7615.76,1.2408e+06,1.2408e+06,1.2408e+06,1.36015e+06,1.36015e+06,1.36015e+06,1.40241e+07,1.40241e+07,1.40241e+07,1.34959e+07,1.34959e+07,1.34959e+07,8.88757e+07,8.88757e+07,8.88757e+07,5.85317,5.85317,5.85317,9.17699,9.17699,9.17699
582,2.26597e+06,2.26597e+06,2.26597e+06,4138.36,4138.36,4138.36,3959.29,3959.29,3959.29,3.45096e+06,3.45096e+06,3.45096e+06,3.1699e+06,3.1699e+06,3.1699e+06,7621.72,7621.72,7621.72,7625.31,7625.31,7625.31,1.24084e+06,1.24084e+06,1.24084e+06,1.36014e+06,1.36014e+06,1.36014e+06,1.40244e+07,1.40244e+07,1.40244e+07,1.34967e+07,1.34967e+07,1.34967e+07,8.88692e+07,8.88692e+07,8.88692e+07,5.86308,5.86308,5.86308,9.18859,9.18859,9.18859
583,2.26567e+06,2.26567e+06,2.26567e+06,4145.01,4145.01,4145.01,3963.84,3963.84,3963.84,3.45068e+06,3.45068e+06,3.45068e+06,3.16967e+06,3.16967e+06,3.16967e+06,7634.36,7634.36,7634.36,7634.41,7634.41,7634.41,1.24092e+06,1.24092e+06,1.24092e+06,1.36018e+06,1.36018e+06,1.36018e+06,1.40251e+07,1.40251e+07,1.40251e+07,1.34978e+07,1.34978e+07,1.34978e+07,8.88619e+07,8.88619e+07,8.88619e+07,5.87283,5.87283,5.87283,9.19971,9.19971,9.19971
584,2.26534e+06,2.26534e+06,2.26534e+06,4151.38,4151.38,4151.38,3968.06,3968.06,3968.06,3.45036e+06,3.45036e+06,3.45036e+06,3.16942e+06,3.16942e+06,3.16942e+06,7646.52,7646.52,7646.52,7642.92,7642.92,7642.92,1.24102e+06,1.24102e+06,1.24102e+06,1.36026e+06,1.36026e+06,1.36026e+06,1.40262e+07,1.40262e+07,1.40262e+07,1.34992e+07,1.34992e+07,1.34992e+07,8.88538e+07,8.88538e+07,8.88538e+07,5.88228,5.88228,5.88228,9.21019,9.21019,9.21019
585,2.26498e+06,2.26498e+06,2.26498e+06,4157.38,4157.38,4157.38,3971.89,3971.89,3971.89,3.45e+06,3.45e+06,3.45e+06,3.16914e+06,3.16914e+06,3.16914e+06,7658.02,7658.02,7658.02,7650.69,7650.69,7650.69,1.24114e+06,1.24114e+06,1.24114e+06,1.36037e+06,1.36037e+06,1.36037e+06,1.40277e+07,1.40277e+07,1.40277e+07,1.35009e+07,1.35009e+07,1.35009e+07,8.88452e+07,8.88452e+07,8.88452e+07,5.89128,5.89128,5.89128,9.21986,9.21986,9.21986
586,2.26459e+06,2.26459e+06,2.26459e+06,4162.89,4162.89,4162.89,3975.25,3975.25,3975.25,3.44962e+06,3.44962e+06,3.44962e+06,3.16884e+06,3.16884e+06,3.16884e+06,7668.68,7668.68,7668.68,7657.62,7657.62,7657.62,1.24129e+06,1.24129e+06,1.24129e+06,1.36052e+06,1.36052e+06,1.36052e+06,1.40296e+07,1.40296e+07,1.40296e+07,1.35027e+07,1.35027e+07,1.35027e+07,8.88359e+07,8.88359e+07,8.88359e+07,5.89969,5.89969,5.89969,9.22856,9.22856,9.22856
587,2.26418e+06,2.26418e+06,2.26418e+06,4167.85,4167.85,4167.85,3978.11,3978.11,3978.11,3.44921e+06,3.44921e+06,3.44921e+06,3.16852e+06,3.16852e+06,3.16852e+06,7678.34,7678.34,7678.34,7663.58,7663.58,7663.58,1.24144e+06,1.24144e+06,1.24144e+06,1.3607e+06,1.3607e+06,1.3607e+06,1.40318e+07,1.40318e+07,1.40318e+07,1.35048e+07,1.35048e+07,1.35048e+07,8.88262e+07,8.88262e+07,8.88262e+07,5.90738,5.90738,5.90738,9.23615,9.23615,9.23615
588,2.26375e+06,2.26375e+06,2.26375e+06,4172.16,4172.16,4172.16,3980.39,3980.39,3980.39,3.44878e+06,3.44878e+06,3.44878e+06,3.16818e+06,3.16818e+06,3.16818e+06,7686.84,7686.84,7686.84,7668.48,7668.48,7668.48,1.24162e+06,1.24162e+06,1.24162e+06,1.3609e+06,1.3609e+06,1.3609e+06,1.40342e+07,1.40342e+07,1.40342e+07,1.35069e+07,1.35069e+07,1.35069e+07,8.88161e+07,8.88161e+07,8.88161e+07,5.91423,5.91423,5.91423,9.24251,9.24251,9.24251
589,2.2633e+06,2.2633e+06,2.2633e+06,4175.74,4175.74,4175.74,3982.07,3982.07,3982.07,3.44833e+06,3.44833e+06,3.44833e+06,3.16782e+06,3.16782e+06,3.16782e+06,7694.04,7694.04,7694.04,7672.24,7672.24,7672.24,1.2418e+06,1.2418e+06,1.2418e+06,1.36113e+06,1.36113e+06,1.36113e+06,1.40368e+07,1.40368e+07,1.40368e+07,1.35092e+07,1.35092e+07,1.35092e+07,8.88056e+07,8.88056e+07,8.88056e+07,5.92013,5.92013,5.92013,9.24753,9.24753,9.24753
590,2.26284e+06,2.26284e+06,2.26284e+06,4178.55,4178.55,4178.55,3983.11,3983.11,3983.11,3.44787e+06,3.44787e+06,3.44787e+06,3.16746e+06,3.16746e+06,3.16746e+06,7699.84,7699.84,7699.84,7674.79,7674.79,7674.79,1.24198e+06,1.24198e+06,1.24198e+06,1.36137e+06,1.36137e+06,1.36137e+06,1.40396e+07,1.40396e+07,1.40396e+07,1.35115e+07,1.35115e+07,1.35115e+07,8.87949e+07,8.87949e+07,8.87949e+07,5.92497,5.92497,5.92497,9.25112,9.25112,9.25112
591,2.26237e+06,2.26237e+06,2.26237e+06,4180.53,4180.53,4180.53,3983.49,3983.49,3983.49,3.44741e+06,3.44741e+06,3.44741e+06,3.16709e+06,3.16709e+06,3.16709e+06,7704.13,7704.13,7704.13,7676.09,7676.09,7676.09,1.24217e+06,1.24217e+06,1.24217e+06,1.36162e+06,1.36162e+06,1.36162e+06,1.40426e+07,1.40426e+07,1.40426e+07,1.35138e+07,1.35138e+07,1.35138e+07,8.87841e+07,8.87841e+07,8.87841e+07,5.92869,5.92869,5.92869,9.25321,9.25321,9.25321
592,2.26189e+06,2.26189e+06,2.26189e+06,4181.64,4181.64,4181.64,3983.19,3983.19,3983.19,3.44694e+06,3.44694e+06,3.44694e+06,3.16672e+06,3.16672e+06,3.16672e+06,7706.83,7706.83,7706.83,7676.1,7676.1,7676.1,1.24235e+06,1.24235e+06,1.24235e+06,1.36188e+06,1.36188e+06,1.36188e+06,1.40455e+07,1.40455e+07,1.40455e+07,1.3516e+07,1.3516e+07,1.3516e+07,8.87733e+07,8.87733e+07,8.87733e+07,5.93121,5.93121,5.93121,9.25376,9.25376,9.25376
593,2.26141e+06,2.26141e+06,2.26141e+06,4181.85,4181.85,4181.85,3982.21,3982.21,3982.21,3.44648e+06,3.44648e+06,3.44648e+06,3.16635e+06,3.16635e+06,3.16635e+06,7707.91,7707.91,7707.91,7674.82,7674.82,7674.82,1.24252e+06,1.24252e+06,1.24252e+06,1.36213e+06,1.36213e+06,1.36213e+06,1.40485e+07,1.40485e+07,1.40485e+07,1.35182e+07,1.35182e+07,1.35182e+07,8.87625e+07,8.87625e+07,8.87625e+07,5.93248,5.93248,5.93248,9.25275,9.25275,9.25275
594,2.26093e+06,2.26093e+06,2.26093e+06,4181.17,4181.17,4181.17,3980.56,3980.56,3980.56,3.44602e+06,3.44602e+06,3.44602e+06,3.16599e+06,3.16599e+06,3.16599e+06,7707.33,7707.33,7707.33,7672.26,7672.26,7672.26,1.24269e+06,1.24269e+06,1.24269e+06,1.36238e+06,1.36238e+06,1.36238e+06,1.40513e+07,1.40513e+07,1.40513e+07,1.35203e+07,1.35203e+07,1.35203e+07,8.8752e+07,8.8752e+07,8.8752e+07,5.93249,5.93249,5.93249,9.25018,9.25018,9.25018
595,2.26046e+06,2.26046e+06,2.26046e+06,4179.58,4179.58,4179.58,3978.26,3978.26,3978.26,3.44558e+06,3.44558e+06,3.44558e+06,3.16564e+06,3.16564e+06,3.16564e+06,7705.1,7705.1,7705.1,7668.45,7668.45,7668.45,1.24284e+06,1.24284e+06,1.24284e+06,1.36262e+06,1.36262e+06,1.36262e+06,1.40541e+07,1.40541e+07,1.40541e+07,1.35222e+07,1.35222e+07,1.35222e+07,8.87417e+07,8.87417e+07,8.87417e+07,5.93122,5.93122,5.93122,9.24608,9.24608,9.24608
596,2.26e+06,2.26e+06,2.26e+06,4177.1,4177.1,4177.1,3975.33,3975.33,3975.33,3.44516e+06,3.44516e+06,3.44516e+06,3.16531e+06,3.16531e+06,3.16531e+06,7701.24,7701.24,7701.24,7663.44,7663.44,7663.44,1.24297e+06,1.24297e+06,1.24297e+06,1.36283e+06,1.36283e+06,1.36283e+06,1.40566e+07,1.40566e+07,1.40566e+07,1.35239e+07,1.35239e+07,1.35239e+07,8.87318e+07,8.87318e+07,8.87318e+07,5.92868,5.92868,5.92868,9.2405,9.2405,9.2405
597,2.25955e+06,2.25955e+06,2.25955e+06,4173.77,4173.77,4173.77,3971.82,3971.82,3971.82,3.44476e+06,3.44476e+06,3.44476e+06,3.16499e+06,3.16499e+06,3.16499e+06,7695.8,7695.8,7695.8,7657.3,7657.3,7657.3,1.24308e+06,1.24308e+06,1.24308e+06,1.36303e+06,1.36303e+06,1.36303e+06,1.4059e+07,1.4059e+07,1.4059e+07,1.35254e+07,1.35254e+07,1.35254e+07,8.87223e+07,8.87223e+07,8.87223e+07,5.92491,5.92491,5.92491,9.23352,9.23352,9.23352
598,2.25912e+06,2.25912e+06,2.25912e+06,4169.63,4169.63,4169.63,3967.77,3967.77,3967.77,3.44438e+06,3.44438e+06,3.44438e+06,3.1647e+06,3.1647e+06,3.1647e+06,7688.86,7688.86,7688.86,7650.11,7650.11,7650.11,1.24316e+06,1.24316e+06,1.24316e+06,1.3632e+06,1.3632e+06,1.3632e+06,1.4061e+07,1.4061e+07,1.4061e+07,1.35265e+07,1.35265e+07,1.35265e+07,8.87134e+07,8.87134e+07,8.87134e+07,5.91995,5.91995,5.91995,9.22522,9.22522,9.22522
599,2.2587e+06,2.2587e+06,2.2587e+06,4164.73,4164.73,4164.73,3963.23,3963.23,3963.23,3.44404e+06,3.44404e+06,3.44404e+06,3.16444e+06,3.16444e+06,3.16444e+06,7680.52,7680.52,7680.52,7641.98,7641.98,7641.98,1.24322e+06,1.24322e+06,1.24322e+06,1.36333e+06,1.36333e+06,1.36333e+06,1.40627e+07,1.40627e+07,1.40627e+07,1.35274e+07,1.35274e+07,1.35274e+07,8.87051e+07,8.87051e+07,8.87051e+07,5.91388,5.91388,5.91388,9.21572,9.21572,9.21572
600,2.25831e+06,2.25831e+06,2.25831e+06,4159.14,4159.14,4159.14,3958.26,3958.26,3958.26,3.44373e+06,3.44373e+06,3.44373e+06,3.1642e+06,3.1642e+06,3.1642e+06,7670.88,7670.88,7670.88,7633.02,7633.02,7633.02,1.24325e+06,1.24325e+06,1.24325e+06,1.36343e+06,1.36343e+06,1.36343e+06,1.40641e+07,1.40641e+07,1.40641e+07,1.3528e+07,1.3528e+07,1.3528e+07,8.86975e+07,8.86975e+07,8.86975e+07,5.90677,5.90677,5.90677,9.20515,9.20515,9.20515
601,2.25795e+06,2.25795e+06,2.25795e+06,4152.94,4152.94,4152.94,3952.94,3952.94,3952.94,3.44345e+06,3.44345e+06,3.44345e+06,3.16399e+06,3.16399e+06,3.16399e+06,7660.1,7660.1,7660.1,7623.35,7623.35,7623.35,1.24325e+06,1.24325e+06,1.24325e+06,1.3635e+06,1.3635e+06,1.3635e+06,1.4065e+07,1.4065e+07,1.4065e+07,1.35283e+07,1.35283e+07,1.35283e+07,8.86906e+07,8.86906e+07,8.86906e+07,5.89872,5.89872,5.89872,9.19366,9.19366,9.19366
602,2.25761e+06,2.25761e+06,2.25761e+06,4146.21,4146.21,4146.21,3947.33,3947.33,3947.33,3.44322e+06,3.44322e+06,3.44322e+06,3.16382e+06,3.16382e+06,3.16382e+06,7648.33,7648.33,7648.33,7613.11,7613.11,7613.11,1.24321e+06,1.24321e+06,1.24321e+06,1.36352e+06,1.36352e+06,1.36352e+06,1.40655e+07,1.40655e+07,1.40655e+07,1.35281e+07,1.35281e+07,1.35281e+07,8.86844e+07,8.86844e+07,8.86844e+07,5.88986,5.88986,5.88986,9.1814,9.1814,9.1814
603,2.2573e+06,2.2573e+06,2.2573e+06,4139.05,4139.05,4139.05,3941.51,3941.51,3941.51,3.44302e+06,3.44302e+06,3.44302e+06,3.16368e+06,3.16368e+06,3.16368e+06,7635.73,7635.73,7635.73,7602.44,7602.44,7602.44,1.24315e+06,1.24315e+06,1.24315e+06,1.36349e+06,1.36349e+06,1.36349e+06,1.40656e+07,1.40656e+07,1.40656e+07,1.35277e+07,1.35277e+07,1.35277e+07,8.86791e+07,8.86791e+07,8.86791e+07,5.8803,5.8803,5.8803,9.16856,9.16856,9.16856
604,2.25702e+06,2.25702e+06,2.25702e+06,4131.56,4131.56,4131.56,3935.56,3935.56,3935.56,3.44286e+06,3.44286e+06,3.44286e+06,3.16357e+06,3.16357e+06,3.16357e+06,7622.48,7622.48,7622.48,7591.5,7591.5,7591.5,1.24304e+06,1.24304e+06,1.24304e+06,1.36342e+06,1.36342e+06,1.36342e+06,1.40651e+07,1.40651e+07,1.40651e+07,1.35268e+07,1.35268e+07,1.35268e+07,8.86746e+07,8.86746e+07,8.86746e+07,5.87018,5.87018,5.87018,9.1553,9.1553,9.1553
605,2.25677e+06,2.25677e+06,2.25677e+06,4123.83,4123.83,4123.83,3929.55,3929.55,3929.55,3.44274e+06,3.44274e+06,3.44274e+06,3.1635e+06,3.1635e+06,3.1635e+06,7608.78,7608.78,7608.78,7580.43,7580.43,7580.43,1.24291e+06,1.24291e+06,1.24291e+06,1.36331e+06,1.36331e+06,1.36331e+06,1.40642e+07,1.40642e+07,1.40642e+07,1.35256e+07,1.35256e+07,1.35256e+07,8.86708e+07,8.86708e+07,8.86708e+07,5.85965,5.85965,5.85965,9.1418,9.1418,9.1418
606,2.25656e+06,2.25656e+06,2.25656e+06,4115.97,4115.97,4115.97,3923.57,3923.57,3923.57,3.44266e+06,3.44266e+06,3.44266e+06,3.16346e+06,3.16346e+06,3.16346e+06,7594.81,7594.81,7594.81,7569.39,7569.39,7569.39,1.24274e+06,1.24274e+06,1.24274e+06,1.36314e+06,1.36314e+06,1.36314e+06,1.40629e+07,1.40629e+07,1.40629e+07,1.35241e+07,1.35241e+07,1.35241e+07,8.86679e+07,8.86679e+07,8.86679e+07,5.84884,5.84884,5.84884,9.12825,9.12825,9.12825
607,2.25637e+06,2.25637e+06,2.25637e+06,4108.09,4108.09,4108.09,3917.7,3917.7,3917.7,3.44263e+06,3.44263e+06,3.44263e+06,3.16345e+06,3.16345e+06,3.16345e+06,7580.77,7580.77,7580.77,7558.52,7558.52,7558.52,1.24254e+06,1.24254e+06,1.24254e+06,1.36293e+06,1.36293e+06,1.36293e+06,1.4061e+07,1.4061e+07,1.4061e+07,1.35222e+07,1.35222e+07,1.35222e+07,8.86658e+07,8.86658e+07,8.86658e+07,5.83792,5.83792,5.83792,9.11484,9.11484,9.11484
608,2.25621e+06,2.25621e+06,2.25621e+06,4100.3,4100.3,4100.3,3912,3912,3912,3.44263e+06,3.44263e+06,3.44263e+06,3.16347e+06,3.16347e+06,3.16347e+06,7566.86,7566.86,7566.86,7547.97,7547.97,7547.97,1.24231e+06,1.24231e+06,1.24231e+06,1.36268e+06,1.36268e+06,1.36268e+06,1.40587e+07,1.40587e+07,1.40587e+07,1.35199e+07,1.35199e+07,1.35199e+07,8.86645e+07,8.86645e+07,8.86645e+07,5.82702,5.82702,5.82702,9.10173,9.10173,9.10173
609,2.25609e+06,2.25609e+06,2.25609e+06,4092.69,4092.69,4092.69,3906.56,3906.56,3906.56,3.44266e+06,3.44266e+06,3.44266e+06,3.16353e+06,3.16353e+06,3.16353e+06,7553.26,7553.26,7553.26,7537.88,7537.88,7537.88,1.24206e+06,1.24206e+06,1.24206e+06,1.36239e+06,1.36239e+06,1.36239e+06,1.40559e+07,1.40559e+07,1.40559e+07,1.35174e+07,1.35174e+07,1.35174e+07,8.86639e+07,8.86639e+07,8.86639e+07,5.8163,5.8163,5.8163,9.08911,9.08911,9.08911
610,2.25599e+06,2.25599e+06,2.25599e+06,4085.38,4085.38,4085.38,3901.45,3901.45,3901.45,3.44273e+06,3.44273e+06,3.44273e+06,3.16361e+06,3.16361e+06,3.16361e+06,7540.16,7540.16,7540.16,7528.39,7528.39,7528.39,1.24177e+06,1.24177e+06,1.24177e+06,1.36205e+06,1.36205e+06,1.36205e+06,1.40528e+07,1.40528e+07,1.40528e+07,1.35145e+07,1.35145e+07,1.35145e+07,8.86639e+07,8.86639e+07,8.86639e+07,5.80591,5.80591,5.80591,9.07714,9.07714,9.07714
611,2.25592e+06,2.25592e+06,2.25592e+06,4078.45,4078.45,4078.45,3896.72,3896.72,3896.72,3.44283e+06,3.44283e+06,3.44283e+06,3.16372e+06,3.16372e+06,3.16372e+06,7527.73,7527.73,7527.73,7519.62,7519.62,7519.62,1.24147e+06,1.24147e+06,1.24147e+06,1.36168e+06,1.36168e+06,1.36168e+06,1.40492e+07,1.40492e+07,1.40492e+07,1.35115e+07,1.35115e+07,1.35115e+07,8.86646e+07,8.86646e+07,8.86646e+07,5.79598,5.79598,5.79598,9.06598,9.06598,9.06598
612,2.25587e+06,2.25587e+06,2.25587e+06,4071.99,4071.99,4071.99,3892.44,3892.44,3892.44,3.44295e+06,3.44295e+06,3.44295e+06,3.16385e+06,3.16385e+06,3.16385e+06,7516.15,7516.15,7516.15,7511.68,7511.68,7511.68,1.24114e+06,1.24114e+06,1.24114e+06,1.36127e+06,1.36127e+06,1.36127e+06,1.40453e+07,1.40453e+07,1.40453e+07,1.35082e+07,1.35082e+07,1.35082e+07,8.86658e+07,8.86658e+07,8.86658e+07,5.78664,5.78664,5.78664,9.05576,9.05576,9.05576
613,2.25585e+06,2.25585e+06,2.25585e+06,4066.08,4066.08,4066.08,3888.65,3888.65,3888.65,3.4431e+06,3.4431e+06,3.4431e+06,3.164e+06,3.164e+06,3.164e+06,7505.56,7505.56,7505.56,7504.67,7504.67,7504.67,1.2408e+06,1.2408e+06,1.2408e+06,1.36083e+06,1.36083e+06,1.36083e+06,1.40411e+07,1.40411e+07,1.40411e+07,1.35047e+07,1.35047e+07,1.35047e+07,8.86675e+07,8.86675e+07,8.86675e+07,5.77801,5.77801,5.77801,9.04661,9.04661,9.04661
614,2.25584e+06,2.25584e+06,2.25584e+06,4060.8,4060.8,4060.8,3885.39,3885.39,3885.39,3.44326e+06,3.44326e+06,3.44326e+06,3.16416e+06,3.16416e+06,3.16416e+06,7496.1,7496.1,7496.1,7498.67,7498.67,7498.67,1.24044e+06,1.24044e+06,1.24044e+06,1.36037e+06,1.36037e+06,1.36037e+06,1.40366e+07,1.40366e+07,1.40366e+07,1.35011e+07,1.35011e+07,1.35011e+07,8.86696e+07,8.86696e+07,8.86696e+07,5.77021,5.77021,5.77021,9.03864,9.03864,9.03864
615,2.25584e+06,2.25584e+06,2.25584e+06,4056.2,4056.2,4056.2,3882.72,3882.72,3882.72,3.44344e+06,3.44344e+06,3.44344e+06,3.16434e+06,3.16434e+06,3.16434e+06,7487.88,7487.88,7487.88,7493.76,7493.76,7493.76,1.24007e+06,1.24007e+06,1.24007e+06,1.35989e+06,1.35989e+06,1.35989e+06,1.40319e+07,1.40319e+07,1.40319e+07,1.34973e+07,1.34973e+07,1.34973e+07,8.8672e+07,8.8672e+07,8.8672e+07,5.76333,5.76333,5.76333,9.03196,9.03196,9.03196
616,2.25586e+06,2.25586e+06,2.25586e+06,4052.35,4052.35,4052.35,3880.64,3880.64,3880.64,3.44363e+06,3.44363e+06,3.44363e+06,3.16453e+06,3.16453e+06,3.16453e+06,7481.02,7481.02,7481.02,7490,7490,7490,1.2397e+06,1.2397e+06,1.2397e+06,1.35939e+06,1.35939e+06,1.35939e+06,1.4027e+07,1.4027e+07,1.4027e+07,1.34935e+07,1.34935e+07,1.34935e+07,8.86747e+07,8.86747e+07,8.86747e+07,5.75745,5.75745,5.75745,9.02663,9.02663,9.02663
617,2.25589e+06,2.25589e+06,2.25589e+06,4049.29,4049.29,4049.29,3879.19,3879.19,3879.19,3.44383e+06,3.44383e+06,3.44383e+06,3.16471e+06,3.16471e+06,3.16471e+06,7475.59,7475.59,7475.59,7487.42,7487.42,7487.42,1.23933e+06,1.23933e+06,1.23933e+06,1.35888e+06,1.35888e+06,1.35888e+06,1.4022e+07,1.4022e+07,1.4022e+07,1.34897e+07,1.34897e+07,1.34897e+07,8.86774e+07,8.86774e+07,8.86774e+07,5.75266,5.75266,5.75266,9.02271,9.02271,9.02271
618,2.25592e+06,2.25592e+06,2.25592e+06,4047.04,4047.04,4047.04,3878.38,3878.38,3878.38,3.44402e+06,3.44402e+06,3.44402e+06,3.1649e+06,3.1649e+06,3.1649e+06,7471.66,7471.66,7471.66,7486.04,7486.04,7486.04,1.23895e+06,1.23895e+06,1.23895e+06,1.35836e+06,1.35836e+06,1.35836e+06,1.4017e+07,1.4017e+07,1.4017e+07,1.34859e+07,1.34859e+07,1.34859e+07,8.86802e+07,8.86802e+07,8.86802e+07,5.74899,5.74899,5.74899,9.02024,9.02024,9.02024
619,2.25595e+06,2.25595e+06,2.25595e+06,4045.63,4045.63,4045.63,3878.19,3878.19,3878.19,3.44421e+06,3.44421e+06,3.44421e+06,3.16509e+06,3.16509e+06,3.16509e+06,7469.26,7469.26,7469.26,7485.89,7485.89,7485.89,1.23858e+06,1.23858e+06,1.23858e+06,1.35785e+06,1.35785e+06,1.35785e+06,1.40119e+07,1.40119e+07,1.40119e+07,1.34821e+07,1.34821e+07,1.34821e+07,8.8683e+07,8.8683e+07,8.8683e+07,5.7465,5.7465,5.7465,9.01924,9.01924,9.01924
620,2.25598e+06,2.25598e+06,2.25598e+06,4045.07,4045.07,4045.07,3878.64,3878.64,3878.64,3.44439e+06,3.44439e+06,3.44439e+06,3.16526e+06,3.16526e+06,3.16526e+06,7468.43,7468.43,7468.43,7486.94,7486.94,7486.94,1.23823e+06,1.23823e+06,1.23823e+06,1.35733e+06,1.35733e+06,1.35733e+06,1.40069e+07,1.40069e+07,1.40069e+07,1.34784e+07,1.34784e+07,1.34784e+07,8.86856e+07,8.86856e+07,8.86856e+07,5.7452,5.7452,5.7452,9.0197,9.0197,9.0197
621,2.256e+06,2.256e+06,2.256e+06,4045.36,4045.36,4045.36,3879.7,3879.7,3879.7,3.44455e+06,3.44455e+06,3.44455e+06,3.16543e+06,3.16543e+06,3.16543e+06,7469.15,7469.15,7469.15,7489.18,7489.18,7489.18,1.23788e+06,1.23788e+06,1.23788e+06,1.35683e+06,1.35683e+06,1.35683e+06,1.40021e+07,1.40021e+07,1.40021e+07,1.34749e+07,1.34749e+07,1.34749e+07,8.86879e+07,8.86879e+07,8.86879e+07,5.7451,5.7451,5.7451,9.02161,9.02161,9.02161
622,2.25601e+06,2.25601e+06,2.25601e+06,4046.48,4046.48,4046.48,3881.36,3881.36,3881.36,3.4447e+06,3.4447e+06,3.4447e+06,3.16557e+06,3.16557e+06,3.16557e+06,7471.41,7471.41,7471.41,7492.56,7492.56,7492.56,1.23755e+06,1.23755e+06,1.23755e+06,1.35635e+06,1.35635e+06,1.35635e+06,1.39973e+07,1.39973e+07,1.39973e+07,1.34715e+07,1.34715e+07,1.34715e+07,8.869e+07,8.869e+07,8.869e+07,5.7462,5.7462,5.7462,9.02492,9.02492,9.02492
623,2.25601e+06,2.25601e+06,2.25601e+06,4048.4,4048.4,4048.4,3883.57,3883.57,3883.57,3.44482e+06,3.44482e+06,3.44482e+06,3.1657e+06,3.1657e+06,3.1657e+06,7475.17,7475.17,7475.17,7497.02,7497.02,7497.02,1.23724e+06,1.23724e+06,1.23724e+06,1.35589e+06,1.35589e+06,1.35589e+06,1.39928e+07,1.39928e+07,1.39928e+07,1.34684e+07,1.34684e+07,1.34684e+07,8.86916e+07,8.86916e+07,8.86916e+07,5.74847,5.74847,5.74847,9.02957,9.02957,9.02957
624,2.25599e+06,2.25599e+06,2.25599e+06,4051.1,4051.1,4051.1,3886.3,3886.3,3886.3,3.44492e+06,3.44492e+06,3.44492e+06,3.16581e+06,3.16581e+06,3.16581e+06,7480.36,7480.36,7480.36,7502.49,7502.49,7502.49,1.23695e+06,1.23695e+06,1.23695e+06,1.35545e+06,1.35545e+06,1.35545e+06,1.39886e+07,1.39886e+07,1.39886e+07,1.34655e+07,1.34655e+07,1.34655e+07,8.86927e+07,8.86927e+07,8.86927e+07,5.75186,5.75186,5.75186,9.03548,9.03548,9.03548
625,2.25595e+06,2.25595e+06,2.25595e+06,4054.52,4054.52,4054.52,3889.51,3889.51,3889.51,3.44498e+06,3.44498e+06,3.44498e+06,3.16589e+06,3.16589e+06,3.16589e+06,7486.9,7486.9,7486.9,7508.89,7508.89,7508.89,1.23668e+06,1.23668e+06,1.23668e+06,1.35504e+06,1.35504e+06,1.35504e+06,1.39846e+07,1.39846e+07,1.39846e+07,1.34628e+07,1.34628e+07,1.34628e+07,8.86933e+07,8.86933e+07,8.86933e+07,5.75631,5.75631,5.75631,9.04256,9.04256,9.04256
626,2.25589e+06,2.25589e+06,2.25589e+06,4058.61,4058.61,4058.61,3893.14,3893.14,3893.14,3.44502e+06,3.44502e+06,3.44502e+06,3.16594e+06,3.16594e+06,3.16594e+06,7494.69,7494.69,7494.69,7516.11,7516.11,7516.11,1.23644e+06,1.23644e+06,1.23644e+06,1.35466e+06,1.35466e+06,1.35466e+06,1.3981e+07,1.3981e+07,1.3981e+07,1.34605e+07,1.34605e+07,1.34605e+07,8.86933e+07,8.86933e+07,8.86933e+07,5.76177,5.76177,5.76177,9.05069,9.05069,9.05069
627,2.2558e+06,2.2558e+06,2.2558e+06,4063.3,4063.3,4063.3,3897.13,3897.13,3897.13,3.44501e+06,3.44501e+06,3.44501e+06,3.16596e+06,3.16596e+06,3.16596e+06,7503.61,7503.61,7503.61,7524.05,7524.05,7524.05,1.23623e+06,1.23623e+06,1.23623e+06,1.35432e+06,1.35432e+06,1.35432e+06,1.39778e+07,1.39778e+07,1.39778e+07,1.34584e+07,1.34584e+07,1.34584e+07,8.86927e+07,8.86927e+07,8.86927e+07,5.76814,5.76814,5.76814,9.05974,9.05974,9.05974
628,2.25568e+06,2.25568e+06,2.25568e+06,4068.51,4068.51,4068.51,3901.41,3901.41,3901.41,3.44497e+06,3.44497e+06,3.44497e+06,3.16595e+06,3.16595e+06,3.16595e+06,7513.52,7513.52,7513.52,7532.58,7532.58,7532.58,1.23605e+06,1.23605e+06,1.23605e+06,1.35401e+06,1.35401e+06,1.35401e+06,1.3975e+07,1.3975e+07,1.3975e+07,1.34567e+07,1.34567e+07,1.34567e+07,8.86914e+07,8.86914e+07,8.86914e+07,5.77531,5.77531,5.77531,9.06957,9.06957,9.06957
629,2.25554e+06,2.25554e+06,2.25554e+06,4074.16,4074.16,4074.16,3905.92,3905.92,3905.92,3.44489e+06,3.44489e+06,3.44489e+06,3.16591e+06,3.16591e+06,3.16591e+06,7524.27,7524.27,7524.27,7541.56,7541.56,7541.56,1.2359e+06,1.2359e+06,1.2359e+06,1.35375e+06,1.35375e+06,1.35375e+06,1.39726e+07,1.39726e+07,1.39726e+07,1.34553e+07,1.34553e+07,1.34553e+07,8.86894e+07,8.86894e+07,8.86894e+07,5.78319,5.78319,5.78319,9.08002,9.08002,9.08002
630,2.25536e+06,2.25536e+06,2.25536e+06,4080.16,4080.16,4080.16,3910.57,3910.57,3910.57,3.44477e+06,3.44477e+06,3.44477e+06,3.16583e+06,3.16583e+06,3.16583e+06,7535.7,7535.7,7535.7,7550.85,7550.85,7550.85,1.23578e+06,1.23578e+06,1.23578e+06,1.35353e+06,1.35353e+06,1.35353e+06,1.39706e+07,1.39706e+07,1.39706e+07,1.34543e+07,1.34543e+07,1.34543e+07,8.86867e+07,8.86867e+07,8.86867e+07,5.79164,5.79164,5.79164,9.09092,9.09092,9.09092
631,2.25516e+06,2.25516e+06,2.25516e+06,4086.42,4086.42,4086.42,3915.3,3915.3,3915.3,3.44461e+06,3.44461e+06,3.44461e+06,3.16572e+06,3.16572e+06,3.16572e+06,7547.64,7547.64,7547.64,7560.32,7560.32,7560.32,1.2357e+06,1.2357e+06,1.2357e+06,1.35336e+06,1.35336e+06,1.35336e+06,1.39691e+07,1.39691e+07,1.39691e+07,1.34536e+07,1.34536e+07,1.34536e+07,8.86833e+07,8.86833e+07,8.86833e+07,5.80054,5.80054,5.80054,9.10211,9.10211,9.10211
632,2.25492e+06,2.25492e+06,2.25492e+06,4092.83,4092.83,4092.83,3920.03,3920.03,3920.03,3.4444e+06,3.4444e+06,3.4444e+06,3.16557e+06,3.16557e+06,3.16557e+06,7559.89,7559.89,7559.89,7569.81,7569.81,7569.81,1.23564e+06,1.23564e+06,1.23564e+06,1.35323e+06,1.35323e+06,1.35323e+06,1.3968e+07,1.3968e+07,1.3968e+07,1.34532e+07,1.34532e+07,1.34532e+07,8.86792e+07,8.86792e+07,8.86792e+07,5.80975,5.80975,5.80975,9.11339,9.11339,9.11339
633,2.25465e+06,2.25465e+06,2.25465e+06,4099.29,4099.29,4099.29,3924.67,3924.67,3924.67,3.44416e+06,3.44416e+06,3.44416e+06,3.16539e+06,3.16539e+06,3.16539e+06,7572.27,7572.27,7572.27,7579.16,7579.16,7579.16,1.23561e+06,1.23561e+06,1.23561e+06,1.35314e+06,1.35314e+06,1.35314e+06,1.39674e+07,1.39674e+07,1.39674e+07,1.34531e+07,1.34531e+07,1.34531e+07,8.86743e+07,8.86743e+07,8.86743e+07,5.81912,5.81912,5.81912,9.1246,9.1246,9.1246
634,2.25435e+06,2.25435e+06,2.25435e+06,4105.7,4105.7,4105.7,3929.14,3929.14,3929.14,3.44388e+06,3.44388e+06,3.44388e+06,3.16518e+06,3.16518e+06,3.16518e+06,7584.6,7584.6,7584.6,7588.24,7588.24,7588.24,1.23562e+06,1.23562e+06,1.23562e+06,1.3531e+06,1.3531e+06,1.3531e+06,1.39673e+07,1.39673e+07,1.39673e+07,1.34534e+07,1.34534e+07,1.34534e+07,8.86688e+07,8.86688e+07,8.86688e+07,5.82851,5.82851,5.82851,9.13555,9.13555,9.13555
635,2.25402e+06,2.25402e+06,2.25402e+06,4111.95,4111.95,4111.95,3933.39,3933.39,3933.39,3.44356e+06,3.44356e+06,3.44356e+06,3.16493e+06,3.16493e+06,3.16493e+06,7596.67,7596.67,7596.67,7596.9,7596.9,7596.9,1.23565e+06,1.23565e+06,1.23565e+06,1.35309e+06,1.35309e+06,1.35309e+06,1.39676e+07,1.39676e+07,1.39676e+07,1.3454e+07,1.3454e+07,1.3454e+07,8.86626e+07,8.86626e+07,8.86626e+07,5.83776,5.83776,5.83776,9.14606,9.14606,9.14606
636,2.25366e+06,2.25366e+06,2.25366e+06,4117.94,4117.94,4117.94,3937.32,3937.32,3937.32,3.4432e+06,3.4432e+06,3.4432e+06,3.16466e+06,3.16466e+06,3.16466e+06,7608.3,7608.3,7608.3,7604.99,7604.99,7604.99,1.2357e+06,1.2357e+06,1.2357e+06,1.35313e+06,1.35313e+06,1.35313e+06,1.39683e+07,1.39683e+07,1.39683e+07,1.34548e+07,1.34548e+07,1.34548e+07,8.86558e+07,8.86558e+07,8.86558e+07,5.84674,5.84674,5.84674,9.15597,9.15597,9.15597
637,2.25327e+06,2.25327e+06,2.25327e+06,4123.58,4123.58,4123.58,3940.88,3940.88,3940.88,3.44282e+06,3.44282e+06,3.44282e+06,3.16436e+06,3.16436e+06,3.16436e+06,7619.3,7619.3,7619.3,7612.38,7612.38,7612.38,1.23577e+06,1.23577e+06,1.23577e+06,1.3532e+06,1.3532e+06,1.3532e+06,1.39693e+07,1.39693e+07,1.39693e+07,1.34559e+07,1.34559e+07,1.34559e+07,8.86484e+07,8.86484e+07,8.86484e+07,5.8553,5.8553,5.8553,9.1651,9.1651,9.1651
638,2.25286e+06,2.25286e+06,2.25286e+06,4128.75,4128.75,4128.75,3943.99,3943.99,3943.99,3.4424e+06,3.4424e+06,3.4424e+06,3.16403e+06,3.16403e+06,3.16403e+06,7629.5,7629.5,7629.5,7618.95,7618.95,7618.95,1.23587e+06,1.23587e+06,1.23587e+06,1.35331e+06,1.35331e+06,1.35331e+06,1.39708e+07,1.39708e+07,1.39708e+07,1.34572e+07,1.34572e+07,1.34572e+07,8.86406e+07,8.86406e+07,8.86406e+07,5.8633,5.8633,5.8633,9.1733,9.1733,9.1733
639,2.25242e+06,2.25242e+06,2.25242e+06,4133.39,4133.39,4133.39,3946.61,3946.61,3946.61,3.44196e+06,3.44196e+06,3.44196e+06,3.16369e+06,3.16369e+06,3.16369e+06,7638.73,7638.73,7638.73,7624.59,7624.59,7624.59,1.23598e+06,1.23598e+06,1.23598e+06,1.35344e+06,1.35344e+06,1.35344e+06,1.39725e+07,1.39725e+07,1.39725e+07,1.34586e+07,1.34586e+07,1.34586e+07,8.86324e+07,8.86324e+07,8.86324e+07,5.8706,5.8706,5.8706,9.18043,9.18043,9.18043
640,2.25197e+06,2.25197e+06,2.25197e+06,4137.4,4137.4,4137.4,3948.67,3948.67,3948.67,3.4415e+06,3.4415e+06,3.4415e+06,3.16333e+06,3.16333e+06,3.16333e+06,7646.84,7646.84,7646.84,7629.2,7629.2,7629.2,1.2361e+06,1.2361e+06,1.2361e+06,1.3536e+06,1.3536e+06,1.3536e+06,1.39745e+07,1.39745e+07,1.39745e+07,1.34602e+07,1.34602e+07,1.34602e+07,8.86238e+07,8.86238e+07,8.86238e+07,5.8771,5.8771,5.8771,9.18636,9.18636,9.18636
641,2.2515e+06,2.2515e+06,2.2515e+06,4140.72,4140.72,4140.72,3950.15,3950.15,3950.15,3.44103e+06,3.44103e+06,3.44103e+06,3.16295e+06,3.16295e+06,3.16295e+06,7653.69,7653.69,7653.69,7632.7,7632.7,7632.7,1.23623e+06,1.23623e+06,1.23623e+06,1.35378e+06,1.35378e+06,1.35378e+06,1.39766e+07,1.39766e+07,1.39766e+07,1.34619e+07,1.34619e+07,1.34619e+07,8.8615e+07,8.8615e+07,8.8615e+07,5.88267,5.88267,5.88267,9.19099,9.19099,9.19099
642,2.25102e+06,2.25102e+06,2.25102e+06,4143.28,4143.28,4143.28,3951,3951,3951,3.44054e+06,3.44054e+06,3.44054e+06,3.16257e+06,3.16257e+06,3.16257e+06,7659.17,7659.17,7659.17,7635.01,7635.01,7635.01,1.23637e+06,1.23637e+06,1.23637e+06,1.35397e+06,1.35397e+06,1.35397e+06,1.3979e+07,1.3979e+07,1.3979e+07,1.34636e+07,1.34636e+07,1.34636e+07,8.8606e+07,8.8606e+07,8.8606e+07,5.88722,5.88722,5.88722,9.19423,9.19423,9.19423
643,2.25053e+06,2.25053e+06,2.25053e+06,4145.03,4145.03,4145.03,3951.21,3951.21,3951.21,3.44005e+06,3.44005e+06,3.44005e+06,3.16218e+06,3.16218e+06,3.16218e+06,7663.17,7663.17,7663.17,7636.1,7636.1,7636.1,1.2365e+06,1.2365e+06,1.2365e+06,1.35417e+06,1.35417e+06,1.35417e+06,1.39815e+07,1.39815e+07,1.39815e+07,1.34654e+07,1.34654e+07,1.34654e+07,8.85969e+07,8.85969e+07,8.85969e+07,5.89066,5.89066,5.89066,9.19601,9.19601,9.19601
644,2.25003e+06,2.25003e+06,2.25003e+06,4145.93,4145.93,4145.93,3950.76,3950.76,3950.76,3.43956e+06,3.43956e+06,3.43956e+06,3.16179e+06,3.16179e+06,3.16179e+06,7665.63,7665.63,7665.63,7635.93,7635.93,7635.93,1.23663e+06,1.23663e+06,1.23663e+06,1.35438e+06,1.35438e+06,1.35438e+06,1.3984e+07,1.3984e+07,1.3984e+07,1.34671e+07,1.34671e+07,1.34671e+07,8.85879e+07,8.85879e+07,8.85879e+07,5.89294,5.89294,5.89294,9.19627,9.19627,9.19627
645,2.24954e+06,2.24954e+06,2.24954e+06,4145.96,4145.96,4145.96,3949.64,3949.64,3949.64,3.43907e+06,3.43907e+06,3.43907e+06,3.1614e+06,3.1614e+06,3.1614e+06,7666.48,7666.48,7666.48,7634.49,7634.49,7634.49,1.23676e+06,1.23676e+06,1.23676e+06,1.35459e+06,1.35459e+06,1.35459e+06,1.39865e+07,1.39865e+07,1.39865e+07,1.34688e+07,1.34688e+07,1.34688e+07,8.8579e+07,8.8579e+07,8.8579e+07,5.894,5.894,5.894,9.19501,9.19501,9.19501
646,2.24905e+06,2.24905e+06,2.24905e+06,4145.1,4145.1,4145.1,3947.87,3947.87,3947.87,3.43859e+06,3.43859e+06,3.43859e+06,3.16102e+06,3.16102e+06,3.16102e+06,7665.72,7665.72,7665.72,7631.79,7631.79,7631.79,1.23688e+06,1.23688e+06,1.23688e+06,1.35479e+06,1.35479e+06,1.35479e+06,1.39889e+07,1.39889e+07,1.39889e+07,1.34703e+07,1.34703e+07,1.34703e+07,8.85704e+07,8.85704e+07,8.85704e+07,5.89382,5.89382,5.89382,9.19222,9.19222,9.19222
647,2.24856e+06,2.24856e+06,2.24856e+06,4143.36,4143.36,4143.36,3945.46,3945.46,3945.46,3.43812e+06,3.43812e+06,3.43812e+06,3.16066e+06,3.16066e+06,3.16066e+06,7663.32,7663.32,7663.32,7627.86,7627.86,7627.86,1.23698e+06,1.23698e+06,1.23698e+06,1.35497e+06,1.35497e+06,1.35497e+06,1.39912e+07,1.39912e+07,1.39912e+07,1.34717e+07,1.34717e+07,1.34717e+07,8.8562e+07,8.8562e+07,8.8562e+07,5.89238,5.89238,5.89238,9.18793,9.18793,9.18793
648,2.24808e+06,2.24808e+06,2.24808e+06,4140.76,4140.76,4140.76,3942.43,3942.43,3942.43,3.43767e+06,3.43767e+06,3.43767e+06,3.1603e+06,3.1603e+06,3.1603e+06,7659.31,7659.31,7659.31,7622.74,7622.74,7622.74,1.23706e+06,1.23706e+06,1.23706e+06,1.35514e+06,1.35514e+06,1.35514e+06,1.39933e+07,1.39933e+07,1.39933e+07,1.34729e+07,1.34729e+07,1.34729e+07,8.85541e+07,8.85541e+07,8.85541e+07,5.88969,5.88969,5.88969,9.18217,9.18217,9.18217
649,2.24762e+06,2.24762e+06,2.24762e+06,4137.31,4137.31,4137.31,3938.83,3938.83,3938.83,3.43724e+06,3.43724e+06,3.43724e+06,3.15997e+06,3.15997e+06,3.15997e+06,7653.75,7653.75,7653.75,7616.51,7616.51,7616.51,1.23712e+06,1.23712e+06,1.23712e+06,1.35529e+06,1.35529e+06,1.35529e+06,1.39952e+07,1.39952e+07,1.39952e+07,1.34739e+07,1.34739e+07,1.34739e+07,8.85466e+07,8.85466e+07,8.85466e+07,5.88579,5.88579,5.88579,9.17503,9.17503,9.17503
650,2.24718e+06,2.24718e+06,2.24718e+06,4133.06,4133.06,4133.06,3934.69,3934.69,3934.69,3.43684e+06,3.43684e+06,3.43684e+06,3.15966e+06,3.15966e+06,3.15966e+06,7646.7,7646.7,7646.7,7609.23,7609.23,7609.23,1.23716e+06,1.23716e+06,1.23716e+06,1.35541e+06,1.35541e+06,1.35541e+06,1.39969e+07,1.39969e+07,1.39969e+07,1.34746e+07,1.34746e+07,1.34746e+07,8.85397e+07,8.85397e+07,8.85397e+07,5.88072,5.88072,5.88072,9.16659,9.16659,9.16659
651,2.24676e+06,2.24676e+06,2.24676e+06,4128.07,4128.07,4128.07,3930.07,3930.07,3930.07,3.43647e+06,3.43647e+06,3.43647e+06,3.15937e+06,3.15937e+06,3.15937e+06,7638.26,7638.26,7638.26,7601.02,7601.02,7601.02,1.23717e+06,1.23717e+06,1.23717e+06,1.3555e+06,1.3555e+06,1.3555e+06,1.39982e+07,1.39982e+07,1.39982e+07,1.3475e+07,1.3475e+07,1.3475e+07,8.85334e+07,8.85334e+07,8.85334e+07,5.87455,5.87455,5.87455,9.15695,9.15695,9.15695
652,2.24636e+06,2.24636e+06,2.24636e+06,4122.4,4122.4,4122.4,3925.03,3925.03,3925.03,3.43613e+06,3.43613e+06,3.43613e+06,3.15912e+06,3.15912e+06,3.15912e+06,7628.54,7628.54,7628.54,7591.98,7591.98,7591.98,1.23715e+06,1.23715e+06,1.23715e+06,1.35555e+06,1.35555e+06,1.35555e+06,1.39991e+07,1.39991e+07,1.39991e+07,1.34751e+07,1.34751e+07,1.34751e+07,8.85279e+07,8.85279e+07,8.85279e+07,5.86734,5.86734,5.86734,9.14626,9.14626,9.14626
653,2.24599e+06,2.24599e+06,2.24599e+06,4116.12,4116.12,4116.12,3919.64,3919.64,3919.64,3.43583e+06,3.43583e+06,3.43583e+06,3.15889e+06,3.15889e+06,3.15889e+06,7617.67,7617.67,7617.67,7582.23,7582.23,7582.23,1.2371e+06,1.2371e+06,1.2371e+06,1.35557e+06,1.35557e+06,1.35557e+06,1.39996e+07,1.39996e+07,1.39996e+07,1.34749e+07,1.34749e+07,1.34749e+07,8.8523e+07,8.8523e+07,8.8523e+07,5.85922,5.85922,5.85922,9.13465,9.13465,9.13465
654,2.24564e+06,2.24564e+06,2.24564e+06,4109.31,4109.31,4109.31,3913.95,3913.95,3913.95,3.43557e+06,3.43557e+06,3.43557e+06,3.15869e+06,3.15869e+06,3.15869e+06,7605.82,7605.82,7605.82,7571.9,7571.9,7571.9,1.23702e+06,1.23702e+06,1.23702e+06,1.35554e+06,1.35554e+06,1.35554e+06,1.39998e+07,1.39998e+07,1.39998e+07,1.34744e+07,1.34744e+07,1.34744e+07,8.8519e+07,8.8519e+07,8.8519e+07,5.85027,5.85027,5.85027,9.12227,9.12227,9.12227
655,2.24533e+06,2.24533e+06,2.24533e+06,4102.07,4102.07,4102.07,3908.06,3908.06,3908.06,3.43534e+06,3.43534e+06,3.43534e+06,3.15853e+06,3.15853e+06,3.15853e+06,7593.13,7593.13,7593.13,7561.14,7561.14,7561.14,1.2369e+06,1.2369e+06,1.2369e+06,1.35547e+06,1.35547e+06,1.35547e+06,1.39994e+07,1.39994e+07,1.39994e+07,1.34734e+07,1.34734e+07,1.34734e+07,8.85158e+07,8.85158e+07,8.85158e+07,5.84064,5.84064,5.84064,9.1093,9.1093,9.1093
656,2.24505e+06,2.24505e+06,2.24505e+06,4094.5,4094.5,4094.5,3902.02,3902.02,3902.02,3.43516e+06,3.43516e+06,3.43516e+06,3.1584e+06,3.1584e+06,3.1584e+06,7579.79,7579.79,7579.79,7550.1,7550.1,7550.1,1.23676e+06,1.23676e+06,1.23676e+06,1.35535e+06,1.35535e+06,1.35535e+06,1.39987e+07,1.39987e+07,1.39987e+07,1.34722e+07,1.34722e+07,1.34722e+07,8.85134e+07,8.85134e+07,8.85134e+07,5.83043,5.83043,5.83043,9.09589,9.09589,9.09589
657,2.2448e+06,2.2448e+06,2.2448e+06,4086.69,4086.69,4086.69,3895.94,3895.94,3895.94,3.43501e+06,3.43501e+06,3.43501e+06,3.15831e+06,3.15831e+06,3.15831e+06,7565.98,7565.98,7565.98,7538.91,7538.91,7538.91,1.23658e+06,1.23658e+06,1.23658e+06,1.35519e+06,1.35519e+06,1.35519e+06,1.39974e+07,1.39974e+07,1.39974e+07,1.34706e+07,1.34706e+07,1.34706e+07,8.85118e+07,8.85118e+07,8.85118e+07,5.81981,5.81981,5.81981,9.08225,9.08225,9.08225
658,2.24458e+06,2.24458e+06,2.24458e+06,4078.75,4078.75,4078.75,3889.87,3889.87,3889.87,3.43491e+06,3.43491e+06,3.43491e+06,3.15825e+06,3.15825e+06,3.15825e+06,7551.89,7551.89,7551.89,7527.73,7527.73,7527.73,1.23636e+06,1.23636e+06,1.23636e+06,1.35498e+06,1.35498e+06,1.35498e+06,1.39957e+07,1.39957e+07,1.39957e+07,1.34686e+07,1.34686e+07,1.34686e+07,8.85111e+07,8.85111e+07,8.85111e+07,5.80891,5.80891,5.80891,9.06853,9.06853,9.06853
659,2.24439e+06,2.24439e+06,2.24439e+06,4070.78,4070.78,4070.78,3883.89,3883.89,3883.89,3.43484e+06,3.43484e+06,3.43484e+06,3.15822e+06,3.15822e+06,3.15822e+06,7537.71,7537.71,7537.71,7516.71,7516.71,7516.71,1.23612e+06,1.23612e+06,1.23612e+06,1.35473e+06,1.35473e+06,1.35473e+06,1.39935e+07,1.39935e+07,1.39935e+07,1.34663e+07,1.34663e+07,1.34663e+07,8.85112e+07,8.85112e+07,8.85112e+07,5.79787,5.79787,5.79787,9.05493,9.05493,9.05493
660,2.24424e+06,2.24424e+06,2.24424e+06,4062.88,4062.88,4062.88,3878.09,3878.09,3878.09,3.43482e+06,3.43482e+06,3.43482e+06,3.15822e+06,3.15822e+06,3.15822e+06,7523.63,7523.63,7523.63,7506,7506,7506,1.23585e+06,1.23585e+06,1.23585e+06,1.35443e+06,1.35443e+06,1.35443e+06,1.39908e+07,1.39908e+07,1.39908e+07,1.34636e+07,1.34636e+07,1.34636e+07,8.85121e+07,8.85121e+07,8.85121e+07,5.78685,5.78685,5.78685,9.04162,9.04162,9.04162
661,2.24412e+06,2.24412e+06,2.24412e+06,4055.16,4055.16,4055.16,3872.54,3872.54,3872.54,3.43482e+06,3.43482e+06,3.43482e+06,3.15826e+06,3.15826e+06,3.15826e+06,7509.85,7509.85,7509.85,7495.72,7495.72,7495.72,1.23554e+06,1.23554e+06,1.23554e+06,1.35409e+06,1.35409e+06,1.35409e+06,1.39877e+07,1.39877e+07,1.39877e+07,1.34607e+07,1.34607e+07,1.34607e+07,8.85137e+07,8.85137e+07,8.85137e+07,5.776,5.776,5.776,9.02877,9.02877,9.02877
662,2.24402e+06,2.24402e+06,2.24402e+06,4047.72,4047.72,4047.72,3867.3,3867.3,3867.3,3.43487e+06,3.43487e+06,3.43487e+06,3.15832e+06,3.15832e+06,3.15832e+06,7496.55,7496.55,7496.55,7486.02,7486.02,7486.02,1.23522e+06,1.23522e+06,1.23522e+06,1.3537e+06,1.3537e+06,1.3537e+06,1.39842e+07,1.39842e+07,1.39842e+07,1.34575e+07,1.34575e+07,1.34575e+07,8.8516e+07,8.8516e+07,8.8516e+07,5.76544,5.76544,5.76544,9.01654,9.01654,9.01654
663,2.24396e+06,2.24396e+06,2.24396e+06,4040.65,4040.65,4040.65,3862.43,3862.43,3862.43,3.43494e+06,3.43494e+06,3.43494e+06,3.15841e+06,3.15841e+06,3.15841e+06,7483.89,7483.89,7483.89,7477.01,7477.01,7477.01,1.23486e+06,1.23486e+06,1.23486e+06,1.35328e+06,1.35328e+06,1.35328e+06,1.39803e+07,1.39803e+07,1.39803e+07,1.3454e+07,1.3454e+07,1.3454e+07,8.8519e+07,8.8519e+07,8.8519e+07,5.75534,5.75534,5.75534,9.00509,9.00509,9.00509
664,2.24391e+06,2.24391e+06,2.24391e+06,4034.04,4034.04,4034.04,3857.99,3857.99,3857.99,3.43504e+06,3.43504e+06,3.43504e+06,3.15852e+06,3.15852e+06,3.15852e+06,7472.05,7472.05,7472.05,7468.81,7468.81,7468.81,1.23449e+06,1.23449e+06,1.23449e+06,1.35283e+06,1.35283e+06,1.35283e+06,1.39761e+07,1.39761e+07,1.39761e+07,1.34504e+07,1.34504e+07,1.34504e+07,8.85226e+07,8.85226e+07,8.85226e+07,5.7458,5.7458,5.7458,8.99456,8.99456,8.99456
665,2.2439e+06,2.2439e+06,2.2439e+06,4027.96,4027.96,4027.96,3854.04,3854.04,3854.04,3.43516e+06,3.43516e+06,3.43516e+06,3.15865e+06,3.15865e+06,3.15865e+06,7461.18,7461.18,7461.18,7461.52,7461.52,7461.52,1.2341e+06,1.2341e+06,1.2341e+06,1.35235e+06,1.35235e+06,1.35235e+06,1.39715e+07,1.39715e+07,1.39715e+07,1.34465e+07,1.34465e+07,1.34465e+07,8.85267e+07,8.85267e+07,8.85267e+07,5.73696,5.73696,5.73696,8.98508,8.98508,8.98508
666,2.2439e+06,2.2439e+06,2.2439e+06,4022.5,4022.5,4022.5,3850.62,3850.62,3850.62,3.4353e+06,3.4353e+06,3.4353e+06,3.15879e+06,3.15879e+06,3.15879e+06,7451.41,7451.41,7451.41,7455.22,7455.22,7455.22,1.2337e+06,1.2337e+06,1.2337e+06,1.35184e+06,1.35184e+06,1.35184e+06,1.39667e+07,1.39667e+07,1.39667e+07,1.34425e+07,1.34425e+07,1.34425e+07,8.85312e+07,8.85312e+07,8.85312e+07,5.72892,5.72892,5.72892,8.97675,8.97675,8.97675
667,2.24392e+06,2.24392e+06,2.24392e+06,4017.71,4017.71,4017.71,3847.76,3847.76,3847.76,3.43546e+06,3.43546e+06,3.43546e+06,3.15895e+06,3.15895e+06,3.15895e+06,7442.86,7442.86,7442.86,7449.99,7449.99,7449.99,1.23329e+06,1.23329e+06,1.23329e+06,1.35131e+06,1.35131e+06,1.35131e+06,1.39617e+07,1.39617e+07,1.39617e+07,1.34384e+07,1.34384e+07,1.34384e+07,8.8536e+07,8.8536e+07,8.8536e+07,5.72179,5.72179,5.72179,8.96968,8.96968,8.96968
668,2.24395e+06,2.24395e+06,2.24395e+06,4013.65,4013.65,4013.65,3845.5,3845.5,3845.5,3.43563e+06,3.43563e+06,3.43563e+06,3.15912e+06,3.15912e+06,3.15912e+06,7435.64,7435.64,7435.64,7445.89,7445.89,7445.89,1.23287e+06,1.23287e+06,1.23287e+06,1.35076e+06,1.35076e+06,1.35076e+06,1.39565e+07,1.39565e+07,1.39565e+07,1.34342e+07,1.34342e+07,1.34342e+07,8.85412e+07,8.85412e+07,8.85412e+07,5.71564,5.71564,5.71564,8.96394,8.96394,8.96394
669,2.24399e+06,2.24399e+06,2.24399e+06,4010.37,4010.37,4010.37,3843.85,3843.85,3843.85,3.4358e+06,3.4358e+06,3.4358e+06,3.15929e+06,3.15929e+06,3.15929e+06,7429.83,7429.83,7429.83,7442.96,7442.96,7442.96,1.23245e+06,1.23245e+06,1.23245e+06,1.3502e+06,1.3502e+06,1.3502e+06,1.39511e+07,1.39511e+07,1.39511e+07,1.343e+07,1.343e+07,1.343e+07,8.85464e+07,8.85464e+07,8.85464e+07,5.71055,5.71055,5.71055,8.95959,8.95959,8.95959
670,2.24404e+06,2.24404e+06,2.24404e+06,4007.89,4007.89,4007.89,3842.83,3842.83,3842.83,3.43597e+06,3.43597e+06,3.43597e+06,3.15946e+06,3.15946e+06,3.15946e+06,7425.5,7425.5,7425.5,7441.22,7441.22,7441.22,1.23203e+06,1.23203e+06,1.23203e+06,1.34964e+06,1.34964e+06,1.34964e+06,1.39458e+07,1.39458e+07,1.39458e+07,1.34258e+07,1.34258e+07,1.34258e+07,8.85518e+07,8.85518e+07,8.85518e+07,5.70658,5.70658,5.70658,8.95668,8.95668,8.95668
671,2.24409e+06,2.24409e+06,2.24409e+06,4006.24,4006.24,4006.24,3842.43,3842.43,3842.43,3.43614e+06,3.43614e+06,3.43614e+06,3.15963e+06,3.15963e+06,3.15963e+06,7422.69,7422.69,7422.69,7440.68,7440.68,7440.68,1.23161e+06,1.23161e+06,1.23161e+06,1.34907e+06,1.34907e+06,1.34907e+06,1.39404e+07,1.39404e+07,1.39404e+07,1.34216e+07,1.34216e+07,1.34216e+07,8.85571e+07,8.85571e+07,8.85571e+07,5.70377,5.70377,5.70377,8.95521,8.95521,8.95521
672,2.24415e+06,2.24415e+06,2.24415e+06,4005.43,4005.43,4005.43,3842.66,3842.66,3842.66,3.4363e+06,3.4363e+06,3.4363e+06,3.15979e+06,3.15979e+06,3.15979e+06,7421.43,7421.43,7421.43,7441.35,7441.35,7441.35,1.2312e+06,1.2312e+06,1.2312e+06,1.34851e+06,1.34851e+06,1.34851e+06,1.3935e+07,1.3935e+07,1.3935e+07,1.34176e+07,1.34176e+07,1.34176e+07,8.85624e+07,8.85624e+07,8.85624e+07,5.70214,5.70214,5.70214,8.9552,8.9552,8.9552
673,2.24419e+06,2.24419e+06,2.24419e+06,4005.46,4005.46,4005.46,3843.5,3843.5,3843.5,3.43645e+06,3.43645e+06,3.43645e+06,3.15995e+06,3.15995e+06,3.15995e+06,7421.71,7421.71,7421.71,7443.19,7443.19,7443.19,1.23081e+06,1.23081e+06,1.23081e+06,1.34796e+06,1.34796e+06,1.34796e+06,1.39298e+07,1.39298e+07,1.39298e+07,1.34137e+07,1.34137e+07,1.34137e+07,8.85674e+07,8.85674e+07,8.85674e+07,5.7017,5.7017,5.7017,8.95662,8.95662,8.95662
674,2.24423e+06,2.24423e+06,2.24423e+06,4006.32,4006.32,4006.32,3844.94,3844.94,3844.94,3.43658e+06,3.43658e+06,3.43658e+06,3.16008e+06,3.16008e+06,3.16008e+06,7423.52,7423.52,7423.52,7446.17,7446.17,7446.17,1.23043e+06,1.23043e+06,1.23043e+06,1.34742e+06,1.34742e+06,1.34742e+06,1.39247e+07,1.39247e+07,1.39247e+07,1.341e+07,1.341e+07,1.341e+07,8.85722e+07,8.85722e+07,8.85722e+07,5.70244,5.70244,5.70244,8.95944,8.95944,8.95944
675,2.24426e+06,2.24426e+06,2.24426e+06,4007.98,4007.98,4007.98,3846.93,3846.93,3846.93,3.43669e+06,3.43669e+06,3.43669e+06,3.1602e+06,3.1602e+06,3.1602e+06,7426.83,7426.83,7426.83,7450.23,7450.23,7450.23,1.23007e+06,1.23007e+06,1.23007e+06,1.3469e+06,1.3469e+06,1.3469e+06,1.39199e+07,1.39199e+07,1.39199e+07,1.34064e+07,1.34064e+07,1.34064e+07,8.85766e+07,8.85766e+07,8.85766e+07,5.70435,5.70435,5.70435,8.9636,8.9636,8.9636
676,2.24427e+06,2.24427e+06,2.24427e+06,4010.41,4010.41,4010.41,3849.45,3849.45,3849.45,3.43677e+06,3.43677e+06,3.43677e+06,3.16029e+06,3.16029e+06,3.16029e+06,7431.57,7431.57,7431.57,7455.31,7455.31,7455.31,1.22973e+06,1.22973e+06,1.22973e+06,1.34641e+06,1.34641e+06,1.34641e+06,1.39152e+07,1.39152e+07,1.39152e+07,1.34031e+07,1.34031e+07,1.34031e+07,8.85805e+07,8.85805e+07,8.85805e+07,5.70739,5.70739,5.70739,8.96903,8.96903,8.96903
677,2.24426e+06,2.24426e+06,2.24426e+06,4013.57,4013.57,4013.57,3852.44,3852.44,3852.44,3.43682e+06,3.43682e+06,3.43682e+06,3.16036e+06,3.16036e+06,3.16036e+06,7437.66,7437.66,7437.66,7461.32,7461.32,7461.32,1.22941e+06,1.22941e+06,1.22941e+06,1.34594e+06,1.34594e+06,1.34594e+06,1.39109e+07,1.39109e+07,1.39109e+07,1.34001e+07,1.34001e+07,1.34001e+07,8.85839e+07,8.85839e+07,8.85839e+07,5.71149,5.71149,5.71149,8.97562,8.97562,8.97562
678,2.24424e+06,2.24424e+06,2.24424e+06,4017.4,4017.4,4017.4,3855.86,3855.86,3855.86,3.43685e+06,3.43685e+06,3.43685e+06,3.16041e+06,3.16041e+06,3.16041e+06,7445.01,7445.01,7445.01,7468.17,7468.17,7468.17,1.22912e+06,1.22912e+06,1.22912e+06,1.34551e+06,1.34551e+06,1.34551e+06,1.39069e+07,1.39069e+07,1.39069e+07,1.33973e+07,1.33973e+07,1.33973e+07,8.85868e+07,8.85868e+07,8.85868e+07,5.71659,5.71659,5.71659,8.98328,8.98328,8.98328
679,2.24419e+06,2.24419e+06,2.24419e+06,4021.84,4021.84,4021.84,3859.65,3859.65,3859.65,3.43683e+06,3.43683e+06,3.43683e+06,3.16042e+06,3.16042e+06,3.16042e+06,7453.5,7453.5,7453.5,7475.74,7475.74,7475.74,1.22886e+06,1.22886e+06,1.22886e+06,1.34511e+06,1.34511e+06,1.34511e+06,1.39033e+07,1.39033e+07,1.39033e+07,1.33949e+07,1.33949e+07,1.33949e+07,8.85891e+07,8.85891e+07,8.85891e+07,5.72262,5.72262,5.72262,8.99188,8.99188,8.99188
680,2.24412e+06,2.24412e+06,2.24412e+06,4026.82,4026.82,4026.82,3863.75,3863.75,3863.75,3.43678e+06,3.43678e+06,3.43678e+06,3.1604e+06,3.1604e+06,3.1604e+06,7463.01,7463.01,7463.01,7483.93,7483.93,7483.93,1.22863e+06,1.22863e+06,1.22863e+06,1.34475e+06,1.34475e+06,1.34475e+06,1.39001e+07,1.39001e+07,1.39001e+07,1.33928e+07,1.33928e+07,1.33928e+07,8.85906e+07,8.85906e+07,8.85906e+07,5.72947,5.72947,5.72947,9.00127,9.00127,9.00127
681,2.24401e+06,2.24401e+06,2.24401e+06,4032.25,4032.25,4032.25,3868.09,3868.09,3868.09,3.43669e+06,3.43669e+06,3.43669e+06,3.16035e+06,3.16035e+06,3.16035e+06,7473.38,7473.38,7473.38,7492.59,7492.59,7492.59,1.22843e+06,1.22843e+06,1.22843e+06,1.34443e+06,1.34443e+06,1.34443e+06,1.38973e+07,1.38973e+07,1.38973e+07,1.3391e+07,1.3391e+07,1.3391e+07,8.85915e+07,8.85915e+07,8.85915e+07,5.73703,5.73703,5.73703,9.01132,9.01132,9.01132
682,2.24388e+06,2.24388e+06,2.24388e+06,4038.05,4038.05,4038.05,3872.59,3872.59,3872.59,3.43656e+06,3.43656e+06,3.43656e+06,3.16027e+06,3.16027e+06,3.16027e+06,7484.46,7484.46,7484.46,7501.6,7501.6,7501.6,1.22826e+06,1.22826e+06,1.22826e+06,1.34416e+06,1.34416e+06,1.34416e+06,1.3895e+07,1.3895e+07,1.3895e+07,1.33896e+07,1.33896e+07,1.33896e+07,8.85917e+07,8.85917e+07,8.85917e+07,5.7452,5.7452,5.7452,9.02185,9.02185,9.02185
683,2.24372e+06,2.24372e+06,2.24372e+06,4044.12,4044.12,4044.12,3877.18,3877.18,3877.18,3.43639e+06,3.43639e+06,3.43639e+06,3.16015e+06,3.16015e+06,3.16015e+06,7496.08,7496.08,7496.08,7510.8,7510.8,7510.8,1.22812e+06,1.22812e+06,1.22812e+06,1.34392e+06,1.34392e+06,1.34392e+06,1.38931e+07,1.38931e+07,1.38931e+07,1.33885e+07,1.33885e+07,1.33885e+07,8.85911e+07,8.85911e+07,8.85911e+07,5.75383,5.75383,5.75383,9.03271,9.03271,9.03271
684,2.24354e+06,2.24354e+06,2.24354e+06,4050.38,4050.38,4050.38,3881.8,3881.8,3881.8,3.43618e+06,3.43618e+06,3.43618e+06,3.16e+06,3.16e+06,3.16e+06,7508.06,7508.06,7508.06,7520.07,7520.07,7520.07,1.22801e+06,1.22801e+06,1.22801e+06,1.34374e+06,1.34374e+06,1.34374e+06,1.38917e+07,1.38917e+07,1.38917e+07,1.33878e+07,1.33878e+07,1.33878e+07,8.85898e+07,8.85898e+07,8.85898e+07,5.76281,5.76281,5.76281,9.04371,9.04371,9.04371
685,2.24332e+06,2.24332e+06,2.24332e+06,4056.71,4056.71,4056.71,3886.35,3886.35,3886.35,3.43593e+06,3.43593e+06,3.43593e+06,3.15981e+06,3.15981e+06,3.15981e+06,7520.22,7520.22,7520.22,7529.25,7529.25,7529.25,1.22793e+06,1.22793e+06,1.22793e+06,1.34359e+06,1.34359e+06,1.34359e+06,1.38907e+07,1.38907e+07,1.38907e+07,1.33874e+07,1.33874e+07,1.33874e+07,8.85877e+07,8.85877e+07,8.85877e+07,5.77199,5.77199,5.77199,9.05468,9.05468,9.05468
686,2.24307e+06,2.24307e+06,2.24307e+06,4063.02,4063.02,4063.02,3890.76,3890.76,3890.76,3.43564e+06,3.43564e+06,3.43564e+06,3.1596e+06,3.1596e+06,3.1596e+06,7532.37,7532.37,7532.37,7538.18,7538.18,7538.18,1.22788e+06,1.22788e+06,1.22788e+06,1.34349e+06,1.34349e+06,1.34349e+06,1.38902e+07,1.38902e+07,1.38902e+07,1.33873e+07,1.33873e+07,1.33873e+07,8.8585e+07,8.8585e+07,8.8585e+07,5.78122,5.78122,5.78122,9.06544,9.06544,9.06544
687,2.24279e+06,2.24279e+06,2.24279e+06,4069.21,4069.21,4069.21,3894.97,3894.97,3894.97,3.43531e+06,3.43531e+06,3.43531e+06,3.15935e+06,3.15935e+06,3.15935e+06,7544.31,7544.31,7544.31,7546.74,7546.74,7546.74,1.22786e+06,1.22786e+06,1.22786e+06,1.34343e+06,1.34343e+06,1.34343e+06,1.38901e+07,1.38901e+07,1.38901e+07,1.33875e+07,1.33875e+07,1.33875e+07,8.85816e+07,8.85816e+07,8.85816e+07,5.79035,5.79035,5.79035,9.07581,9.07581,9.07581
688,2.24248e+06,2.24248e+06,2.24248e+06,4075.16,4075.16,4075.16,3898.89,3898.89,3898.89,3.43495e+06,3.43495e+06,3.43495e+06,3.15907e+06,3.15907e+06,3.15907e+06,7555.86,7555.86,7555.86,7554.77,7554.77,7554.77,1.22786e+06,1.22786e+06,1.22786e+06,1.34341e+06,1.34341e+06,1.34341e+06,1.38905e+07,1.38905e+07,1.38905e+07,1.33879e+07,1.33879e+07,1.33879e+07,8.85775e+07,8.85775e+07,8.85775e+07,5.79926,5.79926,5.79926,9.08563,9.08563,9.08563
689,2.24215e+06,2.24215e+06,2.24215e+06,4080.79,4080.79,4080.79,3902.45,3902.45,3902.45,3.43456e+06,3.43456e+06,3.43456e+06,3.15876e+06,3.15876e+06,3.15876e+06,7566.84,7566.84,7566.84,7562.14,7562.14,7562.14,1.22789e+06,1.22789e+06,1.22789e+06,1.34342e+06,1.34342e+06,1.34342e+06,1.38912e+07,1.38912e+07,1.38912e+07,1.33887e+07,1.33887e+07,1.33887e+07,8.85729e+07,8.85729e+07,8.85729e+07,5.80778,5.80778,5.80778,9.09473,9.09473,9.09473
690,2.2418e+06,2.2418e+06,2.2418e+06,4086,4086,4086,3905.6,3905.6,3905.6,3.43413e+06,3.43413e+06,3.43413e+06,3.15843e+06,3.15843e+06,3.15843e+06,7577.07,7577.07,7577.07,7568.74,7568.74,7568.74,1.22793e+06,1.22793e+06,1.22793e+06,1.34347e+06,1.34347e+06,1.34347e+06,1.38923e+07,1.38923e+07,1.38923e+07,1.33896e+07,1.33896e+07,1.33896e+07,8.85678e+07,8.85678e+07,8.85678e+07,5.81578,5.81578,5.81578,9.10295,9.10295,9.10295
691,2.24142e+06,2.24142e+06,2.24142e+06,4090.7,4090.7,4090.7,3908.28,3908.28,3908.28,3.43369e+06,3.43369e+06,3.43369e+06,3.15808e+06,3.15808e+06,3.15808e+06,7586.38,7586.38,7586.38,7574.44,7574.44,7574.44,1.228e+06,1.228e+06,1.228e+06,1.34355e+06,1.34355e+06,1.34355e+06,1.38937e+07,1.38937e+07,1.38937e+07,1.33908e+07,1.33908e+07,1.33908e+07,8.85622e+07,8.85622e+07,8.85622e+07,5.82314,5.82314,5.82314,9.11015,9.11015,9.11015
692,2.24103e+06,2.24103e+06,2.24103e+06,4094.8,4094.8,4094.8,3910.43,3910.43,3910.43,3.43322e+06,3.43322e+06,3.43322e+06,3.15771e+06,3.15771e+06,3.15771e+06,7594.62,7594.62,7594.62,7579.14,7579.14,7579.14,1.22807e+06,1.22807e+06,1.22807e+06,1.34366e+06,1.34366e+06,1.34366e+06,1.38954e+07,1.38954e+07,1.38954e+07,1.33921e+07,1.33921e+07,1.33921e+07,8.85562e+07,8.85562e+07,8.85562e+07,5.82973,5.82973,5.82973,9.1162,9.1162,9.1162
693,2.24062e+06,2.24062e+06,2.24062e+06,4098.24,4098.24,4098.24,3912.01,3912.01,3912.01,3.43273e+06,3.43273e+06,3.43273e+06,3.15733e+06,3.15733e+06,3.15733e+06,7601.65,7601.65,7601.65,7582.77,7582.77,7582.77,1.22816e+06,1.22816e+06,1.22816e+06,1.34379e+06,1.34379e+06,1.34379e+06,1.38973e+07,1.38973e+07,1.38973e+07,1.33935e+07,1.33935e+07,1.33935e+07,8.855e+07,8.855e+07,8.855e+07,5.83543,5.83543,5.83543,9.121,9.121,9.121
694,2.2402e+06,2.2402e+06,2.2402e+06,4100.96,4100.96,4100.96,3912.99,3912.99,3912.99,3.43224e+06,3.43224e+06,3.43224e+06,3.15693e+06,3.15693e+06,3.15693e+06,7607.35,7607.35,7607.35,7585.25,7585.25,7585.25,1.22825e+06,1.22825e+06,1.22825e+06,1.34393e+06,1.34393e+06,1.34393e+06,1.38993e+07,1.38993e+07,1.38993e+07,1.3395e+07,1.3395e+07,1.3395e+07,8.85435e+07,8.85435e+07,8.85435e+07,5.84014,5.84014,5.84014,9.12444,9.12444,9.12444
695,2.23977e+06,2.23977e+06,2.23977e+06,4102.89,4102.89,4102.89,3913.34,3913.34,3913.34,3.43173e+06,3.43173e+06,3.43173e+06,3.15654e+06,3.15654e+06,3.15654e+06,7611.62,7611.62,7611.62,7586.52,7586.52,7586.52,1.22834e+06,1.22834e+06,1.22834e+06,1.34408e+06,1.34408e+06,1.34408e+06,1.39015e+07,1.39015e+07,1.39015e+07,1.33965e+07,1.33965e+07,1.33965e+07,8.8537e+07,8.8537e+07,8.8537e+07,5.8438,5.8438,5.8438,9.12646,9.12646,9.12646
696,2.23933e+06,2.23933e+06,2.23933e+06,4103.99,4103.99,4103.99,3913.05,3913.05,3913.05,3.43123e+06,3.43123e+06,3.43123e+06,3.15613e+06,3.15613e+06,3.15613e+06,7614.38,7614.38,7614.38,7586.56,7586.56,7586.56,1.22843e+06,1.22843e+06,1.22843e+06,1.34425e+06,1.34425e+06,1.34425e+06,1.39038e+07,1.39038e+07,1.39038e+07,1.3398e+07,1.3398e+07,1.3398e+07,8.85304e+07,8.85304e+07,8.85304e+07,5.84631,5.84631,5.84631,9.12701,9.12701,9.12701
697,2.2389e+06,2.2389e+06,2.2389e+06,4104.25,4104.25,4104.25,3912.1,3912.1,3912.1,3.43072e+06,3.43072e+06,3.43072e+06,3.15574e+06,3.15574e+06,3.15574e+06,7615.57,7615.57,7615.57,7585.36,7585.36,7585.36,1.22852e+06,1.22852e+06,1.22852e+06,1.34441e+06,1.34441e+06,1.34441e+06,1.39061e+07,1.39061e+07,1.39061e+07,1.33994e+07,1.33994e+07,1.33994e+07,8.8524e+07,8.8524e+07,8.8524e+07,5.84764,5.84764,5.84764,9.12606,9.12606,9.12606
698,2.23847e+06,2.23847e+06,2.23847e+06,4103.65,4103.65,4103.65,3910.52,3910.52,3910.52,3.43022e+06,3.43022e+06,3.43022e+06,3.15534e+06,3.15534e+06,3.15534e+06,7615.17,7615.17,7615.17,7582.91,7582.91,7582.91,1.2286e+06,1.2286e+06,1.2286e+06,1.34457e+06,1.34457e+06,1.34457e+06,1.39083e+07,1.39083e+07,1.39083e+07,1.34007e+07,1.34007e+07,1.34007e+07,8.85177e+07,8.85177e+07,8.85177e+07,5.84776,5.84776,5.84776,9.1236,9.1236,9.1236
699,2.23804e+06,2.23804e+06,2.23804e+06,4102.18,4102.18,4102.18,3908.3,3908.3,3908.3,3.42974e+06,3.42974e+06,3.42974e+06,3.15496e+06,3.15496e+06,3.15496e+06,7613.16,7613.16,7613.16,7579.23,7579.23,7579.23,1.22866e+06,1.22866e+06,1.22866e+06,1.34471e+06,1.34471e+06,1.34471e+06,1.39105e+07,1.39105e+07,1.39105e+07,1.34019e+07,1.34019e+07,1.34019e+07,8.85117e+07,8.85117e+07,8.85117e+07,5.84664,5.84664,5.84664,9.11966,9.11966,9.11966
700,2.23762e+06,2.23762e+06,2.23762e+06,4099.85,4099.85,4099.85,3905.47,3905.47,3905.47,3.42927e+06,3.42927e+06,3.42927e+06,3.15459e+06,3.15459e+06,3.15459e+06,7609.57,7609.57,7609.57,7574.38,7574.38,7574.38,1.22871e+06,1.22871e+06,1.22871e+06,1.34484e+06,1.34484e+06,1.34484e+06,1.39125e+07,1.39125e+07,1.39125e+07,1.34029e+07,1.34029e+07,1.34029e+07,8.8506e+07,8.8506e+07,8.8506e+07,5.84429,5.84429,5.84429,9.11427,9.11427,9.11427
701,2.23722e+06,2.23722e+06,2.23722e+06,4096.7,4096.7,4096.7,3902.07,3902.07,3902.07,3.42882e+06,3.42882e+06,3.42882e+06,3.15424e+06,3.15424e+06,3.15424e+06,7604.42,7604.42,7604.42,7568.42,7568.42,7568.42,1.22873e+06,1.22873e+06,1.22873e+06,1.34495e+06,1.34495e+06,1.34495e+06,1.39142e+07,1.39142e+07,1.39142e+07,1.34038e+07,1.34038e+07,1.34038e+07,8.85008e+07,8.85008e+07,8.85008e+07,5.84074,5.84074,5.84074,9.1075,9.1075,9.1075
702,2.23684e+06,2.23684e+06,2.23684e+06,4092.75,4092.75,4092.75,3898.14,3898.14,3898.14,3.4284e+06,3.4284e+06,3.4284e+06,3.15392e+06,3.15392e+06,3.15392e+06,7597.8,7597.8,7597.8,7561.41,7561.41,7561.41,1.22874e+06,1.22874e+06,1.22874e+06,1.34504e+06,1.34504e+06,1.34504e+06,1.39158e+07,1.39158e+07,1.39158e+07,1.34043e+07,1.34043e+07,1.34043e+07,8.84961e+07,8.84961e+07,8.84961e+07,5.83602,5.83602,5.83602,9.09943,9.09943,9.09943
703,2.23648e+06,2.23648e+06,2.23648e+06,4088.06,4088.06,4088.06,3893.73,3893.73,3893.73,3.42801e+06,3.42801e+06,3.42801e+06,3.15361e+06,3.15361e+06,3.15361e+06,7589.78,7589.78,7589.78,7553.45,7553.45,7553.45,1.22872e+06,1.22872e+06,1.22872e+06,1.3451e+06,1.3451e+06,1.3451e+06,1.3917e+07,1.3917e+07,1.3917e+07,1.34046e+07,1.34046e+07,1.34046e+07,8.8492e+07,8.8492e+07,8.8492e+07,5.83021,5.83021,5.83021,9.09017,9.09017,9.09017
704,2.23614e+06,2.23614e+06,2.23614e+06,4082.69,4082.69,4082.69,3888.89,3888.89,3888.89,3.42765e+06,3.42765e+06,3.42765e+06,3.15333e+06,3.15333e+06,3.15333e+06,7580.48,7580.48,7580.48,7544.65,7544.65,7544.65,1.22867e+06,1.22867e+06,1.22867e+06,1.34512e+06,1.34512e+06,1.34512e+06,1.39179e+07,1.39179e+07,1.39179e+07,1.34046e+07,1.34046e+07,1.34046e+07,8.84885e+07,8.84885e+07,8.84885e+07,5.82337,5.82337,5.82337,9.07984,9.07984,9.07984
705,2.23583e+06,2.23583e+06,2.23583e+06,4076.71,4076.71,4076.71,3883.69,3883.69,3883.69,3.42732e+06,3.42732e+06,3.42732e+06,3.15309e+06,3.15309e+06,3.15309e+06,7570.03,7570.03,7570.03,7535.14,7535.14,7535.14,1.22859e+06,1.22859e+06,1.22859e+06,1.34511e+06,1.34511e+06,1.34511e+06,1.39184e+07,1.39184e+07,1.39184e+07,1.34043e+07,1.34043e+07,1.34043e+07,8.84858e+07,8.84858e+07,8.84858e+07,5.8156,5.8156,5.8156,9.06858,9.06858,9.06858
706,2.23554e+06,2.23554e+06,2.23554e+06,4070.2,4070.2,4070.2,3878.2,3878.2,3878.2,3.42703e+06,3.42703e+06,3.42703e+06,3.15287e+06,3.15287e+06,3.15287e+06,7558.57,7558.57,7558.57,7525.03,7525.03,7525.03,1.22849e+06,1.22849e+06,1.22849e+06,1.34505e+06,1.34505e+06,1.34505e+06,1.39185e+07,1.39185e+07,1.39185e+07,1.34037e+07,1.34037e+07,1.34037e+07,8.84837e+07,8.84837e+07,8.84837e+07,5.80701,5.80701,5.80701,9.05653,9.05653,9.05653
707,2.23528e+06,2.23528e+06,2.23528e+06,4063.25,4063.25,4063.25,3872.48,3872.48,3872.48,3.42678e+06,3.42678e+06,3.42678e+06,3.15268e+06,3.15268e+06,3.15268e+06,7546.26,7546.26,7546.26,7514.46,7514.46,7514.46,1.22835e+06,1.22835e+06,1.22835e+06,1.34496e+06,1.34496e+06,1.34496e+06,1.39181e+07,1.39181e+07,1.39181e+07,1.34027e+07,1.34027e+07,1.34027e+07,8.84825e+07,8.84825e+07,8.84825e+07,5.79771,5.79771,5.79771,9.04387,9.04387,9.04387
708,2.23506e+06,2.23506e+06,2.23506e+06,4055.96,4055.96,4055.96,3866.62,3866.62,3866.62,3.42656e+06,3.42656e+06,3.42656e+06,3.15253e+06,3.15253e+06,3.15253e+06,7533.27,7533.27,7533.27,7503.58,7503.58,7503.58,1.22818e+06,1.22818e+06,1.22818e+06,1.34482e+06,1.34482e+06,1.34482e+06,1.39174e+07,1.39174e+07,1.39174e+07,1.34014e+07,1.34014e+07,1.34014e+07,8.84821e+07,8.84821e+07,8.84821e+07,5.78783,5.78783,5.78783,9.03075,9.03075,9.03075
709,2.23487e+06,2.23487e+06,2.23487e+06,4048.41,4048.41,4048.41,3860.69,3860.69,3860.69,3.42639e+06,3.42639e+06,3.42639e+06,3.15241e+06,3.15241e+06,3.15241e+06,7519.78,7519.78,7519.78,7492.54,7492.54,7492.54,1.22797e+06,1.22797e+06,1.22797e+06,1.34464e+06,1.34464e+06,1.34464e+06,1.39161e+07,1.39161e+07,1.39161e+07,1.33997e+07,1.33997e+07,1.33997e+07,8.84825e+07,8.84825e+07,8.84825e+07,5.77751,5.77751,5.77751,9.01735,9.01735,9.01735
710,2.23471e+06,2.23471e+06,2.23471e+06,4040.71,4040.71,4040.71,3854.76,3854.76,3854.76,3.42625e+06,3.42625e+06,3.42625e+06,3.15233e+06,3.15233e+06,3.15233e+06,7505.98,7505.98,7505.98,7481.48,7481.48,7481.48,1.22774e+06,1.22774e+06,1.22774e+06,1.34441e+06,1.34441e+06,1.34441e+06,1.39144e+07,1.39144e+07,1.39144e+07,1.33977e+07,1.33977e+07,1.33977e+07,8.84836e+07,8.84836e+07,8.84836e+07,5.76689,5.76689,5.76689,9.00386,9.00386,9.00386
711,2.23458e+06,2.23458e+06,2.23458e+06,4032.97,4032.97,4032.97,3848.92,3848.92,3848.92,3.42616e+06,3.42616e+06,3.42616e+06,3.15227e+06,3.15227e+06,3.15227e+06,7492.06,7492.06,7492.06,7470.54,7470.54,7470.54,1.22747e+06,1.22747e+06,1.22747e+06,1.34414e+06,1.34414e+06,1.34414e+06,1.39123e+07,1.39123e+07,1.39123e+07,1.33954e+07,1.33954e+07,1.33954e+07,8.84856e+07,8.84856e+07,8.84856e+07,5.75611,5.75611,5.75611,8.99044,8.99044,8.99044
712,2.23449e+06,2.23449e+06,2.23449e+06,4025.29,4025.29,4025.29,3843.23,3843.23,3843.23,3.4261e+06,3.4261e+06,3.4261e+06,3.15225e+06,3.15225e+06,3.15225e+06,7478.21,7478.21,7478.21,7459.88,7459.88,7459.88,1.22718e+06,1.22718e+06,1.22718e+06,1.34382e+06,1.34382e+06,1.34382e+06,1.39097e+07,1.39097e+07,1.39097e+07,1.33927e+07,1.33927e+07,1.33927e+07,8.84884e+07,8.84884e+07,8.84884e+07,5.74533,5.74533,5.74533,8.97728,8.97728,8.97728
713,2.23442e+06,2.23442e+06,2.23442e+06,4017.77,4017.77,4017.77,3837.77,3837.77,3837.77,3.42608e+06,3.42608e+06,3.42608e+06,3.15226e+06,3.15226e+06,3.15226e+06,7464.62,7464.62,7464.62,7449.62,7449.62,7449.62,1.22685e+06,1.22685e+06,1.22685e+06,1.34347e+06,1.34347e+06,1.34347e+06,1.39067e+07,1.39067e+07,1.39067e+07,1.33898e+07,1.33898e+07,1.33898e+07,8.84918e+07,8.84918e+07,8.84918e+07,5.73467,5.73467,5.73467,8.96455,8.96455,8.96455
714,2.23439e+06,2.23439e+06,2.23439e+06,4010.5,4010.5,4010.5,3832.61,3832.61,3832.61,3.42609e+06,3.42609e+06,3.42609e+06,3.1523e+06,3.1523e+06,3.1523e+06,7451.46,7451.46,7451.46,7439.91,7439.91,7439.91,1.22651e+06,1.22651e+06,1.22651e+06,1.34307e+06,1.34307e+06,1.34307e+06,1.39032e+07,1.39032e+07,1.39032e+07,1.33865e+07,1.33865e+07,1.33865e+07,8.8496e+07,8.8496e+07,8.8496e+07,5.7243,5.7243,5.7243,8.9524,8.9524,8.9524
715,2.23438e+06,2.23438e+06,2.23438e+06,4003.58,4003.58,4003.58,3827.81,3827.81,3827.81,3.42613e+06,3.42613e+06,3.42613e+06,3.15236e+06,3.15236e+06,3.15236e+06,7438.92,7438.92,7438.92,7430.87,7430.87,7430.87,1.22614e+06,1.22614e+06,1.22614e+06,1.34264e+06,1.34264e+06,1.34264e+06,1.38994e+07,1.38994e+07,1.38994e+07,1.33831e+07,1.33831e+07,1.33831e+07,8.85008e+07,8.85008e+07,8.85008e+07,5.71433,5.71433,5.71433,8.94099,8.94099,8.94099
716,2.2344e+06,2.2344e+06,2.2344e+06,3997.1,3997.1,3997.1,3823.42,3823.42,3823.42,3.4262e+06,3.4262e+06,3.4262e+06,3.15245e+06,3.15245e+06,3.15245e+06,7427.15,7427.15,7427.15,7422.6,7422.6,7422.6,1.22575e+06,1.22575e+06,1.22575e+06,1.34217e+06,1.34217e+06,1.34217e+06,1.38953e+07,1.38953e+07,1.38953e+07,1.33794e+07,1.33794e+07,1.33794e+07,8.85061e+07,8.85061e+07,8.85061e+07,5.70492,5.70492,5.70492,8.93046,8.93046,8.93046
717,2.23445e+06,2.23445e+06,2.23445e+06,3991.14,3991.14,3991.14,3819.51,3819.51,3819.51,3.4263e+06,3.4263e+06,3.4263e+06,3.15255e+06,3.15255e+06,3.15255e+06,7416.32,7416.32,7416.32,7415.21,7415.21,7415.21,1.22534e+06,1.22534e+06,1.22534e+06,1.34167e+06,1.34167e+06,1.34167e+06,1.38908e+07,1.38908e+07,1.38908e+07,1.33755e+07,1.33755e+07,1.33755e+07,8.8512e+07,8.8512e+07,8.8512e+07,5.69616,5.69616,5.69616,8.92095,8.92095,8.92095
718,2.23451e+06,2.23451e+06,2.23451e+06,3985.76,3985.76,3985.76,3816.11,3816.11,3816.11,3.42641e+06,3.42641e+06,3.42641e+06,3.15267e+06,3.15267e+06,3.15267e+06,7406.55,7406.55,7406.55,7408.8,7408.8,7408.8,1.22492e+06,1.22492e+06,1.22492e+06,1.34115e+06,1.34115e+06,1.34115e+06,1.38861e+07,1.38861e+07,1.38861e+07,1.33715e+07,1.33715e+07,1.33715e+07,8.85183e+07,8.85183e+07,8.85183e+07,5.68819,5.68819,5.68819,8.91256,8.91256,8.91256
719,2.23459e+06,2.23459e+06,2.23459e+06,3981.05,3981.05,3981.05,3813.26,3813.26,3813.26,3.42653e+06,3.42653e+06,3.42653e+06,3.15281e+06,3.15281e+06,3.15281e+06,7397.97,7397.97,7397.97,7403.42,7403.42,7403.42,1.22449e+06,1.22449e+06,1.22449e+06,1.34061e+06,1.34061e+06,1.34061e+06,1.38811e+07,1.38811e+07,1.38811e+07,1.33673e+07,1.33673e+07,1.33673e+07,8.85249e+07,8.85249e+07,8.85249e+07,5.68109,5.68109,5.68109,8.90539,8.90539,8.90539
720,2.23469e+06,2.23469e+06,2.23469e+06,3977.05,3977.05,3977.05,3810.99,3810.99,3810.99,3.42667e+06,3.42667e+06,3.42667e+06,3.15295e+06,3.15295e+06,3.15295e+06,7390.69,7390.69,7390.69,7399.15,7399.15,7399.15,1.22405e+06,1.22405e+06,1.22405e+06,1.34005e+06,1.34005e+06,1.34005e+06,1.3876e+07,1.3876e+07,1.3876e+07,1.33631e+07,1.33631e+07,1.33631e+07,8.85318e+07,8.85318e+07,8.85318e+07,5.67495,5.67495,5.67495,8.89953,8.89953,8.89953
721,2.2348e+06,2.2348e+06,2.2348e+06,3973.8,3973.8,3973.8,3809.33,3809.33,3809.33,3.42682e+06,3.42682e+06,3.42682e+06,3.1531e+06,3.1531e+06,3.1531e+06,7384.79,7384.79,7384.79,7396.02,7396.02,7396.02,1.22361e+06,1.22361e+06,1.22361e+06,1.33948e+06,1.33948e+06,1.33948e+06,1.38708e+07,1.38708e+07,1.38708e+07,1.33589e+07,1.33589e+07,1.33589e+07,8.85388e+07,8.85388e+07,8.85388e+07,5.66984,5.66984,5.66984,8.89503,8.89503,8.89503
722,2.23491e+06,2.23491e+06,2.23491e+06,3971.34,3971.34,3971.34,3808.28,3808.28,3808.28,3.42696e+06,3.42696e+06,3.42696e+06,3.15325e+06,3.15325e+06,3.15325e+06,7380.34,7380.34,7380.34,7394.08,7394.08,7394.08,1.22317e+06,1.22317e+06,1.22317e+06,1.3389e+06,1.3389e+06,1.3389e+06,1.38655e+07,1.38655e+07,1.38655e+07,1.33547e+07,1.33547e+07,1.33547e+07,8.85459e+07,8.85459e+07,8.85459e+07,5.66584,5.66584,5.66584,8.89194,8.89194,8.89194
723,2.23503e+06,2.23503e+06,2.23503e+06,3969.71,3969.71,3969.71,3807.85,3807.85,3807.85,3.42711e+06,3.42711e+06,3.42711e+06,3.1534e+06,3.1534e+06,3.1534e+06,7377.39,7377.39,7377.39,7393.32,7393.32,7393.32,1.22273e+06,1.22273e+06,1.22273e+06,1.33833e+06,1.33833e+06,1.33833e+06,1.38602e+07,1.38602e+07,1.38602e+07,1.33505e+07,1.33505e+07,1.33505e+07,8.8553e+07,8.8553e+07,8.8553e+07,5.66297,5.66297,5.66297,8.89028,8.89028,8.89028
724,2.23515e+06,2.23515e+06,2.23515e+06,3968.9,3968.9,3968.9,3808.05,3808.05,3808.05,3.42724e+06,3.42724e+06,3.42724e+06,3.15354e+06,3.15354e+06,3.15354e+06,7375.97,7375.97,7375.97,7393.76,7393.76,7393.76,1.22231e+06,1.22231e+06,1.22231e+06,1.33775e+06,1.33775e+06,1.33775e+06,1.3855e+07,1.3855e+07,1.3855e+07,1.33465e+07,1.33465e+07,1.33465e+07,8.856e+07,8.856e+07,8.856e+07,5.66127,5.66127,5.66127,8.89006,8.89006,8.89006
725,2.23527e+06,2.23527e+06,2.23527e+06,3968.92,3968.92,3968.92,3808.85,3808.85,3808.85,3.42737e+06,3.42737e+06,3.42737e+06,3.15367e+06,3.15367e+06,3.15367e+06,7376.08,7376.08,7376.08,7395.36,7395.36,7395.36,1.22189e+06,1.22189e+06,1.22189e+06,1.33719e+06,1.33719e+06,1.33719e+06,1.38498e+07,1.38498e+07,1.38498e+07,1.33425e+07,1.33425e+07,1.33425e+07,8.85668e+07,8.85668e+07,8.85668e+07,5.66074,5.66074,5.66074,8.89127,8.89127,8.89127
726,2.23538e+06,2.23538e+06,2.23538e+06,3969.76,3969.76,3969.76,3810.24,3810.24,3810.24,3.42747e+06,3.42747e+06,3.42747e+06,3.15378e+06,3.15378e+06,3.15378e+06,7377.71,7377.71,7377.71,7398.1,7398.1,7398.1,1.22149e+06,1.22149e+06,1.22149e+06,1.33664e+06,1.33664e+06,1.33664e+06,1.38448e+07,1.38448e+07,1.38448e+07,1.33387e+07,1.33387e+07,1.33387e+07,8.85733e+07,8.85733e+07,8.85733e+07,5.66139,5.66139,5.66139,8.89386,8.89386,8.89386
727,2.23547e+06,2.23547e+06,2.23547e+06,3971.4,3971.4,3971.4,3812.19,3812.19,3812.19,3.42756e+06,3.42756e+06,3.42756e+06,3.15388e+06,3.15388e+06,3.15388e+06,7380.83,7380.83,7380.83,7401.92,7401.92,7401.92,1.22111e+06,1.22111e+06,1.22111e+06,1.33611e+06,1.33611e+06,1.33611e+06,1.384e+07,1.384e+07,1.384e+07,1.33352e+07,1.33352e+07,1.33352e+07,8.85794e+07,8.85794e+07,8.85794e+07,5.6632,5.6632,5.6632,8.8978,8.8978,8.8978
728,2.23556e+06,2.23556e+06,2.23556e+06,3973.81,3973.81,3973.81,3814.66,3814.66,3814.66,3.42762e+06,3.42762e+06,3.42762e+06,3.15396e+06,3.15396e+06,3.15396e+06,7385.38,7385.38,7385.38,7406.76,7406.76,7406.76,1.22075e+06,1.22075e+06,1.22075e+06,1.3356e+06,1.3356e+06,1.3356e+06,1.38355e+07,1.38355e+07,1.38355e+07,1.33318e+07,1.33318e+07,1.33318e+07,8.85851e+07,8.85851e+07,8.85851e+07,5.66613,5.66613,5.66613,8.903,8.903,8.903
729,2.23563e+06,2.23563e+06,2.23563e+06,3976.95,3976.95,3976.95,3817.61,3817.61,3817.61,3.42765e+06,3.42765e+06,3.42765e+06,3.15401e+06,3.15401e+06,3.15401e+06,7391.29,7391.29,7391.29,7412.54,7412.54,7412.54,1.22041e+06,1.22041e+06,1.22041e+06,1.33512e+06,1.33512e+06,1.33512e+06,1.38312e+07,1.38312e+07,1.38312e+07,1.33287e+07,1.33287e+07,1.33287e+07,8.85903e+07,8.85903e+07,8.85903e+07,5.67013,5.67013,5.67013,8.90937,8.90937,8.90937
730,2.23568e+06,2.23568e+06,2.23568e+06,3980.76,3980.76,3980.76,3821,3821,3821,3.42765e+06,3.42765e+06,3.42765e+06,3.15403e+06,3.15403e+06,3.15403e+06,7398.46,7398.46,7398.46,7419.16,7419.16,7419.16,1.2201e+06,1.2201e+06,1.2201e+06,1.33468e+06,1.33468e+06,1.33468e+06,1.38273e+07,1.38273e+07,1.38273e+07,1.3326e+07,1.3326e+07,1.3326e+07,8.85949e+07,8.85949e+07,8.85949e+07,5.67513,5.67513,5.67513,8.91682,8.91682,8.91682
731,2.2357e+06,2.2357e+06,2.2357e+06,3985.19,3985.19,3985.19,3824.77,3824.77,3824.77,3.42762e+06,3.42762e+06,3.42762e+06,3.15403e+06,3.15403e+06,3.15403e+06,7406.78,7406.78,7406.78,7426.53,7426.53,7426.53,1.21982e+06,1.21982e+06,1.21982e+06,1.33426e+06,1.33426e+06,1.33426e+06,1.38237e+07,1.38237e+07,1.38237e+07,1.33235e+07,1.33235e+07,1.33235e+07,8.85989e+07,8.85989e+07,8.85989e+07,5.68106,5.68106,5.68106,8.92522,8.92522,8.92522
732,2.2357e+06,2.2357e+06,2.2357e+06,3990.17,3990.17,3990.17,3828.85,3828.85,3828.85,3.42755e+06,3.42755e+06,3.42755e+06,3.154e+06,3.154e+06,3.154e+06,7416.14,7416.14,7416.14,7434.52,7434.52,7434.52,1.21957e+06,1.21957e+06,1.21957e+06,1.33389e+06,1.33389e+06,1.33389e+06,1.38206e+07,1.38206e+07,1.38206e+07,1.33213e+07,1.33213e+07,1.33213e+07,8.86023e+07,8.86023e+07,8.86023e+07,5.68783,5.68783,5.68783,8.93444,8.93444,8.93444
733,2.23568e+06,2.23568e+06,2.23568e+06,3995.61,3995.61,3995.61,3833.18,3833.18,3833.18,3.42744e+06,3.42744e+06,3.42744e+06,3.15393e+06,3.15393e+06,3.15393e+06,7426.38,7426.38,7426.38,7443.01,7443.01,7443.01,1.21934e+06,1.21934e+06,1.21934e+06,1.33356e+06,1.33356e+06,1.33356e+06,1.38178e+07,1.38178e+07,1.38178e+07,1.33195e+07,1.33195e+07,1.33195e+07,8.86049e+07,8.86049e+07,8.86049e+07,5.69533,5.69533,5.69533,8.94434,8.94434,8.94434
734,2.23563e+06,2.23563e+06,2.23563e+06,4001.43,4001.43,4001.43,3837.69,3837.69,3837.69,3.4273e+06,3.4273e+06,3.4273e+06,3.15383e+06,3.15383e+06,3.15383e+06,7437.35,7437.35,7437.35,7451.87,7451.87,7451.87,1.21915e+06,1.21915e+06,1.21915e+06,1.33327e+06,1.33327e+06,1.33327e+06,1.38155e+07,1.38155e+07,1.38155e+07,1.3318e+07,1.3318e+07,1.3318e+07,8.86068e+07,8.86068e+07,8.86068e+07,5.70344,5.70344,5.70344,8.95474,8.95474,8.95474
735,2.23555e+06,2.23555e+06,2.23555e+06,4007.54,4007.54,4007.54,3842.31,3842.31,3842.31,3.42711e+06,3.42711e+06,3.42711e+06,3.1537e+06,3.1537e+06,3.1537e+06,7448.89,7448.89,7448.89,7460.96,7460.96,7460.96,1.21899e+06,1.21899e+06,1.21899e+06,1.33302e+06,1.33302e+06,1.33302e+06,1.38137e+07,1.38137e+07,1.38137e+07,1.33168e+07,1.33168e+07,1.33168e+07,8.8608e+07,8.8608e+07,8.8608e+07,5.71205,5.71205,5.71205,8.9655,8.9655,8.9655
736,2.23544e+06,2.23544e+06,2.23544e+06,4013.86,4013.86,4013.86,3846.96,3846.96,3846.96,3.42688e+06,3.42688e+06,3.42688e+06,3.15354e+06,3.15354e+06,3.15354e+06,7460.83,7460.83,7460.83,7470.13,7470.13,7470.13,1.21886e+06,1.21886e+06,1.21886e+06,1.33282e+06,1.33282e+06,1.33282e+06,1.38123e+07,1.38123e+07,1.38123e+07,1.3316e+07,1.3316e+07,1.3316e+07,8.86084e+07,8.86084e+07,8.86084e+07,5.72101,5.72101,5.72101,8.97644,8.97644,8.97644
737,2.2353e+06,2.2353e+06,2.2353e+06,4020.26,4020.26,4020.26,3851.57,3851.57,3851.57,3.42662e+06,3.42662e+06,3.42662e+06,3.15334e+06,3.15334e+06,3.15334e+06,7472.97,7472.97,7472.97,7479.24,7479.24,7479.24,1.21876e+06,1.21876e+06,1.21876e+06,1.33266e+06,1.33266e+06,1.33266e+06,1.38114e+07,1.38114e+07,1.38114e+07,1.33156e+07,1.33156e+07,1.33156e+07,8.8608e+07,8.8608e+07,8.8608e+07,5.7302,5.7302,5.7302,8.98738,8.98738,8.98738
738,2.23513e+06,2.23513e+06,2.23513e+06,4026.67,4026.67,4026.67,3856.06,3856.06,3856.06,3.42631e+06,3.42631e+06,3.42631e+06,3.1531e+06,3.1531e+06,3.1531e+06,7485.13,7485.13,7485.13,7488.14,7488.14,7488.14,1.21869e+06,1.21869e+06,1.21869e+06,1.33254e+06,1.33254e+06,1.33254e+06,1.38109e+07,1.38109e+07,1.38109e+07,1.33154e+07,1.33154e+07,1.33154e+07,8.8607e+07,8.8607e+07,8.8607e+07,5.73948,5.73948,5.73948,8.99816,8.99816,8.99816
739,2.23494e+06,2.23494e+06,2.23494e+06,4032.97,4032.97,4032.97,3860.35,3860.35,3860.35,3.42597e+06,3.42597e+06,3.42597e+06,3.15284e+06,3.15284e+06,3.15284e+06,7497.13,7497.13,7497.13,7496.69,7496.69,7496.69,1.21865e+06,1.21865e+06,1.21865e+06,1.33247e+06,1.33247e+06,1.33247e+06,1.38109e+07,1.38109e+07,1.38109e+07,1.33156e+07,1.33156e+07,1.33156e+07,8.86053e+07,8.86053e+07,8.86053e+07,5.74869,5.74869,5.74869,9.00858,9.00858,9.00858
740,2.23471e+06,2.23471e+06,2.23471e+06,4039.07,4039.07,4039.07,3864.38,3864.38,3864.38,3.42559e+06,3.42559e+06,3.42559e+06,3.15255e+06,3.15255e+06,3.15255e+06,7508.78,7508.78,7508.78,7504.76,7504.76,7504.76,1.21863e+06,1.21863e+06,1.21863e+06,1.33243e+06,1.33243e+06,1.33243e+06,1.38113e+07,1.38113e+07,1.38113e+07,1.3316e+07,1.3316e+07,1.3316e+07,8.86029e+07,8.86029e+07,8.86029e+07,5.75769,5.75769,5.75769,9.01849,9.01849,9.01849
741,2.23447e+06,2.23447e+06,2.23447e+06,4044.86,4044.86,4044.86,3868.08,3868.08,3868.08,3.42519e+06,3.42519e+06,3.42519e+06,3.15223e+06,3.15223e+06,3.15223e+06,7519.89,7519.89,7519.89,7512.19,7512.19,7512.19,1.21864e+06,1.21864e+06,1.21864e+06,1.33244e+06,1.33244e+06,1.33244e+06,1.38121e+07,1.38121e+07,1.38121e+07,1.33167e+07,1.33167e+07,1.33167e+07,8.85999e+07,8.85999e+07,8.85999e+07,5.76635,5.76635,5.76635,9.02772,9.02772,9.02772
742,2.23419e+06,2.23419e+06,2.23419e+06,4050.26,4050.26,4050.26,3871.37,3871.37,3871.37,3.42475e+06,3.42475e+06,3.42475e+06,3.15188e+06,3.15188e+06,3.15188e+06,7530.3,7530.3,7530.3,7518.89,7518.89,7518.89,1.21867e+06,1.21867e+06,1.21867e+06,1.33247e+06,1.33247e+06,1.33247e+06,1.38133e+07,1.38133e+07,1.38133e+07,1.33177e+07,1.33177e+07,1.33177e+07,8.85964e+07,8.85964e+07,8.85964e+07,5.77452,5.77452,5.77452,9.03612,9.03612,9.03612
743,2.2339e+06,2.2339e+06,2.2339e+06,4055.17,4055.17,4055.17,3874.21,3874.21,3874.21,3.42429e+06,3.42429e+06,3.42429e+06,3.15152e+06,3.15152e+06,3.15152e+06,7539.82,7539.82,7539.82,7524.71,7524.71,7524.71,1.21871e+06,1.21871e+06,1.21871e+06,1.33254e+06,1.33254e+06,1.33254e+06,1.38148e+07,1.38148e+07,1.38148e+07,1.33188e+07,1.33188e+07,1.33188e+07,8.85924e+07,8.85924e+07,8.85924e+07,5.78208,5.78208,5.78208,9.04353,9.04353,9.04353
744,2.23359e+06,2.23359e+06,2.23359e+06,4059.51,4059.51,4059.51,3876.55,3876.55,3876.55,3.4238e+06,3.4238e+06,3.4238e+06,3.15113e+06,3.15113e+06,3.15113e+06,7548.32,7548.32,7548.32,7529.58,7529.58,7529.58,1.21877e+06,1.21877e+06,1.21877e+06,1.33264e+06,1.33264e+06,1.33264e+06,1.38165e+07,1.38165e+07,1.38165e+07,1.33201e+07,1.33201e+07,1.33201e+07,8.8588e+07,8.8588e+07,8.8588e+07,5.78889,5.78889,5.78889,9.04984,9.04984,9.04984
745,2.23326e+06,2.23326e+06,2.23326e+06,4063.21,4063.21,4063.21,3878.33,3878.33,3878.33,3.4233e+06,3.4233e+06,3.4233e+06,3.15073e+06,3.15073e+06,3.15073e+06,7555.64,7555.64,7555.64,7533.39,7533.39,7533.39,1.21884e+06,1.21884e+06,1.21884e+06,1.33276e+06,1.33276e+06,1.33276e+06,1.38186e+07,1.38186e+07,1.38186e+07,1.33215e+07,1.33215e+07,1.33215e+07,8.85833e+07,8.85833e+07,8.85833e+07,5.79485,5.79485,5.79485,9.05492,9.05492,9.05492
746,2.23292e+06,2.23292e+06,2.23292e+06,4066.2,4066.2,4066.2,3879.52,3879.52,3879.52,3.42279e+06,3.42279e+06,3.42279e+06,3.15032e+06,3.15032e+06,3.15032e+06,7561.67,7561.67,7561.67,7536.08,7536.08,7536.08,1.21892e+06,1.21892e+06,1.21892e+06,1.3329e+06,1.3329e+06,1.3329e+06,1.38208e+07,1.38208e+07,1.38208e+07,1.3323e+07,1.3323e+07,1.3323e+07,8.85784e+07,8.85784e+07,8.85784e+07,5.79986,5.79986,5.79986,9.05869,9.05869,9.05869
747,2.23257e+06,2.23257e+06,2.23257e+06,4068.43,4068.43,4068.43,3880.1,3880.1,3880.1,3.42226e+06,3.42226e+06,3.42226e+06,3.14991e+06,3.14991e+06,3.14991e+06,7566.3,7566.3,7566.3,7537.6,7537.6,7537.6,1.219e+06,1.219e+06,1.219e+06,1.33305e+06,1.33305e+06,1.33305e+06,1.38231e+07,1.38231e+07,1.38231e+07,1.33245e+07,1.33245e+07,1.33245e+07,8.85734e+07,8.85734e+07,8.85734e+07,5.80382,5.80382,5.80382,9.06107,9.06107,9.06107
748,2.23222e+06,2.23222e+06,2.23222e+06,4069.85,4069.85,4069.85,3880.05,3880.05,3880.05,3.42174e+06,3.42174e+06,3.42174e+06,3.14949e+06,3.14949e+06,3.14949e+06,7569.44,7569.44,7569.44,7537.9,7537.9,7537.9,1.21908e+06,1.21908e+06,1.21908e+06,1.33321e+06,1.33321e+06,1.33321e+06,1.38255e+07,1.38255e+07,1.38255e+07,1.3326e+07,1.3326e+07,1.3326e+07,8.85683e+07,8.85683e+07,8.85683e+07,5.80668,5.80668,5.80668,9.062,9.062,9.062
749,2.23186e+06,2.23186e+06,2.23186e+06,4070.44,4070.44,4070.44,3879.36,3879.36,3879.36,3.42122e+06,3.42122e+06,3.42122e+06,3.14907e+06,3.14907e+06,3.14907e+06,7571.05,7571.05,7571.05,7536.96,7536.96,7536.96,1.21916e+06,1.21916e+06,1.21916e+06,1.33337e+06,1.33337e+06,1.33337e+06,1.3828e+07,1.3828e+07,1.3828e+07,1.33275e+07,1.33275e+07,1.33275e+07,8.85632e+07,8.85632e+07,8.85632e+07,5.80837,5.80837,5.80837,9.06145,9.06145,9.06145
750,2.23151e+06,2.23151e+06,2.23151e+06,4070.18,4070.18,4070.18,3878.03,3878.03,3878.03,3.4207e+06,3.4207e+06,3.4207e+06,3.14866e+06,3.14866e+06,3.14866e+06,7571.08,7571.08,7571.08,7534.8,7534.8,7534.8,1.21922e+06,1.21922e+06,1.21922e+06,1.33352e+06,1.33352e+06,1.33352e+06,1.38304e+07,1.38304e+07,1.38304e+07,1.33289e+07,1.33289e+07,1.33289e+07,8.85583e+07,8.85583e+07,8.85583e+07,5.80886,5.80886,5.80886,9.05942,9.05942,9.05942
751,2.23116e+06,2.23116e+06,2.23116e+06,4069.07,4069.07,4069.07,3876.08,3876.08,3876.08,3.42019e+06,3.42019e+06,3.42019e+06,3.14826e+06,3.14826e+06,3.14826e+06,7569.51,7569.51,7569.51,7531.42,7531.42,7531.42,1.21928e+06,1.21928e+06,1.21928e+06,1.33367e+06,1.33367e+06,1.33367e+06,1.38327e+07,1.38327e+07,1.38327e+07,1.33302e+07,1.33302e+07,1.33302e+07,8.85537e+07,8.85537e+07,8.85537e+07,5.80813,5.80813,5.80813,9.05592,9.05592,9.05592
752,2.23083e+06,2.23083e+06,2.23083e+06,4067.1,4067.1,4067.1,3873.52,3873.52,3873.52,3.4197e+06,3.4197e+06,3.4197e+06,3.14787e+06,3.14787e+06,3.14787e+06,7566.37,7566.37,7566.37,7526.87,7526.87,7526.87,1.21932e+06,1.21932e+06,1.21932e+06,1.33381e+06,1.33381e+06,1.33381e+06,1.38349e+07,1.38349e+07,1.38349e+07,1.33313e+07,1.33313e+07,1.33313e+07,8.85493e+07,8.85493e+07,8.85493e+07,5.80619,5.80619,5.80619,9.05098,9.05098,9.05098
753,2.2305e+06,2.2305e+06,2.2305e+06,4064.31,4064.31,4064.31,3870.39,3870.39,3870.39,3.41923e+06,3.41923e+06,3.41923e+06,3.14749e+06,3.14749e+06,3.14749e+06,7561.69,7561.69,7561.69,7521.21,7521.21,7521.21,1.21934e+06,1.21934e+06,1.21934e+06,1.33392e+06,1.33392e+06,1.33392e+06,1.38369e+07,1.38369e+07,1.38369e+07,1.33322e+07,1.33322e+07,1.33322e+07,8.85454e+07,8.85454e+07,8.85454e+07,5.80305,5.80305,5.80305,9.04466,9.04466,9.04466
754,2.2302e+06,2.2302e+06,2.2302e+06,4060.74,4060.74,4060.74,3866.73,3866.73,3866.73,3.41879e+06,3.41879e+06,3.41879e+06,3.14714e+06,3.14714e+06,3.14714e+06,7555.53,7555.53,7555.53,7514.5,7514.5,7514.5,1.21934e+06,1.21934e+06,1.21934e+06,1.33401e+06,1.33401e+06,1.33401e+06,1.38387e+07,1.38387e+07,1.38387e+07,1.33328e+07,1.33328e+07,1.33328e+07,8.8542e+07,8.8542e+07,8.8542e+07,5.79875,5.79875,5.79875,9.03705,9.03705,9.03705
755,2.22991e+06,2.22991e+06,2.22991e+06,4056.42,4056.42,4056.42,3862.59,3862.59,3862.59,3.41837e+06,3.41837e+06,3.41837e+06,3.14681e+06,3.14681e+06,3.14681e+06,7547.97,7547.97,7547.97,7506.84,7506.84,7506.84,1.21932e+06,1.21932e+06,1.21932e+06,1.33408e+06,1.33408e+06,1.33408e+06,1.38402e+07,1.38402e+07,1.38402e+07,1.33333e+07,1.33333e+07,1.33333e+07,8.85391e+07,8.85391e+07,8.85391e+07,5.79335,5.79335,5.79335,9.02824,9.02824,9.02824
756,2.22965e+06,2.22965e+06,2.22965e+06,4051.41,4051.41,4051.41,3858.01,3858.01,3858.01,3.41798e+06,3.41798e+06,3.41798e+06,3.14651e+06,3.14651e+06,3.14651e+06,7539.12,7539.12,7539.12,7498.33,7498.33,7498.33,1.21927e+06,1.21927e+06,1.21927e+06,1.33411e+06,1.33411e+06,1.33411e+06,1.38413e+07,1.38413e+07,1.38413e+07,1.33334e+07,1.33334e+07,1.33334e+07,8.85368e+07,8.85368e+07,8.85368e+07,5.78692,5.78692,5.78692,9.01835,9.01835,9.01835
757,2.22941e+06,2.22941e+06,2.22941e+06,4045.79,4045.79,4045.79,3853.07,3853.07,3853.07,3.41763e+06,3.41763e+06,3.41763e+06,3.14624e+06,3.14624e+06,3.14624e+06,7529.1,7529.1,7529.1,7489.08,7489.08,7489.08,1.21919e+06,1.21919e+06,1.21919e+06,1.33411e+06,1.33411e+06,1.33411e+06,1.38421e+07,1.38421e+07,1.38421e+07,1.33332e+07,1.33332e+07,1.33332e+07,8.85352e+07,8.85352e+07,8.85352e+07,5.77956,5.77956,5.77956,9.00751,9.00751,9.00751
758,2.2292e+06,2.2292e+06,2.2292e+06,4039.63,4039.63,4039.63,3847.82,3847.82,3847.82,3.41731e+06,3.41731e+06,3.41731e+06,3.146e+06,3.146e+06,3.146e+06,7518.05,7518.05,7518.05,7479.22,7479.22,7479.22,1.21909e+06,1.21909e+06,1.21909e+06,1.33407e+06,1.33407e+06,1.33407e+06,1.38425e+07,1.38425e+07,1.38425e+07,1.33327e+07,1.33327e+07,1.33327e+07,8.85344e+07,8.85344e+07,8.85344e+07,5.77135,5.77135,5.77135,8.99587,8.99587,8.99587
759,2.22902e+06,2.22902e+06,2.22902e+06,4033.02,4033.02,4033.02,3842.34,3842.34,3842.34,3.41703e+06,3.41703e+06,3.41703e+06,3.14578e+06,3.14578e+06,3.14578e+06,7506.13,7506.13,7506.13,7468.89,7468.89,7468.89,1.21895e+06,1.21895e+06,1.21895e+06,1.33399e+06,1.33399e+06,1.33399e+06,1.38425e+07,1.38425e+07,1.38425e+07,1.33319e+07,1.33319e+07,1.33319e+07,8.85343e+07,8.85343e+07,8.85343e+07,5.76243,5.76243,5.76243,8.98359,8.98359,8.98359
760,2.22887e+06,2.22887e+06,2.22887e+06,4026.04,4026.04,4026.04,3836.71,3836.71,3836.71,3.41679e+06,3.41679e+06,3.41679e+06,3.14561e+06,3.14561e+06,3.14561e+06,7493.51,7493.51,7493.51,7458.22,7458.22,7458.22,1.21878e+06,1.21878e+06,1.21878e+06,1.33387e+06,1.33387e+06,1.33387e+06,1.3842e+07,1.3842e+07,1.3842e+07,1.33307e+07,1.33307e+07,1.33307e+07,8.8535e+07,8.8535e+07,8.8535e+07,5.7529,5.7529,5.7529,8.97083,8.97083,8.97083
761,2.22875e+06,2.22875e+06,2.22875e+06,4018.81,4018.81,4018.81,3830.99,3830.99,3830.99,3.41659e+06,3.41659e+06,3.41659e+06,3.14546e+06,3.14546e+06,3.14546e+06,7480.36,7480.36,7480.36,7447.36,7447.36,7447.36,1.21858e+06,1.21858e+06,1.21858e+06,1.3337e+06,1.3337e+06,1.3337e+06,1.38411e+07,1.38411e+07,1.38411e+07,1.33292e+07,1.33292e+07,1.33292e+07,8.85364e+07,8.85364e+07,8.85364e+07,5.74291,5.74291,5.74291,8.95777,8.95777,8.95777
762,2.22866e+06,2.22866e+06,2.22866e+06,4011.4,4011.4,4011.4,3825.26,3825.26,3825.26,3.41643e+06,3.41643e+06,3.41643e+06,3.14535e+06,3.14535e+06,3.14535e+06,7466.87,7466.87,7466.87,7436.46,7436.46,7436.46,1.21835e+06,1.21835e+06,1.21835e+06,1.33349e+06,1.33349e+06,1.33349e+06,1.38397e+07,1.38397e+07,1.38397e+07,1.33274e+07,1.33274e+07,1.33274e+07,8.85387e+07,8.85387e+07,8.85387e+07,5.7326,5.7326,5.7326,8.94458,8.94458,8.94458
763,2.2286e+06,2.2286e+06,2.2286e+06,4003.93,4003.93,4003.93,3819.6,3819.6,3819.6,3.41631e+06,3.41631e+06,3.41631e+06,3.14527e+06,3.14527e+06,3.14527e+06,7453.22,7453.22,7453.22,7425.66,7425.66,7425.66,1.21809e+06,1.21809e+06,1.21809e+06,1.33324e+06,1.33324e+06,1.33324e+06,1.38379e+07,1.38379e+07,1.38379e+07,1.33252e+07,1.33252e+07,1.33252e+07,8.85417e+07,8.85417e+07,8.85417e+07,5.72211,5.72211,5.72211,8.93143,8.93143,8.93143
764,2.22858e+06,2.22858e+06,2.22858e+06,3996.5,3996.5,3996.5,3814.08,3814.08,3814.08,3.41622e+06,3.41622e+06,3.41622e+06,3.14522e+06,3.14522e+06,3.14522e+06,7439.6,7439.6,7439.6,7415.1,7415.1,7415.1,1.2178e+06,1.2178e+06,1.2178e+06,1.33294e+06,1.33294e+06,1.33294e+06,1.38356e+07,1.38356e+07,1.38356e+07,1.33227e+07,1.33227e+07,1.33227e+07,8.85455e+07,8.85455e+07,8.85455e+07,5.71158,5.71158,5.71158,8.9185,8.9185,8.9185
765,2.22859e+06,2.22859e+06,2.22859e+06,3989.21,3989.21,3989.21,3808.78,3808.78,3808.78,3.41617e+06,3.41617e+06,3.41617e+06,3.1452e+06,3.1452e+06,3.1452e+06,7426.21,7426.21,7426.21,7404.92,7404.92,7404.92,1.21748e+06,1.21748e+06,1.21748e+06,1.33261e+06,1.33261e+06,1.33261e+06,1.3833e+07,1.3833e+07,1.3833e+07,1.33199e+07,1.33199e+07,1.33199e+07,8.855e+07,8.855e+07,8.855e+07,5.70115,5.70115,5.70115,8.90597,8.90597,8.90597
766,2.22863e+06,2.22863e+06,2.22863e+06,3982.15,3982.15,3982.15,3803.75,3803.75,3803.75,3.41616e+06,3.41616e+06,3.41616e+06,3.14521e+06,3.14521e+06,3.14521e+06,7413.21,7413.21,7413.21,7395.26,7395.26,7395.26,1.21714e+06,1.21714e+06,1.21714e+06,1.33223e+06,1.33223e+06,1.33223e+06,1.38299e+07,1.38299e+07,1.38299e+07,1.33169e+07,1.33169e+07,1.33169e+07,8.85551e+07,8.85551e+07,8.85551e+07,5.69097,5.69097,5.69097,8.89398,8.89398,8.89398
767,2.22869e+06,2.22869e+06,2.22869e+06,3975.42,3975.42,3975.42,3799.08,3799.08,3799.08,3.41617e+06,3.41617e+06,3.41617e+06,3.14524e+06,3.14524e+06,3.14524e+06,7400.79,7400.79,7400.79,7386.23,7386.23,7386.23,1.21677e+06,1.21677e+06,1.21677e+06,1.33182e+06,1.33182e+06,1.33182e+06,1.38264e+07,1.38264e+07,1.38264e+07,1.33136e+07,1.33136e+07,1.33136e+07,8.85609e+07,8.85609e+07,8.85609e+07,5.68118,5.68118,5.68118,8.88271,8.88271,8.88271
768,2.22878e+06,2.22878e+06,2.22878e+06,3969.11,3969.11,3969.11,3794.8,3794.8,3794.8,3.41621e+06,3.41621e+06,3.41621e+06,3.1453e+06,3.1453e+06,3.1453e+06,7389.11,7389.11,7389.11,7377.96,7377.96,7377.96,1.21639e+06,1.21639e+06,1.21639e+06,1.33137e+06,1.33137e+06,1.33137e+06,1.38226e+07,1.38226e+07,1.38226e+07,1.331e+07,1.331e+07,1.331e+07,8.85673e+07,8.85673e+07,8.85673e+07,5.67191,5.67191,5.67191,8.87228,8.87228,8.87228
769,2.2289e+06,2.2289e+06,2.2289e+06,3963.3,3963.3,3963.3,3790.98,3790.98,3790.98,3.41628e+06,3.41628e+06,3.41628e+06,3.14538e+06,3.14538e+06,3.14538e+06,7378.33,7378.33,7378.33,7370.54,7370.54,7370.54,1.21599e+06,1.21599e+06,1.21599e+06,1.3309e+06,1.3309e+06,1.3309e+06,1.38185e+07,1.38185e+07,1.38185e+07,1.33063e+07,1.33063e+07,1.33063e+07,8.85742e+07,8.85742e+07,8.85742e+07,5.66327,5.66327,5.66327,8.86282,8.86282,8.86282
770,2.22904e+06,2.22904e+06,2.22904e+06,3958.05,3958.05,3958.05,3787.66,3787.66,3787.66,3.41637e+06,3.41637e+06,3.41637e+06,3.14547e+06,3.14547e+06,3.14547e+06,7368.58,7368.58,7368.58,7364.06,7364.06,7364.06,1.21557e+06,1.21557e+06,1.21557e+06,1.3304e+06,1.3304e+06,1.3304e+06,1.38141e+07,1.38141e+07,1.38141e+07,1.33025e+07,1.33025e+07,1.33025e+07,8.85814e+07,8.85814e+07,8.85814e+07,5.65538,5.65538,5.65538,8.85447,8.85447,8.85447
771,2.22919e+06,2.22919e+06,2.22919e+06,3953.45,3953.45,3953.45,3784.88,3784.88,3784.88,3.41647e+06,3.41647e+06,3.41647e+06,3.14558e+06,3.14558e+06,3.14558e+06,7359.98,7359.98,7359.98,7358.6,7358.6,7358.6,1.21515e+06,1.21515e+06,1.21515e+06,1.32988e+06,1.32988e+06,1.32988e+06,1.38095e+07,1.38095e+07,1.38095e+07,1.32985e+07,1.32985e+07,1.32985e+07,8.85891e+07,8.85891e+07,8.85891e+07,5.64834,5.64834,5.64834,8.8473,8.8473,8.8473
772,2.22936e+06,2.22936e+06,2.22936e+06,3949.54,3949.54,3949.54,3782.66,3782.66,3782.66,3.41659e+06,3.41659e+06,3.41659e+06,3.1457e+06,3.1457e+06,3.1457e+06,7352.66,7352.66,7352.66,7354.23,7354.23,7354.23,1.21472e+06,1.21472e+06,1.21472e+06,1.32934e+06,1.32934e+06,1.32934e+06,1.38047e+07,1.38047e+07,1.38047e+07,1.32945e+07,1.32945e+07,1.32945e+07,8.8597e+07,8.8597e+07,8.8597e+07,5.64224,5.64224,5.64224,8.84141,8.84141,8.84141
773,2.22954e+06,2.22954e+06,2.22954e+06,3946.37,3946.37,3946.37,3781.05,3781.05,3781.05,3.41671e+06,3.41671e+06,3.41671e+06,3.14582e+06,3.14582e+06,3.14582e+06,7346.69,7346.69,7346.69,7350.99,7350.99,7350.99,1.21428e+06,1.21428e+06,1.21428e+06,1.32879e+06,1.32879e+06,1.32879e+06,1.37998e+07,1.37998e+07,1.37998e+07,1.32904e+07,1.32904e+07,1.32904e+07,8.8605e+07,8.8605e+07,8.8605e+07,5.63715,5.63715,5.63715,8.83687,8.83687,8.83687
774,2.22973e+06,2.22973e+06,2.22973e+06,3943.98,3943.98,3943.98,3780.04,3780.04,3780.04,3.41683e+06,3.41683e+06,3.41683e+06,3.14595e+06,3.14595e+06,3.14595e+06,7342.15,7342.15,7342.15,7348.9,7348.9,7348.9,1.21385e+06,1.21385e+06,1.21385e+06,1.32823e+06,1.32823e+06,1.32823e+06,1.37948e+07,1.37948e+07,1.37948e+07,1.32863e+07,1.32863e+07,1.32863e+07,8.86131e+07,8.86131e+07,8.86131e+07,5.63314,5.63314,5.63314,8.83371,8.83371,8.83371
775,2.22992e+06,2.22992e+06,2.22992e+06,3942.4,3942.4,3942.4,3779.64,3779.64,3779.64,3.41696e+06,3.41696e+06,3.41696e+06,3.14608e+06,3.14608e+06,3.14608e+06,7339.09,7339.09,7339.09,7348,7348,7348,1.21342e+06,1.21342e+06,1.21342e+06,1.32767e+06,1.32767e+06,1.32767e+06,1.37898e+07,1.37898e+07,1.37898e+07,1.32823e+07,1.32823e+07,1.32823e+07,8.86213e+07,8.86213e+07,8.86213e+07,5.63025,5.63025,5.63025,8.83197,8.83197,8.83197
776,2.23012e+06,2.23012e+06,2.23012e+06,3941.63,3941.63,3941.63,3779.86,3779.86,3779.86,3.41707e+06,3.41707e+06,3.41707e+06,3.14619e+06,3.14619e+06,3.14619e+06,7337.54,7337.54,7337.54,7348.28,7348.28,7348.28,1.21299e+06,1.21299e+06,1.21299e+06,1.32712e+06,1.32712e+06,1.32712e+06,1.37849e+07,1.37849e+07,1.37849e+07,1.32784e+07,1.32784e+07,1.32784e+07,8.86293e+07,8.86293e+07,8.86293e+07,5.62851,5.62851,5.62851,8.83165,8.83165,8.83165
777,2.23031e+06,2.23031e+06,2.23031e+06,3941.69,3941.69,3941.69,3780.68,3780.68,3780.68,3.41718e+06,3.41718e+06,3.41718e+06,3.1463e+06,3.1463e+06,3.1463e+06,7337.51,7337.51,7337.51,7349.72,7349.72,7349.72,1.21258e+06,1.21258e+06,1.21258e+06,1.32657e+06,1.32657e+06,1.32657e+06,1.378e+07,1.378e+07,1.378e+07,1.32746e+07,1.32746e+07,1.32746e+07,8.86371e+07,8.86371e+07,8.86371e+07,5.62794,5.62794,5.62794,8.83275,8.83275,8.83275
778,2.2305e+06,2.2305e+06,2.2305e+06,3942.56,3942.56,3942.56,3782.09,3782.09,3782.09,3.41727e+06,3.41727e+06,3.41727e+06,3.1464e+06,3.1464e+06,3.1464e+06,7338.99,7338.99,7338.99,7352.29,7352.29,7352.29,1.21219e+06,1.21219e+06,1.21219e+06,1.32604e+06,1.32604e+06,1.32604e+06,1.37753e+07,1.37753e+07,1.37753e+07,1.32709e+07,1.32709e+07,1.32709e+07,8.86447e+07,8.86447e+07,8.86447e+07,5.62853,5.62853,5.62853,8.83523,8.83523,8.83523
779,2.23067e+06,2.23067e+06,2.23067e+06,3944.23,3944.23,3944.23,3784.06,3784.06,3784.06,3.41734e+06,3.41734e+06,3.41734e+06,3.14648e+06,3.14648e+06,3.14648e+06,7341.95,7341.95,7341.95,7355.94,7355.94,7355.94,1.21181e+06,1.21181e+06,1.21181e+06,1.32553e+06,1.32553e+06,1.32553e+06,1.37708e+07,1.37708e+07,1.37708e+07,1.32675e+07,1.32675e+07,1.32675e+07,8.86519e+07,8.86519e+07,8.86519e+07,5.63028,5.63028,5.63028,8.83904,8.83904,8.83904
780,2.23084e+06,2.23084e+06,2.23084e+06,3946.67,3946.67,3946.67,3786.56,3786.56,3786.56,3.41738e+06,3.41738e+06,3.41738e+06,3.14654e+06,3.14654e+06,3.14654e+06,7346.34,7346.34,7346.34,7360.62,7360.62,7360.62,1.21145e+06,1.21145e+06,1.21145e+06,1.32504e+06,1.32504e+06,1.32504e+06,1.37665e+07,1.37665e+07,1.37665e+07,1.32642e+07,1.32642e+07,1.32642e+07,8.86586e+07,8.86586e+07,8.86586e+07,5.63314,5.63314,5.63314,8.84413,8.84413,8.84413
781,2.23098e+06,2.23098e+06,2.23098e+06,3949.84,3949.84,3949.84,3789.54,3789.54,3789.54,3.4174e+06,3.4174e+06,3.4174e+06,3.14657e+06,3.14657e+06,3.14657e+06,7352.1,7352.1,7352.1,7366.24,7366.24,7366.24,1.21112e+06,1.21112e+06,1.21112e+06,1.32457e+06,1.32457e+06,1.32457e+06,1.37625e+07,1.37625e+07,1.37625e+07,1.32613e+07,1.32613e+07,1.32613e+07,8.86649e+07,8.86649e+07,8.86649e+07,5.63708,5.63708,5.63708,8.8504,8.8504,8.8504
782,2.23111e+06,2.23111e+06,2.23111e+06,3953.68,3953.68,3953.68,3792.96,3792.96,3792.96,3.41739e+06,3.41739e+06,3.41739e+06,3.14658e+06,3.14658e+06,3.14658e+06,7359.13,7359.13,7359.13,7372.73,7372.73,7372.73,1.21081e+06,1.21081e+06,1.21081e+06,1.32414e+06,1.32414e+06,1.32414e+06,1.37588e+07,1.37588e+07,1.37588e+07,1.32586e+07,1.32586e+07,1.32586e+07,8.86706e+07,8.86706e+07,8.86706e+07,5.64202,5.64202,5.64202,8.85775,8.85775,8.85775
783,2.23122e+06,2.23122e+06,2.23122e+06,3958.15,3958.15,3958.15,3796.76,3796.76,3796.76,3.41735e+06,3.41735e+06,3.41735e+06,3.14656e+06,3.14656e+06,3.14656e+06,7367.32,7367.32,7367.32,7379.96,7379.96,7379.96,1.21053e+06,1.21053e+06,1.21053e+06,1.32375e+06,1.32375e+06,1.32375e+06,1.37555e+07,1.37555e+07,1.37555e+07,1.32562e+07,1.32562e+07,1.32562e+07,8.86757e+07,8.86757e+07,8.86757e+07,5.6479,5.6479,5.6479,8.86607,8.86607,8.86607
784,2.2313e+06,2.2313e+06,2.2313e+06,3963.17,3963.17,3963.17,3800.89,3800.89,3800.89,3.41727e+06,3.41727e+06,3.41727e+06,3.14652e+06,3.14652e+06,3.14652e+06,7376.56,7376.56,7376.56,7387.84,7387.84,7387.84,1.21027e+06,1.21027e+06,1.21027e+06,1.32339e+06,1.32339e+06,1.32339e+06,1.37526e+07,1.37526e+07,1.37526e+07,1.32541e+07,1.32541e+07,1.32541e+07,8.86801e+07,8.86801e+07,8.86801e+07,5.65463,5.65463,5.65463,8.87523,8.87523,8.87523
785,2.23136e+06,2.23136e+06,2.23136e+06,3968.67,3968.67,3968.67,3805.28,3805.28,3805.28,3.41716e+06,3.41716e+06,3.41716e+06,3.14644e+06,3.14644e+06,3.14644e+06,7386.71,7386.71,7386.71,7396.24,7396.24,7396.24,1.21005e+06,1.21005e+06,1.21005e+06,1.32307e+06,1.32307e+06,1.32307e+06,1.37501e+07,1.37501e+07,1.37501e+07,1.32524e+07,1.32524e+07,1.32524e+07,8.86838e+07,8.86838e+07,8.86838e+07,5.6621,5.6621,5.6621,8.88508,8.88508,8.88508
786,2.23139e+06,2.23139e+06,2.23139e+06,3974.56,3974.56,3974.56,3809.86,3809.86,3809.86,3.417e+06,3.417e+06,3.417e+06,3.14632e+06,3.14632e+06,3.14632e+06,7397.61,7397.61,7397.61,7405.02,7405.02,7405.02,1.20986e+06,1.20986e+06,1.20986e+06,1.32279e+06,1.32279e+06,1.32279e+06,1.3748e+07,1.3748e+07,1.3748e+07,1.3251e+07,1.3251e+07,1.3251e+07,8.86867e+07,8.86867e+07,8.86867e+07,5.6702,5.6702,5.6702,8.89547,8.89547,8.89547
787,2.23139e+06,2.23139e+06,2.23139e+06,3980.76,3980.76,3980.76,3814.56,3814.56,3814.56,3.41681e+06,3.41681e+06,3.41681e+06,3.14618e+06,3.14618e+06,3.14618e+06,7409.1,7409.1,7409.1,7414.06,7414.06,7414.06,1.2097e+06,1.2097e+06,1.2097e+06,1.32255e+06,1.32255e+06,1.32255e+06,1.37464e+07,1.37464e+07,1.37464e+07,1.325e+07,1.325e+07,1.325e+07,8.8689e+07,8.8689e+07,8.8689e+07,5.67882,5.67882,5.67882,8.90624,8.90624,8.90624
788,2.23136e+06,2.23136e+06,2.23136e+06,3987.18,3987.18,3987.18,3819.31,3819.31,3819.31,3.41657e+06,3.41657e+06,3.41657e+06,3.146e+06,3.146e+06,3.146e+06,7421.02,7421.02,7421.02,7423.21,7423.21,7423.21,1.20958e+06,1.20958e+06,1.20958e+06,1.32236e+06,1.32236e+06,1.32236e+06,1.37452e+07,1.37452e+07,1.37452e+07,1.32492e+07,1.32492e+07,1.32492e+07,8.86905e+07,8.86905e+07,8.86905e+07,5.68781,5.68781,5.68781,8.91723,8.91723,8.91723
789,2.23131e+06,2.23131e+06,2.23131e+06,3993.7,3993.7,3993.7,3824.03,3824.03,3824.03,3.4163e+06,3.4163e+06,3.4163e+06,3.14579e+06,3.14579e+06,3.14579e+06,7433.18,7433.18,7433.18,7432.33,7432.33,7432.33,1.20948e+06,1.20948e+06,1.20948e+06,1.32222e+06,1.32222e+06,1.32222e+06,1.37445e+07,1.37445e+07,1.37445e+07,1.32489e+07,1.32489e+07,1.32489e+07,8.86912e+07,8.86912e+07,8.86912e+07,5.69706,5.69706,5.69706,8.92825,8.92825,8.92825
790,2.23122e+06,2.23122e+06,2.23122e+06,4000.25,4000.25,4000.25,3828.64,3828.64,3828.64,3.41599e+06,3.41599e+06,3.41599e+06,3.14554e+06,3.14554e+06,3.14554e+06,7445.39,7445.39,7445.39,7441.28,7441.28,7441.28,1.20941e+06,1.20941e+06,1.20941e+06,1.32211e+06,1.32211e+06,1.32211e+06,1.37443e+07,1.37443e+07,1.37443e+07,1.32488e+07,1.32488e+07,1.32488e+07,8.86912e+07,8.86912e+07,8.86912e+07,5.70641,5.70641,5.70641,8.93914,8.93914,8.93914
791,2.23111e+06,2.23111e+06,2.23111e+06,4006.71,4006.71,4006.71,3833.08,3833.08,3833.08,3.41565e+06,3.41565e+06,3.41565e+06,3.14527e+06,3.14527e+06,3.14527e+06,7457.48,7457.48,7457.48,7449.9,7449.9,7449.9,1.20937e+06,1.20937e+06,1.20937e+06,1.32205e+06,1.32205e+06,1.32205e+06,1.37445e+07,1.37445e+07,1.37445e+07,1.32491e+07,1.32491e+07,1.32491e+07,8.86905e+07,8.86905e+07,8.86905e+07,5.71573,5.71573,5.71573,8.94972,8.94972,8.94972
792,2.23097e+06,2.23097e+06,2.23097e+06,4012.99,4012.99,4012.99,3837.28,3837.28,3837.28,3.41527e+06,3.41527e+06,3.41527e+06,3.14496e+06,3.14496e+06,3.14496e+06,7469.25,7469.25,7469.25,7458.06,7458.06,7458.06,1.20936e+06,1.20936e+06,1.20936e+06,1.32203e+06,1.32203e+06,1.32203e+06,1.37451e+07,1.37451e+07,1.37451e+07,1.32496e+07,1.32496e+07,1.32496e+07,8.86892e+07,8.86892e+07,8.86892e+07,5.72488,5.72488,5.72488,8.95982,8.95982,8.95982
793,2.2308e+06,2.2308e+06,2.2308e+06,4018.98,4018.98,4018.98,3841.15,3841.15,3841.15,3.41485e+06,3.41485e+06,3.41485e+06,3.14463e+06,3.14463e+06,3.14463e+06,7480.52,7480.52,7480.52,7465.64,7465.64,7465.64,1.20937e+06,1.20937e+06,1.20937e+06,1.32205e+06,1.32205e+06,1.32205e+06,1.37461e+07,1.37461e+07,1.37461e+07,1.32504e+07,1.32504e+07,1.32504e+07,8.86872e+07,8.86872e+07,8.86872e+07,5.7337,5.7337,5.7337,8.96927,8.96927,8.96927
794,2.23061e+06,2.23061e+06,2.23061e+06,4024.6,4024.6,4024.6,3844.64,3844.64,3844.64,3.41441e+06,3.41441e+06,3.41441e+06,3.14428e+06,3.14428e+06,3.14428e+06,7491.13,7491.13,7491.13,7472.49,7472.49,7472.49,1.2094e+06,1.2094e+06,1.2094e+06,1.3221e+06,1.3221e+06,1.3221e+06,1.37475e+07,1.37475e+07,1.37475e+07,1.32515e+07,1.32515e+07,1.32515e+07,8.86847e+07,8.86847e+07,8.86847e+07,5.74206,5.74206,5.74206,8.97793,8.97793,8.97793
795,2.2304e+06,2.2304e+06,2.2304e+06,4029.75,4029.75,4029.75,3847.69,3847.69,3847.69,3.41394e+06,3.41394e+06,3.41394e+06,3.1439e+06,3.1439e+06,3.1439e+06,7500.89,7500.89,7500.89,7478.51,7478.51,7478.51,1.20945e+06,1.20945e+06,1.20945e+06,1.32219e+06,1.32219e+06,1.32219e+06,1.37493e+07,1.37493e+07,1.37493e+07,1.32527e+07,1.32527e+07,1.32527e+07,8.86817e+07,8.86817e+07,8.86817e+07,5.74984,5.74984,5.74984,8.98565,8.98565,8.98565
796,2.23017e+06,2.23017e+06,2.23017e+06,4034.35,4034.35,4034.35,3850.25,3850.25,3850.25,3.41346e+06,3.41346e+06,3.41346e+06,3.1435e+06,3.1435e+06,3.1435e+06,7509.65,7509.65,7509.65,7483.6,7483.6,7483.6,1.20951e+06,1.20951e+06,1.20951e+06,1.3223e+06,1.3223e+06,1.3223e+06,1.37513e+07,1.37513e+07,1.37513e+07,1.32541e+07,1.32541e+07,1.32541e+07,8.86783e+07,8.86783e+07,8.86783e+07,5.75691,5.75691,5.75691,8.9923,8.9923,8.9923
797,2.22992e+06,2.22992e+06,2.22992e+06,4038.33,4038.33,4038.33,3852.27,3852.27,3852.27,3.41295e+06,3.41295e+06,3.41295e+06,3.14309e+06,3.14309e+06,3.14309e+06,7517.28,7517.28,7517.28,7487.67,7487.67,7487.67,1.20959e+06,1.20959e+06,1.20959e+06,1.32244e+06,1.32244e+06,1.32244e+06,1.37536e+07,1.37536e+07,1.37536e+07,1.32557e+07,1.32557e+07,1.32557e+07,8.86745e+07,8.86745e+07,8.86745e+07,5.76315,5.76315,5.76315,8.99776,8.99776,8.99776
798,2.22967e+06,2.22967e+06,2.22967e+06,4041.62,4041.62,4041.62,3853.72,3853.72,3853.72,3.41243e+06,3.41243e+06,3.41243e+06,3.14267e+06,3.14267e+06,3.14267e+06,7523.64,7523.64,7523.64,7490.63,7490.63,7490.63,1.20967e+06,1.20967e+06,1.20967e+06,1.32259e+06,1.32259e+06,1.32259e+06,1.3756e+07,1.3756e+07,1.3756e+07,1.32573e+07,1.32573e+07,1.32573e+07,8.86705e+07,8.86705e+07,8.86705e+07,5.76846,5.76846,5.76846,9.00193,9.00193,9.00193
799,2.2294e+06,2.2294e+06,2.2294e+06,4044.16,4044.16,4044.16,3854.57,3854.57,3854.57,3.4119e+06,3.4119e+06,3.4119e+06,3.14224e+06,3.14224e+06,3.14224e+06,7528.63,7528.63,7528.63,7492.44,7492.44,7492.44,1.20976e+06,1.20976e+06,1.20976e+06,1.32276e+06,1.32276e+06,1.32276e+06,1.37586e+07,1.37586e+07,1.37586e+07,1.3259e+07,1.3259e+07,1.3259e+07,8.86664e+07,8.86664e+07,8.86664e+07,5.77275,5.77275,5.77275,9.00474,9.00474,9.00474
800,2.22912e+06,2.22912e+06,2.22912e+06,4045.92,4045.92,4045.92,3854.79,3854.79,3854.79,3.41137e+06,3.41137e+06,3.41137e+06,3.1418e+06,3.1418e+06,3.1418e+06,7532.16,7532.16,7532.16,7493.06,7493.06,7493.06,1.20985e+06,1.20985e+06,1.20985e+06,1.32294e+06,1.32294e+06,1.32294e+06,1.37613e+07,1.37613e+07,1.37613e+07,1.32607e+07,1.32607e+07,1.32607e+07,8.86621e+07,8.86621e+07,8.86621e+07,5.77595,5.77595,5.77595,9.00613,9.00613,9.00613
801,2.22884e+06,2.22884e+06,2.22884e+06,4046.85,4046.85,4046.85,3854.38,3854.38,3854.38,3.41084e+06,3.41084e+06,3.41084e+06,3.14137e+06,3.14137e+06,3.14137e+06,7534.18,7534.18,7534.18,7492.45,7492.45,7492.45,1.20994e+06,1.20994e+06,1.20994e+06,1.32312e+06,1.32312e+06,1.32312e+06,1.37641e+07,1.37641e+07,1.37641e+07,1.32623e+07,1.32623e+07,1.32623e+07,8.86579e+07,8.86579e+07,8.86579e+07,5.77801,5.77801,5.77801,9.00606,9.00606,9.00606
802,2.22857e+06,2.22857e+06,2.22857e+06,4046.94,4046.94,4046.94,3853.34,3853.34,3853.34,3.41031e+06,3.41031e+06,3.41031e+06,3.14095e+06,3.14095e+06,3.14095e+06,7534.63,7534.63,7534.63,7490.63,7490.63,7490.63,1.21002e+06,1.21002e+06,1.21002e+06,1.3233e+06,1.3233e+06,1.3233e+06,1.37668e+07,1.37668e+07,1.37668e+07,1.32639e+07,1.32639e+07,1.32639e+07,8.86538e+07,8.86538e+07,8.86538e+07,5.77888,5.77888,5.77888,9.00452,9.00452,9.00452
803,2.2283e+06,2.2283e+06,2.2283e+06,4046.18,4046.18,4046.18,3851.68,3851.68,3851.68,3.4098e+06,3.4098e+06,3.4098e+06,3.14053e+06,3.14053e+06,3.14053e+06,7533.5,7533.5,7533.5,7487.61,7487.61,7487.61,1.21008e+06,1.21008e+06,1.21008e+06,1.32347e+06,1.32347e+06,1.32347e+06,1.37695e+07,1.37695e+07,1.37695e+07,1.32654e+07,1.32654e+07,1.32654e+07,8.865e+07,8.865e+07,8.865e+07,5.77855,5.77855,5.77855,9.00152,9.00152,9.00152
804,2.22804e+06,2.22804e+06,2.22804e+06,4044.57,4044.57,4044.57,3849.42,3849.42,3849.42,3.4093e+06,3.4093e+06,3.4093e+06,3.14012e+06,3.14012e+06,3.14012e+06,7530.81,7530.81,7530.81,7483.42,7483.42,7483.42,1.21014e+06,1.21014e+06,1.21014e+06,1.32364e+06,1.32364e+06,1.32364e+06,1.3772e+07,1.3772e+07,1.3772e+07,1.32667e+07,1.32667e+07,1.32667e+07,8.86464e+07,8.86464e+07,8.86464e+07,5.777,5.777,5.777,8.9971,8.9971,8.9971
805,2.22779e+06,2.22779e+06,2.22779e+06,4042.15,4042.15,4042.15,3846.59,3846.59,3846.59,3.40882e+06,3.40882e+06,3.40882e+06,3.13973e+06,3.13973e+06,3.13973e+06,7526.58,7526.58,7526.58,7478.11,7478.11,7478.11,1.21017e+06,1.21017e+06,1.21017e+06,1.32378e+06,1.32378e+06,1.32378e+06,1.37743e+07,1.37743e+07,1.37743e+07,1.32678e+07,1.32678e+07,1.32678e+07,8.86432e+07,8.86432e+07,8.86432e+07,5.77427,5.77427,5.77427,8.9913,8.9913,8.9913
806,2.22756e+06,2.22756e+06,2.22756e+06,4038.93,4038.93,4038.93,3843.22,3843.22,3843.22,3.40837e+06,3.40837e+06,3.40837e+06,3.13936e+06,3.13936e+06,3.13936e+06,7520.86,7520.86,7520.86,7471.75,7471.75,7471.75,1.21019e+06,1.21019e+06,1.21019e+06,1.3239e+06,1.3239e+06,1.3239e+06,1.37765e+07,1.37765e+07,1.37765e+07,1.32687e+07,1.32687e+07,1.32687e+07,8.86405e+07,8.86405e+07,8.86405e+07,5.77037,5.77037,5.77037,8.98421,8.98421,8.98421
807,2.22734e+06,2.22734e+06,2.22734e+06,4034.97,4034.97,4034.97,3839.36,3839.36,3839.36,3.40794e+06,3.40794e+06,3.40794e+06,3.13902e+06,3.13902e+06,3.13902e+06,7513.74,7513.74,7513.74,7464.44,7464.44,7464.44,1.21018e+06,1.21018e+06,1.21018e+06,1.32399e+06,1.32399e+06,1.32399e+06,1.37783e+07,1.37783e+07,1.37783e+07,1.32693e+07,1.32693e+07,1.32693e+07,8.86383e+07,8.86383e+07,8.86383e+07,5.76537,5.76537,5.76537,8.9759,8.9759,8.9759
808,2.22715e+06,2.22715e+06,2.22715e+06,4030.31,4030.31,4030.31,3835.07,3835.07,3835.07,3.40754e+06,3.40754e+06,3.40754e+06,3.13869e+06,3.13869e+06,3.13869e+06,7505.32,7505.32,7505.32,7456.26,7456.26,7456.26,1.21015e+06,1.21015e+06,1.21015e+06,1.32406e+06,1.32406e+06,1.32406e+06,1.37798e+07,1.37798e+07,1.37798e+07,1.32697e+07,1.32697e+07,1.32697e+07,8.86367e+07,8.86367e+07,8.86367e+07,5.75934,5.75934,5.75934,8.96651,8.96651,8.96651
809,2.22698e+06,2.22698e+06,2.22698e+06,4025.03,4025.03,4025.03,3830.4,3830.4,3830.4,3.40717e+06,3.40717e+06,3.40717e+06,3.1384e+06,3.1384e+06,3.1384e+06,7495.71,7495.71,7495.71,7447.34,7447.34,7447.34,1.21009e+06,1.21009e+06,1.21009e+06,1.32409e+06,1.32409e+06,1.32409e+06,1.3781e+07,1.3781e+07,1.3781e+07,1.32698e+07,1.32698e+07,1.32698e+07,8.86357e+07,8.86357e+07,8.86357e+07,5.75235,5.75235,5.75235,8.95616,8.95616,8.95616
810,2.22684e+06,2.22684e+06,2.22684e+06,4019.21,4019.21,4019.21,3825.42,3825.42,3825.42,3.40684e+06,3.40684e+06,3.40684e+06,3.13814e+06,3.13814e+06,3.13814e+06,7485.06,7485.06,7485.06,7437.79,7437.79,7437.79,1.21001e+06,1.21001e+06,1.21001e+06,1.32408e+06,1.32408e+06,1.32408e+06,1.37818e+07,1.37818e+07,1.37818e+07,1.32695e+07,1.32695e+07,1.32695e+07,8.86355e+07,8.86355e+07,8.86355e+07,5.74452,5.74452,5.74452,8.94499,8.94499,8.94499
811,2.22673e+06,2.22673e+06,2.22673e+06,4012.91,4012.91,4012.91,3820.19,3820.19,3820.19,3.40655e+06,3.40655e+06,3.40655e+06,3.1379e+06,3.1379e+06,3.1379e+06,7473.51,7473.51,7473.51,7427.74,7427.74,7427.74,1.20989e+06,1.20989e+06,1.20989e+06,1.32403e+06,1.32403e+06,1.32403e+06,1.37821e+07,1.37821e+07,1.37821e+07,1.32689e+07,1.32689e+07,1.32689e+07,8.8636e+07,8.8636e+07,8.8636e+07,5.73594,5.73594,5.73594,8.93315,8.93315,8.93315
812,2.22665e+06,2.22665e+06,2.22665e+06,4006.24,4006.24,4006.24,3814.8,3814.8,3814.8,3.4063e+06,3.4063e+06,3.4063e+06,3.1377e+06,3.1377e+06,3.1377e+06,7461.23,7461.23,7461.23,7417.34,7417.34,7417.34,1.20974e+06,1.20974e+06,1.20974e+06,1.32394e+06,1.32394e+06,1.32394e+06,1.37821e+07,1.37821e+07,1.37821e+07,1.3268e+07,1.3268e+07,1.3268e+07,8.86372e+07,8.86372e+07,8.86372e+07,5.72675,5.72675,5.72675,8.92081,8.92081,8.92081
813,2.2266e+06,2.2266e+06,2.2266e+06,3999.29,3999.29,3999.29,3809.31,3809.31,3809.31,3.40608e+06,3.40608e+06,3.40608e+06,3.13754e+06,3.13754e+06,3.13754e+06,7448.39,7448.39,7448.39,7406.73,7406.73,7406.73,1.20956e+06,1.20956e+06,1.20956e+06,1.32381e+06,1.32381e+06,1.32381e+06,1.37816e+07,1.37816e+07,1.37816e+07,1.32668e+07,1.32668e+07,1.32668e+07,8.86393e+07,8.86393e+07,8.86393e+07,5.71708,5.71708,5.71708,8.90813,8.90813,8.90813
814,2.22658e+06,2.22658e+06,2.22658e+06,3992.15,3992.15,3992.15,3803.8,3803.8,3803.8,3.40591e+06,3.40591e+06,3.40591e+06,3.1374e+06,3.1374e+06,3.1374e+06,7435.18,7435.18,7435.18,7396.04,7396.04,7396.04,1.20935e+06,1.20935e+06,1.20935e+06,1.32364e+06,1.32364e+06,1.32364e+06,1.37806e+07,1.37806e+07,1.37806e+07,1.32652e+07,1.32652e+07,1.32652e+07,8.86421e+07,8.86421e+07,8.86421e+07,5.70705,5.70705,5.70705,8.8953,8.8953,8.8953
815,2.22659e+06,2.22659e+06,2.22659e+06,3984.93,3984.93,3984.93,3798.34,3798.34,3798.34,3.40577e+06,3.40577e+06,3.40577e+06,3.1373e+06,3.1373e+06,3.1373e+06,7421.79,7421.79,7421.79,7385.43,7385.43,7385.43,1.20911e+06,1.20911e+06,1.20911e+06,1.32343e+06,1.32343e+06,1.32343e+06,1.37792e+07,1.37792e+07,1.37792e+07,1.32633e+07,1.32633e+07,1.32633e+07,8.86456e+07,8.86456e+07,8.86456e+07,5.69682,5.69682,5.69682,8.88248,8.88248,8.88248
816,2.22663e+06,2.22663e+06,2.22663e+06,3977.73,3977.73,3977.73,3793.01,3793.01,3793.01,3.40567e+06,3.40567e+06,3.40567e+06,3.13723e+06,3.13723e+06,3.13723e+06,7408.38,7408.38,7408.38,7375.04,7375.04,7375.04,1.20885e+06,1.20885e+06,1.20885e+06,1.32317e+06,1.32317e+06,1.32317e+06,1.37774e+07,1.37774e+07,1.37774e+07,1.32611e+07,1.32611e+07,1.32611e+07,8.865e+07,8.865e+07,8.865e+07,5.68652,5.68652,5.68652,8.86985,8.86985,8.86985
817,2.22671e+06,2.22671e+06,2.22671e+06,3970.65,3970.65,3970.65,3787.88,3787.88,3787.88,3.40561e+06,3.40561e+06,3.40561e+06,3.13719e+06,3.13719e+06,3.13719e+06,7395.17,7395.17,7395.17,7365,7365,7365,1.20855e+06,1.20855e+06,1.20855e+06,1.32287e+06,1.32287e+06,1.32287e+06,1.37751e+07,1.37751e+07,1.37751e+07,1.32586e+07,1.32586e+07,1.32586e+07,8.8655e+07,8.8655e+07,8.8655e+07,5.67631,5.67631,5.67631,8.85757,8.85757,8.85757
818,2.22681e+06,2.22681e+06,2.22681e+06,3963.78,3963.78,3963.78,3783.01,3783.01,3783.01,3.40558e+06,3.40558e+06,3.40558e+06,3.13718e+06,3.13718e+06,3.13718e+06,7382.32,7382.32,7382.32,7355.44,7355.44,7355.44,1.20824e+06,1.20824e+06,1.20824e+06,1.32253e+06,1.32253e+06,1.32253e+06,1.37724e+07,1.37724e+07,1.37724e+07,1.32558e+07,1.32558e+07,1.32558e+07,8.86607e+07,8.86607e+07,8.86607e+07,5.66631,5.66631,5.66631,8.84582,8.84582,8.84582
819,2.22694e+06,2.22694e+06,2.22694e+06,3957.22,3957.22,3957.22,3778.48,3778.48,3778.48,3.40558e+06,3.40558e+06,3.40558e+06,3.13719e+06,3.13719e+06,3.13719e+06,7370.01,7370.01,7370.01,7346.5,7346.5,7346.5,1.20789e+06,1.20789e+06,1.20789e+06,1.32216e+06,1.32216e+06,1.32216e+06,1.37694e+07,1.37694e+07,1.37694e+07,1.32528e+07,1.32528e+07,1.32528e+07,8.8667e+07,8.8667e+07,8.8667e+07,5.65667,5.65667,5.65667,8.83474,8.83474,8.83474
820,2.2271e+06,2.2271e+06,2.2271e+06,3951.06,3951.06,3951.06,3774.33,3774.33,3774.33,3.40562e+06,3.40562e+06,3.40562e+06,3.13723e+06,3.13723e+06,3.13723e+06,7358.4,7358.4,7358.4,7338.28,7338.28,7338.28,1.20753e+06,1.20753e+06,1.20753e+06,1.32175e+06,1.32175e+06,1.32175e+06,1.3766e+07,1.3766e+07,1.3766e+07,1.32495e+07,1.32495e+07,1.32495e+07,8.86739e+07,8.86739e+07,8.86739e+07,5.64752,5.64752,5.64752,8.82447,8.82447,8.82447
821,2.22728e+06,2.22728e+06,2.22728e+06,3945.38,3945.38,3945.38,3770.62,3770.62,3770.62,3.40567e+06,3.40567e+06,3.40567e+06,3.13729e+06,3.13729e+06,3.13729e+06,7347.66,7347.66,7347.66,7330.89,7330.89,7330.89,1.20715e+06,1.20715e+06,1.20715e+06,1.32131e+06,1.32131e+06,1.32131e+06,1.37622e+07,1.37622e+07,1.37622e+07,1.32461e+07,1.32461e+07,1.32461e+07,8.86813e+07,8.86813e+07,8.86813e+07,5.63898,5.63898,5.63898,8.81515,8.81515,8.81515
822,2.22749e+06,2.22749e+06,2.22749e+06,3940.25,3940.25,3940.25,3767.41,3767.41,3767.41,3.40575e+06,3.40575e+06,3.40575e+06,3.13737e+06,3.13737e+06,3.13737e+06,7337.92,7337.92,7337.92,7324.43,7324.43,7324.43,1.20676e+06,1.20676e+06,1.20676e+06,1.32085e+06,1.32085e+06,1.32085e+06,1.37582e+07,1.37582e+07,1.37582e+07,1.32425e+07,1.32425e+07,1.32425e+07,8.86891e+07,8.86891e+07,8.86891e+07,5.63117,5.63117,5.63117,8.8069,8.8069,8.8069
823,2.22771e+06,2.22771e+06,2.22771e+06,3935.75,3935.75,3935.75,3764.72,3764.72,3764.72,3.40584e+06,3.40584e+06,3.40584e+06,3.13746e+06,3.13746e+06,3.13746e+06,7329.31,7329.31,7329.31,7318.96,7318.96,7318.96,1.20636e+06,1.20636e+06,1.20636e+06,1.32036e+06,1.32036e+06,1.32036e+06,1.3754e+07,1.3754e+07,1.3754e+07,1.32388e+07,1.32388e+07,1.32388e+07,8.86973e+07,8.86973e+07,8.86973e+07,5.62418,5.62418,5.62418,8.79981,8.79981,8.79981
824,2.22794e+06,2.22794e+06,2.22794e+06,3931.92,3931.92,3931.92,3762.59,3762.59,3762.59,3.40595e+06,3.40595e+06,3.40595e+06,3.13756e+06,3.13756e+06,3.13756e+06,7321.93,7321.93,7321.93,7314.55,7314.55,7314.55,1.20595e+06,1.20595e+06,1.20595e+06,1.31986e+06,1.31986e+06,1.31986e+06,1.37496e+07,1.37496e+07,1.37496e+07,1.3235e+07,1.3235e+07,1.3235e+07,8.87057e+07,8.87057e+07,8.87057e+07,5.61811,5.61811,5.61811,8.79397,8.79397,8.79397
825,2.22819e+06,2.22819e+06,2.22819e+06,3928.83,3928.83,3928.83,3761.04,3761.04,3761.04,3.40606e+06,3.40606e+06,3.40606e+06,3.13767e+06,3.13767e+06,3.13767e+06,7315.9,7315.9,7315.9,7311.26,7311.26,7311.26,1.20554e+06,1.20554e+06,1.20554e+06,1.31935e+06,1.31935e+06,1.31935e+06,1.37451e+07,1.37451e+07,1.37451e+07,1.32312e+07,1.32312e+07,1.32312e+07,8.87143e+07,8.87143e+07,8.87143e+07,5.61303,5.61303,5.61303,8.78945,8.78945,8.78945
826,2.22845e+06,2.22845e+06,2.22845e+06,3926.5,3926.5,3926.5,3760.1,3760.1,3760.1,3.40618e+06,3.40618e+06,3.40618e+06,3.13778e+06,3.13778e+06,3.13778e+06,7311.26,7311.26,7311.26,7309.12,7309.12,7309.12,1.20512e+06,1.20512e+06,1.20512e+06,1.31883e+06,1.31883e+06,1.31883e+06,1.37405e+07,1.37405e+07,1.37405e+07,1.32274e+07,1.32274e+07,1.32274e+07,8.8723e+07,8.8723e+07,8.8723e+07,5.60901,5.60901,5.60901,8.78631,8.78631,8.78631
827,2.22871e+06,2.22871e+06,2.22871e+06,3924.96,3924.96,3924.96,3759.76,3759.76,3759.76,3.4063e+06,3.4063e+06,3.4063e+06,3.13789e+06,3.13789e+06,3.13789e+06,7308.09,7308.09,7308.09,7308.14,7308.14,7308.14,1.20472e+06,1.20472e+06,1.20472e+06,1.3183e+06,1.3183e+06,1.3183e+06,1.37358e+07,1.37358e+07,1.37358e+07,1.32236e+07,1.32236e+07,1.32236e+07,8.87317e+07,8.87317e+07,8.87317e+07,5.6061,5.6061,5.6061,8.78456,8.78456,8.78456
828,2.22897e+06,2.22897e+06,2.22897e+06,3924.24,3924.24,3924.24,3760.04,3760.04,3760.04,3.40641e+06,3.40641e+06,3.40641e+06,3.13799e+06,3.13799e+06,3.13799e+06,7306.42,7306.42,7306.42,7308.34,7308.34,7308.34,1.20431e+06,1.20431e+06,1.20431e+06,1.31778e+06,1.31778e+06,1.31778e+06,1.37312e+07,1.37312e+07,1.37312e+07,1.32199e+07,1.32199e+07,1.32199e+07,8.87403e+07,8.87403e+07,8.87403e+07,5.60432,5.60432,5.60432,8.78423,8.78423,8.78423
829,2.22923e+06,2.22923e+06,2.22923e+06,3924.33,3924.33,3924.33,3760.91,3760.91,3760.91,3.40652e+06,3.40652e+06,3.40652e+06,3.13809e+06,3.13809e+06,3.13809e+06,7306.26,7306.26,7306.26,7309.69,7309.69,7309.69,1.20392e+06,1.20392e+06,1.20392e+06,1.31727e+06,1.31727e+06,1.31727e+06,1.37267e+07,1.37267e+07,1.37267e+07,1.32163e+07,1.32163e+07,1.32163e+07,8.87487e+07,8.87487e+07,8.87487e+07,5.60371,5.60371,5.60371,8.7853,8.7853,8.7853
830,2.22949e+06,2.22949e+06,2.22949e+06,3925.23,3925.23,3925.23,3762.37,3762.37,3762.37,3.40661e+06,3.40661e+06,3.40661e+06,3.13817e+06,3.13817e+06,3.13817e+06,7307.6,7307.6,7307.6,7312.17,7312.17,7312.17,1.20355e+06,1.20355e+06,1.20355e+06,1.31677e+06,1.31677e+06,1.31677e+06,1.37223e+07,1.37223e+07,1.37223e+07,1.32129e+07,1.32129e+07,1.32129e+07,8.87568e+07,8.87568e+07,8.87568e+07,5.60425,5.60425,5.60425,8.78775,8.78775,8.78775
831,2.22974e+06,2.22974e+06,2.22974e+06,3926.93,3926.93,3926.93,3764.39,3764.39,3764.39,3.40668e+06,3.40668e+06,3.40668e+06,3.13824e+06,3.13824e+06,3.13824e+06,7310.42,7310.42,7310.42,7315.74,7315.74,7315.74,1.20319e+06,1.20319e+06,1.20319e+06,1.31629e+06,1.31629e+06,1.31629e+06,1.37181e+07,1.37181e+07,1.37181e+07,1.32096e+07,1.32096e+07,1.32096e+07,8.87646e+07,8.87646e+07,8.87646e+07,5.60594,5.60594,5.60594,8.79154,8.79154,8.79154
832,2.22997e+06,2.22997e+06,2.22997e+06,3929.4,3929.4,3929.4,3766.94,3766.94,3766.94,3.40672e+06,3.40672e+06,3.40672e+06,3.13829e+06,3.13829e+06,3.13829e+06,7314.67,7314.67,7314.67,7320.33,7320.33,7320.33,1.20285e+06,1.20285e+06,1.20285e+06,1.31583e+06,1.31583e+06,1.31583e+06,1.37141e+07,1.37141e+07,1.37141e+07,1.32066e+07,1.32066e+07,1.32066e+07,8.8772e+07,8.8772e+07,8.8772e+07,5.60875,5.60875,5.60875,8.7966,8.7966,8.7966
833,2.23019e+06,2.23019e+06,2.23019e+06,3932.6,3932.6,3932.6,3769.98,3769.98,3769.98,3.40674e+06,3.40674e+06,3.40674e+06,3.13832e+06,3.13832e+06,3.13832e+06,7320.29,7320.29,7320.29,7325.88,7325.88,7325.88,1.20253e+06,1.20253e+06,1.20253e+06,1.31539e+06,1.31539e+06,1.31539e+06,1.37104e+07,1.37104e+07,1.37104e+07,1.32038e+07,1.32038e+07,1.32038e+07,8.87789e+07,8.87789e+07,8.87789e+07,5.61263,5.61263,5.61263,8.80285,8.80285,8.80285
834,2.23039e+06,2.23039e+06,2.23039e+06,3936.49,3936.49,3936.49,3773.46,3773.46,3773.46,3.40674e+06,3.40674e+06,3.40674e+06,3.13832e+06,3.13832e+06,3.13832e+06,7327.2,7327.2,7327.2,7332.29,7332.29,7332.29,1.20224e+06,1.20224e+06,1.20224e+06,1.31499e+06,1.31499e+06,1.31499e+06,1.3707e+07,1.3707e+07,1.3707e+07,1.32014e+07,1.32014e+07,1.32014e+07,8.87852e+07,8.87852e+07,8.87852e+07,5.61753,5.61753,5.61753,8.81019,8.81019,8.81019
835,2.23056e+06,2.23056e+06,2.23056e+06,3941,3941,3941,3777.34,3777.34,3777.34,3.4067e+06,3.4067e+06,3.4067e+06,3.13829e+06,3.13829e+06,3.13829e+06,7335.28,7335.28,7335.28,7339.47,7339.47,7339.47,1.20198e+06,1.20198e+06,1.20198e+06,1.31462e+06,1.31462e+06,1.31462e+06,1.3704e+07,1.3704e+07,1.3704e+07,1.31992e+07,1.31992e+07,1.31992e+07,8.87909e+07,8.87909e+07,8.87909e+07,5.62337,5.62337,5.62337,8.81852,8.81852,8.81852
836,2.23072e+06,2.23072e+06,2.23072e+06,3946.08,3946.08,3946.08,3781.55,3781.55,3781.55,3.40663e+06,3.40663e+06,3.40663e+06,3.13824e+06,3.13824e+06,3.13824e+06,7344.42,7344.42,7344.42,7347.32,7347.32,7347.32,1.20175e+06,1.20175e+06,1.20175e+06,1.31429e+06,1.31429e+06,1.31429e+06,1.37013e+07,1.37013e+07,1.37013e+07,1.31973e+07,1.31973e+07,1.31973e+07,8.8796e+07,8.8796e+07,8.8796e+07,5.63007,5.63007,5.63007,8.8277,8.8277,8.8277
837,2.23085e+06,2.23085e+06,2.23085e+06,3951.65,3951.65,3951.65,3786.02,3786.02,3786.02,3.40652e+06,3.40652e+06,3.40652e+06,3.13815e+06,3.13815e+06,3.13815e+06,7354.49,7354.49,7354.49,7355.69,7355.69,7355.69,1.20154e+06,1.20154e+06,1.20154e+06,1.314e+06,1.314e+06,1.314e+06,1.36991e+07,1.36991e+07,1.36991e+07,1.31957e+07,1.31957e+07,1.31957e+07,8.88003e+07,8.88003e+07,8.88003e+07,5.63753,5.63753,5.63753,8.83759,8.83759,8.83759
838,2.23095e+06,2.23095e+06,2.23095e+06,3957.62,3957.62,3957.62,3790.71,3790.71,3790.71,3.40637e+06,3.40637e+06,3.40637e+06,3.13803e+06,3.13803e+06,3.13803e+06,7365.34,7365.34,7365.34,7364.48,7364.48,7364.48,1.20137e+06,1.20137e+06,1.20137e+06,1.31375e+06,1.31375e+06,1.31375e+06,1.36973e+07,1.36973e+07,1.36973e+07,1.31945e+07,1.31945e+07,1.31945e+07,8.88039e+07,8.88039e+07,8.88039e+07,5.64564,5.64564,5.64564,8.84806,8.84806,8.84806
839,2.23103e+06,2.23103e+06,2.23103e+06,3963.91,3963.91,3963.91,3795.52,3795.52,3795.52,3.40618e+06,3.40618e+06,3.40618e+06,3.13788e+06,3.13788e+06,3.13788e+06,7376.8,7376.8,7376.8,7373.55,7373.55,7373.55,1.20123e+06,1.20123e+06,1.20123e+06,1.31354e+06,1.31354e+06,1.31354e+06,1.36959e+07,1.36959e+07,1.36959e+07,1.31937e+07,1.31937e+07,1.31937e+07,8.88068e+07,8.88068e+07,8.88068e+07,5.65427,5.65427,5.65427,8.85892,8.85892,8.85892
840,2.23107e+06,2.23107e+06,2.23107e+06,3970.44,3970.44,3970.44,3800.4,3800.4,3800.4,3.40596e+06,3.40596e+06,3.40596e+06,3.1377e+06,3.1377e+06,3.1377e+06,7388.72,7388.72,7388.72,7382.75,7382.75,7382.75,1.20112e+06,1.20112e+06,1.20112e+06,1.31337e+06,1.31337e+06,1.31337e+06,1.3695e+07,1.3695e+07,1.3695e+07,1.31931e+07,1.31931e+07,1.31931e+07,8.88089e+07,8.88089e+07,8.88089e+07,5.66332,5.66332,5.66332,8.87003,8.87003,8.87003
841,2.23109e+06,2.23109e+06,2.23109e+06,3977.09,3977.09,3977.09,3805.26,3805.26,3805.26,3.4057e+06,3.4057e+06,3.4057e+06,3.13749e+06,3.13749e+06,3.13749e+06,7400.91,7400.91,7400.91,7391.95,7391.95,7391.95,1.20104e+06,1.20104e+06,1.20104e+06,1.31325e+06,1.31325e+06,1.31325e+06,1.36946e+07,1.36946e+07,1.36946e+07,1.31929e+07,1.31929e+07,1.31929e+07,8.88103e+07,8.88103e+07,8.88103e+07,5.67263,5.67263,5.67263,8.88121,8.88121,8.88121
842,2.23108e+06,2.23108e+06,2.23108e+06,3983.78,3983.78,3983.78,3810.03,3810.03,3810.03,3.4054e+06,3.4054e+06,3.4054e+06,3.13724e+06,3.13724e+06,3.13724e+06,7413.19,7413.19,7413.19,7401,7401,7401,1.20098e+06,1.20098e+06,1.20098e+06,1.31317e+06,1.31317e+06,1.31317e+06,1.36946e+07,1.36946e+07,1.36946e+07,1.31931e+07,1.31931e+07,1.31931e+07,8.88109e+07,8.88109e+07,8.88109e+07,5.68208,5.68208,5.68208,8.89229,8.89229,8.89229
843,2.23104e+06,2.23104e+06,2.23104e+06,3990.41,3990.41,3990.41,3814.64,3814.64,3814.64,3.40506e+06,3.40506e+06,3.40506e+06,3.13696e+06,3.13696e+06,3.13696e+06,7425.37,7425.37,7425.37,7409.76,7409.76,7409.76,1.20096e+06,1.20096e+06,1.20096e+06,1.31314e+06,1.31314e+06,1.31314e+06,1.36951e+07,1.36951e+07,1.36951e+07,1.31935e+07,1.31935e+07,1.31935e+07,8.88109e+07,8.88109e+07,8.88109e+07,5.69151,5.69151,5.69151,8.90309,8.90309,8.90309
844,2.23097e+06,2.23097e+06,2.23097e+06,3996.86,3996.86,3996.86,3819.01,3819.01,3819.01,3.40469e+06,3.40469e+06,3.40469e+06,3.13665e+06,3.13665e+06,3.13665e+06,7437.28,7437.28,7437.28,7418.09,7418.09,7418.09,1.20097e+06,1.20097e+06,1.20097e+06,1.31314e+06,1.31314e+06,1.31314e+06,1.36959e+07,1.36959e+07,1.36959e+07,1.31943e+07,1.31943e+07,1.31943e+07,8.88101e+07,8.88101e+07,8.88101e+07,5.7008,5.7008,5.7008,8.91345,8.91345,8.91345
845,2.23087e+06,2.23087e+06,2.23087e+06,4003.06,4003.06,4003.06,3823.08,3823.08,3823.08,3.40429e+06,3.40429e+06,3.40429e+06,3.13632e+06,3.13632e+06,3.13632e+06,7448.72,7448.72,7448.72,7425.85,7425.85,7425.85,1.20099e+06,1.20099e+06,1.20099e+06,1.31319e+06,1.31319e+06,1.31319e+06,1.36972e+07,1.36972e+07,1.36972e+07,1.31953e+07,1.31953e+07,1.31953e+07,8.88088e+07,8.88088e+07,8.88088e+07,5.70979,5.70979,5.70979,8.9232,8.9232,8.9232
846,2.23075e+06,2.23075e+06,2.23075e+06,4008.9,4008.9,4008.9,3826.79,3826.79,3826.79,3.40386e+06,3.40386e+06,3.40386e+06,3.13596e+06,3.13596e+06,3.13596e+06,7459.53,7459.53,7459.53,7432.93,7432.93,7432.93,1.20104e+06,1.20104e+06,1.20104e+06,1.31327e+06,1.31327e+06,1.31327e+06,1.36989e+07,1.36989e+07,1.36989e+07,1.31965e+07,1.31965e+07,1.31965e+07,8.88068e+07,8.88068e+07,8.88068e+07,5.71835,5.71835,5.71835,8.93219,8.93219,8.93219
847,2.23061e+06,2.23061e+06,2.23061e+06,4014.29,4014.29,4014.29,3830.07,3830.07,3830.07,3.4034e+06,3.4034e+06,3.4034e+06,3.13558e+06,3.13558e+06,3.13558e+06,7469.52,7469.52,7469.52,7439.2,7439.2,7439.2,1.20111e+06,1.20111e+06,1.20111e+06,1.31338e+06,1.31338e+06,1.31338e+06,1.37009e+07,1.37009e+07,1.37009e+07,1.3198e+07,1.3198e+07,1.3198e+07,8.88044e+07,8.88044e+07,8.88044e+07,5.72636,5.72636,5.72636,8.94027,8.94027,8.94027
848,2.23045e+06,2.23045e+06,2.23045e+06,4019.14,4019.14,4019.14,3832.86,3832.86,3832.86,3.40292e+06,3.40292e+06,3.40292e+06,3.13518e+06,3.13518e+06,3.13518e+06,7478.56,7478.56,7478.56,7444.56,7444.56,7444.56,1.2012e+06,1.2012e+06,1.2012e+06,1.31352e+06,1.31352e+06,1.31352e+06,1.37032e+07,1.37032e+07,1.37032e+07,1.31996e+07,1.31996e+07,1.31996e+07,8.88015e+07,8.88015e+07,8.88015e+07,5.73367,5.73367,5.73367,8.94731,8.94731,8.94731
849,2.23028e+06,2.23028e+06,2.23028e+06,4023.39,4023.39,4023.39,3835.14,3835.14,3835.14,3.40242e+06,3.40242e+06,3.40242e+06,3.13477e+06,3.13477e+06,3.13477e+06,7486.48,7486.48,7486.48,7448.92,7448.92,7448.92,1.2013e+06,1.2013e+06,1.2013e+06,1.31369e+06,1.31369e+06,1.31369e+06,1.37057e+07,1.37057e+07,1.37057e+07,1.32013e+07,1.32013e+07,1.32013e+07,8.87983e+07,8.87983e+07,8.87983e+07,5.74018,5.74018,5.74018,8.95319,8.95319,8.95319
850,2.23008e+06,2.23008e+06,2.23008e+06,4026.97,4026.97,4026.97,3836.85,3836.85,3836.85,3.40191e+06,3.40191e+06,3.40191e+06,3.13434e+06,3.13434e+06,3.13434e+06,7493.17,7493.17,7493.17,7452.21,7452.21,7452.21,1.2014e+06,1.2014e+06,1.2014e+06,1.31387e+06,1.31387e+06,1.31387e+06,1.37085e+07,1.37085e+07,1.37085e+07,1.32032e+07,1.32032e+07,1.32032e+07,8.87948e+07,8.87948e+07,8.87948e+07,5.74579,5.74579,5.74579,8.95781,8.95781,8.95781
851,2.22988e+06,2.22988e+06,2.22988e+06,4029.81,4029.81,4029.81,3837.96,3837.96,3837.96,3.40139e+06,3.40139e+06,3.40139e+06,3.13391e+06,3.13391e+06,3.13391e+06,7498.52,7498.52,7498.52,7454.36,7454.36,7454.36,1.20151e+06,1.20151e+06,1.20151e+06,1.31407e+06,1.31407e+06,1.31407e+06,1.37114e+07,1.37114e+07,1.37114e+07,1.32051e+07,1.32051e+07,1.32051e+07,8.87911e+07,8.87911e+07,8.87911e+07,5.7504,5.7504,5.7504,8.96109,8.96109,8.96109
852,2.22968e+06,2.22968e+06,2.22968e+06,4031.87,4031.87,4031.87,3838.46,3838.46,3838.46,3.40087e+06,3.40087e+06,3.40087e+06,3.13347e+06,3.13347e+06,3.13347e+06,7502.43,7502.43,7502.43,7455.33,7455.33,7455.33,1.20163e+06,1.20163e+06,1.20163e+06,1.31428e+06,1.31428e+06,1.31428e+06,1.37144e+07,1.37144e+07,1.37144e+07,1.3207e+07,1.3207e+07,1.3207e+07,8.87873e+07,8.87873e+07,8.87873e+07,5.75394,5.75394,5.75394,8.96297,8.96297,8.96297
853,2.22946e+06,2.22946e+06,2.22946e+06,4033.12,4033.12,4033.12,3838.33,3838.33,3838.33,3.40035e+06,3.40035e+06,3.40035e+06,3.13303e+06,3.13303e+06,3.13303e+06,7504.84,7504.84,7504.84,7455.09,7455.09,7455.09,1.20174e+06,1.20174e+06,1.20174e+06,1.31449e+06,1.31449e+06,1.31449e+06,1.37174e+07,1.37174e+07,1.37174e+07,1.32089e+07,1.32089e+07,1.32089e+07,8.87836e+07,8.87836e+07,8.87836e+07,5.75634,5.75634,5.75634,8.96341,8.96341,8.96341
854,2.22925e+06,2.22925e+06,2.22925e+06,4033.53,4033.53,4033.53,3837.58,3837.58,3837.58,3.39983e+06,3.39983e+06,3.39983e+06,3.1326e+06,3.1326e+06,3.1326e+06,7505.7,7505.7,7505.7,7453.65,7453.65,7453.65,1.20184e+06,1.20184e+06,1.20184e+06,1.31471e+06,1.31471e+06,1.31471e+06,1.37205e+07,1.37205e+07,1.37205e+07,1.32108e+07,1.32108e+07,1.32108e+07,8.87799e+07,8.87799e+07,8.87799e+07,5.75757,5.75757,5.75757,8.9624,8.9624,8.9624
855,2.22905e+06,2.22905e+06,2.22905e+06,4033.1,4033.1,4033.1,3836.21,3836.21,3836.21,3.39932e+06,3.39932e+06,3.39932e+06,3.13217e+06,3.13217e+06,3.13217e+06,7504.99,7504.99,7504.99,7451.01,7451.01,7451.01,1.20194e+06,1.20194e+06,1.20194e+06,1.31491e+06,1.31491e+06,1.31491e+06,1.37235e+07,1.37235e+07,1.37235e+07,1.32125e+07,1.32125e+07,1.32125e+07,8.87764e+07,8.87764e+07,8.87764e+07,5.75761,5.75761,5.75761,8.95993,8.95993,8.95993
856,2.22885e+06,2.22885e+06,2.22885e+06,4031.83,4031.83,4031.83,3834.24,3834.24,3834.24,3.39883e+06,3.39883e+06,3.39883e+06,3.13176e+06,3.13176e+06,3.13176e+06,7502.72,7502.72,7502.72,7447.2,7447.2,7447.2,1.20202e+06,1.20202e+06,1.20202e+06,1.31511e+06,1.31511e+06,1.31511e+06,1.37263e+07,1.37263e+07,1.37263e+07,1.32141e+07,1.32141e+07,1.32141e+07,8.87732e+07,8.87732e+07,8.87732e+07,5.75644,5.75644,5.75644,8.95604,8.95604,8.95604
857,2.22866e+06,2.22866e+06,2.22866e+06,4029.73,4029.73,4029.73,3831.69,3831.69,3831.69,3.39835e+06,3.39835e+06,3.39835e+06,3.13136e+06,3.13136e+06,3.13136e+06,7498.91,7498.91,7498.91,7442.28,7442.28,7442.28,1.20208e+06,1.20208e+06,1.20208e+06,1.31529e+06,1.31529e+06,1.31529e+06,1.3729e+07,1.3729e+07,1.3729e+07,1.32155e+07,1.32155e+07,1.32155e+07,8.87704e+07,8.87704e+07,8.87704e+07,5.75408,5.75408,5.75408,8.95078,8.95078,8.95078
858,2.22849e+06,2.22849e+06,2.22849e+06,4026.84,4026.84,4026.84,3828.6,3828.6,3828.6,3.3979e+06,3.3979e+06,3.3979e+06,3.13099e+06,3.13099e+06,3.13099e+06,7493.62,7493.62,7493.62,7436.31,7436.31,7436.31,1.20213e+06,1.20213e+06,1.20213e+06,1.31545e+06,1.31545e+06,1.31545e+06,1.37315e+07,1.37315e+07,1.37315e+07,1.32167e+07,1.32167e+07,1.32167e+07,8.8768e+07,8.8768e+07,8.8768e+07,5.75056,5.75056,5.75056,8.94421,8.94421,8.94421
859,2.22834e+06,2.22834e+06,2.22834e+06,4023.2,4023.2,4023.2,3825.02,3825.02,3825.02,3.39748e+06,3.39748e+06,3.39748e+06,3.13063e+06,3.13063e+06,3.13063e+06,7486.92,7486.92,7486.92,7429.37,7429.37,7429.37,1.20215e+06,1.20215e+06,1.20215e+06,1.31558e+06,1.31558e+06,1.31558e+06,1.37337e+07,1.37337e+07,1.37337e+07,1.32176e+07,1.32176e+07,1.32176e+07,8.87661e+07,8.87661e+07,8.87661e+07,5.74593,5.74593,5.74593,8.93643,8.93643,8.93643
860,2.2282e+06,2.2282e+06,2.2282e+06,4018.86,4018.86,4018.86,3821,3821,3821,3.39708e+06,3.39708e+06,3.39708e+06,3.1303e+06,3.1303e+06,3.1303e+06,7478.9,7478.9,7478.9,7421.55,7421.55,7421.55,1.20215e+06,1.20215e+06,1.20215e+06,1.31568e+06,1.31568e+06,1.31568e+06,1.37356e+07,1.37356e+07,1.37356e+07,1.32183e+07,1.32183e+07,1.32183e+07,8.87648e+07,8.87648e+07,8.87648e+07,5.74026,5.74026,5.74026,8.92755,8.92755,8.92755
861,2.22809e+06,2.22809e+06,2.22809e+06,4013.88,4013.88,4013.88,3816.59,3816.59,3816.59,3.39672e+06,3.39672e+06,3.39672e+06,3.13e+06,3.13e+06,3.13e+06,7469.68,7469.68,7469.68,7412.98,7412.98,7412.98,1.20212e+06,1.20212e+06,1.20212e+06,1.31575e+06,1.31575e+06,1.31575e+06,1.37372e+07,1.37372e+07,1.37372e+07,1.32187e+07,1.32187e+07,1.32187e+07,8.87641e+07,8.87641e+07,8.87641e+07,5.73363,5.73363,5.73363,8.91769,8.91769,8.91769
862,2.22801e+06,2.22801e+06,2.22801e+06,4008.35,4008.35,4008.35,3811.87,3811.87,3811.87,3.3964e+06,3.3964e+06,3.3964e+06,3.12973e+06,3.12973e+06,3.12973e+06,7459.39,7459.39,7459.39,7403.76,7403.76,7403.76,1.20206e+06,1.20206e+06,1.20206e+06,1.31579e+06,1.31579e+06,1.31579e+06,1.37383e+07,1.37383e+07,1.37383e+07,1.32187e+07,1.32187e+07,1.32187e+07,8.87641e+07,8.87641e+07,8.87641e+07,5.72613,5.72613,5.72613,8.90699,8.90699,8.90699
863,2.22796e+06,2.22796e+06,2.22796e+06,4002.33,4002.33,4002.33,3806.88,3806.88,3806.88,3.39611e+06,3.39611e+06,3.39611e+06,3.12948e+06,3.12948e+06,3.12948e+06,7448.18,7448.18,7448.18,7394.02,7394.02,7394.02,1.20198e+06,1.20198e+06,1.20198e+06,1.31578e+06,1.31578e+06,1.31578e+06,1.37391e+07,1.37391e+07,1.37391e+07,1.32185e+07,1.32185e+07,1.32185e+07,8.87648e+07,8.87648e+07,8.87648e+07,5.71787,5.71787,5.71787,8.8956,8.8956,8.8956
864,2.22793e+06,2.22793e+06,2.22793e+06,3995.92,3995.92,3995.92,3801.72,3801.72,3801.72,3.39585e+06,3.39585e+06,3.39585e+06,3.12928e+06,3.12928e+06,3.12928e+06,7436.22,7436.22,7436.22,7383.91,7383.91,7383.91,1.20186e+06,1.20186e+06,1.20186e+06,1.31574e+06,1.31574e+06,1.31574e+06,1.37394e+07,1.37394e+07,1.37394e+07,1.32179e+07,1.32179e+07,1.32179e+07,8.87663e+07,8.87663e+07,8.87663e+07,5.70898,5.70898,5.70898,8.88368,8.88368,8.88368
865,2.22793e+06,2.22793e+06,2.22793e+06,3989.21,3989.21,3989.21,3796.44,3796.44,3796.44,3.39564e+06,3.39564e+06,3.39564e+06,3.1291e+06,3.1291e+06,3.1291e+06,7423.68,7423.68,7423.68,7373.56,7373.56,7373.56,1.20172e+06,1.20172e+06,1.20172e+06,1.31565e+06,1.31565e+06,1.31565e+06,1.37393e+07,1.37393e+07,1.37393e+07,1.3217e+07,1.3217e+07,1.3217e+07,8.87685e+07,8.87685e+07,8.87685e+07,5.69958,5.69958,5.69958,8.87141,8.87141,8.87141
866,2.22797e+06,2.22797e+06,2.22797e+06,3982.3,3982.3,3982.3,3791.13,3791.13,3791.13,3.39547e+06,3.39547e+06,3.39547e+06,3.12895e+06,3.12895e+06,3.12895e+06,7410.73,7410.73,7410.73,7363.12,7363.12,7363.12,1.20154e+06,1.20154e+06,1.20154e+06,1.31552e+06,1.31552e+06,1.31552e+06,1.37388e+07,1.37388e+07,1.37388e+07,1.32157e+07,1.32157e+07,1.32157e+07,8.87715e+07,8.87715e+07,8.87715e+07,5.68981,5.68981,5.68981,8.85894,8.85894,8.85894
867,2.22804e+06,2.22804e+06,2.22804e+06,3975.29,3975.29,3975.29,3785.86,3785.86,3785.86,3.39533e+06,3.39533e+06,3.39533e+06,3.12884e+06,3.12884e+06,3.12884e+06,7397.55,7397.55,7397.55,7352.72,7352.72,7352.72,1.20134e+06,1.20134e+06,1.20134e+06,1.31535e+06,1.31535e+06,1.31535e+06,1.37378e+07,1.37378e+07,1.37378e+07,1.32142e+07,1.32142e+07,1.32142e+07,8.87753e+07,8.87753e+07,8.87753e+07,5.67981,5.67981,5.67981,8.84646,8.84646,8.84646
868,2.22814e+06,2.22814e+06,2.22814e+06,3968.28,3968.28,3968.28,3780.7,3780.7,3780.7,3.39524e+06,3.39524e+06,3.39524e+06,3.12876e+06,3.12876e+06,3.12876e+06,7384.35,7384.35,7384.35,7342.52,7342.52,7342.52,1.20111e+06,1.20111e+06,1.20111e+06,1.31514e+06,1.31514e+06,1.31514e+06,1.37364e+07,1.37364e+07,1.37364e+07,1.32123e+07,1.32123e+07,1.32123e+07,8.87798e+07,8.87798e+07,8.87798e+07,5.66972,5.66972,5.66972,8.83413,8.83413,8.83413
869,2.22826e+06,2.22826e+06,2.22826e+06,3961.37,3961.37,3961.37,3775.73,3775.73,3775.73,3.39518e+06,3.39518e+06,3.39518e+06,3.12871e+06,3.12871e+06,3.12871e+06,7371.29,7371.29,7371.29,7332.65,7332.65,7332.65,1.20085e+06,1.20085e+06,1.20085e+06,1.31488e+06,1.31488e+06,1.31488e+06,1.37345e+07,1.37345e+07,1.37345e+07,1.32101e+07,1.32101e+07,1.32101e+07,8.8785e+07,8.8785e+07,8.8785e+07,5.65968,5.65968,5.65968,8.82213,8.82213,8.82213
870,2.22842e+06,2.22842e+06,2.22842e+06,3954.66,3954.66,3954.66,3771.01,3771.01,3771.01,3.39515e+06,3.39515e+06,3.39515e+06,3.12869e+06,3.12869e+06,3.12869e+06,7358.57,7358.57,7358.57,7323.23,7323.23,7323.23,1.20056e+06,1.20056e+06,1.20056e+06,1.31459e+06,1.31459e+06,1.31459e+06,1.37322e+07,1.37322e+07,1.37322e+07,1.32077e+07,1.32077e+07,1.32077e+07,8.87909e+07,8.87909e+07,8.87909e+07,5.64984,5.64984,5.64984,8.81062,8.81062,8.81062
871,2.22861e+06,2.22861e+06,2.22861e+06,3948.24,3948.24,3948.24,3766.61,3766.61,3766.61,3.39516e+06,3.39516e+06,3.39516e+06,3.1287e+06,3.1287e+06,3.1287e+06,7346.35,7346.35,7346.35,7314.4,7314.4,7314.4,1.20025e+06,1.20025e+06,1.20025e+06,1.31426e+06,1.31426e+06,1.31426e+06,1.37295e+07,1.37295e+07,1.37295e+07,1.3205e+07,1.3205e+07,1.3205e+07,8.87974e+07,8.87974e+07,8.87974e+07,5.64033,5.64033,5.64033,8.79975,8.79975,8.79975
872,2.22882e+06,2.22882e+06,2.22882e+06,3942.19,3942.19,3942.19,3762.58,3762.58,3762.58,3.39519e+06,3.39519e+06,3.39519e+06,3.12873e+06,3.12873e+06,3.12873e+06,7334.81,7334.81,7334.81,7306.28,7306.28,7306.28,1.19993e+06,1.19993e+06,1.19993e+06,1.3139e+06,1.3139e+06,1.3139e+06,1.37265e+07,1.37265e+07,1.37265e+07,1.3202e+07,1.3202e+07,1.3202e+07,8.88045e+07,8.88045e+07,8.88045e+07,5.63129,5.63129,5.63129,8.78966,8.78966,8.78966
873,2.22906e+06,2.22906e+06,2.22906e+06,3936.61,3936.61,3936.61,3758.98,3758.98,3758.98,3.39525e+06,3.39525e+06,3.39525e+06,3.12878e+06,3.12878e+06,3.12878e+06,7324.1,7324.1,7324.1,7298.95,7298.95,7298.95,1.19958e+06,1.19958e+06,1.19958e+06,1.3135e+06,1.3135e+06,1.3135e+06,1.37232e+07,1.37232e+07,1.37232e+07,1.31989e+07,1.31989e+07,1.31989e+07,8.88121e+07,8.88121e+07,8.88121e+07,5.62282,5.62282,5.62282,8.78049,8.78049,8.78049
874,2.22931e+06,2.22931e+06,2.22931e+06,3931.57,3931.57,3931.57,3755.86,3755.86,3755.86,3.39534e+06,3.39534e+06,3.39534e+06,3.12885e+06,3.12885e+06,3.12885e+06,7314.37,7314.37,7314.37,7292.53,7292.53,7292.53,1.19922e+06,1.19922e+06,1.19922e+06,1.31308e+06,1.31308e+06,1.31308e+06,1.37196e+07,1.37196e+07,1.37196e+07,1.31957e+07,1.31957e+07,1.31957e+07,8.88201e+07,8.88201e+07,8.88201e+07,5.61506,5.61506,5.61506,8.77236,8.77236,8.77236
875,2.22959e+06,2.22959e+06,2.22959e+06,3927.14,3927.14,3927.14,3753.26,3753.26,3753.26,3.39544e+06,3.39544e+06,3.39544e+06,3.12893e+06,3.12893e+06,3.12893e+06,7305.73,7305.73,7305.73,7287.09,7287.09,7287.09,1.19886e+06,1.19886e+06,1.19886e+06,1.31264e+06,1.31264e+06,1.31264e+06,1.37157e+07,1.37157e+07,1.37157e+07,1.31923e+07,1.31923e+07,1.31923e+07,8.88285e+07,8.88285e+07,8.88285e+07,5.60811,5.60811,5.60811,8.76538,8.76538,8.76538
876,2.22988e+06,2.22988e+06,2.22988e+06,3923.37,3923.37,3923.37,3751.21,3751.21,3751.21,3.39555e+06,3.39555e+06,3.39555e+06,3.12903e+06,3.12903e+06,3.12903e+06,7298.32,7298.32,7298.32,7282.69,7282.69,7282.69,1.19848e+06,1.19848e+06,1.19848e+06,1.31218e+06,1.31218e+06,1.31218e+06,1.37117e+07,1.37117e+07,1.37117e+07,1.31888e+07,1.31888e+07,1.31888e+07,8.88371e+07,8.88371e+07,8.88371e+07,5.60205,5.60205,5.60205,8.75962,8.75962,8.75962
877,2.23018e+06,2.23018e+06,2.23018e+06,3920.32,3920.32,3920.32,3749.73,3749.73,3749.73,3.39567e+06,3.39567e+06,3.39567e+06,3.12913e+06,3.12913e+06,3.12913e+06,7292.21,7292.21,7292.21,7279.4,7279.4,7279.4,1.1981e+06,1.1981e+06,1.1981e+06,1.31171e+06,1.31171e+06,1.31171e+06,1.37075e+07,1.37075e+07,1.37075e+07,1.31852e+07,1.31852e+07,1.31852e+07,8.88459e+07,8.88459e+07,8.88459e+07,5.59697,5.59697,5.59697,8.75516,8.75516,8.75516
878,2.23049e+06,2.23049e+06,2.23049e+06,3918.03,3918.03,3918.03,3748.85,3748.85,3748.85,3.3958e+06,3.3958e+06,3.3958e+06,3.12924e+06,3.12924e+06,3.12924e+06,7287.49,7287.49,7287.49,7277.24,7277.24,7277.24,1.19772e+06,1.19772e+06,1.19772e+06,1.31123e+06,1.31123e+06,1.31123e+06,1.37032e+07,1.37032e+07,1.37032e+07,1.31817e+07,1.31817e+07,1.31817e+07,8.88548e+07,8.88548e+07,8.88548e+07,5.59294,5.59294,5.59294,8.75206,8.75206,8.75206
879,2.23081e+06,2.23081e+06,2.23081e+06,3916.53,3916.53,3916.53,3748.58,3748.58,3748.58,3.39593e+06,3.39593e+06,3.39593e+06,3.12934e+06,3.12934e+06,3.12934e+06,7284.22,7284.22,7284.22,7276.23,7276.23,7276.23,1.19734e+06,1.19734e+06,1.19734e+06,1.31074e+06,1.31074e+06,1.31074e+06,1.36989e+07,1.36989e+07,1.36989e+07,1.31782e+07,1.31782e+07,1.31782e+07,8.88638e+07,8.88638e+07,8.88638e+07,5.58999,5.58999,5.58999,8.75035,8.75035,8.75035
880,2.23113e+06,2.23113e+06,2.23113e+06,3915.83,3915.83,3915.83,3748.91,3748.91,3748.91,3.39605e+06,3.39605e+06,3.39605e+06,3.12945e+06,3.12945e+06,3.12945e+06,7282.44,7282.44,7282.44,7276.39,7276.39,7276.39,1.19697e+06,1.19697e+06,1.19697e+06,1.31026e+06,1.31026e+06,1.31026e+06,1.36946e+07,1.36946e+07,1.36946e+07,1.31748e+07,1.31748e+07,1.31748e+07,8.88726e+07,8.88726e+07,8.88726e+07,5.58818,5.58818,5.58818,8.75003,8.75003,8.75003
881,2.23145e+06,2.23145e+06,2.23145e+06,3915.94,3915.94,3915.94,3749.84,3749.84,3749.84,3.39617e+06,3.39617e+06,3.39617e+06,3.12954e+06,3.12954e+06,3.12954e+06,7282.15,7282.15,7282.15,7277.71,7277.71,7277.71,1.19661e+06,1.19661e+06,1.19661e+06,1.30979e+06,1.30979e+06,1.30979e+06,1.36904e+07,1.36904e+07,1.36904e+07,1.31715e+07,1.31715e+07,1.31715e+07,8.88813e+07,8.88813e+07,8.88813e+07,5.58752,5.58752,5.58752,8.75112,8.75112,8.75112
882,2.23176e+06,2.23176e+06,2.23176e+06,3916.87,3916.87,3916.87,3751.36,3751.36,3751.36,3.39627e+06,3.39627e+06,3.39627e+06,3.12962e+06,3.12962e+06,3.12962e+06,7283.37,7283.37,7283.37,7280.15,7280.15,7280.15,1.19626e+06,1.19626e+06,1.19626e+06,1.30932e+06,1.30932e+06,1.30932e+06,1.36863e+07,1.36863e+07,1.36863e+07,1.31683e+07,1.31683e+07,1.31683e+07,8.88897e+07,8.88897e+07,8.88897e+07,5.58801,5.58801,5.58801,8.75359,8.75359,8.75359
883,2.23206e+06,2.23206e+06,2.23206e+06,3918.59,3918.59,3918.59,3753.43,3753.43,3753.43,3.39635e+06,3.39635e+06,3.39635e+06,3.12969e+06,3.12969e+06,3.12969e+06,7286.07,7286.07,7286.07,7283.67,7283.67,7283.67,1.19593e+06,1.19593e+06,1.19593e+06,1.30888e+06,1.30888e+06,1.30888e+06,1.36824e+07,1.36824e+07,1.36824e+07,1.31653e+07,1.31653e+07,1.31653e+07,8.88978e+07,8.88978e+07,8.88978e+07,5.58965,5.58965,5.58965,8.75739,8.75739,8.75739
884,2.23235e+06,2.23235e+06,2.23235e+06,3921.08,3921.08,3921.08,3756.04,3756.04,3756.04,3.39642e+06,3.39642e+06,3.39642e+06,3.12974e+06,3.12974e+06,3.12974e+06,7290.2,7290.2,7290.2,7288.23,7288.23,7288.23,1.19562e+06,1.19562e+06,1.19562e+06,1.30845e+06,1.30845e+06,1.30845e+06,1.36787e+07,1.36787e+07,1.36787e+07,1.31626e+07,1.31626e+07,1.31626e+07,8.89055e+07,8.89055e+07,8.89055e+07,5.59241,5.59241,5.59241,8.76246,8.76246,8.76246
885,2.23262e+06,2.23262e+06,2.23262e+06,3924.31,3924.31,3924.31,3759.15,3759.15,3759.15,3.39645e+06,3.39645e+06,3.39645e+06,3.12977e+06,3.12977e+06,3.12977e+06,7295.7,7295.7,7295.7,7293.75,7293.75,7293.75,1.19533e+06,1.19533e+06,1.19533e+06,1.30805e+06,1.30805e+06,1.30805e+06,1.36753e+07,1.36753e+07,1.36753e+07,1.31601e+07,1.31601e+07,1.31601e+07,8.89126e+07,8.89126e+07,8.89126e+07,5.59625,5.59625,5.59625,8.76874,8.76874,8.76874
886,2.23288e+06,2.23288e+06,2.23288e+06,3928.23,3928.23,3928.23,3762.7,3762.7,3762.7,3.39646e+06,3.39646e+06,3.39646e+06,3.12978e+06,3.12978e+06,3.12978e+06,7302.5,7302.5,7302.5,7300.15,7300.15,7300.15,1.19507e+06,1.19507e+06,1.19507e+06,1.30768e+06,1.30768e+06,1.30768e+06,1.36722e+07,1.36722e+07,1.36722e+07,1.31578e+07,1.31578e+07,1.31578e+07,8.89193e+07,8.89193e+07,8.89193e+07,5.6011,5.6011,5.6011,8.77612,8.77612,8.77612
887,2.23312e+06,2.23312e+06,2.23312e+06,3932.79,3932.79,3932.79,3766.66,3766.66,3766.66,3.39644e+06,3.39644e+06,3.39644e+06,3.12976e+06,3.12976e+06,3.12976e+06,7310.49,7310.49,7310.49,7307.33,7307.33,7307.33,1.19484e+06,1.19484e+06,1.19484e+06,1.30735e+06,1.30735e+06,1.30735e+06,1.36694e+07,1.36694e+07,1.36694e+07,1.31559e+07,1.31559e+07,1.31559e+07,8.89253e+07,8.89253e+07,8.89253e+07,5.60692,5.60692,5.60692,8.78449,8.78449,8.78449
888,2.23333e+06,2.23333e+06,2.23333e+06,3937.92,3937.92,3937.92,3770.95,3770.95,3770.95,3.39639e+06,3.39639e+06,3.39639e+06,3.12971e+06,3.12971e+06,3.12971e+06,7319.56,7319.56,7319.56,7315.18,7315.18,7315.18,1.19463e+06,1.19463e+06,1.19463e+06,1.30705e+06,1.30705e+06,1.30705e+06,1.3667e+07,1.3667e+07,1.3667e+07,1.31542e+07,1.31542e+07,1.31542e+07,8.89306e+07,8.89306e+07,8.89306e+07,5.6136,5.6136,5.6136,8.79374,8.79374,8.79374
889,2.23352e+06,2.23352e+06,2.23352e+06,3943.54,3943.54,3943.54,3775.53,3775.53,3775.53,3.3963e+06,3.3963e+06,3.3963e+06,3.12963e+06,3.12963e+06,3.12963e+06,7329.57,7329.57,7329.57,7323.59,7323.59,7323.59,1.19445e+06,1.19445e+06,1.19445e+06,1.30679e+06,1.30679e+06,1.30679e+06,1.3665e+07,1.3665e+07,1.3665e+07,1.31529e+07,1.31529e+07,1.31529e+07,8.89353e+07,8.89353e+07,8.89353e+07,5.62105,5.62105,5.62105,8.80373,8.80373,8.80373
890,2.23368e+06,2.23368e+06,2.23368e+06,3949.59,3949.59,3949.59,3780.31,3780.31,3780.31,3.39617e+06,3.39617e+06,3.39617e+06,3.12952e+06,3.12952e+06,3.12952e+06,7340.39,7340.39,7340.39,7332.43,7332.43,7332.43,1.1943e+06,1.1943e+06,1.1943e+06,1.30657e+06,1.30657e+06,1.30657e+06,1.36635e+07,1.36635e+07,1.36635e+07,1.31519e+07,1.31519e+07,1.31519e+07,8.89392e+07,8.89392e+07,8.89392e+07,5.62917,5.62917,5.62917,8.8143,8.8143,8.8143
891,2.23381e+06,2.23381e+06,2.23381e+06,3955.98,3955.98,3955.98,3785.25,3785.25,3785.25,3.39601e+06,3.39601e+06,3.39601e+06,3.12937e+06,3.12937e+06,3.12937e+06,7351.85,7351.85,7351.85,7341.57,7341.57,7341.57,1.19419e+06,1.19419e+06,1.19419e+06,1.30639e+06,1.30639e+06,1.30639e+06,1.36623e+07,1.36623e+07,1.36623e+07,1.31513e+07,1.31513e+07,1.31513e+07,8.89424e+07,8.89424e+07,8.89424e+07,5.63784,5.63784,5.63784,8.82531,8.82531,8.82531
892,2.23391e+06,2.23391e+06,2.23391e+06,3962.61,3962.61,3962.61,3790.25,3790.25,3790.25,3.39581e+06,3.39581e+06,3.39581e+06,3.1292e+06,3.1292e+06,3.1292e+06,7363.79,7363.79,7363.79,7350.86,7350.86,7350.86,1.1941e+06,1.1941e+06,1.1941e+06,1.30626e+06,1.30626e+06,1.30626e+06,1.36617e+07,1.36617e+07,1.36617e+07,1.3151e+07,1.3151e+07,1.3151e+07,8.89449e+07,8.89449e+07,8.89449e+07,5.64694,5.64694,5.64694,8.83658,8.83658,8.83658
893,2.23399e+06,2.23399e+06,2.23399e+06,3969.39,3969.39,3969.39,3795.26,3795.26,3795.26,3.39556e+06,3.39556e+06,3.39556e+06,3.12899e+06,3.12899e+06,3.12899e+06,7376.03,7376.03,7376.03,7360.18,7360.18,7360.18,1.19405e+06,1.19405e+06,1.19405e+06,1.30617e+06,1.30617e+06,1.30617e+06,1.36615e+07,1.36615e+07,1.36615e+07,1.3151e+07,1.3151e+07,1.3151e+07,8.89466e+07,8.89466e+07,8.89466e+07,5.65632,5.65632,5.65632,8.84795,8.84795,8.84795
894,2.23403e+06,2.23403e+06,2.23403e+06,3976.21,3976.21,3976.21,3800.18,3800.18,3800.18,3.39529e+06,3.39529e+06,3.39529e+06,3.12875e+06,3.12875e+06,3.12875e+06,7388.39,7388.39,7388.39,7369.38,7369.38,7369.38,1.19403e+06,1.19403e+06,1.19403e+06,1.30612e+06,1.30612e+06,1.30612e+06,1.36617e+07,1.36617e+07,1.36617e+07,1.31514e+07,1.31514e+07,1.31514e+07,8.89475e+07,8.89475e+07,8.89475e+07,5.66587,5.66587,5.66587,8.85926,8.85926,8.85926
895,2.23405e+06,2.23405e+06,2.23405e+06,3982.99,3982.99,3982.99,3804.96,3804.96,3804.96,3.39497e+06,3.39497e+06,3.39497e+06,3.12848e+06,3.12848e+06,3.12848e+06,7400.69,7400.69,7400.69,7378.31,7378.31,7378.31,1.19403e+06,1.19403e+06,1.19403e+06,1.30612e+06,1.30612e+06,1.30612e+06,1.36624e+07,1.36624e+07,1.36624e+07,1.31521e+07,1.31521e+07,1.31521e+07,8.89477e+07,8.89477e+07,8.89477e+07,5.67543,5.67543,5.67543,8.87031,8.87031,8.87031
896,2.23404e+06,2.23404e+06,2.23404e+06,3989.63,3989.63,3989.63,3809.52,3809.52,3809.52,3.39463e+06,3.39463e+06,3.39463e+06,3.12818e+06,3.12818e+06,3.12818e+06,7412.74,7412.74,7412.74,7386.83,7386.83,7386.83,1.19406e+06,1.19406e+06,1.19406e+06,1.30615e+06,1.30615e+06,1.30615e+06,1.36635e+07,1.36635e+07,1.36635e+07,1.3153e+07,1.3153e+07,1.3153e+07,8.89473e+07,8.89473e+07,8.89473e+07,5.68486,5.68486,5.68486,8.88096,8.88096,8.88096
897,2.234e+06,2.234e+06,2.234e+06,3996.01,3996.01,3996.01,3813.79,3813.79,3813.79,3.39425e+06,3.39425e+06,3.39425e+06,3.12786e+06,3.12786e+06,3.12786e+06,7424.37,7424.37,7424.37,7394.82,7394.82,7394.82,1.19412e+06,1.19412e+06,1.19412e+06,1.30623e+06,1.30623e+06,1.30623e+06,1.3665e+07,1.3665e+07,1.3665e+07,1.31543e+07,1.31543e+07,1.31543e+07,8.89462e+07,8.89462e+07,8.89462e+07,5.69403,5.69403,5.69403,8.89103,8.89103,8.89103
898,2.23393e+06,2.23393e+06,2.23393e+06,4002.06,4002.06,4002.06,3817.7,3817.7,3817.7,3.39384e+06,3.39384e+06,3.39384e+06,3.1275e+06,3.1275e+06,3.1275e+06,7435.38,7435.38,7435.38,7402.14,7402.14,7402.14,1.1942e+06,1.1942e+06,1.1942e+06,1.30634e+06,1.30634e+06,1.30634e+06,1.36669e+07,1.36669e+07,1.36669e+07,1.31558e+07,1.31558e+07,1.31558e+07,8.89445e+07,8.89445e+07,8.89445e+07,5.70279,5.70279,5.70279,8.90036,8.90036,8.90036
899,2.23385e+06,2.23385e+06,2.23385e+06,4007.67,4007.67,4007.67,3821.2,3821.2,3821.2,3.3934e+06,3.3934e+06,3.3934e+06,3.12713e+06,3.12713e+06,3.12713e+06,7445.62,7445.62,7445.62,7408.69,7408.69,7408.69,1.19429e+06,1.19429e+06,1.19429e+06,1.30648e+06,1.30648e+06,1.30648e+06,1.36692e+07,1.36692e+07,1.36692e+07,1.31575e+07,1.31575e+07,1.31575e+07,8.89423e+07,8.89423e+07,8.89423e+07,5.71101,5.71101,5.71101,8.90882,8.90882,8.90882
900,2.23374e+06,2.23374e+06,2.23374e+06,4012.76,4012.76,4012.76,3824.22,3824.22,3824.22,3.39295e+06,3.39295e+06,3.39295e+06,3.12674e+06,3.12674e+06,3.12674e+06,7454.93,7454.93,7454.93,7414.35,7414.35,7414.35,1.19441e+06,1.19441e+06,1.19441e+06,1.30666e+06,1.30666e+06,1.30666e+06,1.36717e+07,1.36717e+07,1.36717e+07,1.31593e+07,1.31593e+07,1.31593e+07,8.89397e+07,8.89397e+07,8.89397e+07,5.71857,5.71857,5.71857,8.91626,8.91626,8.91626
901,2.23362e+06,2.23362e+06,2.23362e+06,4017.27,4017.27,4017.27,3826.73,3826.73,3826.73,3.39247e+06,3.39247e+06,3.39247e+06,3.12633e+06,3.12633e+06,3.12633e+06,7463.16,7463.16,7463.16,7419.02,7419.02,7419.02,1.19453e+06,1.19453e+06,1.19453e+06,1.30685e+06,1.30685e+06,1.30685e+06,1.36745e+07,1.36745e+07,1.36745e+07,1.31614e+07,1.31614e+07,1.31614e+07,8.89367e+07,8.89367e+07,8.89367e+07,5.72535,5.72535,5.72535,8.92257,8.92257,8.92257
902,2.23348e+06,2.23348e+06,2.23348e+06,4021.1,4021.1,4021.1,3828.69,3828.69,3828.69,3.39198e+06,3.39198e+06,3.39198e+06,3.12592e+06,3.12592e+06,3.12592e+06,7470.18,7470.18,7470.18,7422.64,7422.64,7422.64,1.19467e+06,1.19467e+06,1.19467e+06,1.30707e+06,1.30707e+06,1.30707e+06,1.36776e+07,1.36776e+07,1.36776e+07,1.31635e+07,1.31635e+07,1.31635e+07,8.89334e+07,8.89334e+07,8.89334e+07,5.73124,5.73124,5.73124,8.92764,8.92764,8.92764
903,2.23333e+06,2.23333e+06,2.23333e+06,4024.22,4024.22,4024.22,3830.06,3830.06,3830.06,3.39149e+06,3.39149e+06,3.39149e+06,3.12549e+06,3.12549e+06,3.12549e+06,7475.87,7475.87,7475.87,7425.14,7425.14,7425.14,1.19481e+06,1.19481e+06,1.19481e+06,1.30731e+06,1.30731e+06,1.30731e+06,1.36807e+07,1.36807e+07,1.36807e+07,1.31657e+07,1.31657e+07,1.31657e+07,8.89299e+07,8.89299e+07,8.89299e+07,5.73615,5.73615,5.73615,8.93139,8.93139,8.93139
904,2.23317e+06,2.23317e+06,2.23317e+06,4026.56,4026.56,4026.56,3830.81,3830.81,3830.81,3.39098e+06,3.39098e+06,3.39098e+06,3.12506e+06,3.12506e+06,3.12506e+06,7480.15,7480.15,7480.15,7426.48,7426.48,7426.48,1.19496e+06,1.19496e+06,1.19496e+06,1.30755e+06,1.30755e+06,1.30755e+06,1.3684e+07,1.3684e+07,1.3684e+07,1.31679e+07,1.31679e+07,1.31679e+07,8.89263e+07,8.89263e+07,8.89263e+07,5.74001,5.74001,5.74001,8.93376,8.93376,8.93376
905,2.23301e+06,2.23301e+06,2.23301e+06,4028.1,4028.1,4028.1,3830.95,3830.95,3830.95,3.39048e+06,3.39048e+06,3.39048e+06,3.12463e+06,3.12463e+06,3.12463e+06,7482.94,7482.94,7482.94,7426.62,7426.62,7426.62,1.1951e+06,1.1951e+06,1.1951e+06,1.3078e+06,1.3078e+06,1.3078e+06,1.36874e+07,1.36874e+07,1.36874e+07,1.31701e+07,1.31701e+07,1.31701e+07,8.89226e+07,8.89226e+07,8.89226e+07,5.74274,5.74274,5.74274,8.9347,8.9347,8.9347
906,2.23285e+06,2.23285e+06,2.23285e+06,4028.81,4028.81,4028.81,3830.46,3830.46,3830.46,3.38998e+06,3.38998e+06,3.38998e+06,3.1242e+06,3.1242e+06,3.1242e+06,7484.2,7484.2,7484.2,7425.55,7425.55,7425.55,1.19524e+06,1.19524e+06,1.19524e+06,1.30805e+06,1.30805e+06,1.30805e+06,1.36907e+07,1.36907e+07,1.36907e+07,1.31722e+07,1.31722e+07,1.31722e+07,8.89191e+07,8.89191e+07,8.89191e+07,5.74432,5.74432,5.74432,8.93419,8.93419,8.93419
907,2.23269e+06,2.23269e+06,2.23269e+06,4028.67,4028.67,4028.67,3829.35,3829.35,3829.35,3.38949e+06,3.38949e+06,3.38949e+06,3.12378e+06,3.12378e+06,3.12378e+06,7483.9,7483.9,7483.9,7423.3,7423.3,7423.3,1.19536e+06,1.19536e+06,1.19536e+06,1.3083e+06,1.3083e+06,1.3083e+06,1.3694e+07,1.3694e+07,1.3694e+07,1.31742e+07,1.31742e+07,1.31742e+07,8.89157e+07,8.89157e+07,8.89157e+07,5.7447,5.7447,5.7447,8.93223,8.93223,8.93223
908,2.23254e+06,2.23254e+06,2.23254e+06,4027.7,4027.7,4027.7,3827.64,3827.64,3827.64,3.38902e+06,3.38902e+06,3.38902e+06,3.12338e+06,3.12338e+06,3.12338e+06,7482.04,7482.04,7482.04,7419.87,7419.87,7419.87,1.19548e+06,1.19548e+06,1.19548e+06,1.30853e+06,1.30853e+06,1.30853e+06,1.36972e+07,1.36972e+07,1.36972e+07,1.31761e+07,1.31761e+07,1.31761e+07,8.89125e+07,8.89125e+07,8.89125e+07,5.74388,5.74388,5.74388,8.92886,8.92886,8.92886
909,2.2324e+06,2.2324e+06,2.2324e+06,4025.89,4025.89,4025.89,3825.35,3825.35,3825.35,3.38856e+06,3.38856e+06,3.38856e+06,3.12298e+06,3.12298e+06,3.12298e+06,7478.64,7478.64,7478.64,7415.33,7415.33,7415.33,1.19558e+06,1.19558e+06,1.19558e+06,1.30875e+06,1.30875e+06,1.30875e+06,1.37002e+07,1.37002e+07,1.37002e+07,1.31778e+07,1.31778e+07,1.31778e+07,8.89097e+07,8.89097e+07,8.89097e+07,5.74187,5.74187,5.74187,8.9241,8.9241,8.9241
910,2.23227e+06,2.23227e+06,2.23227e+06,4023.29,4023.29,4023.29,3822.51,3822.51,3822.51,3.38813e+06,3.38813e+06,3.38813e+06,3.12261e+06,3.12261e+06,3.12261e+06,7473.75,7473.75,7473.75,7409.73,7409.73,7409.73,1.19566e+06,1.19566e+06,1.19566e+06,1.30895e+06,1.30895e+06,1.30895e+06,1.3703e+07,1.3703e+07,1.3703e+07,1.31793e+07,1.31793e+07,1.31793e+07,8.89074e+07,8.89074e+07,8.89074e+07,5.7387,5.7387,5.7387,8.91804,8.91804,8.91804
911,2.23216e+06,2.23216e+06,2.23216e+06,4019.93,4019.93,4019.93,3819.18,3819.18,3819.18,3.38772e+06,3.38772e+06,3.38772e+06,3.12226e+06,3.12226e+06,3.12226e+06,7467.44,7467.44,7467.44,7403.16,7403.16,7403.16,1.19572e+06,1.19572e+06,1.19572e+06,1.30913e+06,1.30913e+06,1.30913e+06,1.37056e+07,1.37056e+07,1.37056e+07,1.31806e+07,1.31806e+07,1.31806e+07,8.89055e+07,8.89055e+07,8.89055e+07,5.73441,5.73441,5.73441,8.91075,8.91075,8.91075
912,2.23207e+06,2.23207e+06,2.23207e+06,4015.86,4015.86,4015.86,3815.39,3815.39,3815.39,3.38734e+06,3.38734e+06,3.38734e+06,3.12193e+06,3.12193e+06,3.12193e+06,7459.8,7459.8,7459.8,7395.7,7395.7,7395.7,1.19575e+06,1.19575e+06,1.19575e+06,1.30927e+06,1.30927e+06,1.30927e+06,1.37078e+07,1.37078e+07,1.37078e+07,1.31816e+07,1.31816e+07,1.31816e+07,8.89042e+07,8.89042e+07,8.89042e+07,5.72907,5.72907,5.72907,8.90234,8.90234,8.90234
913,2.23201e+06,2.23201e+06,2.23201e+06,4011.14,4011.14,4011.14,3811.21,3811.21,3811.21,3.38699e+06,3.38699e+06,3.38699e+06,3.12163e+06,3.12163e+06,3.12163e+06,7450.94,7450.94,7450.94,7387.46,7387.46,7387.46,1.19576e+06,1.19576e+06,1.19576e+06,1.30939e+06,1.30939e+06,1.30939e+06,1.37097e+07,1.37097e+07,1.37097e+07,1.31823e+07,1.31823e+07,1.31823e+07,8.89035e+07,8.89035e+07,8.89035e+07,5.72276,5.72276,5.72276,8.89294,8.89294,8.89294
914,2.23197e+06,2.23197e+06,2.23197e+06,4005.85,4005.85,4005.85,3806.7,3806.7,3806.7,3.38668e+06,3.38668e+06,3.38668e+06,3.12136e+06,3.12136e+06,3.12136e+06,7441,7441,7441,7378.56,7378.56,7378.56,1.19575e+06,1.19575e+06,1.19575e+06,1.30947e+06,1.30947e+06,1.30947e+06,1.37113e+07,1.37113e+07,1.37113e+07,1.31827e+07,1.31827e+07,1.31827e+07,8.89035e+07,8.89035e+07,8.89035e+07,5.71556,5.71556,5.71556,8.88268,8.88268,8.88268
915,2.23195e+06,2.23195e+06,2.23195e+06,4000.07,4000.07,4000.07,3801.92,3801.92,3801.92,3.38641e+06,3.38641e+06,3.38641e+06,3.12112e+06,3.12112e+06,3.12112e+06,7430.12,7430.12,7430.12,7369.12,7369.12,7369.12,1.1957e+06,1.1957e+06,1.1957e+06,1.30951e+06,1.30951e+06,1.30951e+06,1.37124e+07,1.37124e+07,1.37124e+07,1.31828e+07,1.31828e+07,1.31828e+07,8.89041e+07,8.89041e+07,8.89041e+07,5.70759,5.70759,5.70759,8.8717,8.8717,8.8717
916,2.23197e+06,2.23197e+06,2.23197e+06,3993.88,3993.88,3993.88,3796.95,3796.95,3796.95,3.38617e+06,3.38617e+06,3.38617e+06,3.12091e+06,3.12091e+06,3.12091e+06,7418.46,7418.46,7418.46,7359.29,7359.29,7359.29,1.19562e+06,1.19562e+06,1.19562e+06,1.30951e+06,1.30951e+06,1.30951e+06,1.37131e+07,1.37131e+07,1.37131e+07,1.31826e+07,1.31826e+07,1.31826e+07,8.89056e+07,8.89056e+07,8.89056e+07,5.69897,5.69897,5.69897,8.86018,8.86018,8.86018
917,2.23201e+06,2.23201e+06,2.23201e+06,3987.37,3987.37,3987.37,3791.85,3791.85,3791.85,3.38597e+06,3.38597e+06,3.38597e+06,3.12074e+06,3.12074e+06,3.12074e+06,7406.18,7406.18,7406.18,7349.2,7349.2,7349.2,1.19552e+06,1.19552e+06,1.19552e+06,1.30946e+06,1.30946e+06,1.30946e+06,1.37134e+07,1.37134e+07,1.37134e+07,1.3182e+07,1.3182e+07,1.3182e+07,8.89077e+07,8.89077e+07,8.89077e+07,5.68982,5.68982,5.68982,8.84826,8.84826,8.84826
918,2.23209e+06,2.23209e+06,2.23209e+06,3980.65,3980.65,3980.65,3786.71,3786.71,3786.71,3.38581e+06,3.38581e+06,3.38581e+06,3.1206e+06,3.1206e+06,3.1206e+06,7393.47,7393.47,7393.47,7338.99,7338.99,7338.99,1.19538e+06,1.19538e+06,1.19538e+06,1.30938e+06,1.30938e+06,1.30938e+06,1.37132e+07,1.37132e+07,1.37132e+07,1.31811e+07,1.31811e+07,1.31811e+07,8.89107e+07,8.89107e+07,8.89107e+07,5.68027,5.68027,5.68027,8.83613,8.83613,8.83613
919,2.2322e+06,2.2322e+06,2.2322e+06,3973.81,3973.81,3973.81,3781.59,3781.59,3781.59,3.38569e+06,3.38569e+06,3.38569e+06,3.12049e+06,3.12049e+06,3.12049e+06,7380.51,7380.51,7380.51,7328.81,7328.81,7328.81,1.19522e+06,1.19522e+06,1.19522e+06,1.30926e+06,1.30926e+06,1.30926e+06,1.37126e+07,1.37126e+07,1.37126e+07,1.31799e+07,1.31799e+07,1.31799e+07,8.89144e+07,8.89144e+07,8.89144e+07,5.67047,5.67047,5.67047,8.82395,8.82395,8.82395
920,2.23233e+06,2.23233e+06,2.23233e+06,3966.95,3966.95,3966.95,3776.58,3776.58,3776.58,3.38561e+06,3.38561e+06,3.38561e+06,3.12041e+06,3.12041e+06,3.12041e+06,7367.48,7367.48,7367.48,7318.79,7318.79,7318.79,1.19502e+06,1.19502e+06,1.19502e+06,1.30909e+06,1.30909e+06,1.30909e+06,1.37115e+07,1.37115e+07,1.37115e+07,1.31784e+07,1.31784e+07,1.31784e+07,8.89188e+07,8.89188e+07,8.89188e+07,5.66056,5.66056,5.66056,8.81189,8.81189,8.81189
921,2.2325e+06,2.2325e+06,2.2325e+06,3960.17,3960.17,3960.17,3771.73,3771.73,3771.73,3.38556e+06,3.38556e+06,3.38556e+06,3.12036e+06,3.12036e+06,3.12036e+06,7354.57,7354.57,7354.57,7309.07,7309.07,7309.07,1.1948e+06,1.1948e+06,1.1948e+06,1.30888e+06,1.30888e+06,1.30888e+06,1.371e+07,1.371e+07,1.371e+07,1.31765e+07,1.31765e+07,1.31765e+07,8.89239e+07,8.89239e+07,8.89239e+07,5.65067,5.65067,5.65067,8.80014,8.80014,8.80014
922,2.2327e+06,2.2327e+06,2.2327e+06,3953.57,3953.57,3953.57,3767.13,3767.13,3767.13,3.38555e+06,3.38555e+06,3.38555e+06,3.12035e+06,3.12035e+06,3.12035e+06,7341.97,7341.97,7341.97,7299.79,7299.79,7299.79,1.19456e+06,1.19456e+06,1.19456e+06,1.30863e+06,1.30863e+06,1.30863e+06,1.37081e+07,1.37081e+07,1.37081e+07,1.31744e+07,1.31744e+07,1.31744e+07,8.89297e+07,8.89297e+07,8.89297e+07,5.64096,5.64096,5.64096,8.78884,8.78884,8.78884
923,2.23292e+06,2.23292e+06,2.23292e+06,3947.24,3947.24,3947.24,3762.83,3762.83,3762.83,3.38558e+06,3.38558e+06,3.38558e+06,3.12035e+06,3.12035e+06,3.12035e+06,7329.84,7329.84,7329.84,7291.08,7291.08,7291.08,1.19429e+06,1.19429e+06,1.19429e+06,1.30835e+06,1.30835e+06,1.30835e+06,1.37058e+07,1.37058e+07,1.37058e+07,1.3172e+07,1.3172e+07,1.3172e+07,8.89362e+07,8.89362e+07,8.89362e+07,5.63155,5.63155,5.63155,8.77815,8.77815,8.77815
924,2.23317e+06,2.23317e+06,2.23317e+06,3941.28,3941.28,3941.28,3758.89,3758.89,3758.89,3.38563e+06,3.38563e+06,3.38563e+06,3.12039e+06,3.12039e+06,3.12039e+06,7318.35,7318.35,7318.35,7283.04,7283.04,7283.04,1.194e+06,1.194e+06,1.194e+06,1.30803e+06,1.30803e+06,1.30803e+06,1.37031e+07,1.37031e+07,1.37031e+07,1.31694e+07,1.31694e+07,1.31694e+07,8.89432e+07,8.89432e+07,8.89432e+07,5.62258,5.62258,5.62258,8.76822,8.76822,8.76822
925,2.23345e+06,2.23345e+06,2.23345e+06,3935.77,3935.77,3935.77,3755.37,3755.37,3755.37,3.3857e+06,3.3857e+06,3.3857e+06,3.12044e+06,3.12044e+06,3.12044e+06,7307.67,7307.67,7307.67,7275.79,7275.79,7275.79,1.19369e+06,1.19369e+06,1.19369e+06,1.30768e+06,1.30768e+06,1.30768e+06,1.37001e+07,1.37001e+07,1.37001e+07,1.31667e+07,1.31667e+07,1.31667e+07,8.89507e+07,8.89507e+07,8.89507e+07,5.61418,5.61418,5.61418,8.75919,8.75919,8.75919
926,2.23374e+06,2.23374e+06,2.23374e+06,3930.78,3930.78,3930.78,3752.32,3752.32,3752.32,3.3858e+06,3.3858e+06,3.3858e+06,3.12052e+06,3.12052e+06,3.12052e+06,7297.94,7297.94,7297.94,7269.42,7269.42,7269.42,1.19337e+06,1.19337e+06,1.19337e+06,1.3073e+06,1.3073e+06,1.3073e+06,1.36968e+07,1.36968e+07,1.36968e+07,1.31637e+07,1.31637e+07,1.31637e+07,8.89587e+07,8.89587e+07,8.89587e+07,5.60646,5.60646,5.60646,8.75116,8.75116,8.75116
927,2.23406e+06,2.23406e+06,2.23406e+06,3926.39,3926.39,3926.39,3749.78,3749.78,3749.78,3.38592e+06,3.38592e+06,3.38592e+06,3.12061e+06,3.12061e+06,3.12061e+06,7289.28,7289.28,7289.28,7264.01,7264.01,7264.01,1.19304e+06,1.19304e+06,1.19304e+06,1.30691e+06,1.30691e+06,1.30691e+06,1.36933e+07,1.36933e+07,1.36933e+07,1.31606e+07,1.31606e+07,1.31606e+07,8.8967e+07,8.8967e+07,8.8967e+07,5.59953,5.59953,5.59953,8.74426,8.74426,8.74426
928,2.23439e+06,2.23439e+06,2.23439e+06,3922.66,3922.66,3922.66,3747.79,3747.79,3747.79,3.38605e+06,3.38605e+06,3.38605e+06,3.12071e+06,3.12071e+06,3.12071e+06,7281.82,7281.82,7281.82,7259.63,7259.63,7259.63,1.1927e+06,1.1927e+06,1.1927e+06,1.30649e+06,1.30649e+06,1.30649e+06,1.36896e+07,1.36896e+07,1.36896e+07,1.31575e+07,1.31575e+07,1.31575e+07,8.89756e+07,8.89756e+07,8.89756e+07,5.59347,5.59347,5.59347,8.73858,8.73858,8.73858
929,2.23473e+06,2.23473e+06,2.23473e+06,3919.63,3919.63,3919.63,3746.37,3746.37,3746.37,3.3862e+06,3.3862e+06,3.3862e+06,3.12082e+06,3.12082e+06,3.12082e+06,7275.66,7275.66,7275.66,7256.34,7256.34,7256.34,1.19236e+06,1.19236e+06,1.19236e+06,1.30606e+06,1.30606e+06,1.30606e+06,1.36857e+07,1.36857e+07,1.36857e+07,1.31542e+07,1.31542e+07,1.31542e+07,8.89844e+07,8.89844e+07,8.89844e+07,5.58838,5.58838,5.58838,8.73417,8.73417,8.73417
930,2.23508e+06,2.23508e+06,2.23508e+06,3917.35,3917.35,3917.35,3745.53,3745.53,3745.53,3.38634e+06,3.38634e+06,3.38634e+06,3.12093e+06,3.12093e+06,3.12093e+06,7270.86,7270.86,7270.86,7254.17,7254.17,7254.17,1.19201e+06,1.19201e+06,1.19201e+06,1.30562e+06,1.30562e+06,1.30562e+06,1.36818e+07,1.36818e+07,1.36818e+07,1.3151e+07,1.3151e+07,1.3151e+07,8.89933e+07,8.89933e+07,8.89933e+07,5.58432,5.58432,5.58432,8.73111,8.73111,8.73111
931,2.23544e+06,2.23544e+06,2.23544e+06,3915.86,3915.86,3915.86,3745.3,3745.3,3745.3,3.38649e+06,3.38649e+06,3.38649e+06,3.12105e+06,3.12105e+06,3.12105e+06,7267.5,7267.5,7267.5,7253.15,7253.15,7253.15,1.19167e+06,1.19167e+06,1.19167e+06,1.30517e+06,1.30517e+06,1.30517e+06,1.36777e+07,1.36777e+07,1.36777e+07,1.31478e+07,1.31478e+07,1.31478e+07,8.90022e+07,8.90022e+07,8.90022e+07,5.58134,5.58134,5.58134,8.72942,8.72942,8.72942
932,2.23579e+06,2.23579e+06,2.23579e+06,3915.16,3915.16,3915.16,3745.67,3745.67,3745.67,3.38664e+06,3.38664e+06,3.38664e+06,3.12116e+06,3.12116e+06,3.12116e+06,7265.62,7265.62,7265.62,7253.29,7253.29,7253.29,1.19133e+06,1.19133e+06,1.19133e+06,1.30473e+06,1.30473e+06,1.30473e+06,1.36737e+07,1.36737e+07,1.36737e+07,1.31446e+07,1.31446e+07,1.31446e+07,8.90111e+07,8.90111e+07,8.90111e+07,5.57948,5.57948,5.57948,8.72913,8.72913,8.72913
933,2.23615e+06,2.23615e+06,2.23615e+06,3915.28,3915.28,3915.28,3746.65,3746.65,3746.65,3.38678e+06,3.38678e+06,3.38678e+06,3.12127e+06,3.12127e+06,3.12127e+06,7265.23,7265.23,7265.23,7254.59,7254.59,7254.59,1.19101e+06,1.19101e+06,1.19101e+06,1.3043e+06,1.3043e+06,1.3043e+06,1.36698e+07,1.36698e+07,1.36698e+07,1.31416e+07,1.31416e+07,1.31416e+07,8.90198e+07,8.90198e+07,8.90198e+07,5.57877,5.57877,5.57877,8.73023,8.73023,8.73023
934,2.2365e+06,2.2365e+06,2.2365e+06,3916.21,3916.21,3916.21,3748.21,3748.21,3748.21,3.3869e+06,3.3869e+06,3.3869e+06,3.12136e+06,3.12136e+06,3.12136e+06,7266.34,7266.34,7266.34,7257.01,7257.01,7257.01,1.19069e+06,1.19069e+06,1.19069e+06,1.30387e+06,1.30387e+06,1.30387e+06,1.3666e+07,1.3666e+07,1.3666e+07,1.31387e+07,1.31387e+07,1.31387e+07,8.90282e+07,8.90282e+07,8.90282e+07,5.57921,5.57921,5.57921,8.73271,8.73271,8.73271
935,2.23685e+06,2.23685e+06,2.23685e+06,3917.94,3917.94,3917.94,3750.33,3750.33,3750.33,3.38701e+06,3.38701e+06,3.38701e+06,3.12144e+06,3.12144e+06,3.12144e+06,7268.93,7268.93,7268.93,7260.51,7260.51,7260.51,1.1904e+06,1.1904e+06,1.1904e+06,1.30346e+06,1.30346e+06,1.30346e+06,1.36623e+07,1.36623e+07,1.36623e+07,1.3136e+07,1.3136e+07,1.3136e+07,8.90363e+07,8.90363e+07,8.90363e+07,5.5808,5.5808,5.5808,8.73653,8.73653,8.73653
936,2.23718e+06,2.23718e+06,2.23718e+06,3920.44,3920.44,3920.44,3752.99,3752.99,3752.99,3.3871e+06,3.3871e+06,3.3871e+06,3.12151e+06,3.12151e+06,3.12151e+06,7272.96,7272.96,7272.96,7265.06,7265.06,7265.06,1.19012e+06,1.19012e+06,1.19012e+06,1.30307e+06,1.30307e+06,1.30307e+06,1.36589e+07,1.36589e+07,1.36589e+07,1.31335e+07,1.31335e+07,1.31335e+07,8.9044e+07,8.9044e+07,8.9044e+07,5.58351,5.58351,5.58351,8.74163,8.74163,8.74163
937,2.23749e+06,2.23749e+06,2.23749e+06,3923.69,3923.69,3923.69,3756.15,3756.15,3756.15,3.38716e+06,3.38716e+06,3.38716e+06,3.12155e+06,3.12155e+06,3.12155e+06,7278.38,7278.38,7278.38,7270.57,7270.57,7270.57,1.18986e+06,1.18986e+06,1.18986e+06,1.30271e+06,1.30271e+06,1.30271e+06,1.36557e+07,1.36557e+07,1.36557e+07,1.31312e+07,1.31312e+07,1.31312e+07,8.90513e+07,8.90513e+07,8.90513e+07,5.58731,5.58731,5.58731,8.74794,8.74794,8.74794
938,2.23779e+06,2.23779e+06,2.23779e+06,3927.63,3927.63,3927.63,3759.76,3759.76,3759.76,3.3872e+06,3.3872e+06,3.3872e+06,3.12157e+06,3.12157e+06,3.12157e+06,7285.09,7285.09,7285.09,7276.98,7276.98,7276.98,1.18963e+06,1.18963e+06,1.18963e+06,1.30238e+06,1.30238e+06,1.30238e+06,1.36528e+07,1.36528e+07,1.36528e+07,1.31292e+07,1.31292e+07,1.31292e+07,8.90579e+07,8.90579e+07,8.90579e+07,5.59213,5.59213,5.59213,8.75537,8.75537,8.75537
939,2.23807e+06,2.23807e+06,2.23807e+06,3932.22,3932.22,3932.22,3763.79,3763.79,3763.79,3.38721e+06,3.38721e+06,3.38721e+06,3.12156e+06,3.12156e+06,3.12156e+06,7293.01,7293.01,7293.01,7284.17,7284.17,7284.17,1.18943e+06,1.18943e+06,1.18943e+06,1.30207e+06,1.30207e+06,1.30207e+06,1.36503e+07,1.36503e+07,1.36503e+07,1.31275e+07,1.31275e+07,1.31275e+07,8.9064e+07,8.9064e+07,8.9064e+07,5.59792,5.59792,5.59792,8.7638,8.7638,8.7638
940,2.23832e+06,2.23832e+06,2.23832e+06,3937.39,3937.39,3937.39,3768.16,3768.16,3768.16,3.38718e+06,3.38718e+06,3.38718e+06,3.12153e+06,3.12153e+06,3.12153e+06,7302.03,7302.03,7302.03,7292.06,7292.06,7292.06,1.18925e+06,1.18925e+06,1.18925e+06,1.30181e+06,1.30181e+06,1.30181e+06,1.36481e+07,1.36481e+07,1.36481e+07,1.31261e+07,1.31261e+07,1.31261e+07,8.90694e+07,8.90694e+07,8.90694e+07,5.60459,5.60459,5.60459,8.77313,8.77313,8.77313
941,2.23855e+06,2.23855e+06,2.23855e+06,3943.07,3943.07,3943.07,3772.82,3772.82,3772.82,3.38712e+06,3.38712e+06,3.38712e+06,3.12147e+06,3.12147e+06,3.12147e+06,7312.01,7312.01,7312.01,7300.52,7300.52,7300.52,1.1891e+06,1.1891e+06,1.1891e+06,1.30158e+06,1.30158e+06,1.30158e+06,1.36463e+07,1.36463e+07,1.36463e+07,1.3125e+07,1.3125e+07,1.3125e+07,8.90742e+07,8.90742e+07,8.90742e+07,5.61204,5.61204,5.61204,8.78321,8.78321,8.78321
942,2.23876e+06,2.23876e+06,2.23876e+06,3949.19,3949.19,3949.19,3777.71,3777.71,3777.71,3.38703e+06,3.38703e+06,3.38703e+06,3.12137e+06,3.12137e+06,3.12137e+06,7322.82,7322.82,7322.82,7309.43,7309.43,7309.43,1.18899e+06,1.18899e+06,1.18899e+06,1.30139e+06,1.30139e+06,1.30139e+06,1.3645e+07,1.3645e+07,1.3645e+07,1.31243e+07,1.31243e+07,1.31243e+07,8.90782e+07,8.90782e+07,8.90782e+07,5.62019,5.62019,5.62019,8.79391,8.79391,8.79391
943,2.23893e+06,2.23893e+06,2.23893e+06,3955.66,3955.66,3955.66,3782.75,3782.75,3782.75,3.38689e+06,3.38689e+06,3.38689e+06,3.12125e+06,3.12125e+06,3.12125e+06,7334.3,7334.3,7334.3,7318.66,7318.66,7318.66,1.1889e+06,1.1889e+06,1.1889e+06,1.30125e+06,1.30125e+06,1.30125e+06,1.36441e+07,1.36441e+07,1.36441e+07,1.31239e+07,1.31239e+07,1.31239e+07,8.90814e+07,8.90814e+07,8.90814e+07,5.62889,5.62889,5.62889,8.80506,8.80506,8.80506
944,2.23907e+06,2.23907e+06,2.23907e+06,3962.38,3962.38,3962.38,3787.87,3787.87,3787.87,3.38672e+06,3.38672e+06,3.38672e+06,3.12109e+06,3.12109e+06,3.12109e+06,7346.28,7346.28,7346.28,7328.07,7328.07,7328.07,1.18885e+06,1.18885e+06,1.18885e+06,1.30115e+06,1.30115e+06,1.30115e+06,1.36436e+07,1.36436e+07,1.36436e+07,1.31238e+07,1.31238e+07,1.31238e+07,8.90839e+07,8.90839e+07,8.90839e+07,5.63805,5.63805,5.63805,8.81651,8.81651,8.81651
945,2.23919e+06,2.23919e+06,2.23919e+06,3969.27,3969.27,3969.27,3793.01,3793.01,3793.01,3.38651e+06,3.38651e+06,3.38651e+06,3.1209e+06,3.1209e+06,3.1209e+06,7358.59,7358.59,7358.59,7337.53,7337.53,7337.53,1.18883e+06,1.18883e+06,1.18883e+06,1.30109e+06,1.30109e+06,1.30109e+06,1.36436e+07,1.36436e+07,1.36436e+07,1.31241e+07,1.31241e+07,1.31241e+07,8.90857e+07,8.90857e+07,8.90857e+07,5.64752,5.64752,5.64752,8.82808,8.82808,8.82808
946,2.23928e+06,2.23928e+06,2.23928e+06,3976.23,3976.23,3976.23,3798.08,3798.08,3798.08,3.38627e+06,3.38627e+06,3.38627e+06,3.12068e+06,3.12068e+06,3.12068e+06,7371.05,7371.05,7371.05,7346.88,7346.88,7346.88,1.18883e+06,1.18883e+06,1.18883e+06,1.30107e+06,1.30107e+06,1.30107e+06,1.36441e+07,1.36441e+07,1.36441e+07,1.31247e+07,1.31247e+07,1.31247e+07,8.90867e+07,8.90867e+07,8.90867e+07,5.65717,5.65717,5.65717,8.83961,8.83961,8.83961
947,2.23933e+06,2.23933e+06,2.23933e+06,3983.16,3983.16,3983.16,3803.01,3803.01,3803.01,3.38598e+06,3.38598e+06,3.38598e+06,3.12043e+06,3.12043e+06,3.12043e+06,7383.48,7383.48,7383.48,7355.99,7355.99,7355.99,1.18887e+06,1.18887e+06,1.18887e+06,1.3011e+06,1.3011e+06,1.3011e+06,1.3645e+07,1.3645e+07,1.3645e+07,1.31256e+07,1.31256e+07,1.31256e+07,8.9087e+07,8.9087e+07,8.9087e+07,5.66685,5.66685,5.66685,8.85092,8.85092,8.85092
948,2.23936e+06,2.23936e+06,2.23936e+06,3989.95,3989.95,3989.95,3807.73,3807.73,3807.73,3.38567e+06,3.38567e+06,3.38567e+06,3.12015e+06,3.12015e+06,3.12015e+06,7395.69,7395.69,7395.69,7364.73,7364.73,7364.73,1.18893e+06,1.18893e+06,1.18893e+06,1.30117e+06,1.30117e+06,1.30117e+06,1.36463e+07,1.36463e+07,1.36463e+07,1.31268e+07,1.31268e+07,1.31268e+07,8.90866e+07,8.90866e+07,8.90866e+07,5.67643,5.67643,5.67643,8.86185,8.86185,8.86185
949,2.23936e+06,2.23936e+06,2.23936e+06,3996.51,3996.51,3996.51,3812.18,3812.18,3812.18,3.38532e+06,3.38532e+06,3.38532e+06,3.11984e+06,3.11984e+06,3.11984e+06,7407.51,7407.51,7407.51,7372.95,7372.95,7372.95,1.18901e+06,1.18901e+06,1.18901e+06,1.30128e+06,1.30128e+06,1.30128e+06,1.3648e+07,1.3648e+07,1.3648e+07,1.31283e+07,1.31283e+07,1.31283e+07,8.90855e+07,8.90855e+07,8.90855e+07,5.68577,5.68577,5.68577,8.87222,8.87222,8.87222
950,2.23934e+06,2.23934e+06,2.23934e+06,4002.74,4002.74,4002.74,3816.28,3816.28,3816.28,3.38494e+06,3.38494e+06,3.38494e+06,3.11951e+06,3.11951e+06,3.11951e+06,7418.75,7418.75,7418.75,7380.52,7380.52,7380.52,1.18912e+06,1.18912e+06,1.18912e+06,1.30142e+06,1.30142e+06,1.30142e+06,1.36501e+07,1.36501e+07,1.36501e+07,1.313e+07,1.313e+07,1.313e+07,8.90838e+07,8.90838e+07,8.90838e+07,5.69473,5.69473,5.69473,8.8819,8.8819,8.8819
951,2.23929e+06,2.23929e+06,2.23929e+06,4008.56,4008.56,4008.56,3819.97,3819.97,3819.97,3.38454e+06,3.38454e+06,3.38454e+06,3.11916e+06,3.11916e+06,3.11916e+06,7429.24,7429.24,7429.24,7387.34,7387.34,7387.34,1.18925e+06,1.18925e+06,1.18925e+06,1.3016e+06,1.3016e+06,1.3016e+06,1.36526e+07,1.36526e+07,1.36526e+07,1.3132e+07,1.3132e+07,1.3132e+07,8.90816e+07,8.90816e+07,8.90816e+07,5.70316,5.70316,5.70316,8.89071,8.89071,8.89071
952,2.23922e+06,2.23922e+06,2.23922e+06,4013.87,4013.87,4013.87,3823.2,3823.2,3823.2,3.38411e+06,3.38411e+06,3.38411e+06,3.11878e+06,3.11878e+06,3.11878e+06,7438.82,7438.82,7438.82,7393.29,7393.29,7393.29,1.1894e+06,1.1894e+06,1.1894e+06,1.3018e+06,1.3018e+06,1.3018e+06,1.36554e+07,1.36554e+07,1.36554e+07,1.31341e+07,1.31341e+07,1.31341e+07,8.9079e+07,8.9079e+07,8.9079e+07,5.71096,5.71096,5.71096,8.89854,8.89854,8.89854
953,2.23913e+06,2.23913e+06,2.23913e+06,4018.6,4018.6,4018.6,3825.93,3825.93,3825.93,3.38367e+06,3.38367e+06,3.38367e+06,3.1184e+06,3.1184e+06,3.1184e+06,7447.35,7447.35,7447.35,7398.28,7398.28,7398.28,1.18956e+06,1.18956e+06,1.18956e+06,1.30204e+06,1.30204e+06,1.30204e+06,1.36584e+07,1.36584e+07,1.36584e+07,1.31364e+07,1.31364e+07,1.31364e+07,8.90759e+07,8.90759e+07,8.90759e+07,5.71799,5.71799,5.71799,8.90525,8.90525,8.90525
954,2.23903e+06,2.23903e+06,2.23903e+06,4022.68,4022.68,4022.68,3828.1,3828.1,3828.1,3.38321e+06,3.38321e+06,3.38321e+06,3.118e+06,3.118e+06,3.118e+06,7454.7,7454.7,7454.7,7402.23,7402.23,7402.23,1.18973e+06,1.18973e+06,1.18973e+06,1.30229e+06,1.30229e+06,1.30229e+06,1.36617e+07,1.36617e+07,1.36617e+07,1.31388e+07,1.31388e+07,1.31388e+07,8.90726e+07,8.90726e+07,8.90726e+07,5.72416,5.72416,5.72416,8.91075,8.91075,8.91075
955,2.23892e+06,2.23892e+06,2.23892e+06,4026.04,4026.04,4026.04,3829.69,3829.69,3829.69,3.38274e+06,3.38274e+06,3.38274e+06,3.11759e+06,3.11759e+06,3.11759e+06,7460.74,7460.74,7460.74,7405.07,7405.07,7405.07,1.1899e+06,1.1899e+06,1.1899e+06,1.30256e+06,1.30256e+06,1.30256e+06,1.36651e+07,1.36651e+07,1.36651e+07,1.31412e+07,1.31412e+07,1.31412e+07,8.9069e+07,8.9069e+07,8.9069e+07,5.72936,5.72936,5.72936,8.91494,8.91494,8.91494
956,2.23879e+06,2.23879e+06,2.23879e+06,4028.64,4028.64,4028.64,3830.67,3830.67,3830.67,3.38227e+06,3.38227e+06,3.38227e+06,3.11717e+06,3.11717e+06,3.11717e+06,7465.38,7465.38,7465.38,7406.75,7406.75,7406.75,1.19008e+06,1.19008e+06,1.19008e+06,1.30284e+06,1.30284e+06,1.30284e+06,1.36686e+07,1.36686e+07,1.36686e+07,1.31437e+07,1.31437e+07,1.31437e+07,8.90653e+07,8.90653e+07,8.90653e+07,5.73352,5.73352,5.73352,8.91776,8.91776,8.91776
957,2.23866e+06,2.23866e+06,2.23866e+06,4030.44,4030.44,4030.44,3831.04,3831.04,3831.04,3.38179e+06,3.38179e+06,3.38179e+06,3.11676e+06,3.11676e+06,3.11676e+06,7468.54,7468.54,7468.54,7407.24,7407.24,7407.24,1.19026e+06,1.19026e+06,1.19026e+06,1.30313e+06,1.30313e+06,1.30313e+06,1.36722e+07,1.36722e+07,1.36722e+07,1.31462e+07,1.31462e+07,1.31462e+07,8.90616e+07,8.90616e+07,8.90616e+07,5.73657,5.73657,5.73657,8.91916,8.91916,8.91916
958,2.23853e+06,2.23853e+06,2.23853e+06,4031.41,4031.41,4031.41,3830.77,3830.77,3830.77,3.38132e+06,3.38132e+06,3.38132e+06,3.11635e+06,3.11635e+06,3.11635e+06,7470.19,7470.19,7470.19,7406.54,7406.54,7406.54,1.19043e+06,1.19043e+06,1.19043e+06,1.30342e+06,1.30342e+06,1.30342e+06,1.36759e+07,1.36759e+07,1.36759e+07,1.31486e+07,1.31486e+07,1.31486e+07,8.90579e+07,8.90579e+07,8.90579e+07,5.73846,5.73846,5.73846,8.91912,8.91912,8.91912
959,2.23841e+06,2.23841e+06,2.23841e+06,4031.53,4031.53,4031.53,3829.89,3829.89,3829.89,3.38086e+06,3.38086e+06,3.38086e+06,3.11594e+06,3.11594e+06,3.11594e+06,7470.28,7470.28,7470.28,7404.65,7404.65,7404.65,1.19059e+06,1.19059e+06,1.19059e+06,1.3037e+06,1.3037e+06,1.3037e+06,1.36794e+07,1.36794e+07,1.36794e+07,1.31509e+07,1.31509e+07,1.31509e+07,8.90543e+07,8.90543e+07,8.90543e+07,5.73916,5.73916,5.73916,8.91763,8.91763,8.91763
960,2.23829e+06,2.23829e+06,2.23829e+06,4030.81,4030.81,4030.81,3828.4,3828.4,3828.4,3.38041e+06,3.38041e+06,3.38041e+06,3.11555e+06,3.11555e+06,3.11555e+06,7468.8,7468.8,7468.8,7401.59,7401.59,7401.59,1.19074e+06,1.19074e+06,1.19074e+06,1.30398e+06,1.30398e+06,1.30398e+06,1.36829e+07,1.36829e+07,1.36829e+07,1.31531e+07,1.31531e+07,1.31531e+07,8.90511e+07,8.90511e+07,8.90511e+07,5.73867,5.73867,5.73867,8.91472,8.91472,8.91472
961,2.23818e+06,2.23818e+06,2.23818e+06,4029.26,4029.26,4029.26,3826.33,3826.33,3826.33,3.37998e+06,3.37998e+06,3.37998e+06,3.11517e+06,3.11517e+06,3.11517e+06,7465.79,7465.79,7465.79,7397.4,7397.4,7397.4,1.19088e+06,1.19088e+06,1.19088e+06,1.30424e+06,1.30424e+06,1.30424e+06,1.36862e+07,1.36862e+07,1.36862e+07,1.31551e+07,1.31551e+07,1.31551e+07,8.90481e+07,8.90481e+07,8.90481e+07,5.73698,5.73698,5.73698,8.91042,8.91042,8.91042
962,2.23808e+06,2.23808e+06,2.23808e+06,4026.91,4026.91,4026.91,3823.71,3823.71,3823.71,3.37957e+06,3.37957e+06,3.37957e+06,3.11482e+06,3.11482e+06,3.11482e+06,7461.29,7461.29,7461.29,7392.15,7392.15,7392.15,1.191e+06,1.191e+06,1.191e+06,1.30448e+06,1.30448e+06,1.30448e+06,1.36893e+07,1.36893e+07,1.36893e+07,1.31569e+07,1.31569e+07,1.31569e+07,8.90455e+07,8.90455e+07,8.90455e+07,5.73413,5.73413,5.73413,8.90481,8.90481,8.90481
963,2.238e+06,2.238e+06,2.238e+06,4023.79,4023.79,4023.79,3820.58,3820.58,3820.58,3.37919e+06,3.37919e+06,3.37919e+06,3.11448e+06,3.11448e+06,3.11448e+06,7455.35,7455.35,7455.35,7385.91,7385.91,7385.91,1.1911e+06,1.1911e+06,1.1911e+06,1.30469e+06,1.30469e+06,1.30469e+06,1.36922e+07,1.36922e+07,1.36922e+07,1.31585e+07,1.31585e+07,1.31585e+07,8.90434e+07,8.90434e+07,8.90434e+07,5.73015,5.73015,5.73015,8.89796,8.89796,8.89796
964,2.23793e+06,2.23793e+06,2.23793e+06,4019.94,4019.94,4019.94,3816.98,3816.98,3816.98,3.37883e+06,3.37883e+06,3.37883e+06,3.11416e+06,3.11416e+06,3.11416e+06,7448.07,7448.07,7448.07,7378.77,7378.77,7378.77,1.19117e+06,1.19117e+06,1.19117e+06,1.30488e+06,1.30488e+06,1.30488e+06,1.36948e+07,1.36948e+07,1.36948e+07,1.31598e+07,1.31598e+07,1.31598e+07,8.90419e+07,8.90419e+07,8.90419e+07,5.72511,5.72511,5.72511,8.88997,8.88997,8.88997
965,2.23789e+06,2.23789e+06,2.23789e+06,4015.45,4015.45,4015.45,3812.99,3812.99,3812.99,3.37851e+06,3.37851e+06,3.37851e+06,3.11388e+06,3.11388e+06,3.11388e+06,7439.56,7439.56,7439.56,7370.84,7370.84,7370.84,1.19122e+06,1.19122e+06,1.19122e+06,1.30504e+06,1.30504e+06,1.30504e+06,1.3697e+07,1.3697e+07,1.3697e+07,1.31609e+07,1.31609e+07,1.31609e+07,8.9041e+07,8.9041e+07,8.9041e+07,5.71909,5.71909,5.71909,8.88097,8.88097,8.88097
966,2.23788e+06,2.23788e+06,2.23788e+06,4010.36,4010.36,4010.36,3808.65,3808.65,3808.65,3.37822e+06,3.37822e+06,3.37822e+06,3.11362e+06,3.11362e+06,3.11362e+06,7429.94,7429.94,7429.94,7362.23,7362.23,7362.23,1.19124e+06,1.19124e+06,1.19124e+06,1.30516e+06,1.30516e+06,1.30516e+06,1.36988e+07,1.36988e+07,1.36988e+07,1.31616e+07,1.31616e+07,1.31616e+07,8.90407e+07,8.90407e+07,8.90407e+07,5.71216,5.71216,5.71216,8.87109,8.87109,8.87109
967,2.23789e+06,2.23789e+06,2.23789e+06,4004.77,4004.77,4004.77,3804.03,3804.03,3804.03,3.37797e+06,3.37797e+06,3.37797e+06,3.11339e+06,3.11339e+06,3.11339e+06,7419.36,7419.36,7419.36,7353.07,7353.07,7353.07,1.19123e+06,1.19123e+06,1.19123e+06,1.30525e+06,1.30525e+06,1.30525e+06,1.37003e+07,1.37003e+07,1.37003e+07,1.3162e+07,1.3162e+07,1.3162e+07,8.90411e+07,8.90411e+07,8.90411e+07,5.70445,5.70445,5.70445,8.86047,8.86047,8.86047
968,2.23793e+06,2.23793e+06,2.23793e+06,3998.75,3998.75,3998.75,3799.21,3799.21,3799.21,3.37776e+06,3.37776e+06,3.37776e+06,3.1132e+06,3.1132e+06,3.1132e+06,7407.97,7407.97,7407.97,7343.49,7343.49,7343.49,1.1912e+06,1.1912e+06,1.1912e+06,1.30529e+06,1.30529e+06,1.30529e+06,1.37013e+07,1.37013e+07,1.37013e+07,1.31621e+07,1.31621e+07,1.31621e+07,8.90423e+07,8.90423e+07,8.90423e+07,5.69606,5.69606,5.69606,8.84927,8.84927,8.84927
969,2.238e+06,2.238e+06,2.238e+06,3992.4,3992.4,3992.4,3794.25,3794.25,3794.25,3.37758e+06,3.37758e+06,3.37758e+06,3.11304e+06,3.11304e+06,3.11304e+06,7395.94,7395.94,7395.94,7333.62,7333.62,7333.62,1.19113e+06,1.19113e+06,1.19113e+06,1.3053e+06,1.3053e+06,1.3053e+06,1.37019e+07,1.37019e+07,1.37019e+07,1.31619e+07,1.31619e+07,1.31619e+07,8.90442e+07,8.90442e+07,8.90442e+07,5.68712,5.68712,5.68712,8.83766,8.83766,8.83766
970,2.2381e+06,2.2381e+06,2.2381e+06,3985.82,3985.82,3985.82,3789.23,3789.23,3789.23,3.37744e+06,3.37744e+06,3.37744e+06,3.11291e+06,3.11291e+06,3.11291e+06,7383.45,7383.45,7383.45,7323.62,7323.62,7323.62,1.19103e+06,1.19103e+06,1.19103e+06,1.30526e+06,1.30526e+06,1.30526e+06,1.37021e+07,1.37021e+07,1.37021e+07,1.31613e+07,1.31613e+07,1.31613e+07,8.90468e+07,8.90468e+07,8.90468e+07,5.67776,5.67776,5.67776,8.8258,8.8258,8.8258
971,2.23823e+06,2.23823e+06,2.23823e+06,3979.1,3979.1,3979.1,3784.23,3784.23,3784.23,3.37735e+06,3.37735e+06,3.37735e+06,3.11281e+06,3.11281e+06,3.11281e+06,7370.67,7370.67,7370.67,7313.62,7313.62,7313.62,1.19091e+06,1.19091e+06,1.19091e+06,1.30518e+06,1.30518e+06,1.30518e+06,1.37018e+07,1.37018e+07,1.37018e+07,1.31604e+07,1.31604e+07,1.31604e+07,8.90502e+07,8.90502e+07,8.90502e+07,5.66813,5.66813,5.66813,8.81387,8.81387,8.81387
972,2.23839e+06,2.23839e+06,2.23839e+06,3972.35,3972.35,3972.35,3779.31,3779.31,3779.31,3.37729e+06,3.37729e+06,3.37729e+06,3.11274e+06,3.11274e+06,3.11274e+06,7357.81,7357.81,7357.81,7303.76,7303.76,7303.76,1.19075e+06,1.19075e+06,1.19075e+06,1.30505e+06,1.30505e+06,1.30505e+06,1.3701e+07,1.3701e+07,1.3701e+07,1.31592e+07,1.31592e+07,1.31592e+07,8.90544e+07,8.90544e+07,8.90544e+07,5.65836,5.65836,5.65836,8.80204,8.80204,8.80204
973,2.23858e+06,2.23858e+06,2.23858e+06,3965.66,3965.66,3965.66,3774.56,3774.56,3774.56,3.37726e+06,3.37726e+06,3.37726e+06,3.11271e+06,3.11271e+06,3.11271e+06,7345.03,7345.03,7345.03,7294.18,7294.18,7294.18,1.19057e+06,1.19057e+06,1.19057e+06,1.30489e+06,1.30489e+06,1.30489e+06,1.36999e+07,1.36999e+07,1.36999e+07,1.31577e+07,1.31577e+07,1.31577e+07,8.90592e+07,8.90592e+07,8.90592e+07,5.6486,5.6486,5.6486,8.79047,8.79047,8.79047
974,2.2388e+06,2.2388e+06,2.2388e+06,3959.14,3959.14,3959.14,3770.03,3770.03,3770.03,3.37728e+06,3.37728e+06,3.37728e+06,3.1127e+06,3.1127e+06,3.1127e+06,7332.52,7332.52,7332.52,7285.01,7285.01,7285.01,1.19037e+06,1.19037e+06,1.19037e+06,1.30469e+06,1.30469e+06,1.30469e+06,1.36983e+07,1.36983e+07,1.36983e+07,1.31559e+07,1.31559e+07,1.31559e+07,8.90648e+07,8.90648e+07,8.90648e+07,5.63898,5.63898,5.63898,8.77933,8.77933,8.77933
975,2.23905e+06,2.23905e+06,2.23905e+06,3952.87,3952.87,3952.87,3765.79,3765.79,3765.79,3.37732e+06,3.37732e+06,3.37732e+06,3.11273e+06,3.11273e+06,3.11273e+06,7320.47,7320.47,7320.47,7276.39,7276.39,7276.39,1.19014e+06,1.19014e+06,1.19014e+06,1.30445e+06,1.30445e+06,1.30445e+06,1.36963e+07,1.36963e+07,1.36963e+07,1.31538e+07,1.31538e+07,1.31538e+07,8.90709e+07,8.90709e+07,8.90709e+07,5.62965,5.62965,5.62965,8.76878,8.76878,8.76878
976,2.23932e+06,2.23932e+06,2.23932e+06,3946.96,3946.96,3946.96,3761.91,3761.91,3761.91,3.3774e+06,3.3774e+06,3.3774e+06,3.11278e+06,3.11278e+06,3.11278e+06,7309.03,7309.03,7309.03,7268.42,7268.42,7268.42,1.18989e+06,1.18989e+06,1.18989e+06,1.30417e+06,1.30417e+06,1.30417e+06,1.36939e+07,1.36939e+07,1.36939e+07,1.31515e+07,1.31515e+07,1.31515e+07,8.90777e+07,8.90777e+07,8.90777e+07,5.62074,5.62074,5.62074,8.75897,8.75897,8.75897
977,2.23962e+06,2.23962e+06,2.23962e+06,3941.48,3941.48,3941.48,3758.44,3758.44,3758.44,3.3775e+06,3.3775e+06,3.3775e+06,3.11285e+06,3.11285e+06,3.11285e+06,7298.37,7298.37,7298.37,7261.22,7261.22,7261.22,1.18962e+06,1.18962e+06,1.18962e+06,1.30387e+06,1.30387e+06,1.30387e+06,1.36912e+07,1.36912e+07,1.36912e+07,1.3149e+07,1.3149e+07,1.3149e+07,8.90849e+07,8.90849e+07,8.90849e+07,5.61238,5.61238,5.61238,8.75003,8.75003,8.75003
978,2.23994e+06,2.23994e+06,2.23994e+06,3936.51,3936.51,3936.51,3755.43,3755.43,3755.43,3.37762e+06,3.37762e+06,3.37762e+06,3.11293e+06,3.11293e+06,3.11293e+06,7288.63,7288.63,7288.63,7254.89,7254.89,7254.89,1.18934e+06,1.18934e+06,1.18934e+06,1.30353e+06,1.30353e+06,1.30353e+06,1.36882e+07,1.36882e+07,1.36882e+07,1.31464e+07,1.31464e+07,1.31464e+07,8.90926e+07,8.90926e+07,8.90926e+07,5.60467,5.60467,5.60467,8.74208,8.74208,8.74208
979,2.24027e+06,2.24027e+06,2.24027e+06,3932.13,3932.13,3932.13,3752.93,3752.93,3752.93,3.37777e+06,3.37777e+06,3.37777e+06,3.11304e+06,3.11304e+06,3.11304e+06,7279.95,7279.95,7279.95,7249.5,7249.5,7249.5,1.18904e+06,1.18904e+06,1.18904e+06,1.30318e+06,1.30318e+06,1.30318e+06,1.3685e+07,1.3685e+07,1.3685e+07,1.31436e+07,1.31436e+07,1.31436e+07,8.91007e+07,8.91007e+07,8.91007e+07,5.59774,5.59774,5.59774,8.73523,8.73523,8.73523
980,2.24063e+06,2.24063e+06,2.24063e+06,3928.39,3928.39,3928.39,3750.96,3750.96,3750.96,3.37792e+06,3.37792e+06,3.37792e+06,3.11316e+06,3.11316e+06,3.11316e+06,7272.44,7272.44,7272.44,7245.13,7245.13,7245.13,1.18874e+06,1.18874e+06,1.18874e+06,1.3028e+06,1.3028e+06,1.3028e+06,1.36816e+07,1.36816e+07,1.36816e+07,1.31407e+07,1.31407e+07,1.31407e+07,8.91091e+07,8.91091e+07,8.91091e+07,5.59167,5.59167,5.59167,8.72957,8.72957,8.72957
981,2.24099e+06,2.24099e+06,2.24099e+06,3925.36,3925.36,3925.36,3749.56,3749.56,3749.56,3.37809e+06,3.37809e+06,3.37809e+06,3.11329e+06,3.11329e+06,3.11329e+06,7266.22,7266.22,7266.22,7241.84,7241.84,7241.84,1.18843e+06,1.18843e+06,1.18843e+06,1.30241e+06,1.30241e+06,1.30241e+06,1.3678e+07,1.3678e+07,1.3678e+07,1.31377e+07,1.31377e+07,1.31377e+07,8.91177e+07,8.91177e+07,8.91177e+07,5.58655,5.58655,5.58655,8.72519,8.72519,8.72519
982,2.24137e+06,2.24137e+06,2.24137e+06,3923.07,3923.07,3923.07,3748.74,3748.74,3748.74,3.37827e+06,3.37827e+06,3.37827e+06,3.11342e+06,3.11342e+06,3.11342e+06,7261.35,7261.35,7261.35,7239.66,7239.66,7239.66,1.18812e+06,1.18812e+06,1.18812e+06,1.30201e+06,1.30201e+06,1.30201e+06,1.36743e+07,1.36743e+07,1.36743e+07,1.31348e+07,1.31348e+07,1.31348e+07,8.91263e+07,8.91263e+07,8.91263e+07,5.58245,5.58245,5.58245,8.72214,8.72214,8.72214
983,2.24175e+06,2.24175e+06,2.24175e+06,3921.56,3921.56,3921.56,3748.53,3748.53,3748.53,3.37845e+06,3.37845e+06,3.37845e+06,3.11355e+06,3.11355e+06,3.11355e+06,7257.9,7257.9,7257.9,7238.63,7238.63,7238.63,1.18781e+06,1.18781e+06,1.18781e+06,1.3016e+06,1.3016e+06,1.3016e+06,1.36705e+07,1.36705e+07,1.36705e+07,1.31318e+07,1.31318e+07,1.31318e+07,8.91351e+07,8.91351e+07,8.91351e+07,5.57942,5.57942,5.57942,8.72045,8.72045,8.72045
984,2.24213e+06,2.24213e+06,2.24213e+06,3920.85,3920.85,3920.85,3748.92,3748.92,3748.92,3.37862e+06,3.37862e+06,3.37862e+06,3.11368e+06,3.11368e+06,3.11368e+06,7255.93,7255.93,7255.93,7238.75,7238.75,7238.75,1.18751e+06,1.18751e+06,1.18751e+06,1.3012e+06,1.3012e+06,1.3012e+06,1.36668e+07,1.36668e+07,1.36668e+07,1.31289e+07,1.31289e+07,1.31289e+07,8.91437e+07,8.91437e+07,8.91437e+07,5.57751,5.57751,5.57751,8.72016,8.72016,8.72016
985,2.24251e+06,2.24251e+06,2.24251e+06,3920.95,3920.95,3920.95,3749.91,3749.91,3749.91,3.37879e+06,3.37879e+06,3.37879e+06,3.11381e+06,3.11381e+06,3.11381e+06,7255.44,7255.44,7255.44,7240.02,7240.02,7240.02,1.18722e+06,1.18722e+06,1.18722e+06,1.3008e+06,1.3008e+06,1.3008e+06,1.36631e+07,1.36631e+07,1.36631e+07,1.31262e+07,1.31262e+07,1.31262e+07,8.91522e+07,8.91522e+07,8.91522e+07,5.57674,5.57674,5.57674,8.72126,8.72126,8.72126
986,2.24289e+06,2.24289e+06,2.24289e+06,3921.86,3921.86,3921.86,3751.49,3751.49,3751.49,3.37895e+06,3.37895e+06,3.37895e+06,3.11392e+06,3.11392e+06,3.11392e+06,7256.46,7256.46,7256.46,7242.42,7242.42,7242.42,1.18694e+06,1.18694e+06,1.18694e+06,1.30041e+06,1.30041e+06,1.30041e+06,1.36595e+07,1.36595e+07,1.36595e+07,1.31235e+07,1.31235e+07,1.31235e+07,8.91605e+07,8.91605e+07,8.91605e+07,5.57713,5.57713,5.57713,8.72374,8.72374,8.72374
987,2.24326e+06,2.24326e+06,2.24326e+06,3923.58,3923.58,3923.58,3753.64,3753.64,3753.64,3.37909e+06,3.37909e+06,3.37909e+06,3.11403e+06,3.11403e+06,3.11403e+06,7258.95,7258.95,7258.95,7245.92,7245.92,7245.92,1.18667e+06,1.18667e+06,1.18667e+06,1.30004e+06,1.30004e+06,1.30004e+06,1.3656e+07,1.3656e+07,1.3656e+07,1.3121e+07,1.3121e+07,1.3121e+07,8.91684e+07,8.91684e+07,8.91684e+07,5.57866,5.57866,5.57866,8.72757,8.72757,8.72757
988,2.24362e+06,2.24362e+06,2.24362e+06,3926.07,3926.07,3926.07,3756.33,3756.33,3756.33,3.37921e+06,3.37921e+06,3.37921e+06,3.11411e+06,3.11411e+06,3.11411e+06,7262.89,7262.89,7262.89,7250.45,7250.45,7250.45,1.18643e+06,1.18643e+06,1.18643e+06,1.29968e+06,1.29968e+06,1.29968e+06,1.36528e+07,1.36528e+07,1.36528e+07,1.31188e+07,1.31188e+07,1.31188e+07,8.9176e+07,8.9176e+07,8.9176e+07,5.58132,5.58132,5.58132,8.73268,8.73268,8.73268
989,2.24396e+06,2.24396e+06,2.24396e+06,3929.32,3929.32,3929.32,3759.52,3759.52,3759.52,3.37931e+06,3.37931e+06,3.37931e+06,3.11418e+06,3.11418e+06,3.11418e+06,7268.22,7268.22,7268.22,7255.97,7255.97,7255.97,1.1862e+06,1.1862e+06,1.1862e+06,1.29935e+06,1.29935e+06,1.29935e+06,1.36498e+07,1.36498e+07,1.36498e+07,1.31167e+07,1.31167e+07,1.31167e+07,8.9183e+07,8.9183e+07,8.9183e+07,5.58507,5.58507,5.58507,8.73901,8.73901,8.73901
990,2.24428e+06,2.24428e+06,2.24428e+06,3933.27,3933.27,3933.27,3763.18,3763.18,3763.18,3.37938e+06,3.37938e+06,3.37938e+06,3.11422e+06,3.11422e+06,3.11422e+06,7274.87,7274.87,7274.87,7262.38,7262.38,7262.38,1.186e+06,1.186e+06,1.186e+06,1.29905e+06,1.29905e+06,1.29905e+06,1.36471e+07,1.36471e+07,1.36471e+07,1.31149e+07,1.31149e+07,1.31149e+07,8.91896e+07,8.91896e+07,8.91896e+07,5.58986,5.58986,5.58986,8.74647,8.74647,8.74647
991,2.24459e+06,2.24459e+06,2.24459e+06,3937.87,3937.87,3937.87,3767.25,3767.25,3767.25,3.37942e+06,3.37942e+06,3.37942e+06,3.11424e+06,3.11424e+06,3.11424e+06,7282.73,7282.73,7282.73,7269.6,7269.6,7269.6,1.18583e+06,1.18583e+06,1.18583e+06,1.29878e+06,1.29878e+06,1.29878e+06,1.36448e+07,1.36448e+07,1.36448e+07,1.31134e+07,1.31134e+07,1.31134e+07,8.91955e+07,8.91955e+07,8.91955e+07,5.59562,5.59562,5.59562,8.75496,8.75496,8.75496
992,2.24487e+06,2.24487e+06,2.24487e+06,3943.07,3943.07,3943.07,3771.68,3771.68,3771.68,3.37943e+06,3.37943e+06,3.37943e+06,3.11423e+06,3.11423e+06,3.11423e+06,7291.71,7291.71,7291.71,7277.53,7277.53,7277.53,1.18568e+06,1.18568e+06,1.18568e+06,1.29855e+06,1.29855e+06,1.29855e+06,1.36428e+07,1.36428e+07,1.36428e+07,1.31122e+07,1.31122e+07,1.31122e+07,8.92008e+07,8.92008e+07,8.92008e+07,5.60227,5.60227,5.60227,8.76436,8.76436,8.76436
993,2.24512e+06,2.24512e+06,2.24512e+06,3948.79,3948.79,3948.79,3776.41,3776.41,3776.41,3.37941e+06,3.37941e+06,3.37941e+06,3.11419e+06,3.11419e+06,3.11419e+06,7301.68,7301.68,7301.68,7286.05,7286.05,7286.05,1.18557e+06,1.18557e+06,1.18557e+06,1.29835e+06,1.29835e+06,1.29835e+06,1.36412e+07,1.36412e+07,1.36412e+07,1.31114e+07,1.31114e+07,1.31114e+07,8.92054e+07,8.92054e+07,8.92054e+07,5.60974,5.60974,5.60974,8.77453,8.77453,8.77453
994,2.24535e+06,2.24535e+06,2.24535e+06,3954.96,3954.96,3954.96,3781.38,3781.38,3781.38,3.37935e+06,3.37935e+06,3.37935e+06,3.11412e+06,3.11412e+06,3.11412e+06,7312.49,7312.49,7312.49,7295.03,7295.03,7295.03,1.18548e+06,1.18548e+06,1.18548e+06,1.2982e+06,1.2982e+06,1.2982e+06,1.364e+07,1.364e+07,1.364e+07,1.31108e+07,1.31108e+07,1.31108e+07,8.92093e+07,8.92093e+07,8.92093e+07,5.6179,5.6179,5.6179,8.78534,8.78534,8.78534
995,2.24555e+06,2.24555e+06,2.24555e+06,3961.5,3961.5,3961.5,3786.51,3786.51,3786.51,3.37925e+06,3.37925e+06,3.37925e+06,3.11402e+06,3.11402e+06,3.11402e+06,7324,7324,7324,7304.36,7304.36,7304.36,1.18542e+06,1.18542e+06,1.18542e+06,1.29808e+06,1.29808e+06,1.29808e+06,1.36393e+07,1.36393e+07,1.36393e+07,1.31106e+07,1.31106e+07,1.31106e+07,8.92124e+07,8.92124e+07,8.92124e+07,5.62664,5.62664,5.62664,8.79662,8.79662,8.79662
996,2.24572e+06,2.24572e+06,2.24572e+06,3968.3,3968.3,3968.3,3791.74,3791.74,3791.74,3.37912e+06,3.37912e+06,3.37912e+06,3.11389e+06,3.11389e+06,3.11389e+06,7336.03,7336.03,7336.03,7313.89,7313.89,7313.89,1.1854e+06,1.1854e+06,1.1854e+06,1.29801e+06,1.29801e+06,1.29801e+06,1.3639e+07,1.3639e+07,1.3639e+07,1.31108e+07,1.31108e+07,1.31108e+07,8.92148e+07,8.92148e+07,8.92148e+07,5.63586,5.63586,5.63586,8.80823,8.80823,8.80823
997,2.24586e+06,2.24586e+06,2.24586e+06,3975.29,3975.29,3975.29,3796.98,3796.98,3796.98,3.37894e+06,3.37894e+06,3.37894e+06,3.11373e+06,3.11373e+06,3.11373e+06,7348.43,7348.43,7348.43,7323.48,7323.48,7323.48,1.1854e+06,1.1854e+06,1.1854e+06,1.29798e+06,1.29798e+06,1.29798e+06,1.36392e+07,1.36392e+07,1.36392e+07,1.31113e+07,1.31113e+07,1.31113e+07,8.92164e+07,8.92164e+07,8.92164e+07,5.6454,5.6454,5.6454,8.81998,8.81998,8.81998
998,2.24597e+06,2.24597e+06,2.24597e+06,3982.36,3982.36,3982.36,3802.17,3802.17,3802.17,3.37873e+06,3.37873e+06,3.37873e+06,3.11354e+06,3.11354e+06,3.11354e+06,7361,7361,7361,7332.99,7332.99,7332.99,1.18544e+06,1.18544e+06,1.18544e+06,1.298e+06,1.298e+06,1.298e+06,1.36398e+07,1.36398e+07,1.36398e+07,1.31121e+07,1.31121e+07,1.31121e+07,8.92172e+07,8.92172e+07,8.92172e+07,5.65515,5.65515,5.65515,8.83172,8.83172,8.83172
999,2.24605e+06,2.24605e+06,2.24605e+06,3989.41,3989.41,3989.41,3807.24,3807.24,3807.24,3.37849e+06,3.37849e+06,3.37849e+06,3.11331e+06,3.11331e+06,3.11331e+06,7373.57,7373.57,7373.57,7342.29,7342.29,7342.29,1.1855e+06,1.1855e+06,1.1855e+06,1.29806e+06,1.29806e+06,1.29806e+06,1.36409e+07,1.36409e+07,1.36409e+07,1.31132e+07,1.31132e+07,1.31132e+07,8.92173e+07,8.92173e+07,8.92173e+07,5.66496,5.66496,5.66496,8.84327,8.84327,8.84327
1000,2.2461e+06,2.2461e+06,2.2461e+06,3996.34,3996.34,3996.34,3812.11,3812.11,3812.11,3.37821e+06,3.37821e+06,3.37821e+06,3.11306e+06,3.11306e+06,3.11306e+06,7385.95,7385.95,7385.95,7351.23,7351.23,7351.23,1.1856e+06,1.1856e+06,1.1856e+06,1.29816e+06,1.29816e+06,1.29816e+06,1.36424e+07,1.36424e+07,1.36424e+07,1.31146e+07,1.31146e+07,1.31146e+07,8.92168e+07,8.92168e+07,8.92168e+07,5.67468,5.67468,5.67468,8.85446,8.85446,8.85446
