index,time,SS:Japan__all,IS:Japan__all,SI:Japan__all,RS:Japan__all,SR:Japan__all,IR:Japan__all,RI:Japan__all,SQ:Japan__all,QS:Japan__all,QR:Japan__all,RQ:Japan__all,RR:Japan__all,obs_mean:EV71_JAP__IASR__inc,obs_mean:CA16_JAP__IASR__inc,obs_real:EV71_JAP__IASR__inc,obs_real:CA16_JAP__IASR__inc
0,0,4.61854e+06,11402.2,1209.3,9.24957e+06,6.22996e+06,22505.6,2934.23,277664,921623,3.58273e+06,1.43308e+06,1.00357e+08,0,0,0,0
0,1,4.61605e+06,11546.1,1146.57,9.25092e+06,6.22522e+06,22649.4,2768.48,268760,938548,3.64806e+06,1.3866e+06,1.00336e+08,23.8206,2.98553,23.8206,5.16752
0,2,4.61352e+06,11637.6,1083.44,9.25295e+06,6.22008e+06,22821.2,2616.63,260013,955163,3.71194e+06,1.34097e+06,1.00324e+08,24.0135,2.82124,23.6392,4.51905
0,3,4.61096e+06,11717.7,1023.81,9.25564e+06,6.21455e+06,22978.6,2474.13,251429,971398,3.77431e+06,1.29625e+06,1.00313e+08,24.1886,2.66669,26.3549,3.51341
0,4,4.60839e+06,11789.3,967.817,9.259e+06,6.20864e+06,23119,2340.39,243017,987224,3.83506e+06,1.25249e+06,1.00303e+08,24.3458,2.5215,22.5298,3.15112
0,5,4.6058e+06,11852.6,915.319,9.26303e+06,6.20236e+06,23242.5,2215.02,234786,1.00262e+06,3.89409e+06,1.20972e+06,1.00293e+08,24.4853,2.38531,24.4853,3.58905
0,6,4.60322e+06,11907.6,866.165,9.26772e+06,6.19572e+06,23349.2,2097.65,226742,1.01756e+06,3.9513e+06,1.16797e+06,1.00284e+08,24.6072,2.25772,24.6072,3.83872
0,7,4.60064e+06,11954.5,820.198,9.27308e+06,6.18874e+06,23439.3,1987.91,218892,1.03202e+06,4.00661e+06,1.12727e+06,1.00275e+08,24.7117,2.13834,24.7117,2.11048
0,8,4.59809e+06,11993.4,777.261,9.2791e+06,6.18143e+06,23512.9,1885.42,211239,1.046e+06,4.05993e+06,1.08764e+06,1.00268e+08,24.7989,2.02677,24.7989,1.40442
0,9,4.59556e+06,12024.3,737.197,9.28577e+06,6.17381e+06,23570.2,1789.79,203789,1.05946e+06,4.11119e+06,1.04908e+06,1.00261e+08,24.869,1.92263,25.2343,2.19279
0,10,4.59307e+06,12047.3,699.852,9.29309e+06,6.16588e+06,23611.3,1700.66,196543,1.07239e+06,4.16032e+06,1.01162e+06,1.00256e+08,24.9223,1.8255,23.5419,0.909308
0,11,4.59063e+06,12062.6,665.073,9.30106e+06,6.15767e+06,23636.5,1617.66,189505,1.08478e+06,4.20726e+06,975263,1.00251e+08,24.9589,1.73502,23.7606,1.90725
0,12,4.58825e+06,12070.2,632.714,9.30966e+06,6.1492e+06,23645.8,1540.45,182674,1.09662e+06,4.25194e+06,940005,1.00248e+08,24.9789,1.6508,25.4528,1.22069
0,13,4.58593e+06,12070.1,602.631,9.31889e+06,6.14046e+06,23639.5,1468.66,176051,1.10789e+06,4.29431e+06,905847,1.00246e+08,24.9826,1.57247,25.5561,3.93681
0,14,4.5837e+06,12062.5,574.686,9.32875e+06,6.1315e+06,23617.7,1401.99,169636,1.11857e+06,4.33432e+06,872784,1.00245e+08,24.9701,1.49968,28.5971,0.198635
0,15,4.58155e+06,12047.5,548.746,9.33921e+06,6.1223e+06,23580.6,1340.1,163428,1.12867e+06,4.37192e+06,840810,1.00245e+08,24.9416,1.43209,22.4326,3.06168
0,16,4.57951e+06,12025.1,524.685,9.35029e+06,6.11291e+06,23528.4,1282.7,157426,1.13816e+06,4.40708e+06,809914,1.00246e+08,24.8973,1.36939,21.9995,1.74153
0,17,4.57757e+06,11995.5,502.385,9.36195e+06,6.10332e+06,23461.4,1229.51,151627,1.14705e+06,4.43975e+06,780083,1.00249e+08,24.8373,1.31125,25.6668,0
0,18,4.57576e+06,11958.8,481.73,9.37421e+06,6.09357e+06,23379.7,1180.26,146029,1.15531e+06,4.4699e+06,751301,1.00253e+08,24.7621,1.25739,22.0706,0.73999
0,19,4.57408e+06,11915.1,462.616,9.38704e+06,6.08365e+06,23283.6,1134.69,140629,1.16295e+06,4.4975e+06,723554,1.00259e+08,24.6718,1.20753,28.2103,1.22992
0,20,4.57254e+06,11864.6,444.941,9.40044e+06,6.0736e+06,23173.5,1092.56,135424,1.16996e+06,4.52254e+06,696821,1.00266e+08,24.5667,1.16142,22.1486,2.10547
0,21,4.57115e+06,11807.5,428.613,9.41439e+06,6.06342e+06,23049.9,1053.65,130410,1.17633e+06,4.54498e+06,671083,1.00274e+08,24.4473,1.11881,32.2836,1.73428
0,22,4.56992e+06,11744,413.543,9.42888e+06,6.05313e+06,22913.1,1017.76,125584,1.18206e+06,4.56483e+06,646320,1.00284e+08,24.3139,1.07947,26.6174,2.75866
0,23,4.56886e+06,11674.3,399.651,9.44391e+06,6.04274e+06,22763.6,984.693,120941,1.18715e+06,4.58206e+06,622510,1.00296e+08,24.1672,1.0432,28.8876,0.260447
0,24,4.56798e+06,11598.8,386.861,9.45945e+06,6.03228e+06,22602.1,954.266,116477,1.1916e+06,4.59669e+06,599629,1.00309e+08,24.0076,1.00979,19.2763,1.39893
0,25,4.56728e+06,11517.8,375.104,9.47549e+06,6.02175e+06,22429.3,926.317,112188,1.19541e+06,4.60872e+06,577656,1.00324e+08,23.8359,0.979078,19.8585,1.00599
0,26,4.56679e+06,11431.6,364.316,9.49202e+06,6.01117e+06,22245.9,900.695,108070,1.19858e+06,4.61817e+06,556566,1.0034e+08,23.6528,0.950883,27.4941,1.97558
0,27,4.56649e+06,11340.7,354.438,9.50903e+06,6.00055e+06,22052.8,877.259,104118,1.20111e+06,4.62505e+06,536337,1.00357e+08,23.459,0.925055,23.6731,0.958126
0,28,4.56641e+06,11245.5,345.415,9.52648e+06,5.98991e+06,21850.8,855.882,100327,1.20302e+06,4.62941e+06,516943,1.00377e+08,23.2557,0.901455,26.5373,2.09201
0,29,4.56653e+06,11146.5,337.199,9.54437e+06,5.97925e+06,21640.9,836.448,96694.2,1.20431e+06,4.63127e+06,498362,1.00397e+08,23.0436,0.879953,23.1875,1.36603
0,30,4.56688e+06,11044.2,329.746,9.56268e+06,5.96858e+06,21424.2,818.852,93213.6,1.205e+06,4.6307e+06,480569,1.0042e+08,22.8239,0.860432,15.1357,2.37245
0,31,4.56745e+06,10939.1,323.014,9.58138e+06,5.95791e+06,21201.8,802.997,89881.2,1.20509e+06,4.62775e+06,463542,1.00443e+08,22.5977,0.842786,19.8907,1.10144
0,32,4.56824e+06,10831.9,316.966,9.60045e+06,5.94726e+06,20974.8,788.797,86692.6,1.20461e+06,4.62249e+06,447258,1.00468e+08,22.3662,0.826919,24.3788,0.0602738
0,33,4.56927e+06,10723.1,311.571,9.61987e+06,5.93663e+06,20744.5,776.174,83643.3,1.20357e+06,4.61499e+06,431693,1.00495e+08,22.1306,0.812745,31.5801,2.11687
0,34,4.57051e+06,10613.4,306.798,9.63961e+06,5.92603e+06,20512,765.061,80729.2,1.202e+06,4.60536e+06,416825,1.00522e+08,21.8921,0.800187,18.0864,0
0,35,4.57198e+06,10503.3,302.621,9.65964e+06,5.91546e+06,20278.6,755.395,77946,1.19992e+06,4.59368e+06,402633,1.00551e+08,21.6522,0.789175,19.4063,0.931107
0,36,4.57368e+06,10393.5,299.017,9.67995e+06,5.90493e+06,20045.5,747.123,75289.7,1.19735e+06,4.58006e+06,389096,1.00581e+08,21.412,0.779648,29.6864,1.41633
0,37,4.5756e+06,10284.6,295.967,9.7005e+06,5.89444e+06,19814.1,740.199,72756.2,1.19432e+06,4.56462e+06,376192,1.00612e+08,21.173,0.771555,21.6222,1.83542
0,38,4.57773e+06,10177.3,293.452,9.72126e+06,5.884e+06,19585.5,734.582,70341.8,1.19087e+06,4.54748e+06,363903,1.00643e+08,20.9364,0.764848,20.0707,0.893428
0,39,4.58007e+06,10072.1,291.458,9.7422e+06,5.8736e+06,19361,730.239,68042.6,1.18702e+06,4.52877e+06,352209,1.00676e+08,20.7034,0.759489,20.9401,0.507565
0,40,4.58262e+06,9969.67,289.972,9.76329e+06,5.86325e+06,19141.6,727.14,65855,1.18282e+06,4.50863e+06,341091,1.00709e+08,20.4755,0.755443,13.5887,0.446181
0,41,4.58537e+06,9870.58,288.983,9.78451e+06,5.85295e+06,18928.7,725.264,63775.6,1.17828e+06,4.4872e+06,330531,1.00743e+08,20.2537,0.752685,20.6807,0
0,42,4.5883e+06,9775.39,288.485,9.80581e+06,5.84269e+06,18723.1,724.594,61801.1,1.17347e+06,4.46462e+06,320513,1.00777e+08,20.0393,0.751192,16.9589,0
0,43,4.59141e+06,9684.61,288.471,9.82718e+06,5.83248e+06,18526,725.116,59928.2,1.1684e+06,4.44106e+06,311021,1.00811e+08,19.8334,0.750948,18.2925,0
0,44,4.59468e+06,9598.73,288.936,9.84857e+06,5.82231e+06,18338.4,726.823,58153.8,1.16312e+06,4.41666e+06,302037,1.00846e+08,19.6369,0.751941,17.4669,0
0,45,4.59812e+06,9518.22,289.878,9.86995e+06,5.81218e+06,18161,729.712,56475,1.15768e+06,4.39158e+06,293549,1.0088e+08,19.451,0.754166,24.0035,0.837533
0,46,4.60169e+06,9443.49,291.296,9.8913e+06,5.80209e+06,17994.7,733.782,54889.1,1.15211e+06,4.36598e+06,285541,1.00915e+08,19.2764,0.75762,23.0967,0
0,47,4.6054e+06,9374.93,293.192,9.91259e+06,5.79203e+06,17840.2,739.039,53393.5,1.14644e+06,4.34002e+06,278000,1.00949e+08,19.114,0.762304,16.4861,1.48664
0,48,4.60922e+06,9312.88,295.567,9.93378e+06,5.782e+06,17698.1,745.49,51985.5,1.14074e+06,4.31385e+06,270915,1.00982e+08,18.9646,0.768225,24.2708,1.77626
0,49,4.61315e+06,9257.63,298.425,9.95485e+06,5.77199e+06,17569.1,753.146,50662.9,1.13502e+06,4.28763e+06,264272,1.01015e+08,18.8287,0.77539,21.1625,0.207742
0,50,4.61716e+06,9209.44,301.77,9.97577e+06,5.762e+06,17453.5,762.022,49423.4,1.12934e+06,4.26152e+06,258062,1.01048e+08,18.7069,0.783814,20.1449,1.1006
0,51,4.62125e+06,9168.52,305.608,9.9965e+06,5.75201e+06,17351.8,772.134,48265,1.12373e+06,4.23567e+06,252273,1.01079e+08,18.5997,0.793511,15.7098,0.238508
0,52,4.62539e+06,9135.01,309.947,1.0017e+07,5.74204e+06,17264.1,783.501,47185.7,1.11823e+06,4.21021e+06,246897,1.0111e+08,18.5074,0.8045,25.3636,1.0294
0,53,4.62957e+06,9109.04,314.793,1.00373e+07,5.73206e+06,17190.8,796.145,46183.7,1.11289e+06,4.1853e+06,241923,1.0114e+08,18.4303,0.8168,21.7283,0
0,54,4.63379e+06,9090.67,320.155,1.00574e+07,5.72207e+06,17131.9,810.088,45257.2,1.10772e+06,4.16106e+06,237345,1.01168e+08,18.3685,0.830434,16.0438,0
0,55,4.63801e+06,9079.9,326.041,1.00772e+07,5.71207e+06,17087.3,825.354,44404.8,1.10277e+06,4.13762e+06,233154,1.01195e+08,18.3222,0.845424,7.90841,1.43949
0,56,4.64222e+06,9076.69,332.46,1.00967e+07,5.70205e+06,17057.1,841.969,43625,1.09808e+06,4.11511e+06,229343,1.01221e+08,18.2911,0.861797,17.4058,1.30319
0,57,4.64642e+06,9080.95,339.421,1.01159e+07,5.692e+06,17040.9,859.956,42916.4,1.09366e+06,4.09363e+06,225907,1.01245e+08,18.2752,0.879576,24.5475,2.06634
0,58,4.65057e+06,9092.53,346.933,1.01347e+07,5.68191e+06,17038.4,879.341,42277.9,1.08956e+06,4.07329e+06,222839,1.01267e+08,18.2743,0.898787,19.0698,0.826216
0,59,4.65468e+06,9111.21,355.004,1.01533e+07,5.67179e+06,17049.3,900.148,41708.2,1.08578e+06,4.05419e+06,220134,1.01288e+08,18.2879,0.919455,13.3995,1.50275
0,60,4.65872e+06,9136.74,363.642,1.01715e+07,5.66162e+06,17072.9,922.398,41206.3,1.08237e+06,4.0364e+06,217787,1.01307e+08,18.3155,0.941601,14.8291,1.83178
0,61,4.66268e+06,9168.77,372.854,1.01893e+07,5.6514e+06,17108.8,946.112,40771.3,1.07933e+06,4.01999e+06,215795,1.01325e+08,18.3565,0.965248,17.5873,1.76015
0,62,4.66655e+06,9206.93,382.646,1.02068e+07,5.64112e+06,17156,971.308,40402.3,1.07668e+06,4.00503e+06,214153,1.0134e+08,18.4101,0.990415,19.5545,0
0,63,4.67032e+06,9250.76,393.022,1.02239e+07,5.63079e+06,17213.9,998,40098.4,1.07444e+06,3.99157e+06,212857,1.01354e+08,18.4757,1.01712,18.9938,1.8482
0,64,4.67396e+06,9299.75,403.985,1.02406e+07,5.62039e+06,17281.3,1026.2,39858.9,1.07262e+06,3.97963e+06,211905,1.01365e+08,18.552,1.04537,10.2064,0.930645
0,65,4.67749e+06,9353.33,415.536,1.0257e+07,5.60992e+06,17357.2,1055.91,39683.1,1.07121e+06,3.96924e+06,211293,1.01375e+08,18.6381,1.07517,16.9952,0.913651
0,66,4.68087e+06,9410.87,427.673,1.02731e+07,5.59938e+06,17440.5,1087.13,39570.2,1.07024e+06,3.9604e+06,211018,1.01383e+08,18.7328,1.10653,14.8883,1.5805
0,67,4.68412e+06,9471.69,440.394,1.02887e+07,5.58877e+06,17529.8,1119.86,39519.5,1.06968e+06,3.95311e+06,211078,1.01389e+08,18.8347,1.13944,19.2185,0.783349
0,68,4.68721e+06,9535.03,453.692,1.03041e+07,5.57808e+06,17623.8,1154.08,39530.5,1.06954e+06,3.94733e+06,211470,1.01393e+08,18.9423,1.1739,19.985,3.18293
0,69,4.69015e+06,9600.12,467.559,1.03191e+07,5.56732e+06,17721,1189.79,39602.4,1.06981e+06,3.94305e+06,212190,1.01395e+08,19.0543,1.20988,14.4809,2.40292
0,70,4.69294e+06,9666.11,481.984,1.03338e+07,5.55649e+06,17819.9,1226.94,39734.5,1.07047e+06,3.94018e+06,213237,1.01395e+08,19.1688,1.24737,25.8734,2.71864
0,71,4.69557e+06,9732.16,496.954,1.03482e+07,5.5456e+06,17918.9,1265.53,39926,1.07151e+06,3.93868e+06,214607,1.01394e+08,19.2844,1.28633,16.7554,0.927588
0,72,4.69803e+06,9797.38,512.452,1.03623e+07,5.53463e+06,18016.4,1305.5,40176.3,1.07289e+06,3.93845e+06,216296,1.01391e+08,19.3992,1.32674,15.7932,2.35618
0,73,4.70035e+06,9860.86,528.462,1.03762e+07,5.5236e+06,18110.8,1346.81,40484.6,1.0746e+06,3.9394e+06,218302,1.01386e+08,19.5114,1.36854,17.7166,1.42912
0,74,4.70251e+06,9921.71,544.963,1.03899e+07,5.51251e+06,18200.4,1389.43,40849.8,1.0766e+06,3.94141e+06,220621,1.0138e+08,19.6194,1.4117,18.3862,1.39671
0,75,4.70452e+06,9979.05,561.935,1.04034e+07,5.50137e+06,18283.5,1433.3,41271.3,1.07887e+06,3.94436e+06,223247,1.01373e+08,19.7213,1.45616,20.5958,1.96983
0,76,4.7064e+06,10032,579.355,1.04166e+07,5.49019e+06,18358.8,1478.38,41747.9,1.08135e+06,3.94811e+06,226178,1.01364e+08,19.8154,1.50187,20.0611,1.61386
0,77,4.70814e+06,10079.8,597.203,1.04298e+07,5.47897e+06,18424.6,1524.6,42278.8,1.08402e+06,3.95252e+06,229408,1.01355e+08,19.9002,1.54877,21.5463,0
0,78,4.70976e+06,10121.7,615.456,1.04429e+07,5.46771e+06,18479.7,1571.91,42862.7,1.08682e+06,3.95744e+06,232932,1.01345e+08,19.9739,1.59682,15.0482,0.549354
0,79,4.71128e+06,10156.9,634.096,1.04558e+07,5.45644e+06,18522.8,1620.28,43498.6,1.08972e+06,3.96269e+06,236746,1.01334e+08,20.0353,1.64596,21.0554,0.772388
0,80,4.71269e+06,10184.9,653.104,1.04688e+07,5.44516e+06,18552.9,1669.66,44185.4,1.09267e+06,3.96811e+06,240843,1.01322e+08,20.0831,1.69613,19.0608,2.61184
0,81,4.71403e+06,10205.2,672.467,1.04817e+07,5.43388e+06,18569,1720.01,44921.8,1.09562e+06,3.97355e+06,245218,1.01311e+08,20.1163,1.74731,20.4762,0.650258
0,82,4.71529e+06,10217.4,692.175,1.04946e+07,5.42261e+06,18570.5,1771.31,45706.8,1.09853e+06,3.97882e+06,249867,1.01299e+08,20.1338,1.79946,15.1237,3.19586
0,83,4.71651e+06,10221.2,712.222,1.05076e+07,5.41136e+06,18556.8,1823.55,46539.3,1.10134e+06,3.98377e+06,254782,1.01286e+08,20.1351,1.85257,19.0297,0
0,84,4.71768e+06,10216.4,732.61,1.05207e+07,5.40014e+06,18527.7,1876.74,47418.1,1.10401e+06,3.98824e+06,259960,1.01275e+08,20.1198,1.90662,16.2855,2.81651
0,85,4.71884e+06,10203,753.347,1.05339e+07,5.38897e+06,18483.2,1930.89,48342.3,1.1065e+06,3.99206e+06,265396,1.01263e+08,20.0877,1.96164,26.7382,1.42499
0,86,4.71998e+06,10181,774.449,1.05472e+07,5.37785e+06,18423.3,1986.05,49310.9,1.10877e+06,3.9951e+06,271085,1.01252e+08,20.0388,2.01765,16.5255,1.12433
0,87,4.72114e+06,10150.8,795.941,1.05606e+07,5.3668e+06,18348.6,2042.28,50323.3,1.11078e+06,3.99723e+06,277025,1.01241e+08,19.9735,2.07471,16.1607,0
0,88,4.72231e+06,10112.5,817.857,1.05743e+07,5.35583e+06,18259.6,2099.67,51378.9,1.1125e+06,3.99833e+06,283213,1.01231e+08,19.8922,2.13289,19.3051,3.78934
0,89,4.72353e+06,10066.7,840.24,1.05881e+07,5.34493e+06,18157.1,2158.33,52477.2,1.11389e+06,3.99828e+06,289648,1.01222e+08,19.7957,2.1923,14.0568,4.85604
0,90,4.72478e+06,10013.8,863.144,1.06021e+07,5.33413e+06,18042,2218.39,53618.3,1.11493e+06,3.99701e+06,296330,1.01214e+08,19.685,2.25307,16.1086,2.91996
0,91,4.7261e+06,9954.38,886.634,1.06163e+07,5.32343e+06,17915.4,2280.03,54802.2,1.1156e+06,3.99444e+06,303261,1.01207e+08,19.5611,2.31534,30.4223,0.756648
0,92,4.72749e+06,9889.17,910.785,1.06307e+07,5.31284e+06,17778.6,2343.43,56029.4,1.11588e+06,3.99051e+06,310444,1.012e+08,19.4252,2.37932,24.7115,0
0,93,4.72895e+06,9818.88,935.685,1.06452e+07,5.30236e+06,17632.8,2408.82,57300.7,1.11576e+06,3.98519e+06,317885,1.01195e+08,19.2789,2.4452,20.451,0
0,94,4.73049e+06,9744.25,961.431,1.066e+07,5.292e+06,17479.5,2476.45,58617.4,1.11524e+06,3.97847e+06,325591,1.01191e+08,19.1235,2.51324,18.1187,2.56949
0,95,4.73212e+06,9666.09,988.132,1.0675e+07,5.28176e+06,17320.1,2546.59,59981,1.11431e+06,3.97033e+06,333572,1.01188e+08,18.9606,2.58371,15.0063,4.11347
0,96,4.73384e+06,9585.18,1015.91,1.06902e+07,5.27164e+06,17156.1,2619.57,61393.6,1.11298e+06,3.9608e+06,341841,1.01186e+08,18.7917,2.65691,19.0658,2.41108
0,97,4.73565e+06,9502.3,1044.9,1.07055e+07,5.26165e+06,16988.7,2695.73,62857.7,1.11124e+06,3.9499e+06,350413,1.01184e+08,18.6183,2.73318,18.8746,0.758722
0,98,4.73755e+06,9418.25,1075.23,1.07209e+07,5.25179e+06,16819.6,2775.42,64376.2,1.10913e+06,3.93768e+06,359304,1.01184e+08,18.4421,2.81289,16.6582,1.78249
0,99,4.73954e+06,9333.75,1107.08,1.07365e+07,5.24205e+06,16649.9,2859.06,65952.7,1.10665e+06,3.9242e+06,368537,1.01185e+08,18.2646,2.89643,19.526,1.61411
0,100,4.74161e+06,9249.51,1140.59,1.07522e+07,5.23244e+06,16481,2947.06,67591.2,1.10381e+06,3.90953e+06,378134,1.01186e+08,18.087,2.98422,18.7196,3.0383
0,101,4.74376e+06,9166.18,1175.96,1.07679e+07,5.22295e+06,16314,3039.9,69296.2,1.10065e+06,3.89375e+06,388123,1.01188e+08,17.9108,3.07672,14.92,3.30197
0,102,4.74598e+06,9084.36,1213.36,1.07837e+07,5.21358e+06,16150.1,3138.06,71073,1.09719e+06,3.87695e+06,398533,1.0119e+08,17.7372,3.17443,18.8412,2.10886
0,103,4.74825e+06,9004.58,1253,1.07995e+07,5.20432e+06,15990.1,3242.06,72927.3,1.09345e+06,3.85923e+06,409399,1.01193e+08,17.5673,3.27785,23.0579,1.3839
0,104,4.75058e+06,8927.31,1295.08,1.08152e+07,5.19518e+06,15834.8,3352.44,74865.4,1.08946e+06,3.84067e+06,420757,1.01196e+08,17.4021,3.38753,12.2134,5.14506
0,105,4.75295e+06,8852.94,1339.82,1.0831e+07,5.18615e+06,15685.1,3469.79,76894.4,1.08525e+06,3.8214e+06,432649,1.012e+08,17.2423,3.50405,17.2423,2.07229
0,106,4.75534e+06,8781.78,1387.47,1.08466e+07,5.17721e+06,15541.4,3594.7,79021.8,1.08086e+06,3.80151e+06,445119,1.01203e+08,17.0888,3.62801,17.0888,3.04381
0,107,4.75775e+06,8714.07,1438.25,1.08621e+07,5.16837e+06,15404.2,3727.8,81255.8,1.0763e+06,3.78111e+06,458215,1.01206e+08,16.9419,3.76004,17.6506,3.6095
0,108,4.76016e+06,8649.97,1492.41,1.08775e+07,5.15962e+06,15273.7,3869.77,83605.5,1.07161e+06,3.7603e+06,471989,1.01209e+08,16.8021,3.90081,20.3092,5.74531
0,109,4.76254e+06,8589.55,1550.23,1.08928e+07,5.15096e+06,15150.1,4021.27,86080.3,1.06682e+06,3.73918e+06,486497,1.01212e+08,16.6697,4.05101,14.9051,5.10237
0,110,4.7649e+06,8532.83,1611.96,1.09078e+07,5.14237e+06,15033.4,4183.03,88690.5,1.06195e+06,3.71786e+06,501800,1.01214e+08,16.5447,4.21134,15.4916,4.36265
0,111,4.76721e+06,8479.72,1677.88,1.09226e+07,5.13385e+06,14923.5,4355.75,91447,1.05704e+06,3.6964e+06,517960,1.01216e+08,16.4271,4.38253,18.0638,3.60226
0,112,4.76945e+06,8430.06,1748.27,1.09371e+07,5.1254e+06,14820.1,4540.2,94361.2,1.05209e+06,3.67491e+06,535046,1.01216e+08,16.3166,4.56535,15.0719,2.94787
0,113,4.77161e+06,8383.64,1823.42,1.09513e+07,5.11701e+06,14722.7,4737.13,97445.4,1.04714e+06,3.65344e+06,553130,1.01216e+08,16.2128,4.76055,16.1905,3.331
0,114,4.77367e+06,8340.13,1903.61,1.09653e+07,5.10868e+06,14631,4947.3,100712,1.0422e+06,3.63207e+06,572285,1.01215e+08,16.1152,4.96891,16.0274,8.39782
0,115,4.77562e+06,8299.17,1989.13,1.09789e+07,5.10039e+06,14544.1,5171.48,104175,1.03729e+06,3.61084e+06,592591,1.01212e+08,16.0233,5.19122,15.5576,5.02276
0,116,4.77743e+06,8260.32,2080.26,1.09921e+07,5.09215e+06,14461.4,5410.43,107848,1.03242e+06,3.58981e+06,614130,1.01209e+08,15.9361,5.42826,16.4071,5.6039
0,117,4.77909e+06,8223.08,2177.29,1.1005e+07,5.08394e+06,14382,5664.9,111746,1.02759e+06,3.56899e+06,636986,1.01204e+08,15.8529,5.68078,15.7408,5.02205
0,118,4.78059e+06,8186.86,2280.47,1.10174e+07,5.07578e+06,14304.9,5935.61,115882,1.02281e+06,3.5484e+06,661248,1.01198e+08,15.7726,5.94954,15.9923,8.50779
0,119,4.78191e+06,8151.08,2390.06,1.10295e+07,5.06765e+06,14229.1,6223.25,120273,1.01809e+06,3.52805e+06,687004,1.0119e+08,15.694,6.23524,19.9179,5.21026
0,120,4.78304e+06,8115.04,2506.28,1.10411e+07,5.05956e+06,14153.3,6528.45,124933,1.01341e+06,3.50794e+06,714346,1.0118e+08,15.616,6.53857,17.0537,9.89108
0,121,4.78395e+06,8078.07,2629.35,1.10523e+07,5.0515e+06,14076.5,6851.8,129879,1.00877e+06,3.48802e+06,743366,1.01169e+08,15.5372,6.86013,10.7517,6.30752
0,122,4.78465e+06,8039.41,2759.44,1.10631e+07,5.04348e+06,13997.4,7193.78,135125,1.00417e+06,3.46828e+06,774156,1.01157e+08,15.4563,7.20047,9.614,11.2976
0,123,4.78511e+06,7998.33,2896.68,1.10734e+07,5.03549e+06,13914.6,7554.82,140687,999580,3.44866e+06,806808,1.01142e+08,15.3719,7.56004,13.3077,9.74495
0,124,4.78533e+06,7954.04,3041.18,1.10832e+07,5.02754e+06,13826.9,7935.21,146581,994987,3.42909e+06,841412,1.01126e+08,15.2825,7.93919,18.3731,7.79344
0,125,4.7853e+06,7905.8,3192.98,1.10926e+07,5.01965e+06,13732.9,8335.14,152819,990369,3.40951e+06,878054,1.01109e+08,15.1868,8.33816,12.7382,5.39491
0,126,4.78501e+06,7852.86,3352.08,1.11015e+07,5.0118e+06,13631.5,8754.65,159417,985699,3.38983e+06,916819,1.0109e+08,15.0832,8.75705,12.6343,7.48552
0,127,4.78445e+06,7794.49,3518.41,1.11099e+07,5.00401e+06,13521.3,9193.62,166388,980949,3.36996e+06,957783,1.01069e+08,14.9703,9.19581,15.3216,14.8728
0,128,4.78362e+06,7730.01,3691.84,1.11178e+07,4.99629e+06,13401.3,9651.79,173742,976087,3.34978e+06,1.00102e+06,1.01047e+08,14.847,9.65422,16.5397,9.01841
0,129,4.78251e+06,7658.81,3872.18,1.11254e+07,4.98866e+06,13270.3,10128.7,181491,971081,3.3292e+06,1.04659e+06,1.01023e+08,14.7118,10.1319,12.034,7.93846
0,130,4.78113e+06,7580.33,4059.16,1.11324e+07,4.98111e+06,13127.5,10623.7,189643,965893,3.30809e+06,1.09455e+06,1.00998e+08,14.5638,10.6283,19.3014,12.0548
0,131,4.77948e+06,7494.09,4252.44,1.1139e+07,4.97368e+06,12972,11136.1,198205,960489,3.28634e+06,1.14495e+06,1.00971e+08,14.4019,11.1426,19.7064,9.95487
0,132,4.77754e+06,7399.72,4451.6,1.11451e+07,4.96636e+06,12803.2,11664.7,207183,954831,3.26381e+06,1.19781e+06,1.00944e+08,14.2253,11.6739,10.1513,7.91469
0,133,4.77534e+06,7296.94,4656.17,1.11508e+07,4.95919e+06,12620.6,12208.3,216578,948882,3.2404e+06,1.25316e+06,1.00915e+08,14.0335,12.221,13.6389,14.0341
0,134,4.77287e+06,7185.6,4865.6,1.11561e+07,4.95217e+06,12423.9,12765.7,226391,942605,3.21598e+06,1.31099e+06,1.00885e+08,13.826,12.7825,14.9455,15.8747
0,135,4.77015e+06,7065.64,5079.26,1.11609e+07,4.94534e+06,12213.1,13335.2,236621,935965,3.19043e+06,1.37131e+06,1.00855e+08,13.6026,13.3571,8.04031,12.8196
0,136,4.76717e+06,6937.15,5296.5,1.11653e+07,4.9387e+06,11988.3,13915.1,247262,928930,3.16366e+06,1.43408e+06,1.00824e+08,13.3633,13.9429,11.6309,17.3737
0,137,4.76394e+06,6800.33,5516.59,1.11693e+07,4.93229e+06,11749.7,14503.6,258307,921469,3.13555e+06,1.49927e+06,1.00792e+08,13.1084,14.5381,13.2397,12.4876
0,138,4.76049e+06,6655.49,5738.78,1.11729e+07,4.92612e+06,11498.1,15098.7,269744,913555,3.10603e+06,1.56681e+06,1.0076e+08,12.8384,15.1408,12.0585,10.2782
0,139,4.75681e+06,6503.07,5962.27,1.11761e+07,4.92022e+06,11233.9,15698.4,281562,905165,3.07502e+06,1.63662e+06,1.00727e+08,12.5539,15.7489,13.6627,4.01391
0,140,4.75292e+06,6343.61,6186.25,1.11789e+07,4.91461e+06,10958.3,16300.4,293744,896279,3.04245e+06,1.70863e+06,1.00695e+08,12.256,16.3602,14.1076,15.3273
0,141,4.74883e+06,6177.75,6409.9,1.11813e+07,4.90931e+06,10672.1,16902.7,306271,886883,3.00829e+06,1.78271e+06,1.00662e+08,11.9456,16.9726,18.4564,18.2395
0,142,4.74456e+06,6006.21,6632.42,1.11832e+07,4.90436e+06,10376.7,17503.2,319123,876967,2.9725e+06,1.85875e+06,1.0063e+08,11.6241,17.5839,0,18.3222
0,143,4.74012e+06,5829.78,6853,1.11848e+07,4.89977e+06,10073.4,18099.6,332275,866527,2.93506e+06,1.9366e+06,1.00598e+08,11.2928,18.1918,8.17627,15.9597
0,144,4.73552e+06,5649.28,7070.86,1.1186e+07,4.89557e+06,9763.41,18689.8,345704,855564,2.89599e+06,2.01613e+06,1.00566e+08,10.9533,18.7942,14.9939,21.049
0,145,4.73077e+06,5465.61,7285.26,1.11867e+07,4.89177e+06,9448.36,19272,359380,844082,2.8553e+06,2.09716e+06,1.00536e+08,10.6072,19.389,9.45471,20.6596
0,146,4.7259e+06,5279.64,7495.51,1.1187e+07,4.88841e+06,9129.7,19844,373276,832094,2.81304e+06,2.17952e+06,1.00505e+08,10.2562,19.9743,11.2914,27.5211
0,147,4.7209e+06,5092.29,7700.95,1.1187e+07,4.8855e+06,8808.92,20404.2,387362,819613,2.76924e+06,2.26303e+06,1.00476e+08,9.90181,20.548,8.63719,24.6343
0,148,4.7158e+06,4904.43,7900.99,1.11864e+07,4.88306e+06,8487.5,20950.9,401605,806662,2.72399e+06,2.34751e+06,1.00447e+08,9.54584,21.1086,10.5431,22.1557
0,149,4.71061e+06,4716.93,8095.08,1.11855e+07,4.88111e+06,8166.87,21482.5,415974,793263,2.67735e+06,2.43277e+06,1.0042e+08,9.18986,21.6544,11.2006,25.7789
0,150,4.70535e+06,4530.59,8282.74,1.11841e+07,4.87967e+06,7848.39,21997.7,430437,779445,2.62943e+06,2.5186e+06,1.00393e+08,8.83545,22.1839,14.0778,25.127
0,151,4.70001e+06,4346.18,8463.56,1.11822e+07,4.87875e+06,7533.33,22495.2,444961,765240,2.58033e+06,2.60481e+06,1.00368e+08,8.48409,22.6959,2.88516,19.3969
0,152,4.69462e+06,4164.42,8637.18,1.11798e+07,4.87836e+06,7222.89,22974,459514,750680,2.53015e+06,2.6912e+06,1.00344e+08,8.13715,23.1891,14.7161,18.6779
0,153,4.68918e+06,3985.95,8803.27,1.1177e+07,4.87852e+06,6918.12,23433.1,474063,735804,2.47903e+06,2.77758e+06,1.00321e+08,7.79589,23.6627,9.86739,22.4902
0,154,4.68371e+06,3811.34,8961.59,1.11737e+07,4.87923e+06,6619.99,23871.8,488578,720648,2.42708e+06,2.86375e+06,1.003e+08,7.46145,24.1156,11.0704,25.6431
0,155,4.67822e+06,3641.08,9111.93,1.11699e+07,4.88052e+06,6329.32,24289.2,503027,705252,2.37442e+06,2.94952e+06,1.0028e+08,7.13482,24.5473,9.49501,25.4823
0,156,4.67271e+06,3475.6,9254.1,1.11656e+07,4.88237e+06,6046.82,24684.9,517380,689657,2.3212e+06,3.0347e+06,1.00261e+08,6.81687,24.9571,2.84288,27.6014
0,157,4.66719e+06,3315.26,9387.97,1.11607e+07,4.8848e+06,5773.08,25058.3,531608,673902,2.26754e+06,3.11913e+06,1.00244e+08,6.50832,25.3444,4.57777,25.3444
0,158,4.66168e+06,3160.33,9513.44,1.11554e+07,4.88781e+06,5508.56,25409.1,545683,658026,2.21358e+06,3.20261e+06,1.00229e+08,6.20975,25.7089,3.13669,26.4497
0,159,4.65618e+06,3011.03,9630.4,1.11495e+07,4.8914e+06,5253.61,25736.8,559579,642071,2.15943e+06,3.28498e+06,1.00215e+08,5.92164,26.0502,3.71334,23.8501
0,160,4.6507e+06,2867.52,9738.79,1.11431e+07,4.89558e+06,5008.5,26041.2,573268,626073,2.10522e+06,3.36607e+06,1.00202e+08,5.64431,26.368,3.39918,27.5438
0,161,4.64525e+06,2729.88,9838.55,1.11361e+07,4.90034e+06,4773.36,26322,586726,610071,2.05107e+06,3.44573e+06,1.00191e+08,5.378,26.6621,5.12313,27.5578
0,162,4.63985e+06,2598.15,9929.62,1.11287e+07,4.90568e+06,4548.27,26579,599930,594099,1.9971e+06,3.52381e+06,1.00182e+08,5.12282,26.9321,6.60911,26.1733
0,163,4.63448e+06,2472.34,10011.9,1.11207e+07,4.9116e+06,4333.21,26811.8,612855,578191,1.94342e+06,3.60016e+06,1.00174e+08,4.8788,27.1779,8.61479,27.3277
0,164,4.62918e+06,2352.39,10085.5,1.11121e+07,4.9181e+06,4128.11,27020.3,625481,562380,1.89012e+06,3.67464e+06,1.00167e+08,4.64591,27.3992,1.69204,27.3992
0,165,4.62394e+06,2238.22,10150.2,1.11031e+07,4.92517e+06,3932.82,27204.3,637785,546695,1.8373e+06,3.74711e+06,1.00162e+08,4.424,27.5959,2.7031,28.0184
0,166,4.61878e+06,2129.72,10205.9,1.10935e+07,4.9328e+06,3747.15,27363.4,649747,531163,1.78505e+06,3.81744e+06,1.00159e+08,4.2129,27.7677,4.53197,28.0089
0,167,4.6137e+06,2026.76,10252.8,1.10835e+07,4.941e+06,3570.88,27497.6,661347,515811,1.73345e+06,3.88551e+06,1.00158e+08,4.01238,27.9144,0.803656,23.2084
0,168,4.60872e+06,1929.19,10290.6,1.1073e+07,4.94975e+06,3403.75,27606.5,672566,500661,1.68257e+06,3.95119e+06,1.00158e+08,3.82216,28.0359,2.34959,28.2497
0,169,4.60384e+06,1836.83,10319.3,1.1062e+07,4.95905e+06,3245.46,27690.1,683385,485735,1.63249e+06,4.01437e+06,1.0016e+08,3.64194,28.1319,3.0679,25.389
0,170,4.59908e+06,1749.49,10339,1.10505e+07,4.96889e+06,3095.72,27748,693787,471052,1.58325e+06,4.07493e+06,1.00163e+08,3.47139,28.2023,4.76901,31.6878
0,171,4.59445e+06,1667.01,10349.5,1.10386e+07,4.97926e+06,2954.2,27780.3,703753,456627,1.53492e+06,4.13277e+06,1.00169e+08,3.31015,28.2469,4.67466,24.0295
0,172,4.58997e+06,1589.17,10351,1.10264e+07,4.99016e+06,2820.59,27786.8,713268,442477,1.48754e+06,4.18777e+06,1.00176e+08,3.15788,28.2657,0,25.5971
0,173,4.58563e+06,1515.8,10343.3,1.10137e+07,5.00158e+06,2694.55,27767.5,722316,428615,1.44114e+06,4.23984e+06,1.00185e+08,3.01421,28.2587,3.86525,25.0242
0,174,4.58146e+06,1446.68,10326.5,1.10006e+07,5.0135e+06,2575.76,27722.6,730880,415050,1.39577e+06,4.28889e+06,1.00196e+08,2.87878,28.2258,3.67549,22.7364
0,175,4.57747e+06,1381.64,10300.7,1.09873e+07,5.02591e+06,2463.91,27652.2,738947,401793,1.35145e+06,4.33482e+06,1.00208e+08,2.75122,28.1673,0.545921,27.8183
0,176,4.57367e+06,1320.49,10266.1,1.09736e+07,5.03882e+06,2358.67,27556.6,746504,388851,1.3082e+06,4.37757e+06,1.00223e+08,2.63119,28.0833,1.89905,22.5552
0,177,4.57007e+06,1263.04,10222.7,1.09596e+07,5.0522e+06,2259.75,27436.2,753537,376231,1.26605e+06,4.41704e+06,1.0024e+08,2.51833,27.9743,3.98585,22.1401
0,178,4.56669e+06,1209.12,10170.8,1.09454e+07,5.06605e+06,2166.84,27291.6,760036,363937,1.225e+06,4.45319e+06,1.00258e+08,2.41231,27.8408,3.73859,28.0474
0,179,4.56354e+06,1158.56,10110.7,1.09309e+07,5.08035e+06,2079.67,27123.5,765992,351974,1.18507e+06,4.48595e+06,1.00279e+08,2.31281,27.6834,3.09617,27.511
0,180,4.56062e+06,1111.2,10042.6,1.09162e+07,5.09509e+06,1997.97,26932.8,771396,340342,1.14627e+06,4.51527e+06,1.00302e+08,2.21953,27.5028,3.89906,28.0074
0,181,4.55795e+06,1066.89,9966.89,1.09014e+07,5.11026e+06,1921.48,26720.3,776242,329044,1.10859e+06,4.54113e+06,1.00326e+08,2.13216,27.3,1.11318,23.1562
0,182,4.55555e+06,1025.47,9884,1.08863e+07,5.12584e+06,1849.95,26487.3,780525,318081,1.07203e+06,4.56351e+06,1.00353e+08,2.05042,27.076,1.88903,29.9822
0,183,4.55341e+06,986.806,9794.38,1.08712e+07,5.14181e+06,1783.15,26235.1,784244,307450,1.0366e+06,4.58238e+06,1.00382e+08,1.97405,26.8322,4.0863,35.054
0,184,4.55155e+06,950.773,9698.53,1.0856e+07,5.15817e+06,1720.88,25965,787397,297152,1.00229e+06,4.59777e+06,1.00412e+08,1.90281,26.5697,0.0374417,25.0419
0,185,4.54998e+06,917.245,9597.02,1.08406e+07,5.17489e+06,1662.92,25678.6,789988,287184,969079,4.60968e+06,1.00445e+08,1.83645,26.2902,4.59069,19.2558
0,186,4.54871e+06,886.107,9490.42,1.08252e+07,5.19195e+06,1609.08,25377.5,792019,277544,936974,4.61816e+06,1.0048e+08,1.77474,25.9952,1.04786,29.5747
0,187,4.54773e+06,857.249,9379.36,1.08098e+07,5.20934e+06,1559.19,25063.5,793498,268228,905957,4.62325e+06,1.00516e+08,1.7175,25.6865,0.863955,17.472
0,188,4.54705e+06,830.571,9264.5,1.07943e+07,5.22703e+06,1513.07,24738.4,794434,259233,876017,4.62501e+06,1.00555e+08,1.66451,25.3658,3.21244,20.1399
0,189,4.54668e+06,805.978,9146.5,1.07789e+07,5.24501e+06,1470.58,24404.1,794838,250555,847139,4.62352e+06,1.00595e+08,1.6156,25.035,1.82446,39.5573
0,190,4.54662e+06,783.383,9026.04,1.07634e+07,5.26325e+06,1431.57,24062.4,794725,242189,819310,4.61887e+06,1.00636e+08,1.5706,24.6959,1.69656,23.3381
0,191,4.54686e+06,762.704,8903.82,1.0748e+07,5.28174e+06,1395.91,23715.4,794111,234131,792512,4.61117e+06,1.0068e+08,1.52936,24.3506,1.28724,28.555
0,192,4.54741e+06,743.868,8780.54,1.07326e+07,5.30043e+06,1363.47,23364.9,793013,226376,766731,4.60054e+06,1.00725e+08,1.49173,24.001,1.64836,21.577
0,193,4.54826e+06,726.805,8656.87,1.07172e+07,5.31933e+06,1334.15,23012.8,791454,218919,741949,4.58711e+06,1.00771e+08,1.45759,23.6489,2.37312,21.9462
0,194,4.54941e+06,711.453,8533.48,1.07019e+07,5.33839e+06,1307.84,22661,789455,211755,718148,4.57103e+06,1.00818e+08,1.4268,23.2964,1.92529,11.1474
0,195,4.55085e+06,697.756,8411.02,1.06866e+07,5.3576e+06,1284.46,22311.4,787041,204879,695313,4.55244e+06,1.00867e+08,1.39927,22.9452,1.2069,16.1078
0,196,4.55258e+06,685.662,8290.13,1.06714e+07,5.37693e+06,1263.92,21965.5,784239,198285,673426,4.53151e+06,1.00916e+08,1.3749,22.5971,1.66583,20.2255
0,197,4.55459e+06,675.128,8171.39,1.06563e+07,5.39635e+06,1246.16,21625.2,781074,191967,652468,4.5084e+06,1.00967e+08,1.3536,22.2539,0.911887,18.0822
0,198,4.55687e+06,666.112,8055.38,1.06412e+07,5.41585e+06,1231.12,21291.8,777577,185922,632423,4.48331e+06,1.01018e+08,1.33529,21.9171,1.96908,19.7871
0,199,4.55941e+06,658.582,7942.6,1.06262e+07,5.43539e+06,1218.73,20966.9,773778,180143,613274,4.4564e+06,1.01069e+08,1.31991,21.5883,2.11939,18.2044
0,200,4.5622e+06,652.509,7833.56,1.06113e+07,5.45495e+06,1208.97,20651.8,769706,174625,595005,4.42787e+06,1.01121e+08,1.30741,21.2688,0.681566,15.1221
0,201,4.56522e+06,647.87,7728.68,1.05964e+07,5.47451e+06,1201.79,20347.7,765392,169363,577598,4.3979e+06,1.01173e+08,1.29774,20.9599,1.07501,21.2345
0,202,4.56846e+06,644.648,7628.38,1.05815e+07,5.49405e+06,1197.18,20055.7,760869,164352,561039,4.36668e+06,1.01225e+08,1.29088,20.6629,2.67722,21.637
0,203,4.57192e+06,642.829,7533,1.05667e+07,5.51355e+06,1195.13,19776.6,756169,159588,545313,4.3344e+06,1.01277e+08,1.28678,20.3787,0.553794,14.7689
0,204,4.57557e+06,642.409,7442.86,1.0552e+07,5.53297e+06,1195.62,19511.5,751321,155066,530404,4.30125e+06,1.01328e+08,1.28545,20.1082,1.83865,12.6814
0,205,4.5794e+06,643.384,7358.22,1.05373e+07,5.5523e+06,1198.67,19260.8,746359,150781,516300,4.26742e+06,1.0138e+08,1.28689,19.8522,0.461002,20.8596
0,206,4.5834e+06,645.759,7279.29,1.05226e+07,5.57153e+06,1204.29,19025.3,741313,146730,502988,4.23309e+06,1.0143e+08,1.29109,19.6114,0.928713,16.7891
0,207,4.58754e+06,649.543,7206.26,1.05079e+07,5.59062e+06,1212.51,18805.3,736213,142908,490455,4.19844e+06,1.0148e+08,1.29808,19.3862,1.5895,17.5896
0,208,4.59182e+06,654.751,7139.26,1.04932e+07,5.60957e+06,1223.36,18601.3,731088,139312,478692,4.16363e+06,1.01529e+08,1.30789,19.1772,1.86762,16.4687
0,209,4.59622e+06,661.402,7078.36,1.04785e+07,5.62836e+06,1236.88,18413.3,725967,135938,467687,4.12883e+06,1.01576e+08,1.32056,18.9845,1.06375,18.9845
0,210,4.60072e+06,669.52,7023.63,1.04638e+07,5.64697e+06,1253.14,18241.5,720878,132784,457432,4.09421e+06,1.01623e+08,1.33614,18.8083,1.95697,17.1372
0,211,4.6053e+06,679.136,6975.05,1.04491e+07,5.66538e+06,1272.18,18085.9,715847,129846,447920,4.05991e+06,1.01668e+08,1.35468,18.6487,1.44139,16.9315
0,212,4.60995e+06,690.284,6932.59,1.04343e+07,5.6836e+06,1294.09,17946.4,710897,127122,439144,4.02607e+06,1.01712e+08,1.37626,18.5056,0.960098,19.8024
0,213,4.61465e+06,703.004,6896.18,1.04195e+07,5.70159e+06,1318.95,17822.6,706053,124611,431098,3.99283e+06,1.01755e+08,1.40095,18.3788,1.26981,18.3689
0,214,4.61938e+06,717.34,6865.68,1.04046e+07,5.71935e+06,1346.84,17714.3,701337,122310,423778,3.9603e+06,1.01796e+08,1.42886,18.2681,1.84911,16.8012
0,215,4.62414e+06,733.342,6840.94,1.03897e+07,5.73688e+06,1377.86,17621,696767,120217,417182,3.92861e+06,1.01835e+08,1.46006,18.1729,2.38023,18.0754
0,216,4.6289e+06,751.062,6821.76,1.03747e+07,5.75417e+06,1412.13,17542.2,692362,118333,411309,3.89784e+06,1.01872e+08,1.49468,18.0929,3.3291,18.0929
0,217,4.63364e+06,770.558,6807.89,1.03596e+07,5.7712e+06,1449.75,17477.1,688138,116656,406157,3.8681e+06,1.01907e+08,1.53283,18.0274,1.74975,17.7235
0,218,4.63837e+06,791.891,6799.05,1.03444e+07,5.78798e+06,1490.85,17425.1,684109,115185,401728,3.83945e+06,1.01941e+08,1.57464,17.9756,1.87921,17.9756
0,219,4.64305e+06,815.125,6794.92,1.03291e+07,5.8045e+06,1535.56,17385.2,680287,113921,398024,3.81197e+06,1.01972e+08,1.62022,17.9369,1.88587,17.9369
0,220,4.64768e+06,840.327,6795.15,1.03136e+07,5.82076e+06,1584.01,17356.6,676682,112865,395050,3.7857e+06,1.02001e+08,1.66973,17.9101,2.68872,17.9101
0,221,4.65225e+06,867.569,6799.32,1.02981e+07,5.83676e+06,1636.34,17338.2,673302,112016,392811,3.76068e+06,1.02029e+08,1.72331,17.8944,1.80982,17.8944
0,222,4.65673e+06,896.922,6807,1.02824e+07,5.85249e+06,1692.69,17328.8,670150,111377,391312,3.73695e+06,1.02054e+08,1.7811,17.8886,1.65928,17.8886
0,223,4.66113e+06,928.46,6817.72,1.02667e+07,5.86797e+06,1753.22,17327.2,667231,110948,390562,3.71451e+06,1.02077e+08,1.84327,17.8915,2.95856,17.8915
0,224,4.66543e+06,962.258,6830.97,1.02507e+07,5.88318e+06,1818.07,17332.1,664544,110732,390569,3.69337e+06,1.02098e+08,1.90996,17.9017,3.48648,20.2313
0,225,4.66963e+06,998.392,6846.21,1.02347e+07,5.89815e+06,1887.4,17342.2,662088,110729,391345,3.67351e+06,1.02117e+08,1.98133,17.918,5.40928,18.1151
0,226,4.67371e+06,1036.94,6862.87,1.02185e+07,5.91287e+06,1961.36,17356,659857,110944,392900,3.65491e+06,1.02134e+08,2.05756,17.9388,1.09016,19.55
0,227,4.67766e+06,1077.97,6880.36,1.02021e+07,5.92734e+06,2040.1,17372.1,657845,111378,395246,3.63752e+06,1.02149e+08,2.13878,17.9626,2.33019,17.9251
0,228,4.68149e+06,1121.57,6898.08,1.01857e+07,5.94159e+06,2123.78,17388.7,656042,112035,398397,3.62129e+06,1.02162e+08,2.22518,17.9879,4.2914,12.4641
0,229,4.68519e+06,1167.81,6915.38,1.0169e+07,5.95561e+06,2212.55,17404.6,654435,112917,402368,3.60615e+06,1.02173e+08,2.3169,18.0131,3.29371,20.5982
0,230,4.68875e+06,1216.75,6931.65,1.01523e+07,5.96941e+06,2306.55,17417.9,653012,114029,407174,3.59203e+06,1.02182e+08,2.4141,18.0365,4.82607,19.8111
0,231,4.69218e+06,1268.48,6946.25,1.01354e+07,5.98301e+06,2405.94,17427.3,651754,115373,412830,3.57883e+06,1.02189e+08,2.51694,18.0564,1.3248,18.8818
0,232,4.69547e+06,1323.06,6958.55,1.01185e+07,5.99641e+06,2510.86,17431.1,650643,116953,419354,3.56646e+06,1.02195e+08,2.62556,18.0714,4.26852,19.3737
0,233,4.69862e+06,1380.57,6967.95,1.01014e+07,6.00963e+06,2621.46,17427.8,649660,118774,426763,3.5548e+06,1.02199e+08,2.74013,18.0798,1.01211,12.6618
0,234,4.70163e+06,1441.07,6973.87,1.00842e+07,6.02268e+06,2737.88,17416.2,648780,120840,435076,3.54374e+06,1.02202e+08,2.86079,18.0801,4.85641,16.577
0,235,4.70452e+06,1504.63,6975.74,1.00669e+07,6.03557e+06,2860.27,17394.7,647981,123155,444310,3.53314e+06,1.02203e+08,2.9877,18.0708,2.95291,27.6996
0,236,4.70727e+06,1571.32,6973.06,1.00495e+07,6.04832e+06,2988.78,17362.2,647237,125722,454487,3.52287e+06,1.02202e+08,3.12099,18.0506,1.17735,19.3507
0,237,4.7099e+06,1641.22,6965.38,1.00321e+07,6.06092e+06,3123.55,17317.6,646522,128548,465625,3.5128e+06,1.02201e+08,3.26084,18.0182,5.15983,16.6162
0,238,4.7124e+06,1714.41,6952.28,1.00146e+07,6.0734e+06,3264.76,17259.9,645809,131637,477745,3.50278e+06,1.02199e+08,3.40739,17.9727,3.33634,15.7336
0,239,4.7148e+06,1790.96,6933.43,9.99705e+06,6.08577e+06,3412.57,17188.4,645072,134993,490869,3.49267e+06,1.02195e+08,3.56083,17.9131,3.83677,19.4322
0,240,4.71708e+06,1870.96,6908.55,9.97949e+06,6.09804e+06,3567.16,17102.3,644282,138622,505019,3.48233e+06,1.02191e+08,3.72134,17.8385,7.33853,17.4769
0,241,4.71927e+06,1954.53,6877.44,9.96193e+06,6.11021e+06,3728.75,17001.4,643414,142529,520218,3.47163e+06,1.02186e+08,3.88911,17.7485,3.89789,21.7181
0,242,4.72135e+06,2041.75,6839.97,9.94437e+06,6.12229e+06,3897.56,16885.3,642440,146719,536491,3.46042e+06,1.02181e+08,4.06438,17.6427,7.85236,16.6363
0,243,4.72335e+06,2132.77,6796.09,9.92683e+06,6.13429e+06,4073.83,16753.9,641336,151199,553864,3.44858e+06,1.02175e+08,4.24739,17.5208,0.765866,23.1507
0,244,4.72527e+06,2227.71,6745.81,9.90932e+06,6.14621e+06,4257.86,16607.4,640077,155976,572363,3.43598e+06,1.02169e+08,4.43842,17.3829,5.76053,19.3379
0,245,4.72711e+06,2326.74,6689.23,9.89186e+06,6.15806e+06,4449.96,16446,638641,161055,592020,3.42252e+06,1.02162e+08,4.63778,17.2292,7.21088,16.5024
0,246,4.72887e+06,2430.05,6626.51,9.87447e+06,6.16985e+06,4650.48,16270.1,637007,166446,612865,3.40808e+06,1.02155e+08,4.84584,17.0599,5.26924,22.5082
0,247,4.73057e+06,2537.82,6557.85,9.85715e+06,6.18156e+06,4859.85,16080.4,635157,172155,634934,3.39258e+06,1.02148e+08,5.06299,16.8757,1.75633,14.2442
0,248,4.7322e+06,2650.29,6483.52,9.83992e+06,6.19319e+06,5078.5,15877.5,633073,178192,658263,3.37594e+06,1.0214e+08,5.28967,16.6771,6.85187,26.0002
0,249,4.73377e+06,2767.71,6403.85,9.82279e+06,6.20475e+06,5306.94,15662.2,630742,184566,682894,3.35808e+06,1.02132e+08,5.5264,16.465,4.72929,21.4733
0,250,4.73528e+06,2890.36,6319.19,9.80576e+06,6.21623e+06,5545.72,15435.6,628151,191290,708871,3.33895e+06,1.02125e+08,5.77373,16.2403,10.718,24.4112
0,251,4.73672e+06,3018.56,6229.9,9.78884e+06,6.22762e+06,5795.46,15198.5,625291,198374,736245,3.3185e+06,1.02117e+08,6.03227,16.0039,7.40825,11.0779
0,252,4.73809e+06,3152.64,6136.4,9.77205e+06,6.2389e+06,6056.84,14951.9,622154,205832,765068,3.29671e+06,1.02109e+08,6.3027,15.7568,5.63661,12.7823
0,253,4.7394e+06,3292.96,6039.07,9.75537e+06,6.25007e+06,6330.56,14696.9,618736,213678,795401,3.27355e+06,1.02101e+08,6.58576,15.5001,6.87663,14.4097
0,254,4.74062e+06,3439.92,5938.34,9.73883e+06,6.26111e+06,6617.43,14434.5,615033,221929,827307,3.24901e+06,1.02092e+08,6.88224,15.2349,5.91805,4.34417
0,255,4.74177e+06,3593.95,5834.59,9.72241e+06,6.27201e+06,6918.28,14165.6,611044,230601,860857,3.2231e+06,1.02083e+08,7.19299,14.9621,8.41004,17.4038
0,256,4.74282e+06,3755.48,5728.2,9.70612e+06,6.28275e+06,7233.97,13891.3,606771,239714,896127,3.19583e+06,1.02074e+08,7.51891,14.6829,1.90274,12.5089
0,257,4.74377e+06,3924.97,5619.54,9.68996e+06,6.29331e+06,7565.45,13612.3,602216,249289,933200,3.16722e+06,1.02064e+08,7.86096,14.3981,7.74237,16.2412
0,258,4.7446e+06,4102.91,5508.92,9.67392e+06,6.30367e+06,7913.67,13329.6,597384,259347,972165,3.1373e+06,1.02054e+08,8.22011,14.1086,11.4537,16.2779
0,259,4.74531e+06,4289.79,5396.64,9.65799e+06,6.3138e+06,8279.59,13043.9,592280,269912,1.01312e+06,3.10609e+06,1.02043e+08,8.59739,13.8153,14.1366,14.8106
0,260,4.74587e+06,4486.07,5282.96,9.64218e+06,6.3237e+06,8664.21,12755.7,586911,281009,1.05615e+06,3.07364e+06,1.02031e+08,8.99382,13.5188,8.56276,18.6757
0,261,4.74626e+06,4692.26,5168.1,9.62647e+06,6.33333e+06,9068.49,12465.7,581283,292665,1.10139e+06,3.04e+06,1.02018e+08,9.41042,13.2198,7.43246,13.5806
0,262,4.74648e+06,4908.8,5052.22,9.61086e+06,6.34267e+06,9493.39,12174.2,575404,304907,1.14892e+06,3.00519e+06,1.02004e+08,9.8482,12.9188,8.3256,15.281
0,263,4.7465e+06,5136.12,4935.47,9.59534e+06,6.35169e+06,9939.77,11881.7,569283,317765,1.19888e+06,2.96928e+06,1.01989e+08,10.3081,12.6161,5.81844,10.2753
0,264,4.74631e+06,5374.6,4817.95,9.5799e+06,6.36037e+06,10408.5,11588.3,562927,331268,1.25138e+06,2.9323e+06,1.01972e+08,10.791,12.3122,8.13745,13.3534
0,265,4.74587e+06,5624.57,4699.72,9.56454e+06,6.36869e+06,10900.1,11294.1,556345,345446,1.30653e+06,2.89431e+06,1.01954e+08,11.2977,12.007,11.8041,14.4869
0,266,4.74517e+06,5886.25,4580.79,9.54924e+06,6.37661e+06,11415.3,10999.3,549545,360328,1.36447e+06,2.85534e+06,1.01934e+08,11.8287,11.7009,14.7853,10.7922
0,267,4.74419e+06,6159.78,4461.18,9.534e+06,6.38412e+06,11954.3,10703.9,542533,375945,1.4253e+06,2.81544e+06,1.01912e+08,12.3846,11.3938,15.8071,11.3608
0,268,4.7429e+06,6445.17,4340.86,9.51881e+06,6.39118e+06,12517.3,10407.7,535318,392323,1.48915e+06,2.77465e+06,1.01888e+08,12.9655,11.0856,13.5781,6.26456
0,269,4.74129e+06,6742.27,4219.78,9.50368e+06,6.39778e+06,13104.1,10110.8,527905,409489,1.55611e+06,2.733e+06,1.01862e+08,13.5714,10.7764,10.8477,16.7024
0,270,4.73933e+06,7050.78,4097.89,9.48859e+06,6.40389e+06,13714.1,9812.82,520301,427467,1.62629e+06,2.69053e+06,1.01834e+08,14.2019,10.4659,9.40911,10.5688
0,271,4.73701e+06,7370.17,3975.13,9.47356e+06,6.40948e+06,14346.5,9513.76,512510,446276,1.69976e+06,2.64726e+06,1.01804e+08,14.8561,10.154,14.6273,6.27571
0,272,4.7343e+06,7699.72,3851.46,9.45859e+06,6.41455e+06,14999.9,9213.43,504537,465931,1.7766e+06,2.60322e+06,1.01771e+08,15.533,9.84056,21.3742,8.27928
0,273,4.73119e+06,8038.43,3726.83,9.44369e+06,6.41906e+06,15672.6,8911.72,496388,486442,1.85683e+06,2.55844e+06,1.01736e+08,16.2307,9.52545,20.3871,2.21283
0,274,4.72767e+06,8385.06,3601.23,9.42887e+06,6.423e+06,16362.2,8608.56,488065,507810,1.94049e+06,2.51294e+06,1.01698e+08,16.9471,9.20856,9.36029,10.4878
0,275,4.72373e+06,8738.09,3474.66,9.41416e+06,6.42635e+06,17065.8,8303.92,479573,530030,2.02754e+06,2.46673e+06,1.01658e+08,17.6793,8.88986,20.3429,10.0316
0,276,4.71935e+06,9095.71,3347.18,9.39958e+06,6.4291e+06,17779.9,7997.87,470914,553088,2.11794e+06,2.41984e+06,1.01616e+08,18.424,8.5694,21.9564,7.50672
0,277,4.71454e+06,9455.8,3218.86,9.38517e+06,6.43125e+06,18500.6,7690.58,462094,576958,2.2116e+06,2.37229e+06,1.01571e+08,19.1773,8.24729,17.5283,4.45207
0,278,4.7093e+06,9816,3089.85,9.37096e+06,6.43277e+06,19223.2,7382.3,453116,601603,2.30838e+06,2.3241e+06,1.01524e+08,19.9344,7.92378,20.3528,11.6621
0,279,4.70363e+06,10173.7,2960.33,9.357e+06,6.43368e+06,19942.6,7073.43,443986,626975,2.40808e+06,2.27529e+06,1.01476e+08,20.6903,7.59922,19.149,6.12354
0,280,4.69754e+06,10525.9,2830.53,9.34334e+06,6.43397e+06,20653.2,6764.45,434707,653012,2.51048e+06,2.22589e+06,1.01425e+08,21.4393,7.2741,17.7939,8.13462
0,281,4.69105e+06,10869.7,2700.75,9.33005e+06,6.43363e+06,21348.9,6455.98,425289,679639,2.61529e+06,2.17593e+06,1.01373e+08,22.1751,6.94903,23.8181,6.97883
0,282,4.68419e+06,11201.9,2571.33,9.31719e+06,6.43269e+06,22023.5,6148.76,415737,706768,2.72214e+06,2.12546e+06,1.01319e+08,22.8914,6.62474,24.2454,4.958
0,283,4.67697e+06,11519.2,2442.64,9.30484e+06,6.43115e+06,22670.5,5843.63,406062,734297,2.83066e+06,2.0745e+06,1.01265e+08,23.5814,6.30208,20.1359,3.7742
0,284,4.66944e+06,11818.5,2315.11,9.29307e+06,6.42902e+06,23283.4,5541.51,396275,762111,2.94039e+06,2.02313e+06,1.0121e+08,24.2382,5.982,27.985,6.47152
0,285,4.66162e+06,12096.6,2189.19,9.28197e+06,6.42633e+06,23855.9,5243.39,386387,790085,3.05083e+06,1.97139e+06,1.01155e+08,24.8553,5.66555,24.5778,6.59279
0,286,4.65357e+06,12350.5,2065.35,9.27162e+06,6.42309e+06,24382,4950.33,376413,818083,3.16145e+06,1.91936e+06,1.01101e+08,25.4261,5.35382,23.2358,8.55817
0,287,4.64533e+06,12577.7,1944.07,9.26212e+06,6.41934e+06,24856.1,4663.38,366368,845961,3.27167e+06,1.8671e+06,1.01047e+08,25.9446,5.04794,34.9245,5.24542
0,288,4.63695e+06,12775.8,1825.81,9.25356e+06,6.4151e+06,25273.5,4383.59,356270,873569,3.3809e+06,1.8147e+06,1.00995e+08,26.4056,4.74905,25.3162,5.23161
0,289,4.62849e+06,12943.1,1711.02,9.24601e+06,6.4104e+06,25630,4111.99,346137,900753,3.48853e+06,1.76225e+06,1.00944e+08,26.8043,4.45826,31.1479,5.33842
0,290,4.62e+06,13078,1600.13,9.23956e+06,6.40527e+06,25922.6,3849.52,335989,927359,3.59393e+06,1.70983e+06,1.00896e+08,27.1372,4.17663,24.616,6.74012
0,291,4.61153e+06,13179.7,1493.52,9.2343e+06,6.39975e+06,26149.2,3597.06,325846,953235,3.69649e+06,1.65755e+06,1.00851e+08,27.4017,3.90513,25.3631,3.95062
0,292,4.60314e+06,13248.1,1391.51,9.23028e+06,6.39388e+06,26308.8,3355.35,315730,978234,3.79563e+06,1.60551e+06,1.00808e+08,27.5963,3.64462,32.8505,4.1207
0,293,4.5949e+06,13283.2,1294.37,9.22759e+06,6.38769e+06,26401.7,3125.04,305662,1.00222e+06,3.89079e+06,1.55381e+06,1.0077e+08,27.7208,3.39585,22.1123,5.31646
0,294,4.58684e+06,13286,1202.32,9.22626e+06,6.38121e+06,26429,2906.59,295664,1.02506e+06,3.98144e+06,1.50256e+06,1.00735e+08,27.7759,3.1594,25.726,3.39044
0,295,4.57903e+06,13257.6,1115.5,9.22635e+06,6.37448e+06,26393,2700.37,285757,1.04664e+06,4.06711e+06,1.45184e+06,1.00705e+08,27.7636,2.93571,34.9821,4.82784
0,296,4.5715e+06,13200,1033.98,9.22787e+06,6.36754e+06,26296.9,2506.56,275963,1.06685e+06,4.14739e+06,1.40177e+06,1.0068e+08,27.6871,2.72507,24.4665,3.24839
0,297,4.56431e+06,13115.2,957.801,9.23086e+06,6.3604e+06,26144.9,2325.23,266301,1.08563e+06,4.22193e+06,1.35243e+06,1.00659e+08,27.5501,2.52761,26.0933,0
0,298,4.55748e+06,13005.6,886.907,9.23531e+06,6.35311e+06,25941.6,2156.29,256789,1.10289e+06,4.29045e+06,1.30392e+06,1.00644e+08,27.3574,2.34332,21.2689,5.45972
0,299,4.55106e+06,12874.1,821.21,9.24121e+06,6.34569e+06,25692.4,1999.56,247447,1.11859e+06,4.35275e+06,1.25632e+06,1.00633e+08,27.1143,2.17203,30.0117,0.839522
0,300,4.54506e+06,12723.5,760.571,9.24855e+06,6.33816e+06,25402.8,1854.72,238288,1.13269e+06,4.4087e+06,1.2097e+06,1.00628e+08,26.8267,2.01349,33.4904,2.6537
0,301,4.53951e+06,12556.8,704.815,9.25729e+06,6.33054e+06,25078.7,1721.39,229329,1.1452e+06,4.45822e+06,1.16413e+06,1.00628e+08,26.5005,1.86731,19.314,2.80669
0,302,4.53443e+06,12376.9,653.734,9.26739e+06,6.32285e+06,24726.2,1599.08,220582,1.1561e+06,4.50133e+06,1.11966e+06,1.00632e+08,26.1421,1.73302,25.87,3.73467
0,303,4.52983e+06,12186.7,607.097,9.27881e+06,6.31511e+06,24351,1487.29,212058,1.16541e+06,4.5381e+06,1.07636e+06,1.00642e+08,25.7577,1.61011,24.6135,2.01596
0,304,4.5257e+06,11989.1,564.658,9.29146e+06,6.30732e+06,23959,1385.44,203765,1.17319e+06,4.56865e+06,1.03427e+06,1.00657e+08,25.3533,1.49798,31.8216,0
0,305,4.52207e+06,11786.9,526.159,9.3053e+06,6.2995e+06,23555.5,1292.95,195712,1.17946e+06,4.59319e+06,993407,1.00676e+08,24.9347,1.39602,25.7452,2.96277
0,306,4.51891e+06,11582.3,491.338,9.32023e+06,6.29165e+06,23145.7,1209.21,187905,1.1843e+06,4.61194e+06,953811,1.00699e+08,24.5076,1.30359,22.5471,0.167448
0,307,4.51622e+06,11377.9,459.937,9.33619e+06,6.28378e+06,22734.3,1133.62,180347,1.18776e+06,4.62517e+06,915498,1.00726e+08,24.0769,1.22005,23.2434,2.31719
0,308,4.514e+06,11175.6,431.7,9.3531e+06,6.27589e+06,22325.6,1065.58,173042,1.18994e+06,4.63319e+06,878479,1.00756e+08,23.6475,1.14478,24.3618,2.04542
0,309,4.51222e+06,10977.3,406.381,9.37085e+06,6.26798e+06,21923.3,1004.54,165991,1.19092e+06,4.63635e+06,842761,1.0079e+08,23.2234,1.07715,26.1983,2.10616
0,310,4.51088e+06,10784.6,383.743,9.38937e+06,6.26005e+06,21530.9,949.919,159194,1.19078e+06,4.635e+06,808341,1.00827e+08,22.8084,1.01656,16.3799,0
0,311,4.50995e+06,10598.8,363.564,9.40857e+06,6.25209e+06,21151.2,901.213,152650,1.18963e+06,4.62951e+06,775214,1.00867e+08,22.4058,0.962447,23.4333,0
0,312,4.50941e+06,10421.2,345.633,9.42837e+06,6.24412e+06,20786.8,857.924,146358,1.18755e+06,4.62027e+06,743369,1.00908e+08,22.0182,0.914274,20.2956,1.07682
0,313,4.50924e+06,10252.8,329.756,9.44868e+06,6.23611e+06,20439.5,819.593,140315,1.18465e+06,4.60765e+06,712790,1.00952e+08,21.6481,0.871537,23.8005,0.166443
0,314,4.50942e+06,10094.2,315.752,9.46941e+06,6.22806e+06,20111.2,785.792,134516,1.18101e+06,4.59204e+06,683458,1.00997e+08,21.2974,0.833768,21.2974,0.590529
0,315,4.50992e+06,9946.13,303.455,9.49049e+06,6.21997e+06,19803.1,756.13,128959,1.17675e+06,4.57382e+06,655351,1.01043e+08,20.9674,0.800536,20.9977,1.59261
0,316,4.51071e+06,9809,292.713,9.51185e+06,6.21184e+06,19516.1,730.245,123637,1.17194e+06,4.55337e+06,628444,1.0109e+08,20.6594,0.771443,21.4251,1.29357
0,317,4.51178e+06,9683.1,283.387,9.5334e+06,6.20365e+06,19250.9,707.807,118546,1.16669e+06,4.53104e+06,602710,1.01137e+08,20.3743,0.746126,20.4838,0.579108
0,318,4.5131e+06,9568.61,275.351,9.55509e+06,6.1954e+06,19007.9,688.516,113681,1.16107e+06,4.50717e+06,578122,1.01185e+08,20.1124,0.724253,17.405,0.769564
0,319,4.51464e+06,9465.56,268.491,9.57684e+06,6.18708e+06,18787.2,672.099,109034,1.15518e+06,4.4821e+06,554647,1.01232e+08,19.8742,0.705523,21.154,0
0,320,4.51638e+06,9373.92,262.704,9.59861e+06,6.17869e+06,18588.7,658.309,104601,1.14908e+06,4.45613e+06,532257,1.01279e+08,19.6595,0.689663,19.6701,0
0,321,4.5183e+06,9293.52,257.896,9.62033e+06,6.17022e+06,18412.3,646.921,100375,1.14286e+06,4.42957e+06,510918,1.01326e+08,19.4682,0.676425,16.8719,0.852312
0,322,4.52036e+06,9224.14,253.981,9.64195e+06,6.16166e+06,18257.4,637.734,96349.6,1.13659e+06,4.40269e+06,490598,1.01372e+08,19.3,0.665584,19.569,1.06354
0,323,4.52255e+06,9165.49,250.885,9.66344e+06,6.15301e+06,18123.5,630.562,92518.3,1.13032e+06,4.37574e+06,471265,1.01416e+08,19.1543,0.656939,16.2621,1.12782
0,324,4.52486e+06,9117.18,248.538,9.68474e+06,6.14426e+06,18009.8,625.24,88874.7,1.12412e+06,4.34895e+06,452887,1.0146e+08,19.0303,0.650306,19.9971,0.474332
0,325,4.52724e+06,9078.78,246.876,9.70583e+06,6.1354e+06,17915.4,621.616,85412.4,1.11804e+06,4.32253e+06,435430,1.01502e+08,18.9273,0.645517,14.1078,0
0,326,4.5297e+06,9049.81,245.844,9.72668e+06,6.12644e+06,17839.5,619.553,82125,1.11214e+06,4.29667e+06,418863,1.01542e+08,18.8443,0.642423,20.037,0.190979
0,327,4.5322e+06,9029.73,245.388,9.74725e+06,6.11737e+06,17781,618.923,79006.3,1.10644e+06,4.27155e+06,403154,1.01581e+08,18.7802,0.640884,18.7649,0.809336
0,328,4.53473e+06,9017.96,245.461,9.76754e+06,6.10818e+06,17738.6,619.613,76049.9,1.10099e+06,4.2473e+06,388271,1.01619e+08,18.7339,0.640774,15.6607,0
0,329,4.53728e+06,9013.87,246.02,9.78751e+06,6.09887e+06,17711.2,621.514,73249.9,1.09583e+06,4.22405e+06,374183,1.01654e+08,18.7041,0.641977,20.6265,1.26111
0,330,4.53983e+06,9016.8,247.024,9.80715e+06,6.08944e+06,17697.5,624.53,70600.2,1.09097e+06,4.20191e+06,360861,1.01687e+08,18.6894,0.644387,18.2241,0.457671
0,331,4.54237e+06,9026.05,248.434,9.82646e+06,6.07989e+06,17696,628.567,68094.9,1.08644e+06,4.18096e+06,348275,1.01719e+08,18.6884,0.647903,16.5874,0.968573
0,332,4.54488e+06,9040.9,250.217,9.84544e+06,6.07022e+06,17705.4,633.541,65728.2,1.08226e+06,4.16127e+06,336395,1.01748e+08,18.6998,0.652433,29.5304,0.0850058
0,333,4.54736e+06,9060.6,252.339,9.86407e+06,6.06042e+06,17724.1,639.372,63494.6,1.07843e+06,4.14287e+06,325194,1.01776e+08,18.7218,0.657891,19.7088,0.222765
0,334,4.5498e+06,9084.38,254.769,9.88236e+06,6.0505e+06,17750.7,645.983,61388.6,1.07496e+06,4.12579e+06,314643,1.01801e+08,18.753,0.664195,12.2083,1.77355
0,335,4.55218e+06,9111.47,257.479,9.90033e+06,6.04047e+06,17783.6,653.303,59404.9,1.07186e+06,4.11004e+06,304717,1.01825e+08,18.7917,0.671269,19.6956,1.226
0,336,4.55451e+06,9141.08,260.442,9.91797e+06,6.03032e+06,17821.3,661.267,57538.3,1.06912e+06,4.09561e+06,295388,1.01846e+08,18.8364,0.67904,22.4775,1.39504
0,337,4.55679e+06,9172.43,263.63,9.93529e+06,6.02005e+06,17862.4,669.81,55783.6,1.06673e+06,4.08247e+06,286632,1.01866e+08,18.8854,0.687442,21.7443,1.36291
0,338,4.55899e+06,9204.75,267.022,9.95232e+06,6.00967e+06,17905.2,678.874,54136.2,1.06468e+06,4.07056e+06,278423,1.01884e+08,18.9371,0.69641,14.2368,0.922452
0,339,4.56114e+06,9237.3,270.594,9.96906e+06,5.99919e+06,17948.3,688.403,52591.1,1.06296e+06,4.05985e+06,270738,1.019e+08,18.99,0.705886,17.6312,1.34095
0,340,4.56323e+06,9269.34,274.325,9.98555e+06,5.98861e+06,17990.5,698.347,51143.7,1.06154e+06,4.05025e+06,263554,1.01915e+08,19.0426,0.715813,16.0524,0
0,341,4.56525e+06,9300.21,278.198,1.00018e+07,5.97794e+06,18030.2,708.66,49789.7,1.06041e+06,4.04169e+06,256847,1.01928e+08,19.0933,0.726142,26.0913,1.24702
0,342,4.56722e+06,9329.26,282.195,1.00178e+07,5.96719e+06,18066.3,719.298,48524.8,1.05953e+06,4.03406e+06,250597,1.0194e+08,19.1409,0.736826,21.4987,0
0,343,4.56913e+06,9355.91,286.301,1.00336e+07,5.95635e+06,18097.8,730.226,47344.6,1.05889e+06,4.02728e+06,244781,1.0195e+08,19.1841,0.747824,17.9371,1.85609
0,344,4.57099e+06,9379.66,290.504,1.00493e+07,5.94544e+06,18123.5,741.412,46245.3,1.05845e+06,4.02124e+06,239381,1.0196e+08,19.2218,0.759101,15.7157,1.5673
0,345,4.57282e+06,9400.04,294.794,1.00648e+07,5.93448e+06,18142.7,752.83,45223,1.05819e+06,4.01582e+06,234376,1.01968e+08,19.253,0.770627,20.3357,1.97806
0,346,4.57461e+06,9416.7,299.162,1.00801e+07,5.92346e+06,18154.7,764.461,44274,1.05807e+06,4.01091e+06,229747,1.01975e+08,19.277,0.782378,15.2829,1.04209
0,347,4.57637e+06,9429.35,303.603,1.00954e+07,5.91239e+06,18158.9,776.291,43394.8,1.05806e+06,4.0064e+06,225478,1.01982e+08,19.2929,0.794338,16.7927,1.03921
0,348,4.57811e+06,9437.78,308.114,1.01106e+07,5.90129e+06,18155,788.313,42582,1.05814e+06,4.00218e+06,221550,1.01988e+08,19.3004,0.806495,17.8282,0
0,349,4.57984e+06,9441.88,312.696,1.01257e+07,5.89016e+06,18142.7,800.526,41832.4,1.05826e+06,3.99813e+06,217949,1.01993e+08,19.2991,0.818845,22.0977,1.88567
0,350,4.58157e+06,9441.62,317.35,1.01407e+07,5.87901e+06,18122,812.939,41143,1.05841e+06,3.99415e+06,214658,1.01998e+08,19.2889,0.831393,18.7127,0.444589
0,351,4.5833e+06,9437.04,322.082,1.01558e+07,5.86785e+06,18093,825.564,40511,1.05856e+06,3.99014e+06,211663,1.02003e+08,19.2698,0.844149,16.1243,1.57035
0,352,4.58504e+06,9428.29,326.901,1.01708e+07,5.85669e+06,18056,838.421,39933.6,1.05868e+06,3.98602e+06,208951,1.02007e+08,19.2421,0.857129,17.8067,0.282002
0,353,4.5868e+06,9415.56,331.816,1.01859e+07,5.84554e+06,18011.4,851.538,39408.6,1.05875e+06,3.9817e+06,206509,1.02012e+08,19.206,0.870359,17.8809,1.28888
0,354,4.58859e+06,9399.13,336.84,1.0201e+07,5.83439e+06,17959.7,864.948,38933.4,1.05875e+06,3.9771e+06,204327,1.02016e+08,19.1621,0.88387,12.8229,0.798055
0,355,4.59041e+06,9379.34,341.99,1.02161e+07,5.82327e+06,17901.7,878.691,38506.2,1.05866e+06,3.97218e+06,202393,1.0202e+08,19.1109,0.897699,19.87,0.851813
0,356,4.59227e+06,9356.57,347.283,1.02313e+07,5.81216e+06,17837.9,892.812,38124.9,1.05847e+06,3.96687e+06,200699,1.02025e+08,19.0534,0.911891,23.5953,0.505637
0,357,4.59418e+06,9331.24,352.739,1.02465e+07,5.80109e+06,17769.4,907.363,37787.8,1.05817e+06,3.96114e+06,199235,1.02029e+08,18.9902,0.926495,19.7465,0.933021
0,358,4.59612e+06,9303.81,358.379,1.02617e+07,5.79005e+06,17696.8,922.399,37493.4,1.05775e+06,3.95497e+06,197994,1.02034e+08,18.9223,0.941567,19.8063,2.80632
0,359,4.59812e+06,9274.77,364.227,1.0277e+07,5.77905e+06,17621.3,937.982,37240.4,1.05721e+06,3.94834e+06,196970,1.02039e+08,18.8507,0.957166,14.1448,0
0,360,4.60017e+06,9244.61,370.309,1.02923e+07,5.76808e+06,17543.6,954.176,37027.6,1.05653e+06,3.94125e+06,196157,1.02044e+08,18.7763,0.973357,22.5472,1.75257
0,361,4.60227e+06,9213.81,376.65,1.03077e+07,5.75716e+06,17464.9,971.049,36854,1.05574e+06,3.9337e+06,195551,1.02049e+08,18.7002,0.990209,14.9397,1.24339
0,362,4.60442e+06,9182.87,383.279,1.03231e+07,5.74628e+06,17385.9,988.673,36718.9,1.05483e+06,3.92572e+06,195148,1.02055e+08,18.6234,1.00779,12.995,1.63518
0,363,4.60662e+06,9152.26,390.224,1.03386e+07,5.73544e+06,17307.6,1007.12,36621.5,1.0538e+06,3.91733e+06,194945,1.0206e+08,18.5468,1.02619,16.8774,0
0,364,4.60886e+06,9122.42,397.514,1.0354e+07,5.72465e+06,17230.8,1026.48,36561.5,1.05267e+06,3.90857e+06,194940,1.02066e+08,18.4713,1.04546,21.1804,0.834521
0,365,4.61115e+06,9093.77,405.179,1.03695e+07,5.7139e+06,17156.4,1046.81,36538.5,1.05145e+06,3.89949e+06,195134,1.02072e+08,18.3979,1.0657,16.5769,0.830084
0,366,4.61349e+06,9066.69,413.249,1.0385e+07,5.70319e+06,17085,1068.2,36552.4,1.05015e+06,3.89013e+06,195524,1.02078e+08,18.3274,1.08699,19.6613,1.09703
0,367,4.61585e+06,9041.52,421.756,1.04004e+07,5.69253e+06,17017.3,1090.73,36603.2,1.04879e+06,3.88054e+06,196113,1.02083e+08,18.2604,1.1094,21.8306,0
0,368,4.61825e+06,9018.55,430.729,1.04158e+07,5.6819e+06,16953.8,1114.48,36691.1,1.04738e+06,3.87079e+06,196902,1.02089e+08,18.1976,1.13303,19.9768,1.98535
0,369,4.62067e+06,8998.01,440.199,1.04312e+07,5.67131e+06,16895,1139.53,36816.2,1.04594e+06,3.86093e+06,197892,1.02094e+08,18.1396,1.15794,22.2439,3.15349
0,370,4.62312e+06,8980.1,450.197,1.04465e+07,5.66076e+06,16841.2,1165.96,36979.1,1.04448e+06,3.85103e+06,199087,1.021e+08,18.0867,1.18422,16.7478,1.38868
0,371,4.62557e+06,8964.95,460.751,1.04618e+07,5.65023e+06,16792.6,1193.85,37180.1,1.04303e+06,3.84115e+06,200490,1.02104e+08,18.0393,1.21196,15.3709,0.487626
0,372,4.62803e+06,8952.62,471.891,1.0477e+07,5.63974e+06,16749.4,1223.27,37419.9,1.04159e+06,3.83135e+06,202105,1.02109e+08,17.9976,1.24123,23.1034,2.13784
0,373,4.63049e+06,8943.15,483.644,1.0492e+07,5.62927e+06,16711.7,1254.3,37699.3,1.04019e+06,3.82168e+06,203937,1.02113e+08,17.9617,1.27212,18.183,2.66457
0,374,4.63295e+06,8936.48,496.039,1.0507e+07,5.61882e+06,16679.3,1287.02,38018.9,1.03883e+06,3.8122e+06,205991,1.02117e+08,17.9315,1.30468,9.91428,0.377321
0,375,4.63538e+06,8932.52,509.101,1.05219e+07,5.60839e+06,16652,1321.49,38379.7,1.03754e+06,3.80296e+06,208272,1.0212e+08,17.907,1.33901,17.7271,0.791439
0,376,4.6378e+06,8931.11,522.854,1.05366e+07,5.59798e+06,16629.6,1357.77,38782.6,1.03632e+06,3.794e+06,210785,1.02123e+08,17.8878,1.37516,20.9297,2.28716
0,377,4.64019e+06,8932.06,537.322,1.05512e+07,5.58759e+06,16611.7,1395.94,39228.6,1.03519e+06,3.78536e+06,213539,1.02125e+08,17.8735,1.41321,14.9876,2.6744
0,378,4.64255e+06,8935.09,552.526,1.05657e+07,5.5772e+06,16597.7,1436.05,39718.7,1.03414e+06,3.77707e+06,216537,1.02127e+08,17.8638,1.45321,17.7362,1.72832
0,379,4.64487e+06,8939.9,568.485,1.058e+07,5.56684e+06,16587.2,1478.16,40253.9,1.0332e+06,3.76915e+06,219788,1.02128e+08,17.858,1.49522,17.7568,1.42596
0,380,4.64715e+06,8946.15,585.218,1.05942e+07,5.55648e+06,16579.4,1522.3,40835.4,1.03236e+06,3.76161e+06,223298,1.02128e+08,17.8555,1.53929,16.4949,2.01343
0,381,4.64939e+06,8953.45,602.741,1.06083e+07,5.54613e+06,16573.6,1568.54,41464.2,1.03163e+06,3.75446e+06,227073,1.02128e+08,17.8556,1.58548,18.5408,1.41061
0,382,4.65157e+06,8961.37,621.066,1.06222e+07,5.53579e+06,16569.2,1616.9,42141.4,1.03099e+06,3.7477e+06,231121,1.02127e+08,17.8574,1.63382,21.205,4.80113
0,383,4.65371e+06,8969.46,640.207,1.0636e+07,5.52546e+06,16565.1,1667.43,42868.2,1.03046e+06,3.74131e+06,235448,1.02125e+08,17.8601,1.68434,18.6915,0.630534
0,384,4.65579e+06,8977.26,660.173,1.06496e+07,5.51514e+06,16560.6,1720.14,43645.5,1.03002e+06,3.73526e+06,240061,1.02123e+08,17.8628,1.73709,11.3935,3.45109
0,385,4.65782e+06,8984.28,680.971,1.06631e+07,5.50483e+06,16554.8,1775.08,44474.5,1.02967e+06,3.72954e+06,244967,1.0212e+08,17.8644,1.79209,14.7235,1.84145
0,386,4.65979e+06,8990.03,702.61,1.06764e+07,5.49454e+06,16546.8,1832.25,45356.1,1.02939e+06,3.72409e+06,250172,1.02117e+08,17.8642,1.84936,23.7029,3.41694
0,387,4.66172e+06,8994.04,725.094,1.06897e+07,5.48426e+06,16535.7,1891.67,46291.4,1.02916e+06,3.71886e+06,255682,1.02113e+08,17.861,1.90892,23.5712,1.26098
0,388,4.66359e+06,8995.81,748.428,1.07028e+07,5.474e+06,16520.7,1953.37,47281.3,1.02899e+06,3.71381e+06,261504,1.02109e+08,17.8539,1.97078,17.9626,2.77238
0,389,4.66542e+06,8994.9,772.617,1.07159e+07,5.46377e+06,16500.8,2017.35,48326.7,1.02883e+06,3.70887e+06,267644,1.02104e+08,17.8421,2.03497,18.0307,3.37823
0,390,4.66721e+06,8990.88,797.665,1.07289e+07,5.45356e+06,16475.5,2083.63,49428.4,1.02869e+06,3.70398e+06,274106,1.02099e+08,17.8246,2.10148,13.6565,0.368101
0,391,4.66896e+06,8983.37,823.577,1.07418e+07,5.44339e+06,16443.8,2152.23,50587.4,1.02853e+06,3.69905e+06,280897,1.02093e+08,17.8007,2.17035,21.1802,1.35981
0,392,4.67067e+06,8972,850.36,1.07546e+07,5.43326e+06,16405.3,2223.17,51804.4,1.02834e+06,3.69401e+06,288022,1.02088e+08,17.7696,2.24159,22.6157,2.01143
0,393,4.67236e+06,8956.5,878.025,1.07674e+07,5.42316e+06,16359.5,2296.47,53080.3,1.02809e+06,3.68878e+06,295487,1.02082e+08,17.7308,2.31522,21.0613,2.28269
0,394,4.67403e+06,8936.62,906.583,1.07802e+07,5.41312e+06,16305.7,2372.18,54415.8,1.02776e+06,3.68329e+06,303297,1.02076e+08,17.6836,2.39127,14.6754,5.51995
0,395,4.67568e+06,8912.18,936.051,1.07929e+07,5.40313e+06,16243.9,2450.33,55811.8,1.02732e+06,3.67745e+06,311456,1.0207e+08,17.6277,2.46979,17.2867,4.73518
0,396,4.67732e+06,8883.07,966.453,1.08056e+07,5.3932e+06,16173.8,2531,57269.2,1.02676e+06,3.67118e+06,319973,1.02065e+08,17.5628,2.55083,21.3533,4.09897
0,397,4.67897e+06,8849.25,997.816,1.08184e+07,5.38334e+06,16095.3,2614.25,58788.9,1.02605e+06,3.66442e+06,328851,1.02059e+08,17.4888,2.63445,15.9989,2.62545
0,398,4.68061e+06,8810.73,1030.18,1.08311e+07,5.37355e+06,16008.4,2700.18,60371.9,1.02517e+06,3.65708e+06,338099,1.02054e+08,17.4057,2.72075,21.068,0.765007
0,399,4.68227e+06,8767.62,1063.58,1.08439e+07,5.36384e+06,15913.5,2788.9,62019.4,1.0241e+06,3.64911e+06,347723,1.02049e+08,17.3136,2.80984,19.4409,1.41197
0,400,4.68395e+06,8720.05,1098.07,1.08567e+07,5.35421e+06,15810.7,2880.57,63732.7,1.02283e+06,3.64044e+06,357732,1.02044e+08,17.2126,2.90184,27.1241,4.95671
0,401,4.68564e+06,8668.25,1133.73,1.08695e+07,5.34467e+06,15700.5,2975.33,65513.4,1.02134e+06,3.63103e+06,368135,1.02039e+08,17.1033,2.99691,16.7911,2.6932
0,402,4.68737e+06,8612.49,1170.61,1.08823e+07,5.33522e+06,15583.3,3073.4,67363.1,1.01961e+06,3.62082e+06,378944,1.02035e+08,16.9861,3.09523,16.1422,3.01769
0,403,4.68912e+06,8553.09,1208.82,1.08952e+07,5.32588e+06,15459.8,3175,69283.9,1.01764e+06,3.60979e+06,390170,1.02032e+08,16.8616,3.19703,15.097,3.4012
0,404,4.69091e+06,8490.4,1248.44,1.09081e+07,5.31663e+06,15330.7,3280.39,71278.1,1.01542e+06,3.59791e+06,401828,1.02028e+08,16.7305,3.30255,18.5894,3.04732
0,405,4.69273e+06,8424.84,1289.59,1.0921e+07,5.30749e+06,15196.6,3389.86,73348.5,1.01294e+06,3.58517e+06,413934,1.02025e+08,16.5936,3.41208,22.3178,2.56218
0,406,4.69459e+06,8356.81,1332.4,1.0934e+07,5.29845e+06,15058.4,3503.74,75498.1,1.0102e+06,3.57155e+06,426507,1.02023e+08,16.4515,3.52594,19.8289,8.866
0,407,4.69648e+06,8286.77,1377.01,1.09469e+07,5.28952e+06,14916.9,3622.42,77730.4,1.0072e+06,3.55707e+06,439568,1.02021e+08,16.3053,3.64448,12.0236,4.1713
0,408,4.69841e+06,8215.16,1423.56,1.09599e+07,5.28071e+06,14772.8,3746.29,80049.4,1.00395e+06,3.54173e+06,453141,1.02019e+08,16.1558,3.76812,13.9829,3.11025
0,409,4.70037e+06,8142.43,1472.24,1.09728e+07,5.272e+06,14627.1,3875.81,82459.8,1.00045e+06,3.52557e+06,467252,1.02017e+08,16.0039,3.89727,18.4547,3.45134
0,410,4.70236e+06,8069.03,1523.23,1.09857e+07,5.26341e+06,14480.5,4011.47,84966.5,996697,3.5086e+06,481933,1.02016e+08,15.8505,4.03244,12.3813,2.44248
0,411,4.70437e+06,7995.39,1576.73,1.09986e+07,5.25493e+06,14333.8,4153.81,87575.4,992717,3.49086e+06,497217,1.02015e+08,15.6964,4.17413,13.4314,5.21728
0,412,4.7064e+06,7921.9,1632.95,1.10113e+07,5.24655e+06,14187.7,4303.39,90292.7,988515,3.47241e+06,513142,1.02014e+08,15.5425,4.32292,15.0846,3.68879
0,413,4.70843e+06,7848.94,1692.14,1.1024e+07,5.23828e+06,14042.9,4460.83,93125.6,984107,3.45328e+06,529749,1.02013e+08,15.3894,4.47941,11.3329,5.21218
0,414,4.71047e+06,7776.85,1754.52,1.10366e+07,5.23012e+06,13900,4626.8,96081.7,979507,3.43354e+06,547084,1.02011e+08,15.2381,4.64426,14.8951,5.84798
0,415,4.71249e+06,7705.92,1820.38,1.1049e+07,5.22206e+06,13759.6,4801.98,99169.5,974731,3.41325e+06,565197,1.0201e+08,15.0889,4.81815,16.1867,8.14248
0,416,4.71449e+06,7636.4,1889.98,1.10613e+07,5.2141e+06,13622.1,4987.1,102398,969796,3.39246e+06,584142,1.02008e+08,14.9426,5.0018,13.6338,2.66008
0,417,4.71646e+06,7568.49,1963.6,1.10734e+07,5.20624e+06,13487.9,5182.95,105778,964719,3.37123e+06,603979,1.02006e+08,14.7994,5.196,13.8902,5.63807
0,418,4.71839e+06,7502.34,2041.56,1.10852e+07,5.19847e+06,13357.2,5390.31,109319,959519,3.34963e+06,624770,1.02004e+08,14.6599,5.40152,17.5141,8.84667
0,419,4.72025e+06,7438.03,2124.15,1.10969e+07,5.19078e+06,13230.2,5610.02,113034,954211,3.32772e+06,646585,1.02e+08,14.5241,5.61922,12.9184,6.83227
0,420,4.72204e+06,7375.6,2211.7,1.11082e+07,5.18318e+06,13107,5842.93,116934,948813,3.30555e+06,669497,1.01996e+08,14.3923,5.84993,15.6078,7.61933
0,421,4.72374e+06,7315.02,2304.53,1.11193e+07,5.17565e+06,12987.5,6089.9,121034,943341,3.28319e+06,693582,1.01992e+08,14.2643,6.09454,14.0563,6.21199
0,422,4.72534e+06,7256.2,2402.96,1.11301e+07,5.1682e+06,12871.5,6351.82,125346,937808,3.26069e+06,718923,1.01986e+08,14.1403,6.35393,15.9966,8.72373
0,423,4.72681e+06,7199,2507.32,1.11405e+07,5.16082e+06,12758.9,6629.57,129885,932228,3.23808e+06,745607,1.01979e+08,14.0198,6.629,11.5317,6.6343
0,424,4.72815e+06,7143.2,2617.93,1.11505e+07,5.15351e+06,12649.3,6924,134667,926612,3.21541e+06,773723,1.0197e+08,13.9026,6.92063,20.2942,4.74653
0,425,4.72932e+06,7088.54,2735.09,1.11602e+07,5.14626e+06,12542.2,7235.97,139707,920968,3.19271e+06,803366,1.01961e+08,13.7882,7.22969,12.4157,3.73699
0,426,4.73033e+06,7034.71,2859.1,1.11694e+07,5.13907e+06,12437,7566.28,145022,915305,3.17001e+06,834632,1.0195e+08,13.676,7.55701,10.0723,3.20638
0,427,4.73115e+06,6981.33,2990.23,1.11782e+07,5.13193e+06,12333.2,7915.68,150628,909625,3.14732e+06,867620,1.01937e+08,13.5655,7.90339,12.0802,2.55554
0,428,4.73176e+06,6927.98,3128.71,1.11866e+07,5.12486e+06,12230,8284.84,156543,903930,3.12465e+06,902431,1.01923e+08,13.4558,8.26954,8.02649,8.36852
0,429,4.73216e+06,6874.19,3274.76,1.11944e+07,5.11784e+06,12126.5,8674.36,162783,898220,3.102e+06,939167,1.01907e+08,13.3461,8.6561,12.2138,8.35296
0,430,4.73231e+06,6819.45,3428.53,1.12018e+07,5.11087e+06,12021.9,9084.69,169366,892490,3.07935e+06,977927,1.0189e+08,13.2355,9.06358,19.5498,8.73063
0,431,4.73221e+06,6763.23,3590.12,1.12087e+07,5.10396e+06,11915.4,9516.15,176308,886734,3.05668e+06,1.01881e+06,1.0187e+08,13.1229,9.49238,16.4434,5.42833
0,432,4.73185e+06,6704.96,3759.57,1.1215e+07,5.09711e+06,11805.8,9968.9,183625,880940,3.03396e+06,1.06191e+06,1.01849e+08,13.0074,9.94273,10.363,11.0548
0,433,4.73121e+06,6644.07,3936.84,1.12208e+07,5.09033e+06,11692.2,10442.9,191331,875097,3.01115e+06,1.10733e+06,1.01826e+08,12.8878,10.4147,20.1574,13.0167
0,434,4.73028e+06,6579.96,4121.81,1.12261e+07,5.08361e+06,11573.6,10937.9,199442,869187,2.98819e+06,1.15514e+06,1.01801e+08,12.7629,10.908,17.3667,12.2016
0,435,4.72905e+06,6512.07,4314.26,1.12308e+07,5.07697e+06,11449,11453.4,207969,863193,2.96502e+06,1.20541e+06,1.01774e+08,12.6318,11.4224,17.0772,2.88048
0,436,4.72751e+06,6439.83,4513.88,1.12349e+07,5.07042e+06,11317.5,11988.5,216924,857094,2.94158e+06,1.25822e+06,1.01745e+08,12.4933,11.9572,9.00092,12.9206
0,437,4.72565e+06,6362.7,4720.23,1.12385e+07,5.06397e+06,11178,12542.4,226313,850866,2.91778e+06,1.31361e+06,1.01714e+08,12.3463,12.5113,12.0603,13.1054
0,438,4.72348e+06,6280.19,4932.78,1.12415e+07,5.05763e+06,11029.7,13113.5,236144,844484,2.89354e+06,1.37162e+06,1.01682e+08,12.1899,13.0835,15.6551,15.3002
0,439,4.72099e+06,6191.88,5150.87,1.12439e+07,5.05141e+06,10871.9,13700.2,246419,837921,2.86878e+06,1.43227e+06,1.01648e+08,12.0232,13.6723,13.5976,10.7504
0,440,4.71818e+06,6097.38,5373.71,1.12458e+07,5.04534e+06,10704,14300.5,257137,831151,2.8434e+06,1.49556e+06,1.01612e+08,11.8454,14.2758,18.5962,12.3552
0,441,4.71505e+06,5996.43,5600.41,1.12471e+07,5.03943e+06,10525.4,14912,268294,824145,2.81731e+06,1.56145e+06,1.01575e+08,11.6559,14.8917,13.8229,18.218
0,442,4.71161e+06,5888.82,5829.95,1.12479e+07,5.0337e+06,10335.7,15532.1,279882,816875,2.79042e+06,1.62991e+06,1.01536e+08,11.4541,15.5174,15.9444,10.4816
0,443,4.70787e+06,5774.45,6061.22,1.12481e+07,5.02818e+06,10134.8,16158,291888,809313,2.76264e+06,1.70087e+06,1.01496e+08,11.2399,16.1502,12.6274,14.336
0,444,4.70384e+06,5653.35,6293.03,1.12478e+07,5.0229e+06,9922.66,16786.3,304296,801434,2.73388e+06,1.77421e+06,1.01456e+08,11.0131,16.7869,13.2869,17.3658
0,445,4.69953e+06,5525.63,6524.09,1.12469e+07,5.01788e+06,9699.49,17413.8,317083,793214,2.70407e+06,1.84983e+06,1.01414e+08,10.7738,17.4241,7.02073,24.6231
0,446,4.69496e+06,5391.54,6753.08,1.12456e+07,5.01314e+06,9465.66,18036.9,330223,784631,2.67312e+06,1.92755e+06,1.01372e+08,10.5223,18.0584,8.39307,15.6181
0,447,4.69015e+06,5251.43,6978.62,1.12437e+07,5.00873e+06,9221.74,18651.9,343687,775666,2.64099e+06,2.00721e+06,1.0133e+08,10.2593,18.6859,10.4372,19.2185
0,448,4.68511e+06,5105.75,7199.35,1.12414e+07,5.00466e+06,8968.47,19255.1,357439,766304,2.60761e+06,2.08859e+06,1.01288e+08,9.98534,19.3031,10.2434,15.918
0,449,4.67988e+06,4955.07,7413.92,1.12386e+07,5.00098e+06,8706.8,19842.9,371439,756534,2.57295e+06,2.17147e+06,1.01245e+08,9.70149,19.906,12.4089,22.8774
0,450,4.67447e+06,4800.02,7621.03,1.12354e+07,4.99771e+06,8437.78,20411.6,385646,746348,2.537e+06,2.25558e+06,1.01204e+08,9.40884,20.4912,11.333,15.9388
0,451,4.66891e+06,4641.35,7819.44,1.12318e+07,4.99488e+06,8162.64,20958,400012,735745,2.49973e+06,2.34065e+06,1.01163e+08,9.10868,21.055,11.6497,21.0163
0,452,4.66323e+06,4479.82,8008.01,1.12277e+07,4.99252e+06,7882.68,21478.7,414490,724727,2.46117e+06,2.4264e+06,1.01123e+08,8.80241,21.5941,5.34249,28.0628
0,453,4.65746e+06,4316.28,8185.75,1.12233e+07,4.99066e+06,7599.3,21971,429028,713301,2.42133e+06,2.51251e+06,1.01084e+08,8.49156,22.1055,4.34655,21.8014
0,454,4.65162e+06,4151.56,8351.78,1.12185e+07,4.98934e+06,7313.95,22432.5,443575,701480,2.38025e+06,2.59867e+06,1.01047e+08,8.1777,22.5865,10.5819,16.6547
0,455,4.64574e+06,3986.55,8505.39,1.12134e+07,4.98857e+06,7028.07,22860.9,458076,689279,2.33798e+06,2.68457e+06,1.01011e+08,7.86245,23.0349,11.3708,19.9609
0,456,4.63986e+06,3822.08,8646.03,1.12078e+07,4.98838e+06,6743.11,23254.8,472481,676720,2.29461e+06,2.76989e+06,1.00978e+08,7.54743,23.4488,8.13204,20.1005
0,457,4.63399e+06,3658.98,8773.36,1.1202e+07,4.98879e+06,6460.47,23612.8,486736,663828,2.25019e+06,2.85431e+06,1.00946e+08,7.23421,23.8268,6.73883,25.6657
0,458,4.62817e+06,3498.04,8887.17,1.11959e+07,4.98982e+06,6181.49,23934.4,500792,650631,2.20484e+06,2.93753e+06,1.00917e+08,6.92433,24.1681,9.04292,24.5252
0,459,4.62242e+06,3339.98,8987.46,1.11894e+07,4.99148e+06,5907.41,24219.3,514601,637160,2.15865e+06,3.01926e+06,1.0089e+08,6.61922,24.4722,8.20914,23.3059
0,460,4.61676e+06,3185.47,9074.37,1.11827e+07,4.99379e+06,5639.37,24467.8,528117,623451,2.11173e+06,3.09923e+06,1.00866e+08,6.32019,24.7392,5.54782,28.4222
0,461,4.61121e+06,3035.11,9148.23,1.11756e+07,4.99674e+06,5378.38,24680.5,541299,609538,2.06421e+06,3.17717e+06,1.00845e+08,6.02845,24.9696,2.78039,26.0768
0,462,4.6058e+06,2889.39,9209.49,1.11683e+07,5.00035e+06,5125.34,24858.5,554109,595460,2.0162e+06,3.25286e+06,1.00826e+08,5.74503,25.1644,2.22988,23.8526
0,463,4.60055e+06,2748.76,9258.7,1.11607e+07,5.00462e+06,4880.99,25003.2,566514,581254,1.96783e+06,3.3261e+06,1.00811e+08,5.47085,25.3247,7.97091,29.5322
0,464,4.59546e+06,2613.56,9296.56,1.11529e+07,5.00954e+06,4645.93,25116.3,578485,566960,1.91922e+06,3.39669e+06,1.00798e+08,5.20666,25.4524,7.27347,23.5961
0,465,4.59055e+06,2484.05,9323.82,1.11447e+07,5.01511e+06,4420.64,25199.7,589996,552616,1.87051e+06,3.4645e+06,1.00788e+08,4.95303,25.5491,4.02563,24.2396
0,466,4.58583e+06,2360.44,9341.3,1.11363e+07,5.02132e+06,4205.47,25255.5,601029,538260,1.8218e+06,3.52939e+06,1.00781e+08,4.71043,25.6171,1.26137,26.4653
0,467,4.58132e+06,2242.84,9349.85,1.11276e+07,5.02816e+06,4000.62,25286,611569,523929,1.77324e+06,3.59127e+06,1.00776e+08,4.47914,25.6586,2.87535,30.6236
0,468,4.57701e+06,2131.3,9350.36,1.11187e+07,5.0356e+06,3806.21,25293.5,621605,509657,1.72492e+06,3.65008e+06,1.00775e+08,4.25936,25.6758,7.65417,23.3998
0,469,4.57292e+06,2025.81,9343.7,1.11095e+07,5.04365e+06,3622.23,25280.3,631132,495478,1.67696e+06,3.70576e+06,1.00776e+08,4.05111,25.6712,4.02563,26.9242
0,470,4.56904e+06,1926.31,9330.73,1.11e+07,5.05227e+06,3448.6,25248.8,640146,481425,1.62946e+06,3.75831e+06,1.0078e+08,3.85435,25.6472,6.05106,25.6472
0,471,4.56538e+06,1832.71,9312.3,1.10903e+07,5.06144e+06,3285.14,25201.2,648651,467526,1.58251e+06,3.80773e+06,1.00786e+08,3.66894,25.606,4.31995,23.7312
0,472,4.56194e+06,1744.84,9289.19,1.10803e+07,5.07115e+06,3131.63,25139.5,656650,453808,1.53621e+06,3.85404e+06,1.00794e+08,3.49463,25.55,1.17887,25.55
0,473,4.55872e+06,1662.54,9262.13,1.107e+07,5.08136e+06,2987.77,25065.9,664154,440297,1.49063e+06,3.89729e+06,1.00805e+08,3.33114,25.4811,3.68306,25.4811
0,474,4.55571e+06,1585.61,9231.81,1.10594e+07,5.09207e+06,2853.23,24982.2,671171,427013,1.44585e+06,3.93754e+06,1.00818e+08,3.17811,25.4014,3.88254,25.4014
0,475,4.55291e+06,1513.83,9198.83,1.10486e+07,5.10323e+06,2727.64,24890,677716,413978,1.40192e+06,3.97486e+06,1.00832e+08,3.03515,25.3126,3.94465,25.3126
0,476,4.55032e+06,1446.97,9163.72,1.10374e+07,5.11483e+06,2610.62,24790.8,683803,401208,1.35891e+06,4.00934e+06,1.00849e+08,2.90185,25.2163,1.59241,25.2163
0,477,4.54793e+06,1384.79,9126.94,1.10261e+07,5.12683e+06,2501.76,24685.9,689449,388718,1.31687e+06,4.04108e+06,1.00867e+08,2.77775,25.1139,2.71389,25.1139
0,478,4.54573e+06,1327.05,9088.88,1.10144e+07,5.13923e+06,2400.64,24576.3,694669,376522,1.27583e+06,4.07016e+06,1.00886e+08,2.6624,25.0066,2.61348,25.0066
0,479,4.54373e+06,1273.49,9049.85,1.10025e+07,5.15199e+06,2306.85,24463,699481,364629,1.23582e+06,4.0967e+06,1.00907e+08,2.55534,24.8954,0.242152,24.8954
0,480,4.54191e+06,1223.88,9010.08,1.09903e+07,5.16508e+06,2219.97,24346.7,703905,353049,1.19689e+06,4.12079e+06,1.0093e+08,2.45611,24.7811,2.92755,24.7811
0,481,4.54027e+06,1177.98,8969.74,1.09778e+07,5.17849e+06,2139.59,24227.8,707956,341788,1.15904e+06,4.14254e+06,1.00953e+08,2.36424,24.6642,2.23435,24.6642
0,482,4.5388e+06,1135.56,8928.95,1.09651e+07,5.19219e+06,2065.33,24106.6,711652,330851,1.12229e+06,4.16206e+06,1.00977e+08,2.27931,24.5451,1.97608,24.5451
0,483,4.5375e+06,1096.4,8887.73,1.09521e+07,5.20617e+06,1996.8,23983.5,715010,320240,1.08666e+06,4.17943e+06,1.01003e+08,2.20087,24.4242,1.6748,24.4242
0,484,4.53636e+06,1060.29,8846.09,1.09388e+07,5.2204e+06,1933.62,23858.2,718045,309959,1.05214e+06,4.19476e+06,1.01029e+08,2.1285,24.3014,3.46932,24.3014
0,485,4.53539e+06,1027.01,8803.97,1.09253e+07,5.23487e+06,1875.46,23730.9,720772,300007,1.01874e+06,4.20813e+06,1.01056e+08,2.06183,24.1768,2.09694,24.1768
0,486,4.53457e+06,996.384,8761.27,1.09116e+07,5.24955e+06,1821.98,23601.1,723204,290384,986453,4.21963e+06,1.01083e+08,2.00046,24.0501,2.81996,25.4945
0,487,4.5339e+06,968.228,8717.87,1.08977e+07,5.26444e+06,1772.87,23468.7,725353,281088,955276,4.22932e+06,1.01111e+08,1.94405,23.9211,2.61802,25.2989
0,488,4.53338e+06,942.372,8673.61,1.08835e+07,5.27952e+06,1727.83,23333.3,727231,272116,925197,4.23728e+06,1.0114e+08,1.89225,23.7894,4.21429,23.7894
0,489,4.53301e+06,918.66,8628.31,1.08692e+07,5.29476e+06,1686.59,23194.5,728846,263464,896203,4.24356e+06,1.01169e+08,1.84476,23.6546,0,19.5211
0,490,4.53278e+06,896.943,8581.81,1.08546e+07,5.31017e+06,1648.9,23051.7,730206,255127,868279,4.24821e+06,1.01198e+08,1.80129,23.5163,1.4494,17.2523
0,491,4.5327e+06,877.089,8533.92,1.08399e+07,5.32574e+06,1614.51,22904.7,731318,247102,841408,4.25127e+06,1.01229e+08,1.76156,23.3739,2.91269,20.572
0,492,4.53277e+06,858.972,8484.45,1.0825e+07,5.34144e+06,1583.23,22752.8,732188,239382,815571,4.2528e+06,1.01259e+08,1.72534,23.2271,0.566525,26.4089
0,493,4.53298e+06,842.479,8433.25,1.08099e+07,5.35727e+06,1554.84,22595.8,732820,231962,790749,4.2528e+06,1.0129e+08,1.69238,23.0754,0.607344,23.1429
0,494,4.53334e+06,827.506,8380.16,1.07947e+07,5.37323e+06,1529.17,22433.3,733217,224835,766920,4.25132e+06,1.01321e+08,1.66248,22.9183,1.16968,16.5223
0,495,4.53385e+06,813.962,8325.07,1.07794e+07,5.3893e+06,1506.06,22264.9,733382,217994,744061,4.24836e+06,1.01353e+08,1.63546,22.7556,0,17.6349
0,496,4.53452e+06,801.762,8267.87,1.0764e+07,5.40547e+06,1485.35,22090.5,733316,211433,722151,4.24396e+06,1.01385e+08,1.61114,22.587,1.5448,22.4807
0,497,4.53533e+06,790.833,8208.51,1.07485e+07,5.42175e+06,1466.93,21910,733020,205146,701166,4.23812e+06,1.01418e+08,1.58938,22.4123,1.28178,23.5823
0,498,4.5363e+06,781.109,8146.97,1.07329e+07,5.43812e+06,1450.68,21723.3,732497,199124,681083,4.23085e+06,1.01451e+08,1.57004,22.2314,3.07753,23.4326
0,499,4.53743e+06,772.535,8083.27,1.07173e+07,5.45457e+06,1436.49,21530.6,731747,193361,661878,4.22218e+06,1.01484e+08,1.553,22.0444,0,21.6481
0,500,4.53871e+06,765.061,8017.47,1.07016e+07,5.47111e+06,1424.3,21332,730770,187851,643530,4.21211e+06,1.01518e+08,1.53817,21.8514,1.73678,26.5914
0,501,4.54016e+06,758.649,7949.66,1.06858e+07,5.48771e+06,1414.03,21127.8,729569,182586,626015,4.20066e+06,1.01552e+08,1.52546,21.6526,2.06497,18.9053
0,502,4.54178e+06,753.267,7879.99,1.06701e+07,5.50439e+06,1405.62,20918.6,728145,177561,609311,4.18785e+06,1.01586e+08,1.51481,21.4484,1.84509,17.6542
0,503,4.54355e+06,748.888,7808.64,1.06543e+07,5.52112e+06,1399.04,20704.7,726501,172767,593397,4.17371e+06,1.01621e+08,1.50616,21.2393,3.19786,22.2579
0,504,4.5455e+06,745.495,7735.84,1.06386e+07,5.5379e+06,1394.26,20486.9,724640,168200,578252,4.15825e+06,1.01657e+08,1.49947,21.0258,0.401335,32.9261
0,505,4.54761e+06,743.077,7661.82,1.06228e+07,5.55473e+06,1391.26,20265.7,722566,163853,563856,4.14152e+06,1.01692e+08,1.49471,20.8087,0.0748957,21.7222
0,506,4.54989e+06,741.63,7586.88,1.06071e+07,5.57159e+06,1390.04,20042.1,720285,159721,550190,4.12355e+06,1.01728e+08,1.49188,20.5886,0.862021,25.5759
0,507,4.55234e+06,741.154,7511.32,1.05914e+07,5.58847e+06,1390.6,19816.9,717803,155797,537237,4.10438e+06,1.01765e+08,1.49098,20.3664,0,18.5638
0,508,4.55495e+06,741.659,7435.47,1.05758e+07,5.60537e+06,1392.97,19590.9,715128,152077,524980,4.08407e+06,1.01801e+08,1.49201,20.143,0.677901,23.2209
0,509,4.55773e+06,743.157,7359.67,1.05602e+07,5.62228e+06,1397.18,19365.1,712267,148556,513402,4.06268e+06,1.01838e+08,1.49501,19.9193,2.14865,18.4097
0,510,4.56067e+06,745.669,7284.27,1.05446e+07,5.63918e+06,1403.26,19140.4,709232,145230,502490,4.04027e+06,1.01875e+08,1.50001,19.6962,1.97849,12.757
0,511,4.56376e+06,749.219,7209.63,1.05291e+07,5.65607e+06,1411.28,18917.9,706033,142094,492231,4.01691e+06,1.01912e+08,1.50706,19.4748,1.28377,20.2396
0,512,4.567e+06,753.837,7136.11,1.05136e+07,5.67294e+06,1421.28,18698.4,702683,139145,482613,3.99267e+06,1.01949e+08,1.51621,19.256,0.777713,16.7707
0,513,4.57039e+06,759.561,7064.05,1.04983e+07,5.68976e+06,1433.35,18482.9,699194,136379,473626,3.96764e+06,1.01986e+08,1.52754,19.0408,0.960791,15.3188
0,514,4.57392e+06,766.431,6993.8,1.04829e+07,5.70654e+06,1447.56,18272.4,695581,133794,465260,3.9419e+06,1.02023e+08,1.54113,18.8301,2.04774,13.0727
0,515,4.57759e+06,774.494,6925.68,1.04676e+07,5.72325e+06,1464.02,18067.6,691859,131386,457509,3.91555e+06,1.02059e+08,1.55707,18.6249,3.74717,18.8253
0,516,4.58138e+06,783.802,6860,1.04524e+07,5.73989e+06,1482.81,17869.4,688043,129154,450366,3.88867e+06,1.02096e+08,1.57546,18.4259,2.99318,17.8878
0,517,4.58528e+06,794.413,6797.03,1.04372e+07,5.75645e+06,1504.06,17678.5,684151,127097,443827,3.86137e+06,1.02132e+08,1.59643,18.2339,1.66077,19.6971
0,518,4.58929e+06,806.391,6737.05,1.04221e+07,5.7729e+06,1527.9,17495.6,680198,125212,437890,3.83374e+06,1.02167e+08,1.62008,18.0498,0.467047,19.8455
0,519,4.59341e+06,819.803,6680.27,1.0407e+07,5.78925e+06,1554.44,17321.2,676201,123499,432552,3.80589e+06,1.02202e+08,1.64657,17.8741,2.08895,20.187
0,520,4.5976e+06,834.725,6626.89,1.0392e+07,5.80548e+06,1583.85,17155.9,672179,121958,427816,3.77791e+06,1.02236e+08,1.67604,17.7073,1.52995,14.2193
0,521,4.60188e+06,851.236,6577.08,1.03769e+07,5.82157e+06,1616.28,17000.2,668148,120588,423682,3.7499e+06,1.0227e+08,1.70865,17.5501,2.19211,16.0071
0,522,4.60622e+06,869.422,6530.97,1.03619e+07,5.83752e+06,1651.9,16854.2,664125,119391,420156,3.72195e+06,1.02302e+08,1.74456,17.4027,2.24613,15.4861
0,523,4.61062e+06,889.374,6488.64,1.03469e+07,5.85332e+06,1690.88,16718.2,660126,118367,417242,3.69417e+06,1.02334e+08,1.78398,17.2654,3.32459,22.1618
0,524,4.61505e+06,911.191,6450.16,1.03319e+07,5.86895e+06,1733.41,16592.4,656169,117519,414948,3.66665e+06,1.02364e+08,1.82708,17.1385,1.44843,12.7292
0,525,4.61952e+06,934.975,6415.55,1.03169e+07,5.88441e+06,1779.71,16476.8,652268,116847,413284,3.63946e+06,1.02394e+08,1.87408,17.0219,3.40092,22.9813
0,526,4.624e+06,960.837,6384.78,1.03019e+07,5.89968e+06,1829.98,16371.3,648438,116355,412261,3.6127e+06,1.02422e+08,1.9252,16.9158,0.125944,21.5077
0,527,4.62849e+06,988.892,6357.78,1.02869e+07,5.91477e+06,1884.45,16275.8,644693,116045,411891,3.58644e+06,1.02449e+08,1.98067,16.8199,0.977232,20.0664
0,528,4.63297e+06,1019.26,6334.47,1.02718e+07,5.92965e+06,1943.36,16189.9,641046,115921,412191,3.56075e+06,1.02475e+08,2.04074,16.734,3.19103,14.7296
0,529,4.63743e+06,1052.07,6314.7,1.02567e+07,5.94433e+06,2006.96,16113.2,637508,115988,413177,3.53569e+06,1.02499e+08,2.10566,16.6578,1.61005,21.38
0,530,4.64186e+06,1087.45,6298.28,1.02416e+07,5.9588e+06,2075.5,16045.4,634089,116249,414868,3.51132e+06,1.02521e+08,2.1757,16.5909,3.17961,12.6382
0,531,4.64624e+06,1125.55,6285,1.02264e+07,5.97306e+06,2149.26,15985.7,630797,116711,417284,3.48769e+06,1.02542e+08,2.25114,16.5327,1.54506,25.711
0,532,4.65056e+06,1166.49,6274.59,1.02111e+07,5.98709e+06,2228.51,15933.6,627641,117378,420450,3.46483e+06,1.02562e+08,2.33228,16.4826,3.65207,14.8316
0,533,4.65482e+06,1210.44,6266.76,1.01958e+07,6.0009e+06,2313.54,15888.3,624625,118256,424390,3.44277e+06,1.02579e+08,2.4194,16.4398,1.87819,12.5605
0,534,4.659e+06,1257.53,6261.18,1.01804e+07,6.01449e+06,2404.66,15848.8,621752,119353,429130,3.42153e+06,1.02595e+08,2.51283,16.4035,2.53856,12.0696
0,535,4.66309e+06,1307.92,6257.46,1.01649e+07,6.02785e+06,2502.15,15814.4,619025,120676,434700,3.40112e+06,1.02609e+08,2.61286,16.3727,2.60824,17.041
0,536,4.66708e+06,1361.77,6255.21,1.01493e+07,6.04098e+06,2606.33,15783.8,616443,122231,441131,3.38153e+06,1.02622e+08,2.71983,16.3465,6.38704,14.8111
0,537,4.67097e+06,1419.22,6253.98,1.01336e+07,6.05389e+06,2717.5,15756.1,614004,124028,448454,3.36275e+06,1.02632e+08,2.83405,16.3237,4.96189,14.8917
0,538,4.67473e+06,1480.45,6253.32,1.01178e+07,6.06657e+06,2835.98,15730,611703,126074,456704,3.34477e+06,1.02641e+08,2.95585,16.3032,4.62012,13.5698
0,539,4.67837e+06,1545.59,6252.73,1.0102e+07,6.07902e+06,2962.07,15704.4,609535,128380,465917,3.32754e+06,1.02648e+08,3.08556,16.2837,5.3868,18.3102
0,540,4.68188e+06,1614.81,6251.71,1.0086e+07,6.09126e+06,3096.09,15678,607491,130953,476130,3.31101e+06,1.02653e+08,3.2235,16.2639,3.34654,20.6367
0,541,4.68525e+06,1688.25,6249.73,1.00699e+07,6.10328e+06,3238.32,15649.6,605561,133804,487382,3.29514e+06,1.02656e+08,3.36999,16.2426,2.51307,18.8134
0,542,4.68848e+06,1766.06,6246.26,1.00538e+07,6.11508e+06,3389.08,15617.7,603731,136942,499713,3.27986e+06,1.02658e+08,3.52534,16.2183,3.53435,19.9309
0,543,4.69156e+06,1848.39,6240.78,1.00375e+07,6.12668e+06,3548.65,15581.1,601989,140379,513163,3.26509e+06,1.02658e+08,3.68986,16.1897,6.45437,23.3914
0,544,4.69448e+06,1935.36,6232.75,1.00212e+07,6.13807e+06,3717.3,15538.5,600317,144123,527776,3.25074e+06,1.02656e+08,3.86384,16.1555,4.41501,17.3094
0,545,4.69725e+06,2027.11,6221.64,1.00048e+07,6.14927e+06,3895.3,15488.7,598699,148186,543593,3.23672e+06,1.02653e+08,4.04757,16.1143,1.81966,14.6483
0,546,4.69987e+06,2123.75,6206.98,9.98824e+06,6.16027e+06,4082.91,15430.4,597115,152579,560658,3.22294e+06,1.02647e+08,4.24131,16.0648,8.00754,16.4751
0,547,4.70233e+06,2225.41,6188.27,9.97165e+06,6.17109e+06,4280.36,15362.5,595543,157312,579014,3.20928e+06,1.02641e+08,4.44533,16.0058,6.95428,14.379
0,548,4.70462e+06,2332.19,6165.09,9.955e+06,6.18173e+06,4487.89,15284.1,593964,162396,598706,3.19563e+06,1.02633e+08,4.65985,15.9361,0.752531,22.7105
0,549,4.70676e+06,2444.2,6137.03,9.93829e+06,6.19219e+06,4705.7,15194.1,592354,167842,619776,3.18187e+06,1.02623e+08,4.88512,15.8548,7.01204,18.3892
0,550,4.70875e+06,2561.51,6103.75,9.92154e+06,6.20248e+06,4934,15091.7,590690,173660,642269,3.16789e+06,1.02612e+08,5.12133,15.7608,2.43462,23.5155
0,551,4.71057e+06,2684.22,6064.95,9.90476e+06,6.21261e+06,5172.98,14976.3,588948,179861,666229,3.15356e+06,1.026e+08,5.3687,15.6534,12.297,21.107
0,552,4.71224e+06,2812.41,6020.38,9.88796e+06,6.22257e+06,5422.82,14847.2,587106,186455,691698,3.13877e+06,1.02587e+08,5.6274,15.532,4.33846,13.519
0,553,4.71376e+06,2946.16,5969.87,9.87115e+06,6.23238e+06,5683.68,14704.2,585140,193453,718720,3.1234e+06,1.02573e+08,5.89762,15.3959,6.92491,11.0933
0,554,4.71513e+06,3085.54,5913.3,9.85434e+06,6.24203e+06,5955.73,14547,583026,200865,747336,3.10733e+06,1.02558e+08,6.17952,15.245,7.41095,13.8838
0,555,4.71635e+06,3230.62,5850.64,9.83756e+06,6.25153e+06,6239.15,14375.5,580745,208701,777588,3.09045e+06,1.02541e+08,6.47327,15.079,6.18867,18.9288
0,556,4.71742e+06,3381.48,5781.89,9.8208e+06,6.26087e+06,6534.08,14189.8,578273,216970,809518,3.07266e+06,1.02524e+08,6.77904,14.8979,5.08398,14.6522
0,557,4.71834e+06,3538.18,5707.13,9.8041e+06,6.27006e+06,6840.71,13990.2,575593,225682,843167,3.05386e+06,1.02506e+08,7.097,14.702,7.29562,20.0834
0,558,4.71912e+06,3700.81,5626.52,9.78746e+06,6.27909e+06,7159.2,13777,572686,234848,878575,3.03397e+06,1.02487e+08,7.42731,14.4914,4.75909,17.8056
0,559,4.71975e+06,3869.45,5540.24,9.77089e+06,6.28795e+06,7489.75,13550.9,569536,244476,915783,3.01291e+06,1.02468e+08,7.77016,14.2667,5.06127,10.3528
0,560,4.72024e+06,4044.18,5448.56,9.75441e+06,6.29664e+06,7832.53,13312.3,566128,254575,954831,2.9906e+06,1.02448e+08,8.12573,14.0284,11.9242,16.674
0,561,4.72058e+06,4225.09,5351.76,9.73803e+06,6.30516e+06,8187.76,13062.2,562452,265156,995761,2.96699e+06,1.02427e+08,8.49423,13.7774,8.85464,9.91251
0,562,4.72077e+06,4412.29,5250.19,9.72176e+06,6.31348e+06,8555.65,12801.3,558496,276228,1.03861e+06,2.94204e+06,1.02405e+08,8.87587,13.5144,7.68913,9.47275
0,563,4.72081e+06,4605.86,5144.21,9.70562e+06,6.32161e+06,8936.42,12530.5,554253,287801,1.08343e+06,2.91571e+06,1.02383e+08,9.27087,13.2404,10.7509,14.2286
0,564,4.7207e+06,4805.91,5034.21,9.6896e+06,6.32953e+06,9330.3,12250.9,549718,299884,1.13024e+06,2.88798e+06,1.0236e+08,9.67946,12.9563,13.4433,15.9059
0,565,4.72042e+06,5012.55,4920.59,9.67374e+06,6.33723e+06,9737.5,11963.5,544887,312486,1.17911e+06,2.85884e+06,1.02336e+08,10.1019,12.6632,9.09435,14.2725
0,566,4.71997e+06,5225.86,4803.78,9.65802e+06,6.34468e+06,10158.2,11669.1,539759,325618,1.23006e+06,2.82829e+06,1.02311e+08,10.5383,12.3622,13.802,14.1282
0,567,4.71935e+06,5445.93,4684.18,9.64246e+06,6.35188e+06,10592.7,11369,534335,339290,1.28314e+06,2.79633e+06,1.02286e+08,10.989,12.0542,11.1971,14.1477
0,568,4.71855e+06,5672.82,4562.21,9.62708e+06,6.3588e+06,11041.1,11064,528617,353511,1.33839e+06,2.76299e+06,1.02259e+08,11.4541,11.7403,17.0112,17.3147
0,569,4.71755e+06,5906.59,4438.27,9.61186e+06,6.36543e+06,11503.6,10755.2,522611,368290,1.39586e+06,2.7283e+06,1.02232e+08,11.9338,11.4216,10.91,8.37357
0,570,4.71635e+06,6147.24,4312.75,9.59683e+06,6.37174e+06,11980.1,10443.5,516323,383638,1.45558e+06,2.69228e+06,1.02204e+08,12.4281,11.0992,12.3439,13.3116
0,571,4.71494e+06,6394.74,4186.01,9.58198e+06,6.37772e+06,12470.6,10129.7,509759,399563,1.51758e+06,2.65499e+06,1.02175e+08,12.9371,10.7738,14.8115,14.5343
0,572,4.71331e+06,6649.01,4058.4,9.56732e+06,6.38335e+06,12975.1,9814.72,502930,416072,1.58192e+06,2.61648e+06,1.02144e+08,13.4606,10.4464,14.1402,10.6241
0,573,4.71143e+06,6909.88,3930.24,9.55286e+06,6.3886e+06,13493.3,9499.25,495846,433173,1.6486e+06,2.57679e+06,1.02112e+08,13.9985,10.118,7.66584,7.74616
0,574,4.70931e+06,7177.13,3801.83,9.5386e+06,6.39345e+06,14024.8,9184.02,488517,450871,1.71767e+06,2.536e+06,1.0208e+08,14.5503,9.78909,13.6766,7.73289
0,575,4.70693e+06,7450.43,3673.44,9.52455e+06,6.39789e+06,14568.9,8869.67,480956,469170,1.78913e+06,2.49416e+06,1.02045e+08,15.1156,9.46056,18.475,9.9621
0,576,4.70428e+06,7729.35,3545.33,9.51072e+06,6.40189e+06,15124.8,8556.75,473175,488071,1.863e+06,2.45134e+06,1.02009e+08,15.6936,9.13299,13.3162,6.95862
0,577,4.70134e+06,8013.33,3417.72,9.49712e+06,6.40543e+06,15691.7,8245.8,465186,507573,1.93927e+06,2.40761e+06,1.01972e+08,16.2833,8.80699,18.2101,11.3731
0,578,4.69811e+06,8301.71,3290.82,9.48376e+06,6.40849e+06,16268,7937.29,457005,527670,2.01792e+06,2.36303e+06,1.01934e+08,16.8834,8.48307,15.5323,9.06033
0,579,4.69458e+06,8593.64,3164.82,9.47065e+06,6.41106e+06,16852.4,7631.63,448643,548354,2.09893e+06,2.31768e+06,1.01893e+08,17.4925,8.16171,21.3542,8.24406
0,580,4.69074e+06,8888.14,3039.91,9.45782e+06,6.41312e+06,17442.7,7329.21,440116,569611,2.18224e+06,2.27162e+06,1.01852e+08,18.1087,7.84335,12.6161,7.60048
0,581,4.68658e+06,9184.08,2916.26,9.44527e+06,6.41466e+06,18037,7030.41,431436,591422,2.26778e+06,2.22494e+06,1.01808e+08,18.7297,7.5284,17.772,7.93371
0,582,4.68211e+06,9480.14,2794.01,9.43302e+06,6.41567e+06,18632.5,6735.55,422619,613763,2.35545e+06,2.17769e+06,1.01763e+08,19.3531,7.21724,19.9368,9.04366
0,583,4.67731e+06,9774.87,2673.34,9.42112e+06,6.41612e+06,19226.5,6444.96,413678,636602,2.44513e+06,2.12995e+06,1.01717e+08,19.9761,6.91023,21.2763,6.59348
0,584,4.6722e+06,10066.6,2554.39,9.40958e+06,6.41603e+06,19815.7,6158.96,404627,659901,2.53668e+06,2.0818e+06,1.0167e+08,20.5953,6.60773,22.6064,5.67883
0,585,4.66678e+06,10353.7,2437.32,9.39844e+06,6.41538e+06,20396.7,5877.88,395481,683615,2.62991e+06,2.03329e+06,1.01621e+08,21.2073,6.31009,16.8623,1.04513
0,586,4.66106e+06,10634.1,2322.29,9.38773e+06,6.41418e+06,20965.6,5602.04,386253,707689,2.72462e+06,1.9845e+06,1.01571e+08,21.8083,6.01766,25.6141,2.16826
0,587,4.65505e+06,10905.9,2209.46,9.3775e+06,6.41241e+06,21518.5,5331.77,376959,732062,2.82055e+06,1.9355e+06,1.0152e+08,22.3942,5.7308,19.6587,5.18755
0,588,4.64876e+06,11167,2098.99,9.3678e+06,6.4101e+06,22051.3,5067.41,367611,756663,2.91743e+06,1.88635e+06,1.01469e+08,22.9606,5.44989,21.5497,5.56513
0,589,4.64221e+06,11415.3,1991.06,9.35866e+06,6.40724e+06,22559.5,4809.32,358226,781416,3.01495e+06,1.83713e+06,1.01417e+08,23.5033,5.17531,29.8945,8.16547
0,590,4.63544e+06,11648.7,1885.82,9.35015e+06,6.40385e+06,23039.1,4557.84,348816,806233,3.11277e+06,1.78791e+06,1.01365e+08,24.0176,4.90744,20.7908,4.35132
0,591,4.62845e+06,11865.1,1783.46,9.34232e+06,6.39995e+06,23485.8,4313.35,339398,831023,3.21052e+06,1.73876e+06,1.01313e+08,24.4992,4.64668,32.4086,7.42879
0,592,4.6213e+06,12062.6,1684.13,9.33523e+06,6.39554e+06,23895.5,4076.19,329985,855685,3.30781e+06,1.68974e+06,1.01261e+08,24.9439,4.39341,18.6313,1.9323
0,593,4.614e+06,12239.5,1588.01,9.32893e+06,6.39066e+06,24264.5,3846.72,320592,880117,3.40422e+06,1.64093e+06,1.0121e+08,25.3475,4.14803,32.3103,0.790032
0,594,4.60661e+06,12394,1495.25,9.32348e+06,6.38532e+06,24589.4,3625.28,311234,904209,3.4993e+06,1.59239e+06,1.01161e+08,25.7064,3.9109,15.4852,6.37323
0,595,4.59914e+06,12524.9,1405.99,9.31894e+06,6.37955e+06,24867.4,3412.17,301926,927850,3.59263e+06,1.5442e+06,1.01112e+08,26.0173,3.68238,25.4906,6.44206
0,596,4.59166e+06,12631,1320.36,9.31538e+06,6.37338e+06,25095.9,3207.67,292682,950930,3.68375e+06,1.49642e+06,1.01066e+08,26.2775,3.46278,29.5924,5.12339
0,597,4.58419e+06,12711.6,1238.46,9.31283e+06,6.36683e+06,25273.3,3012.02,283517,973335,3.77221e+06,1.44913e+06,1.01021e+08,26.4848,3.25239,27.5492,2.03852
0,598,4.57678e+06,12766.2,1160.39,9.31136e+06,6.35994e+06,25398.4,2825.43,274446,994959,3.85758e+06,1.40238e+06,1.00979e+08,26.638,3.05145,20.8911,5.26057
0,599,4.56947e+06,12794.8,1086.22,9.311e+06,6.35274e+06,25470.9,2648.03,265481,1.0157e+06,3.93943e+06,1.35625e+06,1.0094e+08,26.7362,2.86012,35.0409,4.4645
0,600,4.56232e+06,12797.6,1015.97,9.3118e+06,6.34526e+06,25491.1,2479.91,256636,1.03545e+06,4.01737e+06,1.31079e+06,1.00905e+08,26.7796,2.67855,23.4049,1.58947
0,601,4.55535e+06,12775.4,949.669,9.31378e+06,6.33754e+06,25460,2321.1,247925,1.05413e+06,4.09103e+06,1.26607e+06,1.00872e+08,26.7689,2.5068,18.8195,0
0,602,4.5486e+06,12728.9,887.298,9.31698e+06,6.32959e+06,25379.5,2171.59,239359,1.07165e+06,4.16009e+06,1.22214e+06,1.00843e+08,26.7056,2.34486,19.3243,3.13844
0,603,4.54212e+06,12659.6,828.82,9.32141e+06,6.32146e+06,25251.7,2031.27,230949,1.08795e+06,4.22424e+06,1.17905e+06,1.00818e+08,26.592,2.19268,20.0884,0.905605
0,604,4.53593e+06,12568.9,774.172,9.32707e+06,6.31317e+06,25079.7,1900.02,222707,1.10296e+06,4.28327e+06,1.13686e+06,1.00797e+08,26.4309,2.05013,29.1152,1.44986
0,605,4.53007e+06,12458.5,723.269,9.33396e+06,6.30474e+06,24866.9,1777.63,214641,1.11664e+06,4.33696e+06,1.09561e+06,1.00781e+08,26.2257,1.91704,27.1764,1.0029
0,606,4.52457e+06,12330.5,676.005,9.34208e+06,6.29621e+06,24617.1,1663.88,206761,1.12895e+06,4.38518e+06,1.05534e+06,1.00768e+08,25.9802,1.79317,27.3399,2.41208
0,607,4.51944e+06,12186.8,632.256,9.35141e+06,6.2876e+06,24334.4,1558.47,199074,1.13988e+06,4.42785e+06,1.01608e+06,1.0076e+08,25.6985,1.67825,20.8462,2.13007
0,608,4.51471e+06,12029.8,591.884,9.36191e+06,6.27893e+06,24023.1,1461.1,191587,1.14941e+06,4.46491e+06,977867,1.00756e+08,25.3852,1.57196,24.984,1.06671
0,609,4.51038e+06,11861.5,554.742,9.37355e+06,6.2702e+06,23687.7,1371.42,184306,1.15755e+06,4.4964e+06,940720,1.00756e+08,25.0449,1.47395,25.3882,2.75623
0,610,4.50648e+06,11684.2,520.669,9.38629e+06,6.26145e+06,23332.7,1289.08,177234,1.16431e+06,4.52237e+06,904662,1.00761e+08,24.6821,1.38384,21.4598,0
0,611,4.50301e+06,11500,489.505,9.40008e+06,6.25269e+06,22962.4,1213.68,170375,1.16973e+06,4.54293e+06,869707,1.00769e+08,24.3016,1.30125,19.0316,1.39615
0,612,4.49997e+06,11311.2,461.082,9.41487e+06,6.24392e+06,22581.1,1144.86,163733,1.17384e+06,4.55824e+06,835867,1.00781e+08,23.9079,1.22575,24.6097,0
0,613,4.49737e+06,11119.6,435.234,9.43059e+06,6.23515e+06,22193,1082.22,157307,1.17669e+06,4.56847e+06,803146,1.00797e+08,23.5054,1.15696,24.8362,2.99259
0,614,4.49519e+06,10927.1,411.797,9.44717e+06,6.2264e+06,21801.9,1025.38,151100,1.17834e+06,4.57387e+06,771547,1.00817e+08,23.0982,1.09445,23.3462,3.53859
0,615,4.49343e+06,10735.6,390.61,9.46456e+06,6.21766e+06,21411.4,973.963,145111,1.17884e+06,4.57466e+06,741066,1.00839e+08,22.6903,1.03783,22.1183,1.58383
0,616,4.49208e+06,10546.6,371.519,9.48268e+06,6.20894e+06,21024.9,927.61,139338,1.17828e+06,4.57115e+06,711699,1.00864e+08,22.2852,0.9867,28.6037,0.288939
0,617,4.49114e+06,10361.6,354.373,9.50145e+06,6.20024e+06,20645.3,885.968,133782,1.17672e+06,4.56361e+06,683436,1.00892e+08,21.8862,0.940692,13.359,0
0,618,4.49058e+06,10181.9,339.033,9.5208e+06,6.19156e+06,20275.3,848.706,128438,1.17424e+06,4.55237e+06,656264,1.00922e+08,21.4962,0.899441,21.2295,2.23921
0,619,4.49039e+06,10008.5,325.364,9.54067e+06,6.1829e+06,19917.3,815.507,123305,1.17093e+06,4.53774e+06,630169,1.00954e+08,21.1179,0.862606,15.2839,0.252184
0,620,4.49055e+06,9842.58,313.241,9.56097e+06,6.17425e+06,19573.4,786.077,118378,1.16686e+06,4.52006e+06,605133,1.00988e+08,20.7536,0.829864,20.9181,0.164655
0,621,4.49104e+06,9684.88,302.549,9.58165e+06,6.16562e+06,19245.3,760.139,113656,1.16212e+06,4.49965e+06,581137,1.01024e+08,20.4052,0.800914,23.832,0.589834
0,622,4.49185e+06,9536.12,293.18,9.60261e+06,6.15698e+06,18934.4,737.438,109132,1.1568e+06,4.47685e+06,558160,1.0106e+08,20.0744,0.775476,17.8513,0
0,623,4.49294e+06,9396.89,285.034,9.62381e+06,6.14835e+06,18642.1,717.737,104804,1.15097e+06,4.45199e+06,536180,1.01097e+08,19.7627,0.753292,18.068,0.463094
0,624,4.49431e+06,9267.66,278.021,9.64517e+06,6.13971e+06,18369.3,700.819,100666,1.14472e+06,4.42539e+06,515173,1.01135e+08,19.471,0.734122,21.0046,0
0,625,4.49592e+06,9148.76,272.057,9.66663e+06,6.13106e+06,18116.6,686.485,96714.2,1.13813e+06,4.39737e+06,495115,1.01173e+08,19.2004,0.717747,23.0145,0.852568
0,626,4.49775e+06,9040.46,267.066,9.68813e+06,6.12239e+06,17884.7,674.552,92943.2,1.13128e+06,4.36822e+06,475981,1.01211e+08,18.9514,0.703969,18.5192,0
0,627,4.49979e+06,8942.92,262.979,9.70962e+06,6.11369e+06,17673.8,664.857,89348,1.12423e+06,4.33826e+06,457746,1.01249e+08,18.7245,0.692603,16.0791,0.958819
0,628,4.502e+06,8856.21,259.734,9.73104e+06,6.10496e+06,17484.2,657.247,85923.7,1.11707e+06,4.30775e+06,440384,1.01286e+08,18.52,0.683486,25.5778,0
0,629,4.50437e+06,8780.34,257.273,9.75235e+06,6.09618e+06,17315.9,651.587,82665.2,1.10986e+06,4.27697e+06,423870,1.01323e+08,18.338,0.676465,13.4956,0.981573
0,630,4.50687e+06,8715.23,255.546,9.7735e+06,6.08735e+06,17168.7,647.752,79567.5,1.10266e+06,4.24616e+06,408177,1.01359e+08,18.1783,0.671405,13.7983,0.469111
0,631,4.50948e+06,8660.75,254.505,9.79445e+06,6.07847e+06,17042.3,645.631,76625.4,1.09553e+06,4.21557e+06,393281,1.01394e+08,18.0408,0.668181,15.402,0
0,632,4.51219e+06,8616.72,254.108,9.81516e+06,6.06952e+06,16936.3,645.12,73834.1,1.08854e+06,4.1854e+06,379155,1.01427e+08,17.9251,0.666681,20.543,0.697941
0,633,4.51496e+06,8582.87,254.317,9.8356e+06,6.0605e+06,16850.4,646.126,71188.5,1.08172e+06,4.15587e+06,365776,1.01459e+08,17.8308,0.666803,24.656,0
0,634,4.51778e+06,8558.92,255.095,9.85573e+06,6.0514e+06,16783.7,648.564,68683.9,1.07514e+06,4.12716e+06,353119,1.0149e+08,17.7573,0.668452,17.7854,0.102193
0,635,4.52062e+06,8544.51,256.411,9.87554e+06,6.04222e+06,16735.7,652.355,66315.4,1.06883e+06,4.09944e+06,341158,1.01518e+08,17.7038,0.671543,23.5736,0.494837
0,636,4.52348e+06,8539.24,258.233,9.895e+06,6.03295e+06,16705.5,657.426,64078.4,1.06284e+06,4.07285e+06,329872,1.01545e+08,17.6697,0.675996,24.668,0.384281
0,637,4.52633e+06,8542.65,260.534,9.9141e+06,6.02358e+06,16692.3,663.707,61968.3,1.05719e+06,4.04754e+06,319237,1.0157e+08,17.6539,0.681737,15.8348,0.844324
0,638,4.52915e+06,8554.25,263.286,9.93281e+06,6.0141e+06,16694.9,671.133,59980.6,1.05191e+06,4.02362e+06,309231,1.01593e+08,17.6555,0.688695,15.2491,0.984776
0,639,4.53194e+06,8573.48,266.465,9.95112e+06,6.00453e+06,16712.4,679.643,58111,1.04704e+06,4.00118e+06,299831,1.01614e+08,17.6735,0.696804,21.9854,0.0252766
0,640,4.53466e+06,8599.76,270.045,9.96904e+06,5.99484e+06,16743.5,689.176,56355.3,1.0426e+06,3.98031e+06,291016,1.01633e+08,17.7065,0.706,10.6551,0
0,641,4.53733e+06,8632.46,274.001,9.98654e+06,5.98504e+06,16787.1,699.673,54709.2,1.03859e+06,3.96107e+06,282765,1.0165e+08,17.7534,0.71622,18.0214,0
0,642,4.53991e+06,8670.87,278.311,1.00036e+07,5.97513e+06,16841.7,711.076,53168.8,1.03504e+06,3.94349e+06,275058,1.01665e+08,17.8127,0.727405,14.2251,0.15446
0,643,4.5424e+06,8714.29,282.951,1.00203e+07,5.96509e+06,16905.9,723.327,51730,1.03194e+06,3.92761e+06,267875,1.01677e+08,17.883,0.739492,17.2666,0
0,644,4.54479e+06,8761.96,287.896,1.00366e+07,5.95495e+06,16978.3,736.369,50388.9,1.0293e+06,3.91342e+06,261196,1.01687e+08,17.9628,0.752422,15.1279,0.194762
0,645,4.54708e+06,8813.08,293.124,1.00526e+07,5.94468e+06,17057.3,750.143,49141.9,1.02712e+06,3.90093e+06,255002,1.01696e+08,18.0504,0.766135,23.9415,1.06317
0,646,4.54925e+06,8866.82,298.611,1.00681e+07,5.9343e+06,17141.3,764.592,47985.2,1.02539e+06,3.89011e+06,249275,1.01702e+08,18.1442,0.78057,15.9447,0.842624
0,647,4.55131e+06,8922.35,304.332,1.00833e+07,5.9238e+06,17228.7,779.657,46915.2,1.0241e+06,3.8809e+06,243997,1.01706e+08,18.2426,0.795666,18.5117,2.32568
0,648,4.55325e+06,8978.82,310.265,1.00981e+07,5.9132e+06,17317.9,795.279,45928.3,1.02323e+06,3.87325e+06,239148,1.01708e+08,18.3436,0.811362,15.9921,1.94451
0,649,4.55507e+06,9035.35,316.386,1.01126e+07,5.90249e+06,17407.1,811.401,45021,1.02276e+06,3.86709e+06,234713,1.01709e+08,18.4457,0.827598,17.8965,1.52675
0,650,4.55678e+06,9091.11,322.672,1.01269e+07,5.89167e+06,17494.8,827.966,44190.1,1.02267e+06,3.86231e+06,230674,1.01708e+08,18.547,0.844314,24.0789,0
0,651,4.55836e+06,9145.25,329.101,1.01408e+07,5.88076e+06,17579.4,844.916,43432,1.02293e+06,3.85883e+06,227013,1.01705e+08,18.6458,0.861451,19.1753,0.421061
0,652,4.55984e+06,9196.96,335.65,1.01545e+07,5.86976e+06,17659.3,862.2,42743.6,1.02351e+06,3.85651e+06,223715,1.01701e+08,18.7405,0.878951,13.3374,0
0,653,4.56121e+06,9245.47,342.3,1.0168e+07,5.85868e+06,17733,879.765,42121.7,1.02437e+06,3.85524e+06,220762,1.01696e+08,18.8294,0.896762,20.4895,0.646094
0,654,4.56249e+06,9290.07,349.032,1.01813e+07,5.84752e+06,17799.2,897.565,41563.1,1.02549e+06,3.85487e+06,218140,1.01689e+08,18.911,0.914831,10.1931,0.423359
0,655,4.56367e+06,9330.11,355.83,1.01945e+07,5.83629e+06,17856.7,915.558,41064.8,1.02681e+06,3.85526e+06,215833,1.01682e+08,18.984,0.933112,17.1323,0.361953
0,656,4.56477e+06,9365.01,362.677,1.02075e+07,5.82502e+06,17904.3,933.707,40623.9,1.0283e+06,3.85627e+06,213825,1.01673e+08,19.047,0.951565,15.0629,1.80437
0,657,4.56581e+06,9394.27,369.564,1.02204e+07,5.81369e+06,17941.2,951.982,40237.5,1.02992e+06,3.85774e+06,212103,1.01664e+08,19.0991,0.970155,20.9863,0
0,658,4.56678e+06,9417.5,376.48,1.02333e+07,5.80233e+06,17966.5,970.359,39902.7,1.03162e+06,3.85952e+06,210652,1.01655e+08,19.1393,0.988855,22.6051,1.72527
0,659,4.56771e+06,9434.38,383.419,1.02461e+07,5.79094e+06,17979.8,988.825,39617.1,1.03337e+06,3.86146e+06,209459,1.01645e+08,19.1669,1.00764,23.1606,0.479254
0,660,4.5686e+06,9444.73,390.381,1.02589e+07,5.77954e+06,17980.7,1007.37,39378,1.03512e+06,3.8634e+06,208510,1.01635e+08,19.1814,1.02651,23.9485,0.542822
0,661,4.56947e+06,9448.44,397.365,1.02718e+07,5.76814e+06,17969,1026.01,39183.1,1.03684e+06,3.86521e+06,207795,1.01625e+08,19.1825,1.04546,18.8353,0.219175
0,662,4.57033e+06,9445.54,404.377,1.02847e+07,5.75674e+06,17944.7,1044.74,39030.1,1.03848e+06,3.86674e+06,207300,1.01615e+08,19.1702,1.06449,19.6929,1.02312
0,663,4.5712e+06,9436.12,411.427,1.02977e+07,5.74535e+06,17908.2,1063.59,38917,1.04002e+06,3.86788e+06,207017,1.01605e+08,19.1446,1.08363,19.4563,2.0095
0,664,4.57208e+06,9420.41,418.528,1.03107e+07,5.73399e+06,17859.7,1082.6,38841.7,1.04142e+06,3.8685e+06,206934,1.01595e+08,19.106,1.1029,19.8872,1.3671
0,665,4.57298e+06,9398.71,425.697,1.03239e+07,5.72266e+06,17799.9,1101.82,38802.6,1.04265e+06,3.8685e+06,207044,1.01586e+08,19.055,1.12235,25.4568,0.27134
0,666,4.57393e+06,9371.4,432.955,1.03372e+07,5.71138e+06,17729.6,1121.28,38798,1.04368e+06,3.86779e+06,207337,1.01578e+08,18.9923,1.14202,28.2286,0.194826
0,667,4.57491e+06,9338.95,440.327,1.03506e+07,5.70015e+06,17649.6,1141.06,38826.7,1.0445e+06,3.8663e+06,207809,1.0157e+08,18.9188,1.16198,17.3822,1.73554
0,668,4.57595e+06,9301.87,447.842,1.03641e+07,5.68897e+06,17561,1161.24,38887.4,1.04509e+06,3.86396e+06,208452,1.01563e+08,18.8354,1.1823,23.6053,2.10326
0,669,4.57706e+06,9260.73,455.532,1.03778e+07,5.67785e+06,17464.7,1181.89,38979.1,1.04543e+06,3.86073e+06,209262,1.01557e+08,18.7432,1.20306,22.3844,2.19495
0,670,4.57823e+06,9216.15,463.432,1.03917e+07,5.6668e+06,17362.1,1203.1,39101.2,1.04552e+06,3.85657e+06,210236,1.01551e+08,18.6436,1.22434,11.7644,3.05036
0,671,4.57947e+06,9168.75,471.58,1.04057e+07,5.65583e+06,17254.3,1224.97,39253,1.04535e+06,3.85148e+06,211371,1.01546e+08,18.5377,1.24625,17.0611,2.29761
0,672,4.58079e+06,9119.18,480.018,1.04198e+07,5.64492e+06,17142.4,1247.62,39434.2,1.04492e+06,3.84546e+06,212666,1.01542e+08,18.4269,1.26888,22.7377,0
0,673,4.58219e+06,9068.09,488.788,1.0434e+07,5.6341e+06,17027.8,1271.15,39644.8,1.04423e+06,3.83851e+06,214121,1.01538e+08,18.3124,1.29236,18.3431,0
0,674,4.58366e+06,9016.1,497.936,1.04484e+07,5.62335e+06,16911.7,1295.67,39884.7,1.04329e+06,3.83067e+06,215738,1.01536e+08,18.1955,1.3168,12.9262,0.541667
0,675,4.58522e+06,8963.85,507.509,1.04629e+07,5.61269e+06,16795.2,1321.32,40154.3,1.04211e+06,3.82197e+06,217517,1.01534e+08,18.0776,1.34232,17.1626,0.613997
0,676,4.58685e+06,8911.9,517.557,1.04775e+07,5.6021e+06,16679.4,1348.23,40454.2,1.04071e+06,3.81246e+06,219464,1.01532e+08,17.9598,1.36906,20.8396,3.10748
0,677,4.58855e+06,8860.81,528.131,1.04921e+07,5.59159e+06,16565.3,1376.52,40785,1.03909e+06,3.8022e+06,221582,1.01531e+08,17.8432,1.39714,24.767,0
0,678,4.59033e+06,8811.09,539.282,1.05068e+07,5.58116e+06,16453.9,1406.33,41147.6,1.03728e+06,3.79126e+06,223877,1.01531e+08,17.729,1.42671,17.0164,0.490609
0,679,4.59217e+06,8763.18,551.063,1.05216e+07,5.5708e+06,16346.1,1437.8,41543.2,1.03529e+06,3.77972e+06,226355,1.01531e+08,17.6181,1.45791,20.3967,1.43803
0,680,4.59408e+06,8717.5,563.529,1.05364e+07,5.56051e+06,16242.5,1471.07,41973,1.03316e+06,3.76764e+06,229025,1.01531e+08,17.5114,1.49087,16.0043,2.36006
0,681,4.59603e+06,8674.38,576.733,1.05512e+07,5.5503e+06,16143.9,1506.29,42438.5,1.03089e+06,3.75512e+06,231895,1.01532e+08,17.4096,1.52576,15.0438,1.2043
0,682,4.59804e+06,8634.1,590.731,1.05659e+07,5.54014e+06,16050.7,1543.61,42941.3,1.02852e+06,3.74223e+06,234976,1.01533e+08,17.3133,1.56271,17.5859,1.39429
0,683,4.60008e+06,8596.89,605.578,1.05806e+07,5.53005e+06,15963.3,1583.16,43483.4,1.02606e+06,3.72906e+06,238277,1.01534e+08,17.223,1.60187,13.3338,0.633814
0,684,4.60215e+06,8562.9,621.329,1.05953e+07,5.52002e+06,15882.1,1625.11,44066.5,1.02354e+06,3.7157e+06,241810,1.01534e+08,17.1391,1.6434,16.9391,2.28584
0,685,4.60425e+06,8532.22,638.041,1.06099e+07,5.51004e+06,15807.2,1669.58,44692.8,1.02099e+06,3.70222e+06,245587,1.01535e+08,17.0619,1.68744,23.6428,1.19151
0,686,4.60636e+06,8504.9,655.766,1.06244e+07,5.50011e+06,15738.7,1716.74,45364.6,1.01841e+06,3.68871e+06,249622,1.01536e+08,16.9915,1.73415,15.8881,3.99054
0,687,4.60847e+06,8480.89,674.561,1.06388e+07,5.49022e+06,15676.5,1766.73,46084.2,1.01585e+06,3.67523e+06,253929,1.01536e+08,16.9278,1.78367,16.6634,2.72528
0,688,4.61058e+06,8460.12,694.479,1.06531e+07,5.48038e+06,15620.4,1819.68,46854.1,1.0133e+06,3.66186e+06,258522,1.01536e+08,16.8708,1.83615,15.7264,3.40494
0,689,4.61268e+06,8442.42,715.572,1.06672e+07,5.47057e+06,15570.1,1875.75,47676.9,1.01079e+06,3.64866e+06,263417,1.01535e+08,16.8201,1.89174,15.3701,1.98196
0,690,4.61476e+06,8427.6,737.891,1.06812e+07,5.4608e+06,15525.3,1935.07,48555.2,1.00834e+06,3.63568e+06,268628,1.01534e+08,16.7756,1.95058,12.755,3.89923
0,691,4.61682e+06,8415.39,761.486,1.0695e+07,5.45105e+06,15485.5,1997.78,49491.9,1.00596e+06,3.62297e+06,274173,1.01532e+08,16.7366,2.01281,12.0446,0.250014
0,692,4.61884e+06,8405.5,786.406,1.07086e+07,5.44134e+06,15450.2,2064.01,50489.7,1.00366e+06,3.61057e+06,280068,1.0153e+08,16.7026,2.07856,7.60331,2.56156
0,693,4.62081e+06,8397.57,812.695,1.07221e+07,5.43165e+06,15418.6,2133.87,51551.5,1.00144e+06,3.5985e+06,286330,1.01527e+08,16.673,2.14796,11.4302,4.06608
0,694,4.62274e+06,8391.22,840.397,1.07354e+07,5.42198e+06,15390,2207.5,52680.3,999319,3.58678e+06,292977,1.01524e+08,16.6471,2.22113,17.6687,2.5462
0,695,4.62462e+06,8386.01,869.553,1.07484e+07,5.41234e+06,15363.8,2285,53879,997291,3.57543e+06,300025,1.0152e+08,16.6239,2.2982,15.1358,3.45938
0,696,4.62644e+06,8381.5,900.2,1.07613e+07,5.40271e+06,15339,2366.48,55150.5,995357,3.56444e+06,307492,1.01515e+08,16.6028,2.37927,15.0911,6.47
0,697,4.62819e+06,8377.2,932.374,1.0774e+07,5.39311e+06,15314.8,2452.04,56497.8,993515,3.5538e+06,315397,1.01509e+08,16.5826,2.46444,18.9105,3.44367
0,698,4.62989e+06,8372.63,966.108,1.07866e+07,5.38353e+06,15290.3,2541.77,57923.9,991759,3.54349e+06,323756,1.01503e+08,16.5626,2.55382,15.2092,2.57092
0,699,4.63151e+06,8367.28,1001.43,1.07989e+07,5.37397e+06,15264.6,2635.75,59431.6,990081,3.53348e+06,332588,1.01496e+08,16.5416,2.64748,17.4247,1.98538
0,700,4.63307e+06,8360.66,1038.37,1.0811e+07,5.36444e+06,15236.8,2734.06,61023.9,988469,3.52374e+06,341909,1.01489e+08,16.5188,2.74551,16.7567,3.99288
0,701,4.63455e+06,8352.27,1076.95,1.0823e+07,5.35493e+06,15206,2836.77,62703.5,986911,3.51421e+06,351736,1.0148e+08,16.4931,2.84799,25.2897,0.096658
0,702,4.63597e+06,8341.62,1117.19,1.08348e+07,5.34546e+06,15171.3,2943.95,64473.3,985389,3.50484e+06,362086,1.01472e+08,16.4636,2.95498,15.5987,2.60504
0,703,4.63733e+06,8328.26,1159.11,1.08464e+07,5.33601e+06,15131.9,3055.66,66335.9,983888,3.49557e+06,372976,1.01462e+08,16.4294,3.06654,9.87078,5.28921
0,704,4.63861e+06,8311.78,1202.74,1.08579e+07,5.32661e+06,15087.1,3171.96,68294.1,982387,3.48634e+06,384422,1.01453e+08,16.3896,3.18273,19.4851,6.2098
0,705,4.63984e+06,8291.77,1248.09,1.08693e+07,5.31724e+06,15036.1,3292.91,70350.3,980867,3.47706e+06,396440,1.01443e+08,16.3434,3.30363,20.2254,2.97296
0,706,4.641e+06,8267.9,1295.19,1.08805e+07,5.30793e+06,14978.4,3418.58,72507.1,979304,3.46767e+06,409045,1.01432e+08,16.2901,3.42927,23.172,2.60056
0,707,4.64211e+06,8239.87,1344.06,1.08916e+07,5.29866e+06,14913.5,3549.03,74767.1,977676,3.4581e+06,422253,1.01421e+08,16.2291,3.55974,19.5553,3.80574
0,708,4.64317e+06,8207.46,1394.72,1.09026e+07,5.28946e+06,14840.9,3684.34,77132.7,975962,3.44825e+06,436079,1.0141e+08,16.1599,3.69511,17.7083,5.28247
0,709,4.64419e+06,8170.48,1447.21,1.09135e+07,5.28032e+06,14760.3,3824.61,79606.4,974137,3.43805e+06,450539,1.01399e+08,16.082,3.83545,10.5089,2.2132
0,710,4.64515e+06,8128.82,1501.58,1.09243e+07,5.27125e+06,14671.6,3969.93,82190.6,972179,3.42743e+06,465648,1.01388e+08,15.9954,3.98088,17.722,1.14727
0,711,4.64609e+06,8082.43,1557.85,1.0935e+07,5.26226e+06,14574.7,4120.44,84888,970067,3.41631e+06,481422,1.01376e+08,15.8997,4.1315,17.2945,2.72581
0,712,4.64698e+06,8031.32,1616.09,1.09457e+07,5.25335e+06,14469.6,4276.29,87701.1,967780,3.40463e+06,497877,1.01365e+08,15.7949,4.28746,17.1411,2.39572
0,713,4.64785e+06,7975.57,1676.37,1.09562e+07,5.24453e+06,14356.5,4437.66,90632.8,965299,3.39231e+06,515031,1.01354e+08,15.6812,4.44892,19.2511,5.21424
0,714,4.64869e+06,7915.31,1738.76,1.09668e+07,5.2358e+06,14235.6,4604.76,93686,962605,3.3793e+06,532902,1.01343e+08,15.5587,4.61608,8.13034,3.66662
0,715,4.64951e+06,7850.71,1803.35,1.09772e+07,5.22718e+06,14107.2,4777.83,96863.9,959684,3.36554e+06,551510,1.01332e+08,15.4278,4.78918,13.6869,7.24344
0,716,4.65031e+06,7782.03,1870.25,1.09876e+07,5.21866e+06,13971.9,4957.16,100170,956522,3.351e+06,570876,1.01321e+08,15.289,4.96848,18.3958,3.32957
0,717,4.65109e+06,7709.53,1939.59,1.09979e+07,5.21026e+06,13830.1,5143.08,103608,953108,3.33564e+06,591023,1.0131e+08,15.1426,5.15429,17.2002,3.09735
0,718,4.65186e+06,7633.52,2011.49,1.10081e+07,5.20197e+06,13682.4,5335.96,107182,949432,3.31942e+06,611977,1.01299e+08,14.9893,5.34697,11.1375,7.50031
0,719,4.6526e+06,7554.35,2086.12,1.10183e+07,5.19379e+06,13529.4,5536.22,110897,945488,3.30233e+06,633766,1.01289e+08,14.8298,5.54693,11.0832,4.48759
0,720,4.65333e+06,7472.38,2163.64,1.10283e+07,5.18575e+06,13371.8,5744.32,114758,941273,3.28436e+06,656421,1.01279e+08,14.6648,5.7546,16.8046,7.64425
0,721,4.65403e+06,7387.96,2244.25,1.10383e+07,5.17782e+06,13210.2,5960.77,118770,936785,3.2655e+06,679977,1.01269e+08,14.4949,5.97049,16.1446,7.00778
0,722,4.65472e+06,7301.48,2328.16,1.10481e+07,5.17003e+06,13045.4,6186.14,122940,932024,3.24577e+06,704471,1.01259e+08,14.3209,6.19514,17.9175,4.13199
0,723,4.65537e+06,7213.29,2415.59,1.10579e+07,5.16237e+06,12877.9,6421.04,127275,926994,3.22517e+06,729946,1.01249e+08,14.1435,6.42915,9.64981,4.12038
0,724,4.65598e+06,7123.76,2506.78,1.10674e+07,5.15483e+06,12708.4,6666.11,131783,921700,3.20372e+06,756447,1.01239e+08,13.9635,6.67316,11.3966,5.56229
0,725,4.65656e+06,7033.21,2602,1.10768e+07,5.14743e+06,12537.6,6922.06,136471,916148,3.18145e+06,784024,1.01229e+08,13.7814,6.92785,12.4295,5.31118
0,726,4.65708e+06,6941.95,2701.51,1.1086e+07,5.14017e+06,12366,7189.62,141350,910346,3.15839e+06,812733,1.01219e+08,13.598,7.19396,12.6525,8.72664
0,727,4.65754e+06,6850.25,2805.6,1.1095e+07,5.13303e+06,12194.1,7469.54,146428,904304,3.13457e+06,842631,1.01208e+08,13.4138,7.47223,15.5232,10.6093
0,728,4.65794e+06,6758.36,2914.56,1.11038e+07,5.12602e+06,12022.2,7762.63,151718,898033,3.11004e+06,873784,1.01198e+08,13.2293,7.76346,12.6722,8.37395
0,729,4.65825e+06,6666.46,3028.67,1.11123e+07,5.11915e+06,11850.9,8069.7,157229,891545,3.08483e+06,906259,1.01187e+08,13.045,8.06847,15.2913,5.20798
0,730,4.65847e+06,6574.71,3148.25,1.11205e+07,5.1124e+06,11680.3,8391.55,162974,884849,3.05899e+06,940128,1.01175e+08,12.8611,8.38807,20.1811,12.034
0,731,4.65858e+06,6483.23,3273.59,1.11283e+07,5.10578e+06,11510.7,8729.01,168967,877960,3.03256e+06,975470,1.01163e+08,12.6781,8.7231,12.4707,11.4041
0,732,4.65857e+06,6392.06,3404.97,1.11359e+07,5.09929e+06,11342.1,9082.86,175221,870888,3.00558e+06,1.01236e+06,1.0115e+08,12.4959,9.07435,20.9522,7.11082
0,733,4.65843e+06,6301.21,3542.68,1.1143e+07,5.09292e+06,11174.6,9453.86,181749,863644,2.97808e+06,1.05089e+06,1.01136e+08,12.3147,9.44263,15.2367,9.22324
0,734,4.65813e+06,6210.66,3686.95,1.11498e+07,5.08667e+06,11008.1,9842.72,188566,856239,2.95012e+06,1.09114e+06,1.01121e+08,12.1344,9.82866,8.82584,8.77651
0,735,4.65767e+06,6120.32,3838.01,1.11561e+07,5.08055e+06,10842.6,10250.1,195688,848683,2.92172e+06,1.13321e+06,1.01105e+08,11.9551,10.2331,9.2811,3.90279
0,736,4.65703e+06,6030.06,3996.06,1.1162e+07,5.07454e+06,10677.7,10676.5,203129,840984,2.89292e+06,1.17717e+06,1.01088e+08,11.7764,10.6566,11.9569,14.8308
0,737,4.65619e+06,5939.71,4161.23,1.11674e+07,5.06866e+06,10513.2,11122.3,210904,833148,2.86373e+06,1.22312e+06,1.0107e+08,11.598,11.0996,9.22769,14.2037
0,738,4.65513e+06,5849.07,4333.59,1.11723e+07,5.0629e+06,10348.8,11587.9,219027,825182,2.83418e+06,1.27115e+06,1.0105e+08,11.4197,11.5624,11.0291,12.0192
0,739,4.65385e+06,5757.91,4513.18,1.11767e+07,5.05727e+06,10184,12073.2,227514,817089,2.80428e+06,1.32133e+06,1.01029e+08,11.241,12.0452,10.1314,10.6758
0,740,4.65233e+06,5665.95,4699.92,1.11805e+07,5.05176e+06,10018.3,12578.3,236376,808871,2.77404e+06,1.37376e+06,1.01006e+08,11.0614,12.5481,6.53641,12.7317
0,741,4.65055e+06,5572.92,4893.66,1.11837e+07,5.04638e+06,9851.25,13102.7,245627,800529,2.74347e+06,1.4285e+06,1.00982e+08,10.8804,13.0706,7.23592,8.23105
0,742,4.6485e+06,5478.51,5094.14,1.11864e+07,5.04114e+06,9682.36,13645.9,255275,792060,2.71255e+06,1.48561e+06,1.00957e+08,10.6974,13.6124,10.5634,18.3785
0,743,4.64618e+06,5382.42,5301,1.11884e+07,5.03604e+06,9511.05,14206.8,265332,783462,2.68128e+06,1.54514e+06,1.0093e+08,10.5118,14.1726,11.28,15.9863
0,744,4.64356e+06,5284.36,5513.75,1.11898e+07,5.03109e+06,9336.8,14784.3,275801,774730,2.64964e+06,1.60714e+06,1.00901e+08,10.3231,14.7501,5.53289,16.6972
0,745,4.64065e+06,5184.02,5731.77,1.11906e+07,5.0263e+06,9159.08,15376.8,286687,765856,2.61762e+06,1.67162e+06,1.00871e+08,10.1307,15.3435,12.0694,16.37
0,746,4.63744e+06,5081.15,5954.3,1.11907e+07,5.02169e+06,8977.41,15982.3,297990,756833,2.58518e+06,1.73859e+06,1.00839e+08,9.93394,15.9509,13.1002,17.9854
0,747,4.63392e+06,4975.5,6180.45,1.11902e+07,5.01726e+06,8791.36,16598.4,309707,747653,2.55229e+06,1.80802e+06,1.00805e+08,9.73243,16.5701,8.7114,18.9789
0,748,4.63009e+06,4866.88,6409.18,1.1189e+07,5.01304e+06,8600.55,17222.5,321830,738304,2.51893e+06,1.87987e+06,1.0077e+08,9.52571,17.1985,10.9725,14.7476
0,749,4.62597e+06,4755.13,6639.34,1.11872e+07,5.00905e+06,8404.7,17851.3,334346,728777,2.48506e+06,1.95407e+06,1.00734e+08,9.31342,17.8331,16.3226,21.9801
0,750,4.62154e+06,4640.17,6869.6,1.11847e+07,5.0053e+06,8203.62,18481.6,347239,719062,2.45064e+06,2.03052e+06,1.00697e+08,9.09532,18.4707,4.36786,13.4248
0,751,4.61683e+06,4521.97,7098.58,1.11816e+07,5.00182e+06,7997.22,19109.4,360487,709148,2.41564e+06,2.10908e+06,1.00659e+08,8.87125,19.1074,9.59891,14.4387
0,752,4.61184e+06,4400.57,7324.74,1.11778e+07,4.99863e+06,7785.53,19730.8,374063,699025,2.38002e+06,2.18959e+06,1.0062e+08,8.64121,19.7394,6.25715,21.7622
0,753,4.60659e+06,4276.08,7546.52,1.11734e+07,4.99577e+06,7568.7,20341.3,387933,688685,2.34377e+06,2.27186e+06,1.0058e+08,8.40532,20.3623,8.8319,14.6086
0,754,4.6011e+06,4148.69,7762.27,1.11684e+07,4.99325e+06,7347.04,20936.7,402060,678121,2.30684e+06,2.35565e+06,1.0054e+08,8.16382,20.9717,9.62168,29.1939
0,755,4.59539e+06,4018.66,7970.34,1.11628e+07,4.99112e+06,7120.93,21512.3,416400,667328,2.26923e+06,2.44071e+06,1.005e+08,7.91714,21.5631,7.30495,27.8008
0,756,4.58948e+06,3886.33,8169.1,1.11567e+07,4.9894e+06,6890.93,22063.6,430904,656301,2.23092e+06,2.52675e+06,1.00461e+08,7.6658,22.1318,7.1378,14.1828
0,757,4.58341e+06,3752.11,8356.97,1.115e+07,4.98812e+06,6657.69,22586.3,445520,645041,2.19191e+06,2.61345e+06,1.00421e+08,7.41048,22.6735,5.79135,22.6989
0,758,4.57719e+06,3616.44,8532.45,1.11428e+07,4.98731e+06,6421.96,23076.2,460191,633550,2.1522e+06,2.70046e+06,1.00383e+08,7.15199,23.1837,6.42306,25.3576
0,759,4.57087e+06,3479.85,8694.19,1.11351e+07,4.98702e+06,6184.59,23529.4,474856,621833,2.1118e+06,2.78742e+06,1.00345e+08,6.89122,23.6585,5.48399,25.6717
0,760,4.56448e+06,3342.88,8840.96,1.1127e+07,4.98726e+06,5946.51,23942.6,489453,609897,2.07075e+06,2.87396e+06,1.00309e+08,6.62916,24.0942,4.25781,31.2421
0,761,4.55805e+06,3206.11,8971.76,1.11185e+07,4.98807e+06,5708.67,24312.6,503917,597753,2.02908e+06,2.95969e+06,1.00275e+08,6.36687,24.4875,4.27791,22.3961
0,762,4.55163e+06,3070.13,9085.79,1.11096e+07,4.98947e+06,5472.08,24637.2,518183,585417,1.98682e+06,3.04421e+06,1.00243e+08,6.10545,24.8358,5.97549,27.6432
0,763,4.54524e+06,2935.54,9182.46,1.11004e+07,4.9915e+06,5237.75,24914.7,532187,572904,1.94404e+06,3.12714e+06,1.00213e+08,5.84602,25.1371,1.29239,17.1177
0,764,4.53892e+06,2802.91,9261.46,1.10908e+07,4.99417e+06,5006.66,25143.7,545866,560234,1.9008e+06,3.20808e+06,1.00186e+08,5.58969,25.39,5.06426,26.7182
0,765,4.5327e+06,2672.79,9322.71,1.1081e+07,4.99749e+06,4779.77,25324.1,559158,547430,1.85716e+06,3.28668e+06,1.00162e+08,5.33753,25.5937,2.35007,32.5469
0,766,4.52663e+06,2545.72,9366.39,1.10709e+07,5.0015e+06,4557.98,25456,572006,534516,1.81321e+06,3.36259e+06,1.00141e+08,5.09057,25.7482,8.29022,29.5144
0,767,4.52073e+06,2422.15,9392.89,1.10606e+07,5.00619e+06,4342.1,25540.3,584358,521517,1.76903e+06,3.43549e+06,1.00123e+08,4.84976,25.8542,8.41168,17.7851
0,768,4.51504e+06,2302.52,9402.86,1.10501e+07,5.01157e+06,4132.89,25578.5,596165,508462,1.72471e+06,3.50507e+06,1.00108e+08,4.61596,25.913,2.69976,28.8214
0,769,4.50957e+06,2187.18,9397.12,1.10394e+07,5.01766e+06,3930.97,25572.9,607385,495378,1.68033e+06,3.5711e+06,1.00097e+08,4.38993,25.9265,5.56691,23.0758
0,770,4.50436e+06,2076.45,9376.67,1.10286e+07,5.02443e+06,3736.91,25525.8,617983,482294,1.636e+06,3.63334e+06,1.0009e+08,4.17232,25.897,0.505253,31.279
0,771,4.49942e+06,1970.56,9342.66,1.10177e+07,5.03189e+06,3551.13,25440.5,627927,469238,1.5918e+06,3.69162e+06,1.00086e+08,3.96367,25.8275,1.51526,30.0588
0,772,4.49477e+06,1869.69,9296.35,1.10066e+07,5.04002e+06,3373.96,25320.1,637197,456241,1.54784e+06,3.74579e+06,1.00086e+08,3.76439,25.7212,1.55287,30.4322
0,773,4.49044e+06,1773.97,9239.08,1.09955e+07,5.04882e+06,3205.65,25168.4,645776,443329,1.50419e+06,3.79577e+06,1.0009e+08,3.57479,25.5817,0.316691,16.7351
0,774,4.48643e+06,1683.45,9172.23,1.09842e+07,5.05825e+06,3046.32,24989,653655,430530,1.46095e+06,3.84149e+06,1.00097e+08,3.39505,25.4126,3.92951,35.3819
0,775,4.48274e+06,1598.15,9097.2,1.09729e+07,5.06831e+06,2896.01,24785.7,660833,417870,1.4182e+06,3.88294e+06,1.00108e+08,3.22526,25.2179,5.88343,29.9595
0,776,4.47939e+06,1518.03,9015.41,1.09615e+07,5.07896e+06,2754.7,24562.5,667312,405373,1.37602e+06,3.92015e+06,1.00122e+08,3.06541,25.0014,2.18983,23.5061
0,777,4.47638e+06,1443.02,8928.22,1.095e+07,5.09017e+06,2622.26,24323,673103,393062,1.33449e+06,3.95316e+06,1.00139e+08,2.91543,24.767,4.58838,15.0477
0,778,4.47371e+06,1373.01,8836.95,1.09385e+07,5.10192e+06,2498.54,24070.8,678221,380958,1.29367e+06,3.98206e+06,1.0016e+08,2.77513,24.5184,7.57271,27.812
0,779,4.47137e+06,1307.85,8742.85,1.09269e+07,5.11416e+06,2383.3,23809.6,682686,369080,1.25363e+06,4.00699e+06,1.00183e+08,2.6443,24.2591,2.0576,26.9702
0,780,4.46936e+06,1247.4,8647.07,1.09152e+07,5.12688e+06,2276.3,23542.4,686523,357445,1.21442e+06,4.02807e+06,1.00209e+08,2.52267,23.9927,0.822498,15.4312
0,781,4.46767e+06,1191.45,8550.7,1.09034e+07,5.14003e+06,2177.22,23272.2,689759,346068,1.17609e+06,4.04549e+06,1.00238e+08,2.40991,23.7221,2.93511,22.8946
0,782,4.4663e+06,1139.84,8454.71,1.08916e+07,5.15357e+06,2085.75,23001.9,692426,334963,1.13869e+06,4.05942e+06,1.00269e+08,2.30568,23.4503,1.65069,28.3854
0,783,4.46524e+06,1092.34,8359.96,1.08797e+07,5.16748e+06,2001.55,22733.8,694556,324141,1.10225e+06,4.07006e+06,1.00302e+08,2.2096,23.1799,2.06626,16.2892
0,784,4.46446e+06,1048.76,8267.21,1.08677e+07,5.18171e+06,1924.28,22470.1,696186,313611,1.06681e+06,4.07763e+06,1.00336e+08,2.12131,22.9132,0.511463,24.9479
0,785,4.46397e+06,1008.9,8177.11,1.08556e+07,5.19624e+06,1853.59,22212.7,697352,303382,1.03238e+06,4.08235e+06,1.00372e+08,2.04041,22.6521,3.53159,29.0066
0,786,4.46374e+06,972.536,8090.22,1.08434e+07,5.21102e+06,1789.12,21963,698091,293458,998993,4.08443e+06,1.0041e+08,1.9665,22.3985,1.0454,23.7471
0,787,4.46376e+06,939.48,8006.98,1.08311e+07,5.22602e+06,1730.54,21722.4,698440,283846,966660,4.0841e+06,1.00448e+08,1.89922,22.1537,1.0624,25.164
0,788,4.46402e+06,909.533,7927.74,1.08186e+07,5.24122e+06,1677.5,21491.9,698438,274548,935391,4.08159e+06,1.00488e+08,1.83818,21.9188,0.170784,21.4478
0,789,4.46451e+06,882.507,7852.77,1.0806e+07,5.25657e+06,1629.69,21272.3,698121,265565,905192,4.07711e+06,1.00528e+08,1.78301,21.6948,0.609573,25.6238
0,790,4.4652e+06,858.223,7782.23,1.07933e+07,5.27206e+06,1586.8,21064.1,697525,256898,876064,4.07088e+06,1.00568e+08,1.73337,21.4823,1.78151,18.0091
0,791,4.46608e+06,836.508,7716.23,1.07805e+07,5.28765e+06,1548.52,20867.5,696683,248547,848007,4.06311e+06,1.00609e+08,1.68891,21.2817,4.72371,18.2317
0,792,4.46714e+06,817.201,7654.76,1.07675e+07,5.30332e+06,1514.58,20682.8,695630,240510,821013,4.05398e+06,1.0065e+08,1.64933,21.0931,0.623215,16.39
0,793,4.46836e+06,800.148,7597.8,1.07544e+07,5.31905e+06,1484.71,20509.7,694397,232784,795077,4.0437e+06,1.0069e+08,1.61432,20.9167,3.70994,25.8279
0,794,4.46974e+06,785.205,7545.22,1.07411e+07,5.33482e+06,1458.65,20348,693012,225367,770186,4.03242e+06,1.00731e+08,1.58359,20.752,1.3776,26.5512
0,795,4.47125e+06,772.238,7496.86,1.07277e+07,5.35059e+06,1436.18,20197.3,691502,218254,746328,4.02031e+06,1.00771e+08,1.55688,20.5989,1.97267,16.7145
0,796,4.47288e+06,761.12,7452.5,1.07141e+07,5.36637e+06,1417.08,20056.9,689892,211441,723489,4.00753e+06,1.0081e+08,1.53393,20.4567,0.691572,19.1002
0,797,4.47463e+06,751.734,7411.88,1.07003e+07,5.38213e+06,1401.12,19926.4,688205,204923,701652,3.99419e+06,1.00849e+08,1.51452,20.3249,1.22418,24.1192
0,798,4.47648e+06,743.972,7374.69,1.06864e+07,5.39785e+06,1388.14,19804.7,686460,198694,680799,3.98042e+06,1.00887e+08,1.49842,20.2027,3.6085,22.4763
0,799,4.47842e+06,737.73,7340.6,1.06723e+07,5.41354e+06,1377.94,19691.1,684674,192749,660911,3.96633e+06,1.00925e+08,1.48543,20.0892,0.857397,19.5957
0,800,4.48045e+06,732.916,7309.25,1.0658e+07,5.42917e+06,1370.36,19584.7,682863,187082,641968,3.95199e+06,1.00962e+08,1.47536,19.9834,0.96596,24.0057
0,801,4.48255e+06,729.442,7280.27,1.06436e+07,5.44474e+06,1365.25,19484.3,681038,181686,623948,3.9375e+06,1.00997e+08,1.46804,19.8845,2.37215,27.9526
0,802,4.48472e+06,727.228,7253.25,1.06291e+07,5.46025e+06,1362.47,19389,679210,176555,606832,3.9229e+06,1.01032e+08,1.4633,19.7913,0.508414,24.3603
0,803,4.48695e+06,726.199,7227.8,1.06144e+07,5.47568e+06,1361.88,19297.7,677385,171682,590596,3.90824e+06,1.01066e+08,1.46099,19.7028,4.16834,20.981
0,804,4.48924e+06,726.289,7203.51,1.05995e+07,5.49104e+06,1363.36,19209.3,675570,167060,575220,3.89356e+06,1.01099e+08,1.46099,19.6179,2.19331,13.896
0,805,4.49158e+06,727.434,7179.97,1.05846e+07,5.50632e+06,1366.81,19122.7,673767,162683,560679,3.87888e+06,1.01132e+08,1.46315,19.5354,0.524378,28.3897
0,806,4.49398e+06,729.58,7156.79,1.05695e+07,5.52152e+06,1372.12,19037.1,671977,158544,546953,3.86421e+06,1.01163e+08,1.46738,19.4544,3.75739,14.9599
0,807,4.49642e+06,732.676,7133.59,1.05542e+07,5.53664e+06,1379.21,18951.2,670200,154636,534018,3.84954e+06,1.01193e+08,1.47356,19.3737,1.38729,23.8575
0,808,4.49891e+06,736.676,7110.03,1.05389e+07,5.55169e+06,1388,18864.3,668433,150953,521853,3.83488e+06,1.01223e+08,1.4816,19.2924,1.60461,22.6336
0,809,4.50145e+06,741.544,7085.76,1.05235e+07,5.56667e+06,1398.41,18775.4,666673,147487,510436,3.82019e+06,1.01252e+08,1.49142,19.2096,0.0815988,22.7743
0,810,4.50404e+06,747.244,7060.49,1.0508e+07,5.58157e+06,1410.4,18683.9,664913,144233,499746,3.80547e+06,1.0128e+08,1.50296,19.1245,1.79411,15.4931
0,811,4.50667e+06,753.751,7033.96,1.04923e+07,5.5964e+06,1423.91,18589,663149,141185,489763,3.79066e+06,1.01307e+08,1.51615,19.0362,2.39811,27.5331
0,812,4.50936e+06,761.043,7005.94,1.04767e+07,5.61117e+06,1438.9,18490.1,661373,138335,480465,3.77575e+06,1.01334e+08,1.53094,18.9443,2.22836,21.2347
0,813,4.5121e+06,769.105,6976.26,1.0461e+07,5.62587e+06,1455.35,18386.9,659578,135678,471834,3.76068e+06,1.0136e+08,1.54731,18.848,2.23181,15.3548
0,814,4.5149e+06,777.928,6944.77,1.04452e+07,5.64052e+06,1473.25,18278.9,657755,133209,463851,3.74543e+06,1.01385e+08,1.56524,18.7471,2.47844,18.8515
0,815,4.51775e+06,787.51,6911.39,1.04294e+07,5.65511e+06,1492.6,18166,655897,130922,456498,3.72996e+06,1.0141e+08,1.5847,18.6412,2.85887,12.7095
0,816,4.52066e+06,797.856,6876.08,1.04136e+07,5.66964e+06,1513.4,18048.1,653996,128811,449758,3.71421e+06,1.01435e+08,1.60571,18.5302,3.88643,14.8855
0,817,4.52364e+06,808.977,6838.84,1.03977e+07,5.68413e+06,1535.68,17925.2,652045,126873,443617,3.69816e+06,1.01459e+08,1.62828,18.4141,0,21.4407
0,818,4.52668e+06,820.892,6799.71,1.03819e+07,5.69856e+06,1559.49,17797.4,650036,125103,438060,3.68178e+06,1.01483e+08,1.65246,18.2929,1.45077,20.8657
0,819,4.52978e+06,833.627,6758.79,1.0366e+07,5.71295e+06,1584.86,17665.2,647964,123496,433073,3.66503e+06,1.01506e+08,1.67827,18.1668,2.60871,21.6542
0,820,4.53296e+06,847.215,6716.21,1.03502e+07,5.7273e+06,1611.86,17528.7,645823,122049,428645,3.64788e+06,1.01529e+08,1.70579,18.0363,3.19529,20.4179
0,821,4.53621e+06,861.698,6672.14,1.03344e+07,5.74159e+06,1640.58,17388.5,643609,120758,424766,3.63033e+06,1.01552e+08,1.73509,17.9016,1.55672,20.981
0,822,4.53953e+06,877.123,6626.76,1.03187e+07,5.75584e+06,1671.11,17245.1,641319,119621,421426,3.61234e+06,1.01575e+08,1.76626,17.7633,2.61907,24.0046
0,823,4.54292e+06,893.549,6580.31,1.0303e+07,5.77004e+06,1703.56,17099.1,638950,118635,418620,3.59393e+06,1.01598e+08,1.79942,17.6219,3.54257,18.4329
0,824,4.54638e+06,911.039,6533.03,1.02873e+07,5.78418e+06,1738.06,16951.1,636501,117799,416341,3.57509e+06,1.0162e+08,1.83468,17.4782,0.444343,21.6661
0,825,4.54991e+06,929.668,6485.18,1.02717e+07,5.79828e+06,1774.74,16802,633974,117110,414587,3.55583e+06,1.01642e+08,1.8722,17.3328,0,17.2956
0,826,4.55351e+06,949.516,6437.03,1.02561e+07,5.81231e+06,1813.77,16652.3,631369,116569,413356,3.53615e+06,1.01664e+08,1.91212,17.1864,2.80588,15.823
0,827,4.55718e+06,970.675,6388.86,1.02406e+07,5.82628e+06,1855.32,16502.8,628691,116174,412647,3.51609e+06,1.01686e+08,1.95463,17.0398,2.09832,20.6419
0,828,4.56091e+06,993.241,6340.94,1.02251e+07,5.84018e+06,1899.58,16354.3,625942,115926,412465,3.49566e+06,1.01707e+08,1.99992,16.8937,1.87085,16.3071
0,829,4.5647e+06,1017.32,6293.54,1.02097e+07,5.854e+06,1946.77,16207.4,623128,115826,412813,3.4749e+06,1.01728e+08,2.0482,16.7488,1.02988,21.2981
0,830,4.56854e+06,1043.04,6246.92,1.01944e+07,5.86774e+06,1997.1,16062.8,620255,115876,413698,3.45385e+06,1.01749e+08,2.0997,16.6059,1.27491,17.8208
0,831,4.57243e+06,1070.51,6201.32,1.01791e+07,5.8814e+06,2050.82,15921.1,617331,116076,415130,3.43255e+06,1.0177e+08,2.15467,16.4656,4.82233,17.9082
0,832,4.57637e+06,1099.87,6156.97,1.01638e+07,5.89495e+06,2108.19,15783,614362,116430,417121,3.41105e+06,1.01789e+08,2.21338,16.3285,3.05729,15.9148
0,833,4.58034e+06,1131.28,6114.05,1.01486e+07,5.9084e+06,2169.49,15648.8,611358,116942,419685,3.38938e+06,1.01809e+08,2.27611,16.1952,6.35421,21.227
0,834,4.58433e+06,1164.86,6072.75,1.01335e+07,5.92174e+06,2235.02,15519.1,608326,117615,422837,3.36762e+06,1.01828e+08,2.34318,16.0662,2.98371,18.8178
0,835,4.58835e+06,1200.81,6033.2,1.01183e+07,5.93496e+06,2305.1,15394.3,605277,118454,426599,3.34579e+06,1.01846e+08,2.4149,15.9419,2.88906,15.1908
0,836,4.59237e+06,1239.27,5995.51,1.01033e+07,5.94804e+06,2380.06,15274.5,602220,119464,430991,3.32397e+06,1.01863e+08,2.49162,15.8226,1.39879,8.54045
0,837,4.5964e+06,1280.44,5959.76,1.00882e+07,5.96099e+06,2460.25,15160,599163,120653,436039,3.30219e+06,1.0188e+08,2.5737,15.7085,0.816994,16.6379
0,838,4.60042e+06,1324.51,5925.99,1.00731e+07,5.97379e+06,2546.06,15050.8,596115,122026,441771,3.28052e+06,1.01896e+08,2.66154,15.5999,2.92878,19.5353
0,839,4.60442e+06,1371.67,5894.18,1.00581e+07,5.98644e+06,2637.86,14947.1,593086,123591,448216,3.25899e+06,1.01911e+08,2.75553,15.4967,4.16518,17.1979
0,840,4.60838e+06,1422.14,5864.31,1.0043e+07,5.99892e+06,2736.08,14848.5,590082,125357,455408,3.23765e+06,1.01925e+08,2.8561,15.3989,5.25751,20.9189
0,841,4.61231e+06,1476.13,5836.3,1.0028e+07,6.01123e+06,2841.13,14755,587112,127333,463384,3.21654e+06,1.01938e+08,2.96369,15.3063,4.4406,19.9218
0,842,4.61619e+06,1533.86,5810.02,1.00129e+07,6.02337e+06,2953.46,14666.3,584182,129528,472183,3.1957e+06,1.0195e+08,3.07876,15.2186,2.58107,16.6041
0,843,4.62e+06,1595.57,5785.32,9.99786e+06,6.03532e+06,3073.53,14581.9,581297,131955,481848,3.17516e+06,1.01961e+08,3.20178,15.1356,1.94381,8.4054
0,844,4.62374e+06,1661.5,5762,9.98275e+06,6.04708e+06,3201.8,14501.3,578461,134624,492424,3.15493e+06,1.0197e+08,3.33323,15.0567,3.88824,12.6019
0,845,4.62739e+06,1731.89,5739.82,9.96761e+06,6.05864e+06,3338.75,14424,575678,137547,503958,3.13505e+06,1.01979e+08,3.47363,14.9815,2.70635,14.0645
0,846,4.63095e+06,1806.98,5718.52,9.95242e+06,6.07e+06,3484.87,14349.3,572949,140737,516503,3.11551e+06,1.01985e+08,3.62347,14.9091,2.26314,11.7648
0,847,4.6344e+06,1887.03,5697.78,9.93719e+06,6.08115e+06,3640.66,14276.4,570275,144209,530112,3.09631e+06,1.01991e+08,3.78328,14.8389,4.07118,15.1057
0,848,4.63773e+06,1972.27,5677.27,9.9219e+06,6.0921e+06,3806.59,14204.5,567653,147976,544842,3.07745e+06,1.01995e+08,3.95357,14.77,11.6452,15.1371
0,849,4.64094e+06,2062.95,5656.61,9.90655e+06,6.10282e+06,3983.18,14132.7,565081,152054,560752,3.05892e+06,1.01998e+08,4.13486,14.7015,2.2662,13.3844
0,850,4.644e+06,2159.32,5635.41,9.89113e+06,6.11333e+06,4170.88,14059.9,562553,156457,577903,3.04069e+06,1.01999e+08,4.32765,14.6325,2.32033,15.9852
0,851,4.64692e+06,2261.6,5613.26,9.87565e+06,6.12361e+06,4370.17,13985.2,560065,161202,596359,3.02272e+06,1.01998e+08,4.53243,14.5619,5.26229,16.1545
0,852,4.64969e+06,2370.01,5589.7,9.8601e+06,6.13367e+06,4581.49,13907.6,557606,166306,616184,3.00497e+06,1.01997e+08,4.7497,14.4886,0.420528,14.4963
0,853,4.65229e+06,2484.75,5564.3,9.84448e+06,6.14351e+06,4805.27,13825.8,555168,171784,637444,2.98739e+06,1.01993e+08,4.97989,14.4115,7.51338,19.3308
0,854,4.65471e+06,2606.02,5536.61,9.82878e+06,6.15311e+06,5041.88,13738.9,552739,177655,660207,2.96992e+06,1.01988e+08,5.22342,14.3294,6.06142,16.2261
0,855,4.65696e+06,2733.97,5506.16,9.81302e+06,6.16249e+06,5291.68,13645.7,550305,183933,684540,2.9525e+06,1.01982e+08,5.48069,14.2412,5.04002,11.5531
0,856,4.65902e+06,2868.75,5472.51,9.79719e+06,6.17164e+06,5554.97,13545.2,547852,190637,710511,2.93504e+06,1.01974e+08,5.75201,14.1457,6.25316,10.9944
0,857,4.66089e+06,3010.47,5435.24,9.78129e+06,6.18056e+06,5831.99,13436.3,545364,197784,738185,2.91747e+06,1.01964e+08,6.03767,14.0419,3.41022,19.2928
0,858,4.66256e+06,3159.2,5393.92,9.76534e+06,6.18925e+06,6122.92,13318.1,542825,205388,767628,2.8997e+06,1.01953e+08,6.33788,13.9287,3.70592,12.4524
0,859,4.66403e+06,3315,5348.18,9.74934e+06,6.19771e+06,6427.89,13189.6,540214,213465,798904,2.88163e+06,1.01941e+08,6.65281,13.8051,6.09462,15.2927
0,860,4.66529e+06,3477.86,5297.67,9.73329e+06,6.20594e+06,6746.94,13050.1,537515,222031,832073,2.86316e+06,1.01927e+08,6.98251,13.6702,10.6384,12.0684
0,861,4.66635e+06,3647.75,5242.1,9.71721e+06,6.21394e+06,7080.04,12898.9,534707,231099,867191,2.84421e+06,1.01912e+08,7.32698,13.5232,7.01767,12.3014
0,862,4.66719e+06,3824.59,5181.21,9.70112e+06,6.22171e+06,7427.06,12735.3,531770,240682,904311,2.82467e+06,1.01895e+08,7.68614,13.3635,10.1146,19.2997
0,863,4.66783e+06,4008.25,5114.82,9.68502e+06,6.22924e+06,7787.82,12559,528685,250791,943482,2.80444e+06,1.01877e+08,8.0598,13.1904,1.94977,12.7454
0,864,4.66825e+06,4198.58,5042.79,9.66892e+06,6.23654e+06,8162.02,12369.7,525432,261435,984746,2.78342e+06,1.01858e+08,8.44769,13.0036,14.8515,13.7221
0,865,4.66845e+06,4395.35,4965.06,9.65285e+06,6.2436e+06,8549.28,12167.2,521992,272624,1.02814e+06,2.76152e+06,1.01838e+08,8.84944,12.8029,6.61171,16.6064
0,866,4.66844e+06,4598.31,4881.63,9.63682e+06,6.25042e+06,8949.14,11951.6,518348,284363,1.07369e+06,2.73865e+06,1.01817e+08,9.26459,12.5882,12.8026,12.4067
0,867,4.66822e+06,4807.15,4792.56,9.62085e+06,6.257e+06,9361.05,11723.1,514481,296658,1.12142e+06,2.71472e+06,1.01795e+08,9.69259,12.3597,8.24939,11.7012
0,868,4.66778e+06,5021.53,4698.01,9.60497e+06,6.26333e+06,9784.37,11482,510378,309509,1.17134e+06,2.68966e+06,1.01771e+08,10.1328,12.1176,7.11736,10.7924
0,869,4.66713e+06,5241.07,4598.18,9.58918e+06,6.2694e+06,10218.4,11228.9,506023,322917,1.22346e+06,2.66341e+06,1.01747e+08,10.5845,11.8623,11.3074,16.1119
0,870,4.66627e+06,5465.35,4493.33,9.57352e+06,6.27522e+06,10662.3,10964.4,501405,336879,1.27778e+06,2.6359e+06,1.01722e+08,11.0468,11.5946,11.8484,12.895
0,871,4.6652e+06,5693.9,4383.79,9.558e+06,6.28078e+06,11115.3,10689.3,496514,351392,1.33427e+06,2.60709e+06,1.01696e+08,11.519,11.3151,12.7719,14.5794
0,872,4.66393e+06,5926.26,4269.96,9.54265e+06,6.28606e+06,11576.4,10404.6,491342,366448,1.39292e+06,2.57695e+06,1.01669e+08,12,11.0249,11.8781,13.1991
0,873,4.66245e+06,6161.89,4152.26,9.5275e+06,6.29106e+06,12044.6,10111.4,485885,382038,1.4537e+06,2.54545e+06,1.01642e+08,12.4888,10.7248,8.74843,11.9193
0,874,4.66076e+06,6400.28,4031.15,9.51256e+06,6.29577e+06,12519,9810.69,480139,398149,1.51656e+06,2.51258e+06,1.01614e+08,12.9843,10.4161,14.5754,11.8978
0,875,4.65887e+06,6640.85,3907.15,9.49786e+06,6.30018e+06,12998.3,9503.74,474105,414767,1.58145e+06,2.47835e+06,1.01586e+08,13.4855,10.0999,10.7934,15.5903
0,876,4.65678e+06,6883.05,3780.76,9.48342e+06,6.30427e+06,13481.7,9191.78,467784,431876,1.64832e+06,2.44277e+06,1.01556e+08,13.9912,9.77769,14.9415,12.8623
0,877,4.6545e+06,7126.28,3652.53,9.46928e+06,6.30805e+06,13967.7,8876.1,461181,449456,1.71708e+06,2.40586e+06,1.01527e+08,14.5001,9.45063,14.2001,9.6368
0,878,4.65201e+06,7369.94,3523,9.45545e+06,6.31149e+06,14455.4,8557.98,454303,467487,1.78767e+06,2.36767e+06,1.01496e+08,15.0111,9.12011,18.612,12.9264
0,879,4.64933e+06,7613.41,3392.7,9.44196e+06,6.31458e+06,14943.5,8238.68,447160,485945,1.85998e+06,2.32825e+06,1.01466e+08,15.5228,8.7875,12.7586,2.45701
0,880,4.64646e+06,7856.09,3262.17,9.42883e+06,6.31732e+06,15430.8,7919.46,439763,504804,1.93393e+06,2.28765e+06,1.01435e+08,16.0341,8.45411,16.4592,10.9942
0,881,4.64339e+06,8097.34,3131.92,9.41609e+06,6.31969e+06,15915.9,7601.51,432125,524037,2.00941e+06,2.24595e+06,1.01404e+08,16.5436,8.12123,15.3127,6.90829
0,882,4.64014e+06,8336.52,3002.43,9.40376e+06,6.32167e+06,16397.7,7285.97,424262,543614,2.08631e+06,2.20323e+06,1.01372e+08,17.0499,7.79012,17.5333,5.25316
0,883,4.63671e+06,8572.99,2874.17,9.39186e+06,6.32327e+06,16874.9,6973.92,416189,563503,2.16449e+06,2.15956e+06,1.0134e+08,17.5518,7.46194,14.0795,4.70475
0,884,4.63309e+06,8806.09,2747.57,9.38041e+06,6.32446e+06,17346,6666.35,407925,583672,2.24384e+06,2.11504e+06,1.01308e+08,18.0478,7.13778,19.7307,9.69554
0,885,4.62929e+06,9035.15,2623.01,9.36945e+06,6.32524e+06,17809.8,6364.16,399489,604084,2.3242e+06,2.06977e+06,1.01275e+08,18.5366,6.81866,15.2151,10.2293
0,886,4.62531e+06,9259.51,2500.86,9.35898e+06,6.3256e+06,18264.9,6068.17,390900,624703,2.40545e+06,2.02384e+06,1.01243e+08,19.0167,6.50549,18.5839,5.12993
0,887,4.62117e+06,9478.46,2381.43,9.34904e+06,6.32553e+06,18709.9,5779.09,382178,645490,2.48741e+06,1.97736e+06,1.0121e+08,19.4866,6.19908,23.9879,10.7728
0,888,4.61686e+06,9691.32,2265,9.33964e+06,6.32502e+06,19143.4,5497.57,373345,666405,2.56993e+06,1.93043e+06,1.01177e+08,19.945,5.90018,15.3164,7.10388
0,889,4.6124e+06,9897.37,2151.82,9.33081e+06,6.32408e+06,19563.8,5224.14,364421,687404,2.65285e+06,1.88315e+06,1.01144e+08,20.3903,5.60938,21.4335,3.96108
0,890,4.60778e+06,10095.9,2042.07,9.32256e+06,6.32269e+06,19969.8,4959.25,355427,708445,2.73597e+06,1.83563e+06,1.01112e+08,20.821,5.32724,18.5053,4.94078
0,891,4.60303e+06,10286.2,1935.94,9.31493e+06,6.32086e+06,20359.7,4703.25,346383,729482,2.81913e+06,1.78796e+06,1.01079e+08,21.2355,5.05418,12.8664,3.83569
0,892,4.59814e+06,10467.6,1833.55,9.30793e+06,6.31859e+06,20732.3,4456.43,337311,750467,2.90213e+06,1.74025e+06,1.01047e+08,21.6323,4.79054,26.883,3.34435
0,893,4.59313e+06,10639.3,1735,9.30158e+06,6.31587e+06,21085.8,4219,328229,771352,2.98477e+06,1.6926e+06,1.01015e+08,22.0099,4.53661,28.517,10.2481
0,894,4.58802e+06,10800.6,1640.36,9.2959e+06,6.31272e+06,21418.9,3991.08,319157,792087,3.06685e+06,1.6451e+06,1.00984e+08,22.3666,4.29255,32.4282,3.93007
0,895,4.5828e+06,10950.8,1549.68,9.29092e+06,6.30913e+06,21730,3772.76,310113,812620,3.14816e+06,1.59783e+06,1.00953e+08,22.701,4.0585,26.8585,5.47722
0,896,4.57751e+06,11089.3,1462.96,9.28666e+06,6.30512e+06,22017.8,3564.05,301115,832900,3.22848e+06,1.55089e+06,1.00923e+08,23.0116,3.83451,20.3535,2.08348
0,897,4.57216e+06,11215.4,1380.2,9.28313e+06,6.30069e+06,22280.9,3364.91,292180,852872,3.30761e+06,1.50435e+06,1.00893e+08,23.2969,3.62056,21.8588,6.92776
0,898,4.56675e+06,11328.5,1301.38,9.28036e+06,6.29585e+06,22518,3175.25,283323,872483,3.38531e+06,1.45829e+06,1.00865e+08,23.5556,3.41661,24.2668,1.92128
0,899,4.56132e+06,11428.2,1226.45,9.27837e+06,6.29063e+06,22727.9,2994.96,274559,891678,3.46137e+06,1.41277e+06,1.00838e+08,23.7865,3.22254,19.511,0
0,900,4.55588e+06,11513.8,1155.35,9.27717e+06,6.28503e+06,22909.6,2823.88,265902,910403,3.53557e+06,1.36788e+06,1.00812e+08,23.9883,3.03823,27.6526,3.70419
0,901,4.55045e+06,11585.1,1088.02,9.27679e+06,6.27906e+06,23062.2,2661.82,257365,928604,3.60767e+06,1.32366e+06,1.00787e+08,24.1602,2.86349,30.365,3.34737
0,902,4.54505e+06,11641.7,1024.35,9.27724e+06,6.27275e+06,23185,2508.57,248959,946228,3.67747e+06,1.28017e+06,1.00764e+08,24.3013,2.69812,23.5547,3.86005
0,903,4.53971e+06,11683.4,964.275,9.27854e+06,6.26612e+06,23277.4,2363.9,240695,963223,3.74474e+06,1.23746e+06,1.00743e+08,24.411,2.54188,12.4048,0.540995
0,904,4.53444e+06,11710,907.674,9.2807e+06,6.25917e+06,23339.1,2227.56,232582,979538,3.80929e+06,1.19557e+06,1.00723e+08,24.4888,2.39452,28.0211,3.55545
0,905,4.52927e+06,11721.6,854.442,9.28372e+06,6.25195e+06,23370,2099.28,224630,995124,3.8709e+06,1.15455e+06,1.00706e+08,24.5345,2.25578,17.4088,1.86804
0,906,4.52422e+06,11718.3,804.465,9.28763e+06,6.24445e+06,23370.2,1978.78,216846,1.00994e+06,3.92941e+06,1.11443e+06,1.0069e+08,24.5483,2.12536,29.3579,3.69941
0,907,4.51931e+06,11700.2,757.624,9.29242e+06,6.23672e+06,23340.2,1865.79,209236,1.02394e+06,3.98463e+06,1.07524e+06,1.00677e+08,24.5303,2.00298,31.4895,1.6195
0,908,4.51457e+06,11667.8,713.796,9.2981e+06,6.22876e+06,23280.4,1760,201806,1.03708e+06,4.0364e+06,1.03701e+06,1.00666e+08,24.4812,1.88833,19.744,0
0,909,4.51001e+06,11621.5,672.857,9.30468e+06,6.2206e+06,23191.8,1661.12,194561,1.04933e+06,4.08458e+06,999752,1.00658e+08,24.4017,1.7811,26.8824,1.72042
0,910,4.50566e+06,11561.8,634.683,9.31214e+06,6.21226e+06,23075.5,1568.87,187505,1.06067e+06,4.12906e+06,963490,1.00652e+08,24.2928,1.68097,23.399,1.42604
0,911,4.50153e+06,11489.5,599.146,9.32048e+06,6.20376e+06,22932.7,1482.92,180642,1.07107e+06,4.16972e+06,928236,1.00649e+08,24.1559,1.58764,19.1607,0.297827
0,912,4.49765e+06,11405.3,566.122,9.3297e+06,6.19513e+06,22765,1403.01,173972,1.0805e+06,4.20648e+06,893999,1.00649e+08,23.9924,1.5008,21.1722,3.3898
0,913,4.49402e+06,11310,535.487,9.33977e+06,6.18637e+06,22574.2,1328.82,167499,1.08895e+06,4.2393e+06,860786,1.00652e+08,23.8041,1.42012,24.6564,1.60114
0,914,4.49067e+06,11204.6,507.118,9.35069e+06,6.17752e+06,22362,1260.07,161223,1.09642e+06,4.26812e+06,828598,1.00657e+08,23.5928,1.34531,22.6196,1.66614
0,915,4.4876e+06,11090.2,480.895,9.36242e+06,6.16858e+06,22130.6,1196.48,155145,1.1029e+06,4.29295e+06,797436,1.00665e+08,23.3606,1.27606,26.268,2.06994
0,916,4.48483e+06,10967.6,456.7,9.37496e+06,6.15958e+06,21882,1137.77,149264,1.1084e+06,4.31379e+06,767297,1.00675e+08,23.1096,1.21208,22.9178,0.803195
0,917,4.48237e+06,10838.2,434.421,9.38826e+06,6.15053e+06,21618.4,1083.68,143579,1.11292e+06,4.33068e+06,738175,1.00689e+08,22.8422,1.15308,19.8339,2.06766
0,918,4.48023e+06,10702.9,413.947,9.4023e+06,6.14144e+06,21342.2,1033.95,138089,1.11648e+06,4.34368e+06,710062,1.00705e+08,22.5606,1.09878,23.6352,3.49921
0,919,4.4784e+06,10562.8,395.172,9.41704e+06,6.13232e+06,21055.5,988.319,132793,1.1191e+06,4.35288e+06,682947,1.00724e+08,22.2672,1.04892,19.1314,1.06019
0,920,4.4769e+06,10419.2,377.994,9.43245e+06,6.12319e+06,20760.8,946.557,127687,1.12081e+06,4.35836e+06,656818,1.00745e+08,21.9644,1.00323,19.1943,1.28157
0,921,4.47572e+06,10273.1,362.318,9.44849e+06,6.11406e+06,20460.2,908.433,122771,1.12163e+06,4.36027e+06,631662,1.00768e+08,21.6547,0.961471,13.285,1.42796
0,922,4.47486e+06,10125.5,348.05,9.46511e+06,6.10493e+06,20156,873.731,118040,1.1216e+06,4.35873e+06,607463,1.00794e+08,21.3403,0.923405,19.0507,1.70151
0,923,4.47433e+06,9977.6,335.104,9.48228e+06,6.09581e+06,19850.4,842.243,113491,1.12076e+06,4.35392e+06,584203,1.00822e+08,21.0235,0.888808,13.6899,1.68539
0,924,4.47411e+06,9830.3,323.398,9.49995e+06,6.0867e+06,19545.3,813.776,109122,1.11915e+06,4.34599e+06,561866,1.00852e+08,20.7064,0.857471,18.338,0.960558
0,925,4.47421e+06,9684.58,312.854,9.51806e+06,6.07762e+06,19242.8,788.147,104928,1.11683e+06,4.33514e+06,540432,1.00883e+08,20.3913,0.829194,11.1719,1.22962
0,926,4.47461e+06,9541.33,303.4,9.53658e+06,6.06856e+06,18944.7,765.185,100906,1.11383e+06,4.32156e+06,519881,1.00917e+08,20.08,0.80379,17.8663,0.0986321
0,927,4.47531e+06,9401.37,294.969,9.55546e+06,6.05953e+06,18652.6,744.73,97052.3,1.1102e+06,4.30546e+06,500193,1.00951e+08,19.7744,0.781086,20.635,1.72269
0,928,4.47629e+06,9265.49,287.5,9.57464e+06,6.05052e+06,18368.2,726.634,93362.1,1.10601e+06,4.28705e+06,481347,1.00987e+08,19.4761,0.76092,18.0742,1.20442
0,929,4.47755e+06,9134.38,280.933,9.59408e+06,6.04154e+06,18093,710.76,89831.6,1.10131e+06,4.26656e+06,463322,1.01024e+08,19.1869,0.743141,18.7395,2.18866
0,930,4.47907e+06,9008.67,275.216,9.61374e+06,6.03259e+06,17828.1,696.981,86456.6,1.09615e+06,4.2442e+06,446097,1.01062e+08,18.9081,0.727611,14.2817,0
0,931,4.48084e+06,8888.95,270.301,9.63356e+06,6.02365e+06,17574.9,685.181,83233,1.09059e+06,4.2202e+06,429649,1.01101e+08,18.6409,0.714201,20.7494,0
0,932,4.48284e+06,8775.72,266.143,9.6535e+06,6.01474e+06,17334.3,675.253,80156.5,1.08468e+06,4.19478e+06,413958,1.0114e+08,18.3867,0.702796,10.2224,1.88313
0,933,4.48506e+06,8669.41,262.7,9.67352e+06,6.00585e+06,17107.2,667.101,77223,1.07848e+06,4.16818e+06,399002,1.01179e+08,18.1462,0.693287,21.2744,0.853612
0,934,4.48749e+06,8570.42,259.937,9.69357e+06,5.99696e+06,16894.5,660.637,74428.2,1.07205e+06,4.14059e+06,384760,1.01218e+08,17.9205,0.685578,11.3278,1.35093
0,935,4.4901e+06,8479.07,257.819,9.71361e+06,5.98809e+06,16696.7,655.78,71768.1,1.06544e+06,4.11226e+06,371210,1.01257e+08,17.7103,0.67958,14.6167,0
0,936,4.49289e+06,8395.61,256.316,9.7336e+06,5.97921e+06,16514.3,652.458,69238.7,1.05871e+06,4.08338e+06,358333,1.01296e+08,17.5162,0.675213,16.7531,0
0,937,4.49582e+06,8320.25,255.402,9.7535e+06,5.97034e+06,16347.9,650.606,66835.8,1.0519e+06,4.05417e+06,346108,1.01335e+08,17.3386,0.672406,20.9119,0.197161
0,938,4.4989e+06,8253.17,255.052,9.77328e+06,5.96145e+06,16197.7,650.167,64555.7,1.04507e+06,4.02481e+06,334515,1.01373e+08,17.178,0.671093,13.8048,0.802079
0,939,4.50209e+06,8194.45,255.243,9.79291e+06,5.95256e+06,16063.8,651.086,62394.5,1.03827e+06,3.99551e+06,323534,1.0141e+08,17.0347,0.671216,19.4429,0.507323
0,940,4.50538e+06,8144.15,255.956,9.81234e+06,5.94364e+06,15946.5,653.318,60348.5,1.03154e+06,3.96645e+06,313148,1.01446e+08,16.9087,0.672723,24.744,0
0,941,4.50876e+06,8102.29,257.172,9.83155e+06,5.9347e+06,15845.6,656.82,58414.1,1.02493e+06,3.93779e+06,303338,1.01481e+08,16.8001,0.675566,16.3181,0.727653
0,942,4.51221e+06,8068.82,258.877,9.85052e+06,5.92572e+06,15761.2,661.553,56587.7,1.01847e+06,3.90971e+06,294086,1.01515e+08,16.709,0.679704,17.0678,0.794218
0,943,4.5157e+06,8043.66,261.054,9.86922e+06,5.9167e+06,15692.9,667.482,54866,1.01222e+06,3.88236e+06,285375,1.01548e+08,16.6351,0.685096,16.5342,0.322108
0,944,4.51923e+06,8026.69,263.69,9.88762e+06,5.90764e+06,15640.6,674.575,53245.7,1.0062e+06,3.85587e+06,277188,1.01579e+08,16.5782,0.691709,19.6179,0.608173
0,945,4.52278e+06,8017.72,266.773,9.90572e+06,5.89853e+06,15603.9,682.802,51723.6,1.00046e+06,3.83039e+06,269509,1.01609e+08,16.5381,0.699508,13.3412,0.146108
0,946,4.52633e+06,8016.54,270.291,9.92348e+06,5.88937e+06,15582.4,692.135,50296.5,995011,3.80603e+06,262323,1.01637e+08,16.5142,0.708464,13.6141,2.48015
0,947,4.52986e+06,8022.89,274.231,9.9409e+06,5.88014e+06,15575.4,702.545,48961.6,989895,3.78289e+06,255616,1.01663e+08,16.506,0.718546,13.6611,0.833951
0,948,4.53336e+06,8036.44,278.582,9.95797e+06,5.87084e+06,15582.3,714.006,47715.8,985135,3.76108e+06,249371,1.01687e+08,16.513,0.729726,12.5576,0.335514
0,949,4.53682e+06,8056.85,283.332,9.97467e+06,5.86147e+06,15602.5,726.489,46556.5,980752,3.74067e+06,243576,1.0171e+08,16.5345,0.741975,21.9071,1.12138
0,950,4.54023e+06,8083.71,288.47,9.991e+06,5.85203e+06,15635.2,739.966,45480.9,976763,3.72174e+06,238216,1.01731e+08,16.5696,0.755262,12.6701,0.0967148
0,951,4.54356e+06,8116.56,293.983,1.0007e+07,5.8425e+06,15679.4,754.406,44486.4,973185,3.70434e+06,233279,1.0175e+08,16.6174,0.769558,25.0647,0.646609
0,952,4.54682e+06,8154.91,299.857,1.00225e+07,5.83289e+06,15734.1,769.779,43570.4,970028,3.68852e+06,228752,1.01766e+08,16.677,0.784829,21.9975,0.655157
0,953,4.54999e+06,8198.21,306.079,1.00377e+07,5.82319e+06,15798.4,786.05,42730.4,967300,3.6743e+06,224622,1.01781e+08,16.7473,0.801041,17.589,1.45133
0,954,4.55305e+06,8245.86,312.632,1.00526e+07,5.81341e+06,15871,803.181,41964,965005,3.66169e+06,220878,1.01794e+08,16.8271,0.818157,14.2416,0.89183
0,955,4.55601e+06,8297.25,319.502,1.0067e+07,5.80353e+06,15950.7,821.133,41268.8,963144,3.6507e+06,217506,1.01805e+08,16.9151,0.836136,13.2717,0.242637
0,956,4.55886e+06,8351.69,326.67,1.00812e+07,5.79356e+06,16036.2,839.864,40642.4,961712,3.64131e+06,214496,1.01814e+08,17.01,0.854936,19.1282,0.912154
0,957,4.56159e+06,8408.47,334.117,1.00949e+07,5.78351e+06,16126.1,859.327,40082.6,960703,3.63348e+06,211836,1.01821e+08,17.1104,0.874511,18.1155,1.35836
0,958,4.56419e+06,8466.86,341.825,1.01084e+07,5.77336e+06,16219.1,879.474,39587,960104,3.62719e+06,209514,1.01827e+08,17.2148,0.89481,18.6042,0.704056
0,959,4.56667e+06,8526.1,349.771,1.01215e+07,5.76312e+06,16313.7,900.254,39153.5,959900,3.62236e+06,207518,1.01831e+08,17.3217,0.915783,23.7243,1.5876
0,960,4.56902e+06,8585.4,357.935,1.01344e+07,5.7528e+06,16408.4,921.612,38779.6,960073,3.61893e+06,205839,1.01833e+08,17.4295,0.937373,23.6921,0.358849
0,961,4.57125e+06,8643.98,366.294,1.01469e+07,5.7424e+06,16501.6,943.493,38463.3,960601,3.61681e+06,204464,1.01833e+08,17.5365,0.959525,23.7963,1.23866
0,962,4.57336e+06,8701.07,374.825,1.01593e+07,5.73193e+06,16592,965.841,38202.2,961456,3.61591e+06,203381,1.01832e+08,17.6414,0.98218,21.8518,1.11584
0,963,4.57535e+06,8755.89,383.506,1.01714e+07,5.72138e+06,16678,988.598,37994.2,962610,3.61611e+06,202581,1.0183e+08,17.7423,1.00528,13.9723,1.13419
0,964,4.57722e+06,8807.7,392.314,1.01833e+07,5.71076e+06,16758.4,1011.71,37836.9,964031,3.61729e+06,202051,1.01827e+08,17.8379,1.02876,12.7923,2.63906
0,965,4.57899e+06,8855.79,401.228,1.0195e+07,5.70009e+06,16831.6,1035.12,37728.4,965685,3.61933e+06,201780,1.01822e+08,17.9267,1.05258,18.3397,1.74643
0,966,4.58066e+06,8899.51,410.228,1.02066e+07,5.68936e+06,16896.5,1058.78,37666.2,967534,3.62209e+06,201757,1.01817e+08,18.0072,1.07666,21.6092,0.247688
0,967,4.58224e+06,8938.26,419.294,1.02182e+07,5.6786e+06,16952,1082.64,37648.4,969540,3.62543e+06,201971,1.01811e+08,18.0783,1.10097,19.8591,0.530441
0,968,4.58374e+06,8971.5,428.41,1.02296e+07,5.6678e+06,16997.2,1106.66,37672.7,971664,3.62919e+06,202411,1.01804e+08,18.1387,1.12545,17.3425,2.66025
0,969,4.58517e+06,8998.8,437.563,1.0241e+07,5.65697e+06,17031,1130.8,37737.1,973866,3.63324e+06,203067,1.01797e+08,18.1876,1.15008,18.4066,0.931679
0,970,4.58655e+06,9019.8,446.741,1.02523e+07,5.64613e+06,17053,1155.04,37839.6,976104,3.63742e+06,203927,1.01789e+08,18.2241,1.1748,17.1263,0
0,971,4.58788e+06,9034.21,455.938,1.02637e+07,5.63529e+06,17062.6,1179.36,37978.1,978338,3.64158e+06,204983,1.01782e+08,18.2476,1.19961,19.0508,2.46644
0,972,4.58918e+06,9041.89,465.152,1.02751e+07,5.62445e+06,17059.5,1203.76,38150.8,980530,3.64559e+06,206223,1.01774e+08,18.2576,1.22448,15.9468,1.59409
0,973,4.59046e+06,9042.76,474.382,1.02866e+07,5.61362e+06,17043.7,1228.22,38355.9,982641,3.6493e+06,207640,1.01767e+08,18.2539,1.24942,12.891,1.75656
0,974,4.59174e+06,9036.85,483.635,1.02981e+07,5.60282e+06,17015.1,1252.78,38591.7,984635,3.65258e+06,209224,1.0176e+08,18.2366,1.27444,17.5557,1.81733
0,975,4.59302e+06,9024.31,492.921,1.03098e+07,5.59205e+06,16974.1,1277.45,38856.7,986479,3.65531e+06,210968,1.01753e+08,18.2058,1.29955,24.0177,2.24669
0,976,4.59432e+06,9005.36,502.257,1.03215e+07,5.58132e+06,16921.1,1302.27,39149.5,988143,3.65738e+06,212864,1.01746e+08,18.1619,1.32478,21.2177,2.09416
0,977,4.59565e+06,8980.31,511.661,1.03334e+07,5.57064e+06,16856.7,1327.3,39468.9,989600,3.6587e+06,214906,1.01741e+08,18.1054,1.3502,14.3146,1.74029
0,978,4.59702e+06,8949.57,521.16,1.03455e+07,5.56002e+06,16781.8,1352.6,39813.8,990825,3.65918e+06,217089,1.01736e+08,18.0371,1.37585,8.99667,1.0204
0,979,4.59845e+06,8913.59,530.784,1.03577e+07,5.54946e+06,16697.1,1378.24,40183.2,991799,3.65874e+06,219409,1.01732e+08,17.9578,1.40181,14.9929,0
0,980,4.59993e+06,8872.91,540.568,1.03701e+07,5.53898e+06,16603.7,1404.33,40576.6,992506,3.65734e+06,221862,1.01728e+08,17.8686,1.42816,16.7973,0.455246
0,981,4.60148e+06,8828.1,550.551,1.03827e+07,5.52857e+06,16502.6,1430.95,40993.5,992935,3.65493e+06,224447,1.01725e+08,17.7706,1.45501,18.8396,0.162496
0,982,4.6031e+06,8779.77,560.776,1.03954e+07,5.51824e+06,16395.1,1458.22,41433.6,993077,3.65149e+06,227161,1.01724e+08,17.665,1.48246,15.1488,1.15912
0,983,4.60479e+06,8728.56,571.293,1.04083e+07,5.508e+06,16282.3,1486.27,41896.9,992930,3.64701e+06,230007,1.01723e+08,17.553,1.51064,23.0692,1.70932
0,984,4.60657e+06,8675.12,582.151,1.04213e+07,5.49784e+06,16165.5,1515.22,42383.6,992494,3.64149e+06,232986,1.01723e+08,17.436,1.53967,13.4961,2.41725
0,985,4.60843e+06,8620.08,593.406,1.04345e+07,5.48777e+06,16045.8,1545.23,42894.2,991774,3.63495e+06,236099,1.01724e+08,17.3152,1.5697,18.684,0
0,986,4.61038e+06,8564.1,605.117,1.04478e+07,5.47779e+06,15924.6,1576.43,43429.3,990777,3.62742e+06,239353,1.01725e+08,17.192,1.60088,16.9874,0.598576
0,987,4.61241e+06,8507.79,617.345,1.04612e+07,5.46791e+06,15802.8,1609,43989.8,989514,3.61894e+06,242752,1.01727e+08,17.0676,1.63337,10.9703,3.65855
0,988,4.61452e+06,8451.75,630.152,1.04748e+07,5.45811e+06,15681.7,1643.09,44577,988000,3.60958e+06,246304,1.0173e+08,16.9433,1.66734,21.8064,3.09422
0,989,4.61671e+06,8396.53,643.606,1.04884e+07,5.4484e+06,15562.2,1678.87,45192.2,986252,3.59938e+06,250016,1.01734e+08,16.8201,1.70295,20.5046,1.62152
0,990,4.61897e+06,8342.64,657.774,1.05021e+07,5.43877e+06,15445.4,1716.54,45837,984288,3.58842e+06,253899,1.01738e+08,16.6993,1.74039,18.0385,1.3078
0,991,4.62131e+06,8290.55,672.727,1.05159e+07,5.42924e+06,15332.1,1756.27,46513.3,982129,3.57678e+06,257963,1.01743e+08,16.5816,1.77985,17.9877,2.09459
0,992,4.6237e+06,8240.68,688.537,1.05297e+07,5.41978e+06,15223,1798.24,47223.2,979798,3.56455e+06,262221,1.01748e+08,16.4681,1.82151,6.65361,1.13764
0,993,4.62616e+06,8193.38,705.276,1.05435e+07,5.4104e+06,15118.8,1842.65,47968.9,977318,3.55179e+06,266686,1.01753e+08,16.3595,1.86557,8.80171,2.0282
0,994,4.62866e+06,8148.95,723.018,1.05572e+07,5.40109e+06,15020.1,1889.71,48753,974714,3.53861e+06,271372,1.01759e+08,16.2564,1.91222,21.71,1.88839
0,995,4.6312e+06,8107.63,741.84,1.0571e+07,5.39185e+06,14927.4,1939.59,49578.2,972009,3.52509e+06,276295,1.01764e+08,16.1594,1.96168,11.4199,3.56167
0,996,4.63378e+06,8069.61,761.817,1.05847e+07,5.38268e+06,14840.8,1992.51,50447.3,969227,3.51132e+06,281473,1.0177e+08,16.0689,2.01414,13.5858,1.95951
0,997,4.63638e+06,8034.99,783.025,1.05983e+07,5.37357e+06,14760.7,2048.67,51363.6,966394,3.49739e+06,286924,1.01775e+08,15.9852,2.06981,13.7673,2.13324
0,998,4.63899e+06,8003.84,805.54,1.06118e+07,5.36451e+06,14687.1,2108.28,52330.1,963531,3.48338e+06,292666,1.0178e+08,15.9085,2.1289,16.9401,3.76565
0,999,4.64161e+06,7976.15,829.44,1.06252e+07,5.35551e+06,14620.1,2171.52,53350.5,960660,3.46936e+06,298720,1.01785e+08,15.8387,2.19161,18.8625,2.5286
0,1000,4.64422e+06,7951.86,854.8,1.06385e+07,5.34655e+06,14559.4,2238.61,54428.2,957803,3.45542e+06,305107,1.0179e+08,15.7759,2.25814,11.1498,0.0186869
