index,time,SS:Japan__all,IS:Japan__all,SI:Japan__all,RS:Japan__all,SR:Japan__all,IR:Japan__all,RI:Japan__all,SQ:Japan__all,QS:Japan__all,QR:Japan__all,RQ:Japan__all,RR:Japan__all,obs_mean:EV71_JAP__IASR__inc,obs_mean:CA16_JAP__IASR__inc,obs_real:EV71_JAP__IASR__inc,obs_real:CA16_JAP__IASR__inc
0,0,2.78145e+06,5570.94,0.515664,8.67237e+06,1.36951e+07,5380.04,0.333047,1.81434e+06,2.81451e+06,4.2519e+06,2.10416e+06,9.05637e+07,0,0,0,0
0,1,2.78913e+06,5518.75,0.378933,8.69298e+06,1.3724e+07,5314.91,0.243847,1.77049e+06,2.80721e+06,4.24482e+06,2.0533e+06,9.06157e+07,4.06235,0.000650099,3.44777,0.0100814
0,2,2.79689e+06,5501.33,0.284918,8.71362e+06,1.37518e+07,5292.72,0.183182,1.72769e+06,2.79978e+06,4.23728e+06,2.00367e+06,9.06756e+07,4.0332,0.000482367,3.80193,0
0,3,2.80459e+06,5522.06,0.220231,8.73397e+06,1.37787e+07,5307.23,0.141481,1.68593e+06,2.79263e+06,4.22994e+06,1.95524e+06,9.0734e+07,4.03243,0.000367274,0,0
0,4,2.81216e+06,5580.63,0.175571,8.75374e+06,1.38044e+07,5357.92,0.112701,1.64518e+06,2.78616e+06,4.22347e+06,1.90798e+06,9.07905e+07,4.05941,0.000287973,1.66678,0.02446
0,5,2.81947e+06,5676.84,0.144651,8.77262e+06,1.38289e+07,5444.65,0.0927806,1.60541e+06,2.78079e+06,4.21848e+06,1.86186e+06,9.08446e+07,4.11393,0.000233154,5.83168,0.016008
0,6,2.82643e+06,5810.81,0.123212,8.79034e+06,1.38522e+07,5567.61,0.078969,1.56661e+06,2.77689e+06,4.2156e+06,1.81685e+06,9.08956e+07,4.19599,0.000195172,3.27696,0
0,7,2.83295e+06,5982.86,0.108348,8.80661e+06,1.38742e+07,5727.18,0.0693908,1.52874e+06,2.77484e+06,4.21542e+06,1.77293e+06,9.09433e+07,4.30579,0.000168832,7.40931,0
0,8,2.8389e+06,6193.4,0.0980626,8.82116e+06,1.38948e+07,5923.86,0.0627589,1.49178e+06,2.77502e+06,4.21854e+06,1.73008e+06,9.09869e+07,4.44362,0.000150581,4.05529,0.0144765
0,9,2.8442e+06,6442.77,0.0909739,8.83373e+06,1.3914e+07,6158.16,0.0581831,1.45572e+06,2.7778e+06,4.22555e+06,1.68826e+06,9.10262e+07,4.60983,0.00013797,6.53591,0
0,10,2.84873e+06,6731.09,0.0861164,8.84405e+06,1.39317e+07,6430.38,0.055042,1.42053e+06,2.78354e+06,4.23703e+06,1.64745e+06,9.10606e+07,4.80466,0.000129295,5.47504,0.0062474
0,11,2.85239e+06,7058.06,0.0828087,8.85189e+06,1.39478e+07,6740.51,0.0528978,1.3862e+06,2.79259e+06,4.25356e+06,1.60762e+06,9.10897e+07,5.02816,0.000123364,4.75882,0.0035431
0,12,2.85508e+06,7422.66,0.0805641,8.85701e+06,1.39622e+07,7087.93,0.0514382,1.35269e+06,2.80529e+06,4.27566e+06,1.56876e+06,9.1113e+07,5.27997,0.000119329,7.95963,0
0,13,2.8567e+06,7822.91,0.0790306,8.8592e+06,1.39749e+07,7471.19,0.0504378,1.31999e+06,2.82195e+06,4.30386e+06,1.53084e+06,9.11301e+07,5.55917,0.000116583,6.37157,0
0,14,2.85715e+06,8255.57,0.0779506,8.85828e+06,1.39859e+07,7887.7,0.0497319,1.28808e+06,2.84284e+06,4.3386e+06,1.49384e+06,9.11407e+07,5.86404,0.000114682,0.266914,0.00415516
0,15,2.85638e+06,8715.86,0.077133,8.85412e+06,1.3995e+07,8333.44,0.0491987,1.25695e+06,2.86818e+06,4.38028e+06,1.45773e+06,9.11446e+07,6.19187,0.000113303,6.22335,0
0,16,2.8543e+06,9197.17,0.0764355,8.84663e+06,1.40023e+07,8802.74,0.0487477,1.22656e+06,2.8981e+06,4.42916e+06,1.42249e+06,9.11415e+07,6.53874,0.000112203,3.64651,0
0,17,2.85089e+06,9690.91,0.0757524,8.83581e+06,1.40076e+07,9287.98,0.0483119,1.19691e+06,2.93268e+06,4.48539e+06,1.3881e+06,9.11313e+07,6.89936,0.000111202,4.17821,0
0,18,2.84614e+06,10186.5,0.075007,8.82173e+06,1.40111e+07,9779.59,0.0478425,1.16798e+06,2.97184e+06,4.54894e+06,1.35455e+06,9.11141e+07,7.26691,0.000110169,6.93472,0
0,19,2.84007e+06,10671.4,0.0741464,8.80456e+06,1.40127e+07,10266,0.0473061,1.13975e+06,3.01542e+06,4.6196e+06,1.32181e+06,9.10903e+07,7.63315,0.000109009,9.49191,0
0,20,2.83274e+06,11131.6,0.0731385,8.78459e+06,1.40125e+07,10734.1,0.0466823,1.1122e+06,3.06309e+06,4.69693e+06,1.28985e+06,9.10601e+07,7.98848,0.00010766,10.1241,0.00884504
0,21,2.82425e+06,11552.2,0.0719693,8.7622e+06,1.40105e+07,11169.4,0.0459618,1.08531e+06,3.11436e+06,4.78025e+06,1.25868e+06,9.10242e+07,8.32232,0.00010609,8.56887,0.0100244
0,22,2.81474e+06,11918.3,0.0706411,8.73789e+06,1.4007e+07,11557.2,0.0451458,1.05908e+06,3.16862e+06,4.86862e+06,1.22825e+06,9.09835e+07,8.62363,0.000104289,11.0564,0
0,23,2.80439e+06,12216,0.0691699,8.71227e+06,1.4002e+07,11883.2,0.0442439,1.03348e+06,3.22509e+06,4.96091e+06,1.19856e+06,9.09391e+07,8.88152,0.000102271,11.4449,0
0,24,2.79342e+06,12433.3,0.0675829,8.68603e+06,1.39957e+07,12134.7,0.0432727,1.00849e+06,3.28288e+06,5.05573e+06,1.16959e+06,9.08921e+07,9.08607,0.000100067,8.69942,0
0,25,2.78206e+06,12561.4,0.0659156,8.6599e+06,1.39885e+07,12301.6,0.042254,984117,3.34103e+06,5.15157e+06,1.14131e+06,9.0844e+07,9.22909,9.77229e-05,8.76369,0.000313829
0,26,2.77056e+06,12595.3,0.0642083,8.63465e+06,1.39804e+07,12377.2,0.0412126,960328,3.39852e+06,5.24681e+06,1.11373e+06,9.0796e+07,9.30479,9.52933e-05,9.18923,0
0,27,2.75919e+06,12534.1,0.0625027,8.61104e+06,1.39717e+07,12358.8,0.0401744,937114,3.45434e+06,5.33982e+06,1.0868e+06,9.07498e+07,9.31034,9.28378e-05,10.1747,0
0,28,2.7482e+06,12381.3,0.060839,8.58978e+06,1.39628e+07,12248.1,0.0391642,914462,3.50751e+06,5.42899e+06,1.06053e+06,9.07065e+07,9.24603,9.04161e-05,7.31292,0
0,29,2.73781e+06,12144.3,0.0592536,8.57152e+06,1.39537e+07,12050.5,0.0382048,892357,3.55716e+06,5.51287e+06,1.0349e+06,9.06676e+07,9.11524,8.80838e-05,7.81174,0
0,30,2.72823e+06,11833.6,0.0577772,8.55679e+06,1.39447e+07,11775.1,0.0373153,870786,3.60253e+06,5.59015e+06,1.00988e+06,9.06341e+07,8.9241,8.58896e-05,6.04011,9.21135e-05
0,31,2.71964e+06,11461.9,0.056434,8.54601e+06,1.3936e+07,11433.7,0.0365109,849737,3.64302e+06,5.65977e+06,985468,9.06069e+07,8.68087,8.38735e-05,4.78707,0.00634625
0,32,2.71216e+06,11043.2,0.0552416,8.53948e+06,1.39278e+07,11039.6,0.0358026,829196,3.67819e+06,5.72095e+06,961647,9.05867e+07,8.39528,8.20656e-05,10.8819,0.00731936
0,33,2.70589e+06,10591.7,0.054211,8.53736e+06,1.392e+07,10606.7,0.0351974,809152,3.70775e+06,5.77313e+06,938401,9.05739e+07,8.07772,8.04868e-05,9.48527,0
0,34,2.70089e+06,10121,0.0533481,8.53972e+06,1.39129e+07,10148.7,0.0346991,789593,3.73159e+06,5.81603e+06,915717,9.05687e+07,7.7386,7.91494e-05,8.66175,0
0,35,2.69718e+06,9643.37,0.052654,8.5465e+06,1.39064e+07,9678.54,0.0343086,770506,3.74972e+06,5.84962e+06,893582,9.05712e+07,7.38772,7.80582e-05,7.25667,0
0,36,2.69476e+06,9169.55,0.0521265,8.55755e+06,1.39006e+07,9207.39,0.0340245,751881,3.76228e+06,5.87405e+06,871981,9.05811e+07,7.0339,7.72127e-05,7.49277,0.0195054
0,37,2.69359e+06,8708.41,0.0517611,8.57266e+06,1.38955e+07,8744.91,0.033844,733706,3.76951e+06,5.88966e+06,850903,9.05982e+07,6.68472,7.66078e-05,6.10851,0
0,38,2.69362e+06,8266.99,0.0515515,8.59156e+06,1.38911e+07,8298.85,0.0337634,715970,3.77172e+06,5.89693e+06,830334,9.06219e+07,6.34638,7.62355e-05,4.63141,0.00653367
0,39,2.69478e+06,7850.57,0.0514907,8.61394e+06,1.38872e+07,7875.19,0.0337782,698663,3.76929e+06,5.89643e+06,810262,9.06519e+07,6.02374,7.60864e-05,9.43795,0.00580873
0,40,2.69701e+06,7462.9,0.0515712,8.63945e+06,1.38839e+07,7478.31,0.0338838,681774,3.76263e+06,5.88881e+06,790676,9.06875e+07,5.72039,7.61498e-05,2.91632,0
0,41,2.70021e+06,7106.4,0.0517857,8.66775e+06,1.3881e+07,7111.15,0.0340755,665294,3.75215e+06,5.87475e+06,771563,9.07281e+07,5.43883,7.64149e-05,6.12248,0
0,42,2.7043e+06,6782.44,0.0521271,8.6985e+06,1.38786e+07,6775.51,0.034349,649212,3.73832e+06,5.85497e+06,752912,9.07731e+07,5.18066,7.68713e-05,4.43023,0
0,43,2.70919e+06,6491.56,0.0525886,8.73133e+06,1.38766e+07,6472.26,0.0346999,633519,3.72156e+06,5.83018e+06,734712,9.08218e+07,4.9467,7.75089e-05,6.00625,0.0050143
0,44,2.71478e+06,6233.71,0.0531641,8.7659e+06,1.38748e+07,6201.56,0.0351244,618205,3.70231e+06,5.80107e+06,716952,9.08736e+07,4.73724,7.83182e-05,2.62543,0
0,45,2.721e+06,6008.41,0.0538478,8.8019e+06,1.38733e+07,5963.09,0.0356188,603261,3.68097e+06,5.76833e+06,699621,9.0928e+07,4.55211,7.92907e-05,7.46377,0
0,46,2.72775e+06,5814.9,0.0546344,8.83899e+06,1.38719e+07,5756.2,0.0361798,588679,3.65797e+06,5.7326e+06,682709,9.09844e+07,4.39091,8.04181e-05,6.78706,0
0,47,2.73495e+06,5652.31,0.0555188,8.8769e+06,1.38706e+07,5580.02,0.0368041,574449,3.63366e+06,5.69451e+06,666206,9.10422e+07,4.25305,8.16929e-05,3.42892,0.00917656
0,48,2.74252e+06,5519.71,0.0564963,8.91532e+06,1.38693e+07,5433.62,0.0374887,560563,3.60844e+06,5.65465e+06,650102,9.1101e+07,4.13784,8.31081e-05,3.50848,0.00912215
0,49,2.75037e+06,5416.22,0.0575622,8.95401e+06,1.3868e+07,5316.07,0.0382306,547013,3.58262e+06,5.61358e+06,634388,9.11602e+07,4.04459,8.46567e-05,3.45177,0.00793115
0,50,2.75844e+06,5341.03,0.0587116,8.99269e+06,1.38666e+07,5226.47,0.0390267,533790,3.55656e+06,5.57183e+06,619053,9.12193e+07,3.97264,8.63318e-05,5.2046,0
0,51,2.76665e+06,5293.43,0.0599398,9.03114e+06,1.3865e+07,5164.04,0.0398738,520887,3.53056e+06,5.52991e+06,604089,9.1278e+07,3.92141,8.81263e-05,6.75166,0
0,52,2.77492e+06,5272.89,0.0612411,9.06913e+06,1.38632e+07,5128.12,0.0407685,508296,3.50493e+06,5.4883e+06,589486,9.13359e+07,3.89037,9.00326e-05,5.70911,0.00490133
0,53,2.78319e+06,5278.98,0.0626097,9.10643e+06,1.38611e+07,5118.18,0.041707,496009,3.47996e+06,5.44746e+06,575237,9.13925e+07,3.87915,9.20424e-05,4.57254,0
0,54,2.79138e+06,5311.44,0.0640389,9.14284e+06,1.38588e+07,5133.82,0.0426847,484020,3.45592e+06,5.40782e+06,561332,9.14475e+07,3.88742,9.41464e-05,3.54514,0.0120905
0,55,2.79942e+06,5370.12,0.0655208,9.17815e+06,1.3856e+07,5174.77,0.0436968,472320,3.43309e+06,5.36983e+06,547764,9.15005e+07,3.915,9.63339e-05,5.01946,0.0038138
0,56,2.80724e+06,5454.97,0.0670466,9.21218e+06,1.38529e+07,5240.88,0.0447374,460903,3.41174e+06,5.33389e+06,534523,9.15512e+07,3.96176,9.85927e-05,5.19355,0.0065947
0,57,2.81477e+06,5565.98,0.0686058,9.24473e+06,1.38492e+07,5332.03,0.0457998,449762,3.39212e+06,5.3004e+06,521602,9.15992e+07,4.02765,0.000100909,4.99406,0.0177852
0,58,2.82194e+06,5703.2,0.0701866,9.27561e+06,1.3845e+07,5448.17,0.0468762,438890,3.37449e+06,5.26976e+06,508994,9.16442e+07,4.11265,0.000103265,4.06152,0.0138617
0,59,2.82868e+06,5866.57,0.0717751,9.30465e+06,1.38402e+07,5589.19,0.0479578,428281,3.3591e+06,5.24235e+06,496691,9.16859e+07,4.21672,0.000105644,4.47992,0.00402691
0,60,2.83492e+06,6055.96,0.0733559,9.33167e+06,1.38348e+07,5754.92,0.0490344,417929,3.34619e+06,5.21853e+06,484685,9.1724e+07,4.3398,0.000108023,8.18771,0
0,61,2.84059e+06,6270.99,0.0749112,9.35652e+06,1.38287e+07,5944.99,0.0500945,407827,3.33599e+06,5.19868e+06,472969,9.17581e+07,4.48168,0.000110377,2.22527,0
0,62,2.84563e+06,6510.96,0.0764218,9.37904e+06,1.38219e+07,6158.77,0.0511256,397969,3.32873e+06,5.18312e+06,461536,9.17881e+07,4.64199,0.000112681,9.05507,0
0,63,2.84997e+06,6774.76,0.0778663,9.39908e+06,1.38143e+07,6395.29,0.0521137,388350,3.32462e+06,5.17216e+06,450380,9.18136e+07,4.82009,0.000114903,4.99246,0
0,64,2.85354e+06,7060.7,0.0792221,9.41654e+06,1.38058e+07,6653.04,0.0530442,378963,3.32382e+06,5.16611e+06,439494,9.18344e+07,5.01501,0.000117011,5.42829,0
0,65,2.85631e+06,7366.41,0.0804654,9.4313e+06,1.37965e+07,6929.97,0.0539017,369803,3.3265e+06,5.16519e+06,428870,9.18504e+07,5.22533,0.000118971,4.87455,0.00596951
0,66,2.85821e+06,7688.73,0.0815724,9.4433e+06,1.37862e+07,7223.28,0.0546704,360864,3.33278e+06,5.1696e+06,418504,9.18614e+07,5.44913,0.000120748,3.84359,0
0,67,2.85921e+06,8023.62,0.0825196,9.45251e+06,1.3775e+07,7529.4,0.055335,352142,3.34273e+06,5.17946e+06,408388,9.18672e+07,5.68388,0.000122307,2.61925,0.0199165
0,68,2.8593e+06,8366.08,0.0832849,9.45893e+06,1.37629e+07,7843.88,0.0558812,343630,3.35637e+06,5.19482e+06,398517,9.1868e+07,5.92639,0.000123613,4.71652,0.0137596
0,69,2.85846e+06,8710.17,0.0838494,9.46263e+06,1.37498e+07,8161.38,0.0562964,335324,3.37364e+06,5.21564e+06,388884,9.18637e+07,6.17279,0.000124638,8.02382,0
0,70,2.85671e+06,9049.07,0.0841978,9.46373e+06,1.37358e+07,8475.74,0.0565707,327219,3.39444e+06,5.24175e+06,379484,9.18545e+07,6.41856,0.000125354,4.18632,0
0,71,2.85407e+06,9375.22,0.0843203,9.46239e+06,1.37208e+07,8780.07,0.0566974,319310,3.41855e+06,5.27289e+06,370312,9.18407e+07,6.65856,0.000125744,10.782,0.00869222
0,72,2.8506e+06,9680.63,0.0842132,9.45887e+06,1.3705e+07,9066.96,0.056674,311592,3.4457e+06,5.30866e+06,361361,9.18226e+07,6.88721,0.000125797,4.11508,0
0,73,2.84637e+06,9957.11,0.08388,9.45346e+06,1.36883e+07,9328.77,0.0565027,304061,3.47551e+06,5.34853e+06,352627,9.18008e+07,7.09866,0.000125513,4.27844,0.0111912
0,74,2.84149e+06,10196.8,0.0833317,9.44654e+06,1.36709e+07,9557.99,0.0561905,296711,3.50752e+06,5.39185e+06,344103,9.17757e+07,7.28706,0.000124902,10.5378,0
0,75,2.83605e+06,10392.4,0.0825867,9.43852e+06,1.36529e+07,9747.63,0.0557493,289540,3.54122e+06,5.43786e+06,335786,9.17481e+07,7.44685,0.000123986,8.48851,0
0,76,2.8302e+06,10537.9,0.0816703,9.42987e+06,1.36343e+07,9891.66,0.0551956,282541,3.576e+06,5.48568e+06,327670,9.17188e+07,7.5731,0.000122798,4.66381,0.0220081
0,77,2.82409e+06,10628.9,0.0806134,9.42107e+06,1.36154e+07,9985.38,0.0545495,275712,3.61125e+06,5.53438e+06,319750,9.16886e+07,7.66183,0.000121378,3.9138,0
0,78,2.81785e+06,10662.6,0.0794512,9.41263e+06,1.35961e+07,10025.7,0.0538342,269048,3.6463e+06,5.58299e+06,312021,9.16583e+07,7.71022,0.000119776,0,0.00513626
0,79,2.81166e+06,10638.4,0.0782214,9.40506e+06,1.35768e+07,10011.6,0.0530744,262545,3.6805e+06,5.63052e+06,304479,9.16288e+07,7.71687,0.000118046,6.11808,0.0050986
0,80,2.80566e+06,10557.7,0.0769623,9.39881e+06,1.35574e+07,9943.6,0.0522953,256199,3.71322e+06,5.67601e+06,297120,9.1601e+07,7.68184,0.000116244,8.20211,0.00121341
0,81,2.79999e+06,10423.9,0.0757109,9.39434e+06,1.35381e+07,9824.46,0.0515216,250007,3.74388e+06,5.71856e+06,289938,9.15755e+07,7.60667,0.000114427,3.65499,0.0234516
0,82,2.79479e+06,10241.9,0.0745017,9.39202e+06,1.35191e+07,9658.41,0.0507762,243964,3.77197e+06,5.75738e+06,282930,9.15532e+07,7.4942,0.000112648,4.24966,0.0108813
0,83,2.79017e+06,10018.2,0.0733655,9.39216e+06,1.35004e+07,9451.08,0.0500795,238067,3.79704e+06,5.79176e+06,276091,9.15345e+07,7.34843,0.000110954,6.31429,0.0136291
0,84,2.78624e+06,9759.86,0.0723285,9.39502e+06,1.34821e+07,9209.04,0.0494492,232313,3.81874e+06,5.82116e+06,269418,9.15201e+07,7.17418,0.00010939,6.93564,0
0,85,2.78305e+06,9474.58,0.0714124,9.40077e+06,1.34644e+07,8939.46,0.0488999,226698,3.83682e+06,5.84514e+06,262906,9.15101e+07,6.97681,0.00010799,9.86344,0
0,86,2.78068e+06,9170.09,0.0706339,9.4095e+06,1.34472e+07,8649.65,0.0484429,221219,3.85111e+06,5.86344e+06,256551,9.1505e+07,6.76193,0.000106783,6.34699,0.0151084
0,87,2.77914e+06,8853.84,0.0700055,9.42126e+06,1.34306e+07,8346.77,0.0480868,215872,3.86155e+06,5.87591e+06,250350,9.15046e+07,6.53507,0.000105791,8.39337,0
0,88,2.77847e+06,8532.73,0.0695356,9.436e+06,1.34146e+07,8037.53,0.0478375,210654,3.86813e+06,5.88256e+06,244299,9.15092e+07,6.30152,0.00010503,7.30447,0.0059586
0,89,2.77865e+06,8212.91,0.0692296,9.45364e+06,1.33992e+07,7727.97,0.0476989,205562,3.87095e+06,5.88347e+06,238394,9.15185e+07,6.06611,0.000104511,7.22303,0.00275502
0,90,2.77967e+06,7899.71,0.0690901,9.47405e+06,1.33844e+07,7423.38,0.0476728,200594,3.87015e+06,5.87885e+06,232632,9.15323e+07,5.8331,0.000104238,3.67971,0.00486814
0,91,2.78151e+06,7597.58,0.0691177,9.49705e+06,1.33702e+07,7128.2,0.0477601,195746,3.86592e+06,5.86899e+06,227009,9.15504e+07,5.60612,0.000104215,4.19669,0
0,92,2.78412e+06,7310.13,0.0693117,9.52245e+06,1.33566e+07,6846.05,0.0479602,191014,3.85849e+06,5.85422e+06,221523,9.15726e+07,5.38818,0.000104443,5.1202,0.00275441
0,93,2.78745e+06,7040.15,0.0696701,9.55003e+06,1.33436e+07,6579.79,0.0482722,186398,3.84814e+06,5.83493e+06,216168,9.15984e+07,5.18169,0.000104918,4.21174,0
0,94,2.79147e+06,6789.77,0.0701906,9.57954e+06,1.3331e+07,6331.56,0.0486947,181892,3.83514e+06,5.81157e+06,210943,9.16274e+07,4.98848,0.000105638,6.71354,0.00282095
0,95,2.7961e+06,6560.47,0.0708704,9.61076e+06,1.33188e+07,6102.89,0.049226,177496,3.81979e+06,5.78456e+06,205845,9.16593e+07,4.80991,0.000106599,5.56011,0.0152221
0,96,2.80129e+06,6353.25,0.0717066,9.64342e+06,1.33071e+07,5894.79,0.0498642,173206,3.8024e+06,5.75437e+06,200870,9.16937e+07,4.64692,0.000107798,1.93698,0
0,97,2.80699e+06,6168.73,0.0726964,9.67729e+06,1.32957e+07,5707.88,0.0506077,169020,3.78328e+06,5.72145e+06,196015,9.17302e+07,4.50009,0.000109229,5.62289,0
0,98,2.81312e+06,6007.19,0.0738369,9.71212e+06,1.32846e+07,5542.45,0.0514545,164935,3.76272e+06,5.68627e+06,191277,9.17683e+07,4.36976,0.000110889,2.5236,0
0,99,2.81963e+06,5868.7,0.0751254,9.74768e+06,1.32738e+07,5398.54,0.052403,160948,3.74103e+06,5.64928e+06,186654,9.18077e+07,4.25606,0.000112774,3.5222,0.00173331
0,100,2.82645e+06,5753.18,0.0765591,9.78373e+06,1.32632e+07,5276.03,0.0534514,157059,3.71849e+06,5.6109e+06,182143,9.1848e+07,4.15896,0.00011488,5.214,0
0,101,2.83352e+06,5660.46,0.0781353,9.82006e+06,1.32527e+07,5174.7,0.054598,153263,3.6954e+06,5.57156e+06,177741,9.18889e+07,4.07836,0.000117203,3.164,0.00344485
0,102,2.84079e+06,5590.3,0.0798509,9.85645e+06,1.32423e+07,5094.25,0.0558408,149559,3.67202e+06,5.53166e+06,173445,9.19299e+07,4.01406,0.000119738,7.80536,0
0,103,2.84819e+06,5542.47,0.0817027,9.89268e+06,1.32321e+07,5034.36,0.0571776,145944,3.64863e+06,5.49162e+06,169253,9.19708e+07,3.96588,0.00012248,4.38984,0
0,104,2.85567e+06,5516.71,0.0836867,9.92858e+06,1.32218e+07,4994.71,0.0586058,142417,3.62547e+06,5.45179e+06,165163,9.20111e+07,3.93359,0.000125426,4.6789,0.00869763
0,105,2.86316e+06,5512.82,0.0857982,9.96394e+06,1.32115e+07,4975.01,0.0601224,138975,3.6028e+06,5.41255e+06,161171,9.20507e+07,3.917,0.000128567,2.254,0.0137653
0,106,2.8706e+06,5530.61,0.0880316,9.99857e+06,1.32011e+07,4974.96,0.0617234,135617,3.58087e+06,5.37425e+06,157276,9.20892e+07,3.91592,0.000131898,3.50356,0.0115982
0,107,2.87795e+06,5569.9,0.0903798,1.00323e+07,1.31907e+07,4994.3,0.0634042,132339,3.5599e+06,5.33723e+06,153475,9.21264e+07,3.93018,0.000135407,4.13268,0
0,108,2.88514e+06,5630.53,0.0928343,1.0065e+07,1.318e+07,5032.8,0.0651589,129141,3.54012e+06,5.30181e+06,149766,9.21619e+07,3.95963,0.000139083,6.93263,0.00500717
0,109,2.89211e+06,5712.34,0.0953844,1.00964e+07,1.31692e+07,5090.21,0.0669803,126020,3.52176e+06,5.26831e+06,146147,9.21954e+07,4.00412,0.000142913,7.9026,0.00396046
0,110,2.89882e+06,5815.11,0.0980172,1.01265e+07,1.31581e+07,5166.26,0.0688597,122975,3.50502e+06,5.23704e+06,142615,9.22269e+07,4.06348,0.000146878,6.57707,0
0,111,2.9052e+06,5938.55,0.100718,1.0155e+07,1.31468e+07,5260.61,0.0707865,120003,3.49011e+06,5.20828e+06,139169,9.22558e+07,4.13751,0.000150958,2.20604,0.0142629
0,112,2.9112e+06,6082.27,0.103467,1.01819e+07,1.31351e+07,5372.87,0.0727481,117104,3.47723e+06,5.18232e+06,135806,9.22822e+07,4.22594,0.000155126,2.222,0.00427879
0,113,2.91676e+06,6245.66,0.106244,1.02069e+07,1.3123e+07,5502.47,0.0747301,114274,3.46656e+06,5.15941e+06,132524,9.23057e+07,4.32841,0.000159354,3.63319,0
0,114,2.92185e+06,6427.93,0.109024,1.023e+07,1.31106e+07,5648.7,0.0767154,111513,3.45828e+06,5.13981e+06,129322,9.23262e+07,4.44443,0.000163607,2.81211,0
0,115,2.9264e+06,6627.95,0.11178,1.02511e+07,1.30977e+07,5810.58,0.078685,108818,3.45254e+06,5.12373e+06,126197,9.23434e+07,4.57333,0.000167845,6.29808,0.0049158
0,116,2.93038e+06,6844.25,0.11448,1.027e+07,1.30843e+07,5986.85,0.0806175,106189,3.44947e+06,5.11137e+06,123148,9.23572e+07,4.7142,0.000172024,8.1206,0
0,117,2.93374e+06,7074.93,0.117091,1.02868e+07,1.30705e+07,6175.91,0.0824896,103623,3.4492e+06,5.10288e+06,120172,9.23676e+07,4.8659,0.000176095,6.93259,0
0,118,2.93645e+06,7317.62,0.119576,1.03012e+07,1.30561e+07,6375.77,0.0842765,101120,3.4518e+06,5.09841e+06,117269,9.23743e+07,5.02694,0.000180005,7.3656,0
0,119,2.9385e+06,7569.4,0.121898,1.03135e+07,1.30412e+07,6583.98,0.0859523,98676.9,3.45733e+06,5.09801e+06,114436,9.23774e+07,5.19553,0.0001837,5.53456,0.00219628
0,120,2.93985e+06,7826.83,0.12402,1.03234e+07,1.30257e+07,6797.67,0.0874908,96292.9,3.4658e+06,5.10172e+06,111671,9.23769e+07,5.36948,0.000187121,7.10049,0
0,121,2.94051e+06,8085.93,0.125904,1.03311e+07,1.30097e+07,7013.48,0.0888666,93966.6,3.47716e+06,5.10949e+06,108973,9.23727e+07,5.54625,0.000190213,9.21427,0.0105145
0,122,2.94047e+06,8342.21,0.127517,1.03367e+07,1.29931e+07,7227.65,0.090056,91696.6,3.49133e+06,5.12123e+06,106340,9.23651e+07,5.72291,0.000192922,6.58785,0
0,123,2.93977e+06,8590.78,0.128829,1.03403e+07,1.29759e+07,7436.03,0.0910382,89481.4,3.50818e+06,5.13674e+06,103771,9.23542e+07,5.89625,0.000195199,6.45299,0.0175807
0,124,2.93842e+06,8826.48,0.129816,1.03421e+07,1.29583e+07,7634.23,0.0917967,87319.9,3.52751e+06,5.15578e+06,101265,9.23402e+07,6.06278,0.000197004,7.25271,0
0,125,2.93649e+06,9044.01,0.130463,1.03422e+07,1.29401e+07,7817.7,0.0923201,85210.6,3.54905e+06,5.17801e+06,98818.4,9.23235e+07,6.21887,0.000198306,4.84177,0.0142563
0,126,2.93401e+06,9238.19,0.130762,1.0341e+07,1.29216e+07,7981.96,0.0926036,83152.2,3.57251e+06,5.203e+06,96431.3,9.23044e+07,6.36087,0.000199088,5.13982,0
0,127,2.93108e+06,9404.16,0.130718,1.03387e+07,1.29026e+07,8122.76,0.0926492,81143.7,3.59752e+06,5.23028e+06,94101.9,9.22834e+07,6.48526,0.000199348,2.51565,0.024873
0,128,2.92777e+06,9537.61,0.130344,1.03357e+07,1.28833e+07,8236.26,0.0924662,79183.7,3.62367e+06,5.2593e+06,91828.9,9.2261e+07,6.58882,0.000199097,3.22657,0.00415956
0,129,2.92418e+06,9635.06,0.129665,1.03322e+07,1.28638e+07,8319.29,0.0920711,77271,3.65052e+06,5.28944e+06,89610.7,9.22377e+07,6.66876,0.000198366,7.18696,0.00696112
0,130,2.92042e+06,9693.97,0.128714,1.03288e+07,1.28441e+07,8369.47,0.0914874,75404.6,3.67761e+06,5.32007e+06,87446.2,9.22141e+07,6.72291,0.000197197,4.13428,0.0185945
0,131,2.91657e+06,9712.96,0.127535,1.03256e+07,1.28244e+07,8385.36,0.0907439,73583.3,3.70447e+06,5.35055e+06,85334,9.21907e+07,6.74982,0.000195649,8.97662,0
0,132,2.91277e+06,9691.83,0.126175,1.03232e+07,1.28046e+07,8366.55,0.0898743,71806,3.73063e+06,5.38021e+06,83272.8,9.21682e+07,6.74886,0.00019379,7.39715,0
0,133,2.9091e+06,9631.59,0.124687,1.03218e+07,1.27849e+07,8313.68,0.088915,70071.7,3.75564e+06,5.40842e+06,81261.5,9.21471e+07,6.72022,0.000191697,7.9051,0.0267287
0,134,2.90567e+06,9534.39,0.123126,1.03218e+07,1.27653e+07,8228.38,0.0879039,68379.3,3.77907e+06,5.4346e+06,79298.7,9.21279e+07,6.66491,0.000189451,6.0089,0.0218301
0,135,2.90256e+06,9403.35,0.121545,1.03233e+07,1.2746e+07,8113.17,0.0868789,66727.7,3.80056e+06,5.4582e+06,77383.4,9.21111e+07,6.58471,0.000187134,5.50546,0.00429196
0,136,2.89987e+06,9242.43,0.119997,1.03268e+07,1.27269e+07,7971.31,0.0858763,65116.1,3.81978e+06,5.47878e+06,75514.4,9.2097e+07,6.48202,0.000184827,5.85282,0.00282635
0,137,2.89766e+06,9056.13,0.118529,1.03324e+07,1.27083e+07,7806.63,0.0849299,63543.4,3.83647e+06,5.49594e+06,73690.5,9.2086e+07,6.35976,0.000182606,7.34638,0
0,138,2.89599e+06,8849.37,0.117184,1.03401e+07,1.269e+07,7623.31,0.0840702,62008.7,3.85043e+06,5.50938e+06,71910.7,9.20783e+07,6.2212,0.00018054,7.92732,0.0065935
0,139,2.89489e+06,8627.14,0.116001,1.03501e+07,1.26721e+07,7425.69,0.083324,60511,3.86151e+06,5.51891e+06,70173.9,9.20741e+07,6.06978,0.000178692,8.67203,0
0,140,2.89441e+06,8394.43,0.115011,1.03625e+07,1.26547e+07,7218.12,0.082714,59049.6,3.86966e+06,5.5244e+06,68479,9.20734e+07,5.909,0.000177113,4.67892,0
0,141,2.89455e+06,8155.96,0.11424,1.03772e+07,1.26377e+07,7004.75,0.0822592,57623.5,3.87484e+06,5.52581e+06,66825.2,9.20764e+07,5.74227,0.000175849,3.52114,0.00497955
0,142,2.89532e+06,7916.1,0.113709,1.03941e+07,1.26212e+07,6789.45,0.0819747,56231.9,3.87711e+06,5.52319e+06,65211.3,9.20829e+07,5.57279,0.000174936,2.59821,0.00104098
0,143,2.89672e+06,7678.81,0.113435,1.04133e+07,1.26053e+07,6575.75,0.0818729,54873.9,3.87653e+06,5.51663e+06,63636.4,9.20929e+07,5.40349,0.000174403,5.99958,0
0,144,2.89873e+06,7447.53,0.11343,1.04345e+07,1.25897e+07,6366.71,0.081963,53548.7,3.87324e+06,5.50631e+06,62099.6,9.21061e+07,5.23699,0.000174272,5.24193,0
0,145,2.90133e+06,7225.19,0.113705,1.04577e+07,1.25746e+07,6164.97,0.0822525,52255.5,3.8674e+06,5.49244e+06,60599.9,9.21224e+07,5.07554,0.000174561,4.57284,0.00188085
0,146,2.90448e+06,7014.27,0.114266,1.04827e+07,1.256e+07,5972.73,0.0827468,50993.7,3.85919e+06,5.47527e+06,59136.5,9.21415e+07,4.92105,0.000175283,1.51552,0
0,147,2.90817e+06,6816.73,0.115119,1.05093e+07,1.25457e+07,5791.78,0.0834504,49762.3,3.84882e+06,5.45509e+06,57708.5,9.21632e+07,4.7751,0.000176447,4.96309,0
0,148,2.91233e+06,6634.15,0.116268,1.05373e+07,1.25319e+07,5623.5,0.0843668,48560.7,3.83651e+06,5.43219e+06,56315.1,9.21872e+07,4.63893,0.000178063,2.63591,0.00436184
0,149,2.91694e+06,6467.73,0.117717,1.05665e+07,1.25183e+07,5468.97,0.085499,47388.2,3.82251e+06,5.40691e+06,54955.3,9.22133e+07,4.51351,0.000180136,3.58891,0
0,150,2.92194e+06,6318.35,0.11947,1.05968e+07,1.25051e+07,5328.96,0.0868498,46244.1,3.80703e+06,5.37956e+06,53628.4,9.2241e+07,4.39959,0.000182671,3.37808,0
0,151,2.92729e+06,6186.65,0.121529,1.06279e+07,1.24922e+07,5204,0.0884219,45127.6,3.79034e+06,5.35049e+06,52333.7,9.22701e+07,4.29767,0.000185675,2.18344,0.00275325
0,152,2.93295e+06,6073.03,0.123897,1.06597e+07,1.24795e+07,5094.42,0.090218,44038.1,3.77267e+06,5.32003e+06,51070.3,9.23004e+07,4.20811,0.000189152,9.84178,0.00724207
0,153,2.93885e+06,5977.74,0.126579,1.06919e+07,1.24669e+07,5000.41,0.0922411,42975.1,3.75427e+06,5.2885e+06,49837.4,9.23315e+07,4.13113,0.000193109,6.07979,0
0,154,2.94496e+06,5900.92,0.129577,1.07244e+07,1.24546e+07,4922.04,0.094494,41937.7,3.73536e+06,5.25623e+06,48634.5,9.23631e+07,4.06685,0.00019755,1.86183,0
0,155,2.95123e+06,5842.59,0.132896,1.07569e+07,1.24424e+07,4859.26,0.0969797,40925.5,3.7162e+06,5.22354e+06,47460.6,9.23949e+07,4.0153,0.000202482,5.88321,0.0111701
0,156,2.95759e+06,5802.72,0.136539,1.07894e+07,1.24303e+07,4812,0.0997011,39937.8,3.69699e+06,5.19074e+06,46315.2,9.24267e+07,3.97645,0.000207911,6.81552,0
0,157,2.96402e+06,5781.21,0.140508,1.08216e+07,1.24183e+07,4780.12,0.102661,38974,3.67797e+06,5.15812e+06,45197.5,9.24582e+07,3.95024,0.000213841,2.60858,0
0,158,2.97045e+06,5777.95,0.144806,1.08533e+07,1.24062e+07,4763.43,0.10586,38033.6,3.65935e+06,5.12598e+06,44106.9,9.24892e+07,3.93656,0.000220277,3.77657,0.0492212
0,159,2.97684e+06,5792.75,0.149434,1.08844e+07,1.23942e+07,4761.74,0.1093,37116,3.64134e+06,5.0946e+06,43042.8,9.25193e+07,3.9353,0.000227221,5.2169,0
0,160,2.98315e+06,5825.43,0.154391,1.09148e+07,1.23821e+07,4774.81,0.112981,36220.6,3.62414e+06,5.06425e+06,42004.4,9.25484e+07,3.9463,0.000234675,5.60024,0.0173535
0,161,2.98932e+06,5875.74,0.159673,1.09443e+07,1.237e+07,4802.38,0.116901,35346.9,3.60794e+06,5.03518e+06,40991.2,9.25763e+07,3.96938,0.000242634,4.43791,0.0233287
0,162,2.99531e+06,5943.37,0.165275,1.09727e+07,1.23577e+07,4844.13,0.121055,34494.4,3.59294e+06,5.00765e+06,40002.7,9.26027e+07,4.00434,0.000251093,3.75249,0
0,163,3.00107e+06,6027.94,0.171185,1.1e+07,1.23453e+07,4899.71,0.125436,33662.6,3.57931e+06,4.98188e+06,39038,9.26273e+07,4.05093,0.000260038,1.17326,0.00067217
0,164,3.00656e+06,6128.96,0.177389,1.1026e+07,1.23328e+07,4968.68,0.130035,32851,3.56721e+06,4.9581e+06,38096.9,9.26502e+07,4.10883,0.000269451,5.62902,0.00697408
0,165,3.01174e+06,6245.83,0.183867,1.10505e+07,1.232e+07,5050.5,0.134836,32059.1,3.55681e+06,4.93652e+06,37178.5,9.26709e+07,4.17766,0.000279306,3.65785,0
0,166,3.01657e+06,6377.76,0.190592,1.10736e+07,1.2307e+07,5144.54,0.139821,31286.4,3.54825e+06,4.91733e+06,36282.5,9.26895e+07,4.25695,0.000289565,6.40827,0
0,167,3.02101e+06,6523.77,0.19753,1.1095e+07,1.22938e+07,5249.99,0.144965,30532.5,3.54166e+06,4.9007e+06,35408.2,9.27056e+07,4.34609,0.000300185,3.79077,0
0,168,3.02503e+06,6682.67,0.20464,1.11147e+07,1.22803e+07,5365.89,0.15024,29796.9,3.53716e+06,4.88677e+06,34555.2,9.27193e+07,4.44437,0.000311107,2.61999,0.00259991
0,169,3.02859e+06,6852.98,0.211873,1.11327e+07,1.22664e+07,5491.08,0.15561,29079.1,3.53484e+06,4.87569e+06,33722.9,9.27304e+07,4.55087,0.000322262,3.58844,0.0150188
0,170,3.03166e+06,7032.95,0.21917,1.11489e+07,1.22523e+07,5624.18,0.161034,28378.8,3.53477e+06,4.86754e+06,32910.8,9.27388e+07,4.66453,0.000333568,5.3203,0
0,171,3.03424e+06,7220.49,0.226467,1.11633e+07,1.22378e+07,5763.57,0.166463,27695.6,3.53699e+06,4.86238e+06,32118.5,9.27445e+07,4.78407,0.000344929,2.45343,0.0130229
0,172,3.03629e+06,7413.23,0.233689,1.11758e+07,1.2223e+07,5907.39,0.171846,27028.9,3.54154e+06,4.86025e+06,31345.4,9.27474e+07,4.90802,0.00035624,1.87383,0
0,173,3.03783e+06,7608.44,0.240757,1.11866e+07,1.22078e+07,6053.54,0.177124,26378.5,3.54838e+06,4.86113e+06,30591.2,9.27476e+07,5.03467,0.000367383,5.01711,0
0,174,3.03883e+06,7803.14,0.247588,1.11956e+07,1.21923e+07,6199.69,0.182237,25743.8,3.55747e+06,4.86496e+06,29855.3,9.27452e+07,5.16214,0.000378231,4.90552,0
0,175,3.03932e+06,7994.06,0.254096,1.1203e+07,1.21765e+07,6343.3,0.187123,25124.6,3.56872e+06,4.87164e+06,29137.2,9.27402e+07,5.28834,0.000388654,8.27075,0.0281728
0,176,3.03932e+06,8177.79,0.260194,1.12088e+07,1.21603e+07,6481.71,0.191719,24520.5,3.58201e+06,4.88101e+06,28436.7,9.27327e+07,5.41106,0.000398518,7.51446,0
0,177,3.03884e+06,8350.8,0.265802,1.12133e+07,1.21438e+07,6612.15,0.195966,23931,3.59717e+06,4.89287e+06,27753.1,9.27231e+07,5.52799,0.000407696,2.24127,0
0,178,3.03792e+06,8509.59,0.270847,1.12165e+07,1.2127e+07,6731.87,0.199809,23355.8,3.614e+06,4.90697e+06,27086.2,9.27114e+07,5.63677,0.000416067,7.34878,0
0,179,3.03662e+06,8650.79,0.275265,1.12186e+07,1.21099e+07,6838.19,0.203203,22794.6,3.63224e+06,4.92299e+06,26435.4,9.2698e+07,5.7351,0.000423525,3.34866,0
0,180,3.03498e+06,8771.31,0.279008,1.122e+07,1.20926e+07,6928.64,0.206112,22247,3.65164e+06,4.9406e+06,25800.5,9.26832e+07,5.82082,0.000429983,2.35576,0
0,181,3.03306e+06,8868.45,0.282048,1.12208e+07,1.20752e+07,7001.04,0.208512,21712.7,3.67187e+06,4.9594e+06,25181,9.26674e+07,5.89196,0.00043538,9.69897,0
0,182,3.03093e+06,8940.05,0.284372,1.12213e+07,1.20576e+07,7053.6,0.210395,21191.3,3.69263e+06,4.979e+06,24576.4,9.26508e+07,5.94687,0.000439684,6.8541,0
0,183,3.02867e+06,8984.54,0.285991,1.12218e+07,1.20399e+07,7084.99,0.211767,20682.6,3.71358e+06,4.99895e+06,23986.6,9.26339e+07,5.98426,0.000442893,10.4501,0
0,184,3.02634e+06,9001.06,0.286937,1.12225e+07,1.20222e+07,7094.45,0.21265,20186.2,3.73436e+06,5.01882e+06,23411,9.2617e+07,6.0033,0.000445038,1.34991,0
0,185,3.02402e+06,8989.49,0.28726,1.12237e+07,1.20045e+07,7081.75,0.213079,19701.8,3.75465e+06,5.03817e+06,22849.3,9.26006e+07,6.00361,0.000446182,4.24671,0
0,186,3.02179e+06,8950.43,0.287032,1.12257e+07,1.19869e+07,7047.27,0.213106,19229,3.77411e+06,5.05658e+06,22301.2,9.2585e+07,5.98531,0.000446418,1.38636,0.00634474
0,187,3.01971e+06,8885.17,0.286335,1.12286e+07,1.19693e+07,6991.93,0.21279,18767.8,3.79245e+06,5.07365e+06,21766.4,9.25706e+07,5.949,0.000445865,5.0393,0
0,188,3.01786e+06,8795.63,0.285269,1.12328e+07,1.1952e+07,6917.14,0.212202,18317.6,3.80938e+06,5.08901e+06,21244.4,9.25577e+07,5.89571,0.000444662,4.46906,0
0,189,3.01628e+06,8684.27,0.283937,1.12383e+07,1.19348e+07,6824.78,0.211419,17878.3,3.82467e+06,5.10236e+06,20735.1,9.25466e+07,5.82689,0.000442967,9.68815,0.00178011
0,190,3.01503e+06,8553.93,0.28245,1.12453e+07,1.19179e+07,6717.05,0.210521,17449.6,3.8381e+06,5.11341e+06,20238.1,9.25374e+07,5.74429,0.000440945,4.92161,0
0,191,3.01415e+06,8407.77,0.280918,1.1254e+07,1.19013e+07,6596.4,0.20959,17031.3,3.84953e+06,5.12195e+06,19753.1,9.25304e+07,5.6499,0.000438767,9.40689,0
0,192,3.01368e+06,8249.09,0.279452,1.12644e+07,1.18849e+07,6465.43,0.208705,16623,3.85883e+06,5.12782e+06,19279.7,9.25257e+07,5.54588,0.000436606,5.62984,0
0,193,3.01364e+06,8081.24,0.278156,1.12766e+07,1.18689e+07,6326.78,0.207945,16224.6,3.86592e+06,5.13092e+06,18817.8,9.25235e+07,5.43446,0.000434626,7.24823,0
0,194,3.01405e+06,7907.5,0.27713,1.12906e+07,1.18532e+07,6183.07,0.207384,15835.9,3.87078e+06,5.13119e+06,18367.1,9.25236e+07,5.31786,0.000432988,1.60485,0.0333241
0,195,3.01493e+06,7731,0.276466,1.13063e+07,1.18378e+07,6036.8,0.207091,15456.5,3.87342e+06,5.12864e+06,17927.2,9.25262e+07,5.19823,0.000431842,1.79659,0.0120646
0,196,3.01626e+06,7554.67,0.276251,1.13237e+07,1.18227e+07,5890.3,0.207129,15086.2,3.87387e+06,5.12332e+06,17498,9.25312e+07,5.07761,0.000431325,6.6386,0.00794727
0,197,3.01804e+06,7381.17,0.276562,1.13427e+07,1.1808e+07,5745.72,0.207559,14725,3.87222e+06,5.11531e+06,17079.1,9.25384e+07,4.95788,0.000431567,4.97672,0
0,198,3.02026e+06,7212.85,0.277472,1.13633e+07,1.17936e+07,5604.95,0.208435,14372.4,3.86856e+06,5.10475e+06,16670.4,9.25478e+07,4.84073,0.000432685,2.51067,0.0222013
0,199,3.02291e+06,7051.78,0.279047,1.13853e+07,1.17796e+07,5469.65,0.209807,14028.4,3.86304e+06,5.09179e+06,16271.6,9.25591e+07,4.72765,0.000434788,4.35623,0
0,200,3.02595e+06,6899.74,0.28135,1.14087e+07,1.17658e+07,5341.25,0.211723,13692.7,3.85578e+06,5.07663e+06,15882.5,9.25724e+07,4.61993,0.000437978,6.4639,0.00726293
0,201,3.02936e+06,6758.2,0.28444,1.14331e+07,1.17523e+07,5220.92,0.214229,13365.2,3.84697e+06,5.05946e+06,15502.8,9.25872e+07,4.51866,0.000442349,3.4159,0
0,202,3.03311e+06,6628.39,0.288375,1.14587e+07,1.1739e+07,5109.64,0.217369,13045.7,3.83678e+06,5.04051e+06,15132.4,9.26036e+07,4.42475,0.000447994,6.51113,0.00919135
0,203,3.03717e+06,6511.29,0.293211,1.1485e+07,1.1726e+07,5008.18,0.221187,12733.9,3.82538e+06,5.02002e+06,14770.9,9.26211e+07,4.33894,0.000455004,3.84868,0
0,204,3.04151e+06,6407.66,0.299007,1.15121e+07,1.17132e+07,4917.14,0.225727,12429.7,3.81298e+06,4.99822e+06,14418.4,9.26397e+07,4.26179,0.000463468,6.02423,0.0253906
0,205,3.04607e+06,6318.1,0.305821,1.15397e+07,1.17006e+07,4836.97,0.231037,12133,3.79977e+06,4.97536e+06,14074.4,9.2659e+07,4.19377,0.000473481,4.91578,0.00669979
0,206,3.05083e+06,6243.03,0.313717,1.15678e+07,1.16881e+07,4767.98,0.237163,11843.5,3.78594e+06,4.9517e+06,13738.8,9.26789e+07,4.13521,0.000485137,3.54103,0.000548974
0,207,3.05575e+06,6182.76,0.322759,1.1596e+07,1.16758e+07,4710.39,0.244158,11561.1,3.77168e+06,4.92746e+06,13411.5,9.26992e+07,4.08632,0.000498539,7.58897,0
0,208,3.06079e+06,6137.48,0.33302,1.16244e+07,1.16635e+07,4664.31,0.252076,11285.7,3.75721e+06,4.90291e+06,13092.3,9.27196e+07,4.04727,0.000513794,4.30117,0
0,209,3.0659e+06,6107.25,0.344572,1.16527e+07,1.16514e+07,4629.77,0.260974,11017,3.74269e+06,4.87827e+06,12781,9.27399e+07,4.01814,0.000531018,3.8573,0
0,210,3.07105e+06,6092.1,0.357497,1.16807e+07,1.16393e+07,4606.74,0.270915,10755,3.72833e+06,4.85379e+06,12477.3,9.276e+07,3.99893,0.000550332,5.35957,0.00506217
0,211,3.0762e+06,6091.95,0.371878,1.17084e+07,1.16273e+07,4595.13,0.281964,10499.6,3.7143e+06,4.82969e+06,12181.2,9.27795e+07,3.98962,0.000571867,2.98009,0.0260345
0,212,3.08131e+06,6106.65,0.387806,1.17356e+07,1.16152e+07,4594.78,0.29419,10250.4,3.70078e+06,4.80619e+06,11892.6,9.27984e+07,3.99012,0.000595761,6.45196,0
0,213,3.08634e+06,6135.98,0.405373,1.17622e+07,1.16031e+07,4605.51,0.307666,10007.5,3.68795e+06,4.78349e+06,11611.1,9.28164e+07,4.00029,0.000622159,6.27516,0
0,214,3.09125e+06,6179.63,0.424675,1.1788e+07,1.1591e+07,4627.05,0.322467,9770.71,3.67595e+06,4.76181e+06,11336.8,9.28333e+07,4.01994,0.00065121,2.17569,0
0,215,3.09601e+06,6237.21,0.445811,1.18129e+07,1.15788e+07,4659.07,0.338668,9539.88,3.66495e+06,4.74134e+06,11069.4,9.28491e+07,4.04885,0.000683069,3.38036,0
0,216,3.10058e+06,6308.24,0.468877,1.18369e+07,1.15665e+07,4701.18,0.356346,9314.9,3.6551e+06,4.72224e+06,10808.7,9.28634e+07,4.08671,0.000717891,3.0336,0.0477274
0,217,3.10492e+06,6392.11,0.493967,1.18598e+07,1.15541e+07,4752.91,0.375574,9095.65,3.64652e+06,4.7047e+06,10554.8,9.28763e+07,4.13316,0.000755829,4.40135,0.0177437
0,218,3.10901e+06,6488.09,0.521173,1.18815e+07,1.15416e+07,4813.71,0.396425,8882.02,3.63935e+06,4.68885e+06,10307.4,9.28875e+07,4.18776,0.000797029,4.19112,0
0,219,3.11281e+06,6595.28,0.550572,1.19019e+07,1.15289e+07,4882.9,0.41896,8673.9,3.63368e+06,4.67484e+06,10066.4,9.2897e+07,4.24998,0.000841629,4.47277,0
0,220,3.1163e+06,6712.65,0.582235,1.19211e+07,1.1516e+07,4959.72,0.443236,8471.19,3.62962e+06,4.66278e+06,9831.77,9.29046e+07,4.31919,0.000889748,2.97433,0.0155241
0,221,3.11945e+06,6838.96,0.616212,1.19389e+07,1.1503e+07,5043.26,0.469296,8273.78,3.62724e+06,4.65277e+06,9603.27,9.29102e+07,4.39465,0.000941483,5.52329,0.0480695
0,222,3.12224e+06,6972.81,0.652533,1.19552e+07,1.14897e+07,5132.48,0.497166,8081.57,3.6266e+06,4.64488e+06,9380.84,9.29139e+07,4.47551,0.000996903,7.43414,0.0380495
0,223,3.12466e+06,7112.56,0.691203,1.19702e+07,1.14762e+07,5226.22,0.526856,7894.46,3.62774e+06,4.63916e+06,9164.36,9.29156e+07,4.56079,0.00105604,0.338674,0
0,224,3.12669e+06,7256.4,0.732198,1.19837e+07,1.14626e+07,5323.17,0.55835,7712.35,3.63068e+06,4.63564e+06,8953.73,9.29152e+07,4.64939,0.00111888,2.7583,0.0138505
0,225,3.12833e+06,7402.35,0.77546,1.19958e+07,1.14486e+07,5421.88,0.591611,7535.16,3.6354e+06,4.6343e+06,8748.84,9.29127e+07,4.74008,0.00118537,4.71595,0.00497428
0,226,3.12958e+06,7548.22,0.820896,1.20066e+07,1.14345e+07,5520.79,0.626573,7362.8,3.64188e+06,4.63511e+06,8549.58,9.29083e+07,4.83153,0.0012554,3.89927,0.0663637
0,227,3.13044e+06,7691.7,0.868374,1.2016e+07,1.14201e+07,5618.24,0.663141,7195.16,3.65004e+06,4.638e+06,8355.86,9.2902e+07,4.92228,0.00132878,5.64608,0.074469
0,228,3.13093e+06,7830.4,0.917726,1.20242e+07,1.14056e+07,5712.5,0.701195,7032.16,3.6598e+06,4.64286e+06,8167.56,9.28938e+07,5.01084,0.0014053,4.36107,0.0371472
0,229,3.13105e+06,7961.88,0.96875,1.20313e+07,1.13908e+07,5801.79,0.740585,6873.7,3.67104e+06,4.64955e+06,7984.59,9.28839e+07,5.09563,0.00148466,4.80359,0
0,230,3.13085e+06,8083.71,1.02121,1.20373e+07,1.13758e+07,5884.37,0.781139,6719.7,3.6836e+06,4.6579e+06,7806.84,9.28725e+07,5.17509,0.00156652,7.07809,0
0,231,3.13034e+06,8193.56,1.07486,1.20426e+07,1.13607e+07,5958.54,0.822667,6570.06,3.69733e+06,4.66772e+06,7634.2,9.28598e+07,5.24769,0.00165052,5.39742,0
0,232,3.12956e+06,8289.28,1.12942,1.20471e+07,1.13454e+07,6022.73,0.864969,6424.69,3.71201e+06,4.67875e+06,7466.56,9.28459e+07,5.31198,0.00173623,8.19815,0
0,233,3.12856e+06,8368.97,1.18461,1.20511e+07,1.133e+07,6075.51,0.907841,6283.49,3.72744e+06,4.69076e+06,7303.83,9.28312e+07,5.36663,0.00182323,5.88661,0
0,234,3.12738e+06,8431.03,1.24019,1.20548e+07,1.13144e+07,6115.71,0.951086,6146.36,3.74338e+06,4.70347e+06,7145.87,9.28157e+07,5.4105,0.0019111,7.07476,0.0581737
0,235,3.12608e+06,8474.25,1.2959,1.20583e+07,1.12989e+07,6142.4,0.994527,6013.22,3.75959e+06,4.71657e+06,6992.6,9.27999e+07,5.44269,0.00199945,1.54787,0
0,236,3.12469e+06,8497.85,1.35156,1.20619e+07,1.12833e+07,6154.96,1.03801,5883.96,3.77581e+06,4.72978e+06,6843.89,9.27839e+07,5.46251,0.00208795,6.05168,0.0218113
0,237,3.12328e+06,8501.48,1.40702,1.20658e+07,1.12677e+07,6153.11,1.08144,5758.48,3.79181e+06,4.7428e+06,6699.62,9.27681e+07,5.4696,0.00217631,5.11226,0.0142075
0,238,3.12189e+06,8485.3,1.46221,1.20701e+07,1.12521e+07,6136.89,1.12474,5636.7,3.80733e+06,4.75533e+06,6559.7,9.27527e+07,5.46387,0.00226437,7.09716,0.0613872
0,239,3.12058e+06,8449.9,1.51711,1.20751e+07,1.12366e+07,6106.68,1.16792,5518.51,3.82215e+06,4.76709e+06,6424.01,9.2738e+07,5.44554,0.00235206,6.17668,0
0,240,3.1194e+06,8396.29,1.57181,1.20808e+07,1.12212e+07,6063.17,1.21103,5403.83,3.83604e+06,4.77781e+06,6292.45,9.27242e+07,5.41511,0.00243944,4.20238,0
0,241,3.11839e+06,8325.89,1.6265,1.20875e+07,1.12059e+07,6007.35,1.25423,5292.56,3.84882e+06,4.78727e+06,6164.91,9.27115e+07,5.37335,0.00252672,6.59667,0.0156624
0,242,3.11759e+06,8240.41,1.68145,1.20953e+07,1.11907e+07,5940.42,1.2977,5184.64,3.86031e+06,4.79526e+06,6041.3,9.27001e+07,5.32126,0.00261426,4.15639,0
0,243,3.11704e+06,8141.85,1.73702,1.21043e+07,1.11758e+07,5863.8,1.34174,5079.98,3.87038e+06,4.8016e+06,5921.54,9.26901e+07,5.26002,0.00270255,5.60237,0
0,244,3.11676e+06,8032.37,1.79368,1.21145e+07,1.1161e+07,5779.04,1.38671,4978.5,3.87891e+06,4.80615e+06,5805.54,9.26817e+07,5.19097,0.00279227,5.77548,0.0185653
0,245,3.11678e+06,7914.23,1.85201,1.2126e+07,1.11465e+07,5687.78,1.43305,4880.16,3.88583e+06,4.80881e+06,5693.23,9.26749e+07,5.11553,0.00288423,2.94447,0.0227922
0,246,3.11712e+06,7789.76,1.91266,1.21389e+07,1.11321e+07,5591.7,1.48126,4784.9,3.89108e+06,4.80951e+06,5584.57,9.26699e+07,5.03518,0.00297939,7.50058,0
0,247,3.11779e+06,7661.22,1.97639,1.21531e+07,1.1118e+07,5492.46,1.53193,4692.67,3.89464e+06,4.80823e+06,5479.5,9.26666e+07,4.95141,0.00307889,5.64613,0
0,248,3.1188e+06,7530.85,2.04406,1.21686e+07,1.11041e+07,5391.66,1.58573,4603.45,3.89652e+06,4.80497e+06,5377.99,9.2665e+07,4.86566,0.003184,1.92444,0
0,249,3.12014e+06,7400.71,2.11662,1.21855e+07,1.10904e+07,5290.83,1.6434,4517.21,3.89677e+06,4.79977e+06,5280.03,9.26651e+07,4.77932,0.00329616,7.74064,0
0,250,3.12181e+06,7272.75,2.19514,1.22036e+07,1.1077e+07,5191.39,1.70577,4433.95,3.89542e+06,4.79269e+06,5185.61,9.26669e+07,4.69369,0.00341698,5.10037,0.0135427
0,251,3.1238e+06,7148.72,2.2808,1.22228e+07,1.10638e+07,5094.62,1.77377,4353.67,3.89258e+06,4.78382e+06,5094.76,9.26702e+07,4.60997,0.00354822,9.24296,0.00270457
0,252,3.12609e+06,7030.21,2.37489,1.22431e+07,1.10508e+07,5001.66,1.84841,4276.39,3.88833e+06,4.77329e+06,5007.5,9.26749e+07,4.52923,0.00369187,6.2136,0.136589
0,253,3.12868e+06,6918.59,2.47888,1.22644e+07,1.1038e+07,4913.54,1.93083,4202.15,3.88279e+06,4.76123e+06,4923.89,9.2681e+07,4.45243,0.00385011,7.55536,0
0,254,3.13153e+06,6815.05,2.59437,1.22866e+07,1.10254e+07,4831.11,2.0223,4131.01,3.87609e+06,4.74778e+06,4844.02,9.26883e+07,4.3804,0.00402538,3.31744,0.0190844
0,255,3.13463e+06,6720.62,2.72317,1.23095e+07,1.1013e+07,4755.1,2.12425,4063.03,3.86837e+06,4.7331e+06,4767.97,9.26966e+07,4.31385,0.00422041,3.71251,0
0,256,3.13795e+06,6636.12,2.86732,1.23331e+07,1.10007e+07,4686.13,2.23827,3998.31,3.85978e+06,4.71738e+06,4695.9,9.27058e+07,4.25337,0.00443825,2.84937,0.0512201
0,257,3.14146e+06,6562.25,3.02909,1.23572e+07,1.09886e+07,4624.67,2.36617,3936.97,3.85046e+06,4.70078e+06,4627.95,9.27157e+07,4.19945,0.00468234,4.12355,0
0,258,3.14513e+06,6499.55,3.21108,1.23816e+07,1.09766e+07,4571.11,2.50999,3879.15,3.84057e+06,4.6835e+06,4564.32,9.27262e+07,4.15248,0.00495656,6.42433,0
0,259,3.14893e+06,6448.41,3.41624,1.24063e+07,1.09647e+07,4525.72,2.67206,3825.03,3.83027e+06,4.66571e+06,4505.25,9.27371e+07,4.11276,0.00526533,4.03978,0
0,260,3.15283e+06,6409.13,3.64791,1.24311e+07,1.09529e+07,4488.7,2.85501,3774.79,3.81973e+06,4.64761e+06,4451.01,9.27482e+07,4.0805,0.00561367,4.8814,0
0,261,3.1568e+06,6381.88,3.90991,1.24559e+07,1.09412e+07,4460.16,3.06189,3728.7,3.80909e+06,4.62937e+06,4401.92,9.27595e+07,4.05584,0.00600729,7.69884,0
0,262,3.1608e+06,6366.73,4.20663,1.24806e+07,1.09295e+07,4440.12,3.29614,3687.04,3.79852e+06,4.61119e+06,4358.37,9.27706e+07,4.03887,0.00645274,6.02829,0.0281506
0,263,3.16482e+06,6363.67,4.54306,1.25051e+07,1.09179e+07,4428.57,3.56172,3650.13,3.78816e+06,4.59323e+06,4320.81,9.27815e+07,4.02958,0.00695749,6.43015,0.0467929
0,264,3.1688e+06,6372.58,4.92493,1.25292e+07,1.09062e+07,4425.4,3.86317,3618.36,3.77817e+06,4.57567e+06,4289.75,9.2792e+07,4.02793,0.00753012,5.52077,0
0,265,3.17273e+06,6393.25,5.3588,1.25528e+07,1.08946e+07,4430.45,4.20568,3592.19,3.76868e+06,4.55868e+06,4265.8,9.2802e+07,4.03382,0.00818041,3.81127,0.105051
0,266,3.17657e+06,6425.37,5.85214,1.25758e+07,1.08829e+07,4443.49,4.59519,3572.15,3.75983e+06,4.5424e+06,4249.65,9.28113e+07,4.04706,0.0089196,1.65385,0.0596093
0,267,3.1803e+06,6468.56,6.41353,1.25982e+07,1.08711e+07,4464.24,5.03849,3558.82,3.75174e+06,4.52699e+06,4242.1,9.28198e+07,4.06745,0.00976049,2.3247,0
0,268,3.18388e+06,6522.3,7.05272,1.26198e+07,1.08594e+07,4492.34,5.54331,3552.91,3.74454e+06,4.51259e+06,4244.09,9.28274e+07,4.09468,0.0107177,4.76209,0
0,269,3.18728e+06,6585.99,7.78079,1.26405e+07,1.08475e+07,4527.34,6.11846,3555.23,3.73833e+06,4.49932e+06,4256.69,9.2834e+07,4.1284,0.0118079,4.55456,0.199326
0,270,3.1905e+06,6658.88,8.61034,1.26603e+07,1.08355e+07,4568.75,6.77397,3566.69,3.73322e+06,4.48728e+06,4281.11,9.28395e+07,4.16818,0.0130501,3.88774,0
0,271,3.19349e+06,6740.12,9.55562,1.26792e+07,1.08235e+07,4615.98,7.52115,3588.34,3.72927e+06,4.47659e+06,4318.77,9.28438e+07,4.21353,0.0144657,2.82947,0.0717592
0,272,3.19625e+06,6828.73,10.6327,1.2697e+07,1.08113e+07,4668.34,8.37281,3621.4,3.72657e+06,4.46732e+06,4371.28,9.28468e+07,4.26386,0.016079,2.92714,0.0110115
0,273,3.19875e+06,6923.58,11.8596,1.27138e+07,1.0799e+07,4725.07,9.34333,3667.24,3.72516e+06,4.45953e+06,4440.47,9.28485e+07,4.31851,0.0179173,2.36702,0
0,274,3.20098e+06,7023.43,13.2565,1.27294e+07,1.07865e+07,4785.34,10.4488,3727.43,3.72509e+06,4.45328e+06,4528.43,9.28489e+07,4.37674,0.0200112,1.07785,0
0,275,3.20293e+06,7126.88,14.846,1.2744e+07,1.07739e+07,4848.19,11.7073,3803.73,3.72638e+06,4.44857e+06,4637.54,9.28479e+07,4.43772,0.0223951,2.77784,0
0,276,3.2046e+06,7232.42,16.6531,1.27575e+07,1.07611e+07,4912.62,13.1388,3898.17,3.72902e+06,4.44543e+06,4770.48,9.28456e+07,4.50055,0.025107,3.8146,0
0,277,3.20598e+06,7338.45,18.7055,1.27699e+07,1.07482e+07,4977.55,14.7655,4013.01,3.73299e+06,4.44382e+06,4930.29,9.28419e+07,4.56425,0.0281894,4.36432,0
0,278,3.20707e+06,7443.25,21.0337,1.27813e+07,1.07351e+07,5041.82,16.6119,4150.79,3.73826e+06,4.4437e+06,5120.38,9.28369e+07,4.62778,0.0316889,5.4514,0
0,279,3.20788e+06,7545.06,23.6711,1.27917e+07,1.07219e+07,5104.25,18.7049,4314.38,3.74475e+06,4.44502e+06,5344.58,9.28307e+07,4.69007,0.035657,1.23341,0
0,280,3.20842e+06,7642.1,26.6546,1.28012e+07,1.07085e+07,5163.64,21.0741,4506.96,3.7524e+06,4.44766e+06,5607.18,9.28234e+07,4.75,0.0401504,6.07941,0
0,281,3.20871e+06,7732.6,30.0244,1.28099e+07,1.0695e+07,5218.81,23.7518,4732.1,3.76108e+06,4.45153e+06,5912.97,9.2815e+07,4.80646,0.0452308,4.02005,0.00954325
0,282,3.20876e+06,7814.83,33.8243,1.2818e+07,1.06813e+07,5268.58,26.7737,4993.75,3.77069e+06,4.45647e+06,6267.27,9.28057e+07,4.85835,0.0509662,3.90692,0.0424292
0,283,3.20861e+06,7887.19,38.1025,1.28254e+07,1.06676e+07,5311.88,30.1786,5296.3,3.78107e+06,4.46235e+06,6676.01,9.27956e+07,4.90465,0.0574306,7.10137,0
0,284,3.20827e+06,7948.23,42.9117,1.28323e+07,1.06537e+07,5347.7,34.0092,5644.63,3.79207e+06,4.46896e+06,7145.74,9.2785e+07,4.94437,0.0647054,4.51247,0
0,285,3.20778e+06,7996.69,48.3098,1.2839e+07,1.06397e+07,5375.19,38.3126,6044.11,3.80351e+06,4.47614e+06,7683.75,9.27739e+07,4.97668,0.07288,7.86132,0
0,286,3.20718e+06,8031.54,54.361,1.28455e+07,1.06256e+07,5393.65,43.1409,6500.68,3.81521e+06,4.48367e+06,8298.08,9.27625e+07,5.00085,0.0820529,6.34418,0
0,287,3.20649e+06,8052.05,61.1369,1.28519e+07,1.06115e+07,5402.54,48.5522,7020.95,3.827e+06,4.49133e+06,8997.67,9.27511e+07,5.01631,0.0923336,3.49336,0
0,288,3.20576e+06,8057.74,68.7174,1.28585e+07,1.05973e+07,5401.54,54.6117,7612.2,3.83866e+06,4.49893e+06,9792.4,9.27398e+07,5.02269,0.103845,4.17045,0.0194222
0,289,3.20503e+06,8048.49,77.1933,1.28654e+07,1.0583e+07,5390.52,61.3933,8282.52,3.85003e+06,4.50624e+06,10693.3,9.27288e+07,5.01978,0.116724,7.91564,0.347725
0,290,3.20432e+06,8024.45,86.6679,1.28727e+07,1.05688e+07,5369.57,68.9811,9040.93,3.86091e+06,4.51306e+06,11712.6,9.27182e+07,5.00759,0.131128,3.91632,0.672721
0,291,3.20368e+06,7986.09,97.2602,1.28806e+07,1.05546e+07,5338.98,77.472,9897.49,3.87113e+06,4.51919e+06,12864,9.27083e+07,4.9863,0.147237,6.21387,0.511153
0,292,3.20313e+06,7934.16,109.108,1.28891e+07,1.05403e+07,5299.22,86.9783,10863.5,3.88052e+06,4.52444e+06,14163,9.26992e+07,4.95628,0.165258,3.47106,1.16678
0,293,3.20271e+06,7869.63,122.372,1.28984e+07,1.05261e+07,5250.93,97.6309,11951.7,3.88895e+06,4.52865e+06,15626.9,9.26909e+07,4.91806,0.185431,9.69694,0
0,294,3.20244e+06,7793.71,137.24,1.29086e+07,1.0512e+07,5194.91,109.583,13176.5,3.89628e+06,4.53168e+06,17275.4,9.26836e+07,4.87232,0.208039,6.70488,1.11041
0,295,3.20235e+06,7707.74,153.935,1.29197e+07,1.04978e+07,5132.04,123.017,14554.3,3.90241e+06,4.53339e+06,19131,9.26775e+07,4.81986,0.233414,5.81133,0.446985
0,296,3.20245e+06,7613.19,172.72,1.29319e+07,1.04837e+07,5063.32,138.145,16103.9,3.90724e+06,4.53368e+06,21219.4,9.26725e+07,4.76154,0.261947,8.01685,0.499139
0,297,3.20275e+06,7511.59,193.906,1.29451e+07,1.04696e+07,4989.75,155.222,17847,3.91072e+06,4.53249e+06,23570.4,9.26687e+07,4.69831,0.294102,5.83129,0.0697843
0,298,3.20327e+06,7404.49,217.864,1.29594e+07,1.04555e+07,4912.39,174.55,19808.6,3.91279e+06,4.52975e+06,26218.3,9.26661e+07,4.63113,0.330429,6.07461,0
0,299,3.204e+06,7293.41,245.035,1.29748e+07,1.04415e+07,4832.25,196.49,22017.8,3.91344e+06,4.52544e+06,29202.9,9.26647e+07,4.56095,0.371586,3.33142,0
0,300,3.20495e+06,7179.79,275.947,1.29913e+07,1.04274e+07,4750.33,221.471,24508.4,3.91267e+06,4.51955e+06,32570.9,9.26644e+07,4.48871,0.418355,2.49098,2.21107
0,301,3.20611e+06,7064.99,311.229,1.30088e+07,1.04133e+07,4667.52,250.008,27320.3,3.91047e+06,4.51209e+06,36376.9,9.26652e+07,4.41529,0.47167,5.7145,0.397294
0,302,3.20745e+06,6950.22,351.635,1.30273e+07,1.03991e+07,4584.67,282.717,30499.9,3.9069e+06,4.50309e+06,40685,9.26671e+07,4.34148,0.532651,4.45956,0.830485
0,303,3.20898e+06,6836.54,398.065,1.30467e+07,1.03848e+07,4502.48,320.336,34102.4,3.90198e+06,4.49261e+06,45571.2,9.26697e+07,4.26801,0.602635,3.27727,0.457638
0,304,3.21065e+06,6724.84,451.601,1.30671e+07,1.03703e+07,4421.57,363.75,38192.7,3.89577e+06,4.48069e+06,51125,9.26732e+07,4.19548,0.683226,5.43232,1.70807
0,305,3.21245e+06,6615.8,513.536,1.30882e+07,1.03555e+07,4342.42,414.02,42847.5,3.88834e+06,4.46742e+06,57452.6,9.26772e+07,4.12439,0.776347,4.76442,1.05204
0,306,3.21433e+06,6509.9,585.421,1.31101e+07,1.03405e+07,4265.35,472.423,48158.3,3.87975e+06,4.45286e+06,64680.3,9.26816e+07,4.05512,0.884303,8.71318,0.894743
0,307,3.21627e+06,6407.42,669.116,1.31326e+07,1.03251e+07,4190.57,540.49,54233.4,3.87009e+06,4.4371e+06,72958.3,9.26862e+07,3.9879,1.00986,1.89701,0
0,308,3.21821e+06,6308.38,766.847,1.31557e+07,1.03092e+07,4118.12,620.058,61201.8,3.85941e+06,4.42021e+06,82465.7,9.26908e+07,3.92282,1.15634,1.9355,0
0,309,3.22009e+06,6212.55,881.276,1.31793e+07,1.02927e+07,4047.86,713.331,69217.1,3.84778e+06,4.40227e+06,93416,9.26951e+07,3.85985,1.32771,5.37925,1.68125
0,310,3.22188e+06,6119.47,1015.58,1.32032e+07,1.02755e+07,3979.51,822.948,78462.3,3.83528e+06,4.38335e+06,106064,9.26987e+07,3.79877,1.52872,1.39618,2.51839
0,311,3.22348e+06,6028.37,1173.54,1.32275e+07,1.02574e+07,3912.59,952.062,89155.1,3.82194e+06,4.36351e+06,120715,9.27015e+07,3.73921,1.76506,2.68644,0.577782
0,312,3.22484e+06,5938.2,1359.65,1.32519e+07,1.02381e+07,3846.44,1104.42,101555,3.80781e+06,4.3428e+06,137731,9.2703e+07,3.68062,2.04347,4.24204,0
0,313,3.22585e+06,5847.57,1579.17,1.32764e+07,1.02176e+07,3780.19,1284.48,115968,3.79291e+06,4.32123e+06,157544,9.27029e+07,3.62225,2.37196,4.47835,0.787662
0,314,3.22643e+06,5754.77,1838.3,1.3301e+07,1.01955e+07,3712.76,1497.46,132761,3.77724e+06,4.29882e+06,180670,9.27006e+07,3.56318,2.75994,4.5041,3.09853
0,315,3.22646e+06,5657.71,2144.16,1.33256e+07,1.01714e+07,3642.84,1749.46,152362,3.76077e+06,4.27553e+06,207716,9.26957e+07,3.50224,3.21839,2.59783,2.91951
0,316,3.22581e+06,5553.95,2504.93,1.335e+07,1.01451e+07,3568.89,2047.54,175277,3.74345e+06,4.25132e+06,239401,9.26876e+07,3.43806,3.76001,5.11301,7.93628
0,317,3.22434e+06,5440.67,2929.76,1.33743e+07,1.01162e+07,3489.16,2399.68,202091,3.72519e+06,4.22609e+06,276568,9.26757e+07,3.36904,4.39924,7.14216,7.23125
0,318,3.22188e+06,5314.7,3428.64,1.33984e+07,1.00841e+07,3401.67,2814.78,233485,3.70586e+06,4.1997e+06,320194,9.26592e+07,3.29336,5.15218,0.117921,7.94572
0,319,3.21826e+06,5172.62,4012.16,1.34222e+07,1.00483e+07,3304.3,3302.48,270230,3.6853e+06,4.17199e+06,371407,9.26373e+07,3.20903,6.03632,1.46713,5.07618
0,320,3.21326e+06,5010.84,4690.92,1.34458e+07,1.00082e+07,3194.83,3872.79,313195,3.6633e+06,4.14274e+06,431481,9.26091e+07,3.11392,7.06997,3.92837,6.22831
0,321,3.20667e+06,4825.81,5474.76,1.34691e+07,9.96324e+06,3071.09,4535.5,363330,3.63959e+06,4.11169e+06,501840,9.25737e+07,3.00587,8.27122,3.35525,6.72203
0,322,3.19825e+06,4614.29,6371.49,1.3492e+07,9.91262e+06,2931.1,5299.32,421653,3.6139e+06,4.07851e+06,584027,9.253e+07,2.88281,9.65637,5.78452,7.75362
0,323,3.18776e+06,4373.69,7385.32,1.35147e+07,9.85569e+06,2773.33,6170.53,489207,3.5859e+06,4.04289e+06,679669,9.24768e+07,2.74299,11.2377,3.39985,7.4835
0,324,3.17496e+06,4102.59,8514.76,1.35371e+07,9.79178e+06,2596.96,7151.37,567007,3.55523e+06,4.00447e+06,790400,9.24132e+07,2.5852,13.0206,1.106,12.9332
0,325,3.15964e+06,3801.15,9750.24,1.35592e+07,9.72035e+06,2402.2,8237.96,655958,3.52156e+06,3.96288e+06,917761,9.23382e+07,2.40906,14.9997,1.37094,12.9857
0,326,3.14163e+06,3471.7,11071.8,1.3581e+07,9.641e+06,2190.58,9418.12,756752,3.48456e+06,3.91781e+06,1.06306e+06,9.22509e+07,2.21533,17.155,0.805565,13.1159
0,327,3.12082e+06,3119.03,12447.3,1.36025e+07,9.5536e+06,1965.18,10669.3,869747,3.44396e+06,3.86899e+06,1.22717e+06,9.21511e+07,2.0062,19.4479,1.60316,18.2847
0,328,3.09721e+06,2750.51,13831.4,1.36238e+07,9.45837e+06,1730.67,11957.2,994838,3.39959e+06,3.81624e+06,1.4104e+06,9.20385e+07,1.78537,21.8187,4.84304,19.3136
0,329,3.07091e+06,2375.88,15167,1.36449e+07,9.35596e+06,1493.13,13235.8,1.13134e+06,3.35137e+06,3.75952e+06,1.6122e+06,9.19139e+07,1.55809,24.1855,1.50502,18.7951
0,330,3.0422e+06,2006.42,16388.6,1.36659e+07,9.24751e+06,1259.61,14449.2,1.27789e+06,3.2994e+06,3.69894e+06,1.83108e+06,9.17786e+07,1.33076,26.4476,1.56078,30.0075
0,331,3.01149e+06,1653.9,17428.4,1.36868e+07,9.13464e+06,1037.37,15535.9,1.43245e+06,3.24389e+06,3.63475e+06,2.06448e+06,9.16347e+07,1.11042,28.4923,0.612803,29.6923
0,332,2.97935e+06,1329.12,18224.3,1.37077e+07,9.01941e+06,833.068,16435.1,1.59236e+06,3.18522e+06,3.56739e+06,2.3088e+06,9.1485e+07,0.903957,30.2058,3.16534,27.7684
0,333,2.94646e+06,1040.62,18728.4,1.37287e+07,8.9042e+06,651.898,17093.9,1.75445e+06,3.1239e+06,3.49738e+06,2.55955e+06,9.13331e+07,0.717245,31.4872,2.95505,38.6368
0,334,2.91356e+06,793.676,18913.6,1.37501e+07,8.79154e+06,497.038,17475,1.91532e+06,3.06051e+06,3.42534e+06,2.81163e+06,9.11827e+07,0.554462,32.2618,0.579579,34.5484
0,335,2.88142e+06,589.984,18777.6,1.3772e+07,8.68389e+06,369.426,17561.8,2.07156e+06,2.99566e+06,3.35194e+06,3.05973e+06,9.10381e+07,0.417678,32.4921,1.16833,32.7739
0,336,2.85077e+06,427.917,18342.9,1.37947e+07,8.5835e+06,267.957,17360.2,2.22002e+06,2.92994e+06,3.27779e+06,3.2987e+06,9.0903e+07,0.306843,32.1825,0.0500942,33.7953
0,337,2.82221e+06,303.322,17651.9,1.38182e+07,8.49221e+06,189.977,16897.3,2.35804e+06,2.86392e+06,3.20346e+06,3.52396e+06,9.07808e+07,0.220129,31.3774,0.156741,22.5572
0,338,2.79624e+06,210.556,16760.5,1.38429e+07,8.41136e+06,131.921,16216.2,2.48361e+06,2.79804e+06,3.12945e+06,3.7318e+06,9.06743e+07,0.154495,30.1529,0.190476,26.048
0,339,2.7732e+06,143.474,15730,1.38687e+07,8.34177e+06,89.9338,15369.5,2.5954e+06,2.7327e+06,3.05614e+06,3.91953e+06,9.05853e+07,0.106311,28.6052,0.623761,26.6807
0,340,2.75328e+06,96.2134,14620.1,1.38959e+07,8.28378e+06,60.3428,14412.4,2.69275e+06,2.66819e+06,2.98383e+06,4.08552e+06,9.05148e+07,0.0719,26.8372,0,18.5494
0,341,2.73653e+06,63.6645,13483.6,1.39243e+07,8.23726e+06,39.9535,13397,2.77561e+06,2.6047e+06,2.91272e+06,4.22914e+06,9.0463e+07,0.0479169,24.9478,0,23.0289
0,342,2.7229e+06,41.6773,12363.2,1.39539e+07,8.20176e+06,26.1723,12368.3,2.8444e+06,2.54239e+06,2.84297e+06,4.35061e+06,9.04295e+07,0.0315498,23.0231,0.0839336,23.8489
0,343,2.71225e+06,27.0611,11291.2,1.39847e+07,8.17657e+06,17.0051,11362,2.89991e+06,2.48134e+06,2.77465e+06,4.45081e+06,9.04133e+07,0.0205764,21.1329,0,20.6595
0,344,2.70438e+06,17.4697,10289.2,1.40164e+07,8.16082e+06,10.9853,10404.5,2.94316e+06,2.42161e+06,2.70783e+06,4.53109e+06,9.04132e+07,0.0133254,19.3286,0.000668734,12.4312
0,345,2.69907e+06,11.2384,9370.13,1.40489e+07,8.15356e+06,7.0715,9512.99,2.97531e+06,2.36322e+06,2.64252e+06,4.59312e+06,9.04276e+07,0.00858907,17.6449,0.0585984,13.2653
0,346,2.69607e+06,7.2198,8539.92,1.4082e+07,8.15382e+06,4.54573,8697.63,2.99756e+06,2.30617e+06,2.57871e+06,4.6387e+06,9.04548e+07,0.00552231,16.1023,0.0326101,13.7573
0,347,2.69513e+06,4.64117,7799.36,1.41156e+07,8.16064e+06,2.92387,7962.66,3.01111e+06,2.25046e+06,2.51641e+06,4.6697e+06,9.04932e+07,0.00354897,14.7098,0,11.0925
0,348,2.69601e+06,2.99133,7145.72,1.41495e+07,8.17311e+06,1.8855,7308.13,3.0171e+06,2.19607e+06,2.45559e+06,4.68792e+06,9.05411e+07,0.0022843,13.4683,0.113858,9.22801
0,349,2.69848e+06,1.93688,6574.11,1.41835e+07,8.19038e+06,1.22144,6731.32,3.01661e+06,2.14298e+06,2.39621e+06,4.69509e+06,9.05972e+07,0.00147547,12.373,0,13.604
0,350,2.70233e+06,1.26263,6078.46,1.42174e+07,8.2117e+06,0.796574,6227.79,3.01063e+06,2.09116e+06,2.33827e+06,4.69283e+06,9.06599e+07,0.000958351,11.4157,0.00500433,9.0446
0,351,2.70738e+06,0.830701,5652.31,1.42512e+07,8.23637e+06,0.524263,5792.21,3.00004e+06,2.04058e+06,2.28171e+06,4.68259e+06,9.07281e+07,0.000627371,10.5864,0,13.0704
0,352,2.71343e+06,0.553202,5289.25,1.42847e+07,8.26375e+06,0.349233,5419,2.98565e+06,1.99123e+06,2.22652e+06,4.66571e+06,9.08005e+07,0.000415036,9.87433,0.023048,1.95614
0,353,2.72035e+06,0.37425,4983.25,1.43178e+07,8.2933e+06,0.236316,5102.67,2.96818e+06,1.94306e+06,2.17267e+06,4.64338e+06,9.08762e+07,0.000278366,9.26902,0,11.0332
0,354,2.72798e+06,0.258349,4728.91,1.43503e+07,8.32453e+06,0.163158,4838.13,2.94827e+06,1.89606e+06,2.12011e+06,4.61668e+06,9.09542e+07,0.000190046,8.76063,0,5.50565
0,355,2.73619e+06,0.182938,4521.44,1.43823e+07,8.35698e+06,0.115545,4620.83,2.92649e+06,1.85019e+06,2.06882e+06,4.58657e+06,9.10338e+07,0.000132715,8.34027,0.0176487,8.0868
0,356,2.74487e+06,0.13365,4356.82,1.44136e+07,8.39028e+06,0.0844175,4446.82,2.90337e+06,1.80543e+06,2.01878e+06,4.55391e+06,9.11142e+07,9.53295e-05,8.00024,0,5.94264
0,357,2.75391e+06,0.101309,4231.72,1.44441e+07,8.42406e+06,0.0639891,4312.82,2.87936e+06,1.76176e+06,1.96994e+06,4.51949e+06,9.11947e+07,7.08466e-05,7.73401,0.00275861,9.23753
0,358,2.76321e+06,0.0800319,4143.5,1.44739e+07,8.458e+06,0.0505462,4216.18,2.85489e+06,1.71914e+06,1.92228e+06,4.484e+06,9.12748e+07,5.47584e-05,7.53628,0,11.5938
0,359,2.77267e+06,0.0660262,4090.2,1.45028e+07,8.49182e+06,0.0416952,4154.88,2.83035e+06,1.67755e+06,1.87578e+06,4.44812e+06,9.13539e+07,4.41679e-05,7.40293,0,6.46804
0,360,2.7822e+06,0.0568357,4070.47,1.45307e+07,8.52522e+06,0.0358853,4127.54,2.80612e+06,1.63697e+06,1.8304e+06,4.41244e+06,9.14316e+07,3.72035e-05,7.33096,0.00554981,9.85738
0,361,2.79171e+06,0.0508594,4083.58,1.45577e+07,8.55797e+06,0.0321049,4133.33,2.78253e+06,1.59736e+06,1.78612e+06,4.37755e+06,9.15073e+07,3.26491e-05,7.31847,0,9.48026
0,362,2.80111e+06,0.0470461,4129.34,1.45836e+07,8.5898e+06,0.0296902,4172.02,2.75993e+06,1.55872e+06,1.74291e+06,4.34399e+06,9.15807e+07,2.97094e-05,7.36457,0.00902316,11.5567
0,363,2.81032e+06,0.0447003,4208.1,1.46084e+07,8.62047e+06,0.0282017,4243.88,2.73865e+06,1.52101e+06,1.70074e+06,4.31232e+06,9.16512e+07,2.78604e-05,7.46936,0.00536501,9.50838
0,364,2.81924e+06,0.0433577,4320.7,1.46321e+07,8.64975e+06,0.0273461,4349.69,2.71902e+06,1.48422e+06,1.6596e+06,4.28307e+06,9.17185e+07,2.67539e-05,7.63384,0.000615169,7.03468
0,365,2.82778e+06,0.0427046,4468.42,1.46546e+07,8.67739e+06,0.0269253,4490.72,2.70137e+06,1.44831e+06,1.61945e+06,4.2568e+06,9.1782e+07,2.61564e-05,7.85988,0.0075993,15.3307
0,366,2.83583e+06,0.0425262,4652.95,1.46757e+07,8.70314e+06,0.0268037,4668.62,2.68605e+06,1.41327e+06,1.58027e+06,4.23405e+06,9.18415e+07,2.5909e-05,8.15012,0,6.65612
0,367,2.84331e+06,0.0426726,4876.31,1.46956e+07,8.72674e+06,0.0268868,4885.43,2.67342e+06,1.37908e+06,1.54204e+06,4.21542e+06,9.18963e+07,2.59022e-05,8.50787,0.00455025,3.65602
0,368,2.85009e+06,0.0430363,5140.72,1.47139e+07,8.74793e+06,0.0271068,5143.45,2.66386e+06,1.34572e+06,1.50474e+06,4.20151e+06,9.1946e+07,2.60586e-05,8.93698,0.00320584,6.55191
0,369,2.85606e+06,0.0435378,5448.51,1.47308e+07,8.76644e+06,0.027414,5445.12,2.65775e+06,1.31316e+06,1.46833e+06,4.19294e+06,9.19901e+07,2.63219e-05,9.4416,0.000824072,7.49154
0,370,2.86109e+06,0.0441155,5801.85,1.47461e+07,8.78196e+06,0.0277697,5792.84,2.6555e+06,1.28139e+06,1.43281e+06,4.19038e+06,9.20281e+07,2.66497e-05,10.0259,0,12.6142
0,371,2.86507e+06,0.0447196,6202.57,1.47596e+07,8.79423e+06,0.028143,6188.73,2.65753e+06,1.25039e+06,1.39815e+06,4.1945e+06,9.20595e+07,2.70086e-05,10.6939,0.00617651,15.4277
0,372,2.86786e+06,0.0453074,6651.75,1.47714e+07,8.80293e+06,0.0285074,6634.33,2.66426e+06,1.22014e+06,1.36432e+06,4.20599e+06,9.20836e+07,2.73706e-05,11.4483,0.0010367,11.0369
0,373,2.86932e+06,0.0458411,7149.33,1.47812e+07,8.8078e+06,0.0288397,7130.17,2.67609e+06,1.19063e+06,1.33132e+06,4.22555e+06,9.20999e+07,2.77117e-05,12.2908,0,12.0093
0,374,2.86934e+06,0.0462863,7693.63,1.4789e+07,8.80856e+06,0.0291186,7675.31,2.69344e+06,1.16182e+06,1.29911e+06,4.25383e+06,9.21079e+07,2.801e-05,13.2204,0.00128294,12.0384
0,375,2.86779e+06,0.0466114,8280.75,1.47947e+07,8.80499e+06,0.0293247,8266.8,2.71664e+06,1.13371e+06,1.26768e+06,4.29145e+06,9.21072e+07,2.82458e-05,14.2329,0.00158597,16.5926
0,376,2.86457e+06,0.0467878,8904.05,1.47982e+07,8.79691e+06,0.0294407,8899.05,2.74597e+06,1.10629e+06,1.23701e+06,4.33889e+06,9.20973e+07,2.84008e-05,15.3201,0.00301287,9.61334
0,377,2.85961e+06,0.0467912,9553.64,1.47995e+07,8.78425e+06,0.0294517,9563.32,2.78161e+06,1.07952e+06,1.20708e+06,4.39652e+06,9.20781e+07,2.84591e-05,16.468,0.00391929,12.1064
0,378,2.85286e+06,0.0466025,10216,1.47984e+07,8.76701e+06,0.0293459,10247.3,2.8236e+06,1.05341e+06,1.17788e+06,4.4645e+06,9.20494e+07,2.84076e-05,17.657,0.00597896,19.8982
0,379,2.84433e+06,0.0462099,10874.1,1.47951e+07,8.74534e+06,0.0291162,10934.9,2.87179e+06,1.02792e+06,1.14939e+06,4.54269e+06,9.20114e+07,2.8237e-05,18.8608,0.00499109,17.4941
0,380,2.83408e+06,0.04561,11507.6,1.47895e+07,8.71955e+06,0.0287603,11606.5,2.92585e+06,1.00305e+06,1.12158e+06,4.63066e+06,9.19646e+07,2.79425e-05,20.0466,0.00239378,23.4683
0,381,2.82222e+06,0.0448093,12093.8,1.47818e+07,8.69013e+06,0.0282822,12239.5,2.9852e+06,978786,1.09444e+06,4.72761e+06,9.19096e+07,2.75249e-05,21.1763,0,21.3149
0,382,2.80894e+06,0.0438244,12608.9,1.4772e+07,8.65772e+06,0.0276918,12809.7,3.04903e+06,955106,1.06797e+06,4.83234e+06,9.18478e+07,2.69913e-05,22.208,0,31.3816
0,383,2.79448e+06,0.0426818,13030.3,1.47605e+07,8.62315e+06,0.0270053,13292.9,3.1163e+06,931999,1.04213e+06,4.94326e+06,9.17803e+07,2.63545e-05,23.0992,0.00293659,23.3485
0,384,2.77914e+06,0.0414164,13338,1.47475e+07,8.58739e+06,0.0262438,13667,3.18574e+06,909451,1.01692e+06,5.05842e+06,9.1709e+07,2.56331e-05,23.8098,0,22.9557
0,385,2.76327e+06,0.0400685,13517,1.47333e+07,8.5515e+06,0.0254321,13914.1,3.25598e+06,887449,992314,5.17561e+06,9.16359e+07,2.48498e-05,24.306,0.0031,19.4533
0,386,2.74723e+06,0.0386816,13558.9,1.47182e+07,8.5166e+06,0.0245966,14022.1,3.32552e+06,865979,968307,5.29242e+06,9.1563e+07,2.40299e-05,24.564,0.0020598,21.2539
0,387,2.7314e+06,0.037298,13462.6,1.47027e+07,8.48381e+06,0.0237636,13986.6,3.39289e+06,845028,944880,5.40639e+06,9.14924e+07,2.31996e-05,24.5719,0,29.4076
0,388,2.71614e+06,0.0359569,13234.4,1.4687e+07,8.45414e+06,0.0229571,13810.6,3.45669e+06,824584,922021,5.51516e+06,9.14262e+07,2.23834e-05,24.3315,0,21.4673
0,389,2.70178e+06,0.0346912,12887.3,1.46715e+07,8.42853e+06,0.0221977,13504.5,3.51567e+06,804635,899714,5.61656e+06,9.13662e+07,2.16034e-05,23.8576,0,23.1756
0,390,2.68859e+06,0.033527,12439.3,1.46565e+07,8.40769e+06,0.0215015,13084.8,3.56877e+06,785168,877947,5.70873e+06,9.1314e+07,2.08772e-05,23.1762,0,26.4855
0,391,2.67682e+06,0.0324823,11911.6,1.46423e+07,8.3922e+06,0.02088,12572.1,3.6152e+06,766172,856706,5.7902e+06,9.12709e+07,2.02185e-05,22.3216,0.00532481,28.3581
0,392,2.66662e+06,0.0315683,11326.6,1.4629e+07,8.38241e+06,0.0203403,11989.3,3.65443e+06,747636,835979,5.85994e+06,9.12377e+07,1.96359e-05,21.3331,0,19.1062
0,393,2.65809e+06,0.0307899,10706.3,1.46168e+07,8.37848e+06,0.0198857,11359.4,3.68614e+06,729548,815754,5.91732e+06,9.12148e+07,1.91345e-05,20.251,0,19.4318
0,394,2.65128e+06,0.0301471,10070.7,1.46057e+07,8.38041e+06,0.0195163,10704.2,3.71029e+06,711897,796018,5.96211e+06,9.12024e+07,1.87156e-05,19.1145,0.0024641,14.8241
0,395,2.6462e+06,0.0296362,9437.08,1.45958e+07,8.38804e+06,0.0192301,10043,3.72701e+06,694674,776759,5.99444e+06,9.12004e+07,1.83783e-05,17.9584,0,16.9615
0,396,2.64281e+06,0.0292514,8819.4,1.4587e+07,8.4011e+06,0.0190236,9392.06,3.7366e+06,677867,757967,6.01472e+06,9.12083e+07,1.81196e-05,16.8128,0.00420429,20.7299
0,397,2.64103e+06,0.0289854,8228.43,1.45794e+07,8.41922e+06,0.0188923,8763.95,3.73948e+06,661467,739629,6.02359e+06,9.12257e+07,1.79355e-05,15.7014,0,11.0911
0,398,2.64078e+06,0.0288306,7671.85,1.45729e+07,8.442e+06,0.0188315,8168.15,3.73614e+06,645464,721734,6.02184e+06,9.12516e+07,1.78215e-05,14.6424,0,14.8876
0,399,2.64194e+06,0.028779,7154.66,1.45674e+07,8.46898e+06,0.0188365,7611.1,3.72714e+06,629848,704273,6.01038e+06,9.12854e+07,1.7773e-05,13.6483,0,17.3135
0,400,2.64442e+06,0.0288236,6679.63,1.45627e+07,8.49969e+06,0.0189028,7096.71,3.71305e+06,614609,687233,5.99016e+06,9.13263e+07,1.77853e-05,12.7273,0.00381087,11.1386
0,401,2.64808e+06,0.0289575,6247.82,1.45588e+07,8.53366e+06,0.0190261,6626.85,3.69447e+06,599739,670607,5.96215e+06,9.13732e+07,1.78543e-05,11.8835,0.00548437,10.2366
0,402,2.65281e+06,0.0291749,5858.98,1.45556e+07,8.57044e+06,0.0192029,6201.84,3.67197e+06,585229,654382,5.92731e+06,9.14255e+07,1.79762e-05,11.1182,0.00347481,10.8711
0,403,2.6585e+06,0.0294705,5511.97,1.45531e+07,8.60959e+06,0.0194299,5820.86,3.64609e+06,571070,638550,5.88657e+06,9.14822e+07,1.81475e-05,10.4305,0,10.3493
0,404,2.66504e+06,0.0298401,5205.06,1.4551e+07,8.6507e+06,0.0197043,5482.35,3.61737e+06,557254,623101,5.84082e+06,9.15427e+07,1.83653e-05,9.8181,0,11.5431
0,405,2.67233e+06,0.0302798,4936.2,1.45493e+07,8.69339e+06,0.0200239,5184.29,3.58628e+06,543772,608025,5.79088e+06,9.16062e+07,1.86274e-05,9.27755,0.000495988,6.36379
0,406,2.68025e+06,0.0307866,4703.19,1.45479e+07,8.7373e+06,0.0203867,4924.41,3.55328e+06,530616,593315,5.73752e+06,9.1672e+07,1.89314e-05,8.80506,0,7.19375
0,407,2.68874e+06,0.031358,4503.87,1.45468e+07,8.7821e+06,0.0207911,4700.42,3.51881e+06,517778,578960,5.68145e+06,9.17395e+07,1.92759e-05,8.39664,0,6.72097
0,408,2.69769e+06,0.0319918,4336.19,1.45458e+07,8.82749e+06,0.0212358,4510.07,3.48324e+06,505251,564952,5.62334e+06,9.18082e+07,1.96593e-05,8.04836,0.00448553,8.48004
0,409,2.70702e+06,0.0326865,4198.29,1.4545e+07,8.8732e+06,0.0217197,4351.31,3.44694e+06,493027,551284,5.56378e+06,9.18775e+07,2.00805e-05,7.75655,0,5.86604
0,410,2.71666e+06,0.0334405,4088.52,1.45442e+07,8.91897e+06,0.022242,4222.28,3.41024e+06,481098,537946,5.50334e+06,9.1947e+07,2.05387e-05,7.5179,0.00520254,8.01012
0,411,2.72654e+06,0.0342525,4005.53,1.45433e+07,8.96455e+06,0.0228018,4121.38,3.37345e+06,469458,524931,5.44252e+06,9.20162e+07,2.10328e-05,7.32952,0.00318591,8.42572
0,412,2.73659e+06,0.0351214,3948.22,1.45424e+07,9.00974e+06,0.0233983,4047.3,3.33687e+06,458100,512230,5.38182e+06,9.20847e+07,2.15623e-05,7.18902,0,4.39294
0,413,2.74674e+06,0.0360458,3915.8,1.45413e+07,9.05431e+06,0.0240308,3999.02,3.30078e+06,447017,499837,5.32167e+06,9.21521e+07,2.21263e-05,7.09451,0.00326096,9.81697
0,414,2.75692e+06,0.0370244,3907.72,1.454e+07,9.09808e+06,0.0246982,3975.8,3.26542e+06,436202,487744,5.26252e+06,9.22181e+07,2.2724e-05,7.04462,0,9.79228
0,415,2.76707e+06,0.0380554,3923.76,1.45384e+07,9.14086e+06,0.0253996,3977.2,3.23107e+06,425648,475944,5.20475e+06,9.22824e+07,2.33545e-05,7.03847,0.00314528,9.36204
0,416,2.77712e+06,0.0391366,3963.94,1.45366e+07,9.18246e+06,0.0261333,4003.04,3.19796e+06,415350,464429,5.14878e+06,9.23446e+07,2.40165e-05,7.07569,0.00558384,9.09517
0,417,2.78701e+06,0.040265,4028.54,1.45344e+07,9.2227e+06,0.0268976,4053.41,3.16634e+06,405301,453192,5.09498e+06,9.24043e+07,2.47085e-05,7.15639,0.00172029,2.67111
0,418,2.79667e+06,0.0414371,4118.08,1.45318e+07,9.26141e+06,0.0276901,4128.66,3.13646e+06,395495,442227,5.04374e+06,9.24613e+07,2.54285e-05,7.28112,0,5.27946
0,419,2.80603e+06,0.0426482,4233.3,1.45287e+07,9.2984e+06,0.0285077,4229.34,3.10856e+06,385927,431528,4.99545e+06,9.25153e+07,2.61738e-05,7.45085,0,10.1619
0,420,2.81503e+06,0.0438922,4375.11,1.45251e+07,9.3335e+06,0.0293465,4356.23,3.08289e+06,376589,421088,4.95047e+06,9.25659e+07,2.69414e-05,7.66692,0,8.98508
0,421,2.82358e+06,0.0451619,4544.58,1.45209e+07,9.36651e+06,0.0302017,4510.23,3.05972e+06,367478,410900,4.90922e+06,9.26128e+07,2.77269e-05,7.93095,0.00472246,1.51436
0,422,2.83162e+06,0.0464479,4742.82,1.4516e+07,9.39725e+06,0.0310674,4692.34,3.03931e+06,358587,400958,4.8721e+06,9.26556e+07,2.85254e-05,8.24479,0.00186296,12.2395
0,423,2.83906e+06,0.0477393,4970.95,1.45105e+07,9.42553e+06,0.0319363,4903.59,3.02192e+06,349912,391257,4.83951e+06,9.26941e+07,2.93306e-05,8.61034,0,8.93514
0,424,2.84581e+06,0.0490228,5229.97,1.45042e+07,9.45114e+06,0.0327998,5144.93,3.00784e+06,341446,381791,4.81188e+06,9.27279e+07,3.01351e-05,9.02947,0,13.6077
0,425,2.85181e+06,0.0502827,5520.66,1.4497e+07,9.4739e+06,0.0336477,5417.13,2.99735e+06,333185,372554,4.78962e+06,9.27567e+07,3.09298e-05,9.50374,0,11.9761
0,426,2.85695e+06,0.051501,5843.35,1.44889e+07,9.49362e+06,0.0344684,5720.58,2.99072e+06,325124,363541,4.77317e+06,9.278e+07,3.17046e-05,10.0342,0.0039852,9.5577
0,427,2.86116e+06,0.0526576,6197.77,1.44799e+07,9.51009e+06,0.0352486,6055.17,2.98822e+06,317258,354745,4.76294e+06,9.27976e+07,3.24475e-05,10.621,0.00255476,12.451
0,428,2.86434e+06,0.05373,6582.84,1.44698e+07,9.52316e+06,0.0359737,6420.05,2.99012e+06,309582,346162,4.75933e+06,9.28092e+07,3.31455e-05,11.2632,0.00082904,13.7315
0,429,2.86643e+06,0.0546942,6996.37,1.44585e+07,9.53267e+06,0.0366281,6813.38,2.99663e+06,302092,337787,4.76269e+06,9.28144e+07,3.37842e-05,11.9581,0,16.6285
0,430,2.86736e+06,0.0555252,7434.85,1.44461e+07,9.53851e+06,0.0371956,7232.12,3.00796e+06,294784,329615,4.77332e+06,9.2813e+07,3.43485e-05,12.7012,0,14.277
0,431,2.86707e+06,0.0561983,7893.21,1.44325e+07,9.5406e+06,0.0376599,7671.76,3.02423e+06,287652,321640,4.79145e+06,9.28049e+07,3.48229e-05,13.4851,0.00525687,16.8399
0,432,2.86552e+06,0.0566899,8364.63,1.44177e+07,9.53894e+06,0.0380057,8126.2,3.04549e+06,280693,313859,4.81719e+06,9.279e+07,3.51925e-05,14.2998,0,17.0233
0,433,2.86269e+06,0.0569794,8840.5,1.44015e+07,9.53358e+06,0.0382195,8587.55,3.07171e+06,273902,306265,4.85053e+06,9.27684e+07,3.54436e-05,15.1324,0.00613142,13.8759
0,434,2.8586e+06,0.057051,9310.45,1.43841e+07,9.52468e+06,0.0382908,9046.21,3.10274e+06,267275,298856,4.89128e+06,9.27402e+07,3.55649e-05,15.9664,0,20.0808
0,435,2.85329e+06,0.0568947,9762.58,1.43655e+07,9.51248e+06,0.038213,9491.03,3.1383e+06,260809,291625,4.93909e+06,9.27058e+07,3.55482e-05,16.7827,0.00333085,17.5476
0,436,2.84684e+06,0.0565087,10184,1.43456e+07,9.49733e+06,0.0379847,9909.64,3.17799e+06,254499,284570,4.99337e+06,9.26657e+07,3.53898e-05,17.5595,0.0097434,6.73718
0,437,2.83935e+06,0.0558994,10561.2,1.43248e+07,9.47968e+06,0.03761,10289.1,3.22124e+06,248342,277685,5.05335e+06,9.26206e+07,3.5091e-05,18.2739,0.00426607,14.8591
0,438,2.83098e+06,0.0550826,10881.4,1.43029e+07,9.46009e+06,0.0370992,10616.4,3.26737e+06,242333,270966,5.11802e+06,9.25714e+07,3.46586e-05,18.9022,0,18.3747
0,439,2.82191e+06,0.054083,11132.9,1.42803e+07,9.43921e+06,0.0364681,10879.8,3.31555e+06,236470,264411,5.18619e+06,9.25193e+07,3.41052e-05,19.4225,0.00180633,22.1121
0,440,2.81234e+06,0.0529325,11306.3,1.4257e+07,9.41774e+06,0.0357376,11069.3,3.36489e+06,230749,258014,5.25652e+06,9.24653e+07,3.34481e-05,19.8153,0,10.7713
0,441,2.80249e+06,0.0516689,11395,1.42334e+07,9.39645e+06,0.0349324,11177.4,3.41441e+06,225167,251771,5.32753e+06,9.24107e+07,3.2709e-05,20.0658,0,29.8105
0,442,2.79261e+06,0.0503332,11396.3,1.42095e+07,9.3761e+06,0.0340796,11200.2,3.46312e+06,219719,245680,5.39772e+06,9.2357e+07,3.19125e-05,20.1646,0,26.4569
0,443,2.78292e+06,0.0489674,11311,1.41856e+07,9.35741e+06,0.0332065,11137.3,3.51004e+06,214403,239736,5.46557e+06,9.23053e+07,3.10843e-05,20.1089,0.000960391,22.5005
0,444,2.77364e+06,0.0476115,11143.7,1.41619e+07,9.34109e+06,0.0323398,10991.9,3.55426e+06,209216,233936,5.52967e+06,9.22569e+07,3.02498e-05,19.9024,0.00343061,25.2125
0,445,2.76499e+06,0.0463017,10902,1.41386e+07,9.32773e+06,0.0315034,10770.5,3.59497e+06,204154,228276,5.58871e+06,9.22129e+07,2.94328e-05,19.555,0,17.1769
0,446,2.75714e+06,0.0450689,10596.1,1.41158e+07,9.31783e+06,0.0307181,10482.5,3.63147e+06,199215,222753,5.6416e+06,9.21742e+07,2.86544e-05,19.0818,0.00182851,16.9874
0,447,2.75022e+06,0.0439382,10237.8,1.40938e+07,9.31178e+06,0.0300006,10139,3.66323e+06,194395,217363,5.68742e+06,9.21417e+07,2.79318e-05,18.502,0,23.4054
0,448,2.74436e+06,0.042928,9839.9,1.40725e+07,9.30984e+06,0.0293634,9752.25,3.68986e+06,189692,212104,5.72553e+06,9.21158e+07,2.72787e-05,17.837,0,20.4245
0,449,2.73963e+06,0.0420512,9414.82,1.40521e+07,9.31215e+06,0.0288152,9334.82,3.71113e+06,185102,206973,5.75551e+06,9.20969e+07,2.67049e-05,17.1092,0.00374703,25.9725
0,450,2.73608e+06,0.0413153,8974.47,1.40327e+07,9.31875e+06,0.0283615,8898.7,3.72694e+06,180624,201965,5.77716e+06,9.20852e+07,2.62168e-05,16.3406,0.00842918,17.8664
0,451,2.73372e+06,0.0407237,8529.52,1.40142e+07,9.32957e+06,0.0280046,8454.87,3.73734e+06,176254,197079,5.79049e+06,9.20805e+07,2.58177e-05,15.5515,0.00316667,10.8403
0,452,2.73255e+06,0.0402764,8089.17,1.39967e+07,9.34448e+06,0.0277448,8012.94,3.74246e+06,171989,192310,5.79569e+06,9.20827e+07,2.55089e-05,14.7601,0.00372596,16.4307
0,453,2.73252e+06,0.0399711,7660.98,1.39801e+07,9.36324e+06,0.0275808,7580.93,3.74254e+06,167828,187658,5.79308e+06,9.20915e+07,2.52895e-05,13.9817,0,24.9095
0,454,2.73361e+06,0.0398041,7250.87,1.39645e+07,9.38561e+06,0.0275103,7165.22,3.73788e+06,163768,183117,5.78312e+06,9.21065e+07,2.51579e-05,13.2287,0.00273758,13.4481
0,455,2.73574e+06,0.0397707,6863.28,1.39497e+07,9.41129e+06,0.0275304,6770.67,3.72885e+06,159805,178687,5.76633e+06,9.21273e+07,2.51113e-05,12.5107,0,12.5495
0,456,2.73885e+06,0.039866,6501.31,1.39357e+07,9.43995e+06,0.0276378,6400.73,3.71581e+06,155939,174364,5.74329e+06,9.21532e+07,2.51469e-05,11.8348,0.00659563,8.93139
0,457,2.74287e+06,0.0400852,6166.91,1.39225e+07,9.47127e+06,0.0278296,6057.66,3.69918e+06,152166,170145,5.71463e+06,9.21837e+07,2.52617e-05,11.2058,0.0120456,11.9889
0,458,2.74771e+06,0.0404238,5861.13,1.39099e+07,9.50491e+06,0.0281028,5742.72,3.67937e+06,148485,166028,5.68097e+06,9.22183e+07,2.54527e-05,10.6265,0,11.5906
0,459,2.75331e+06,0.0408778,5584.31,1.38979e+07,9.54055e+06,0.0284548,5456.39,3.65676e+06,144892,162011,5.64293e+06,9.22564e+07,2.57175e-05,10.0983,0.00522899,7.90384
0,460,2.75958e+06,0.0414439,5336.26,1.38865e+07,9.57786e+06,0.0288834,5198.58,3.63178e+06,141387,158092,5.60113e+06,9.22976e+07,2.60536e-05,9.62147,0,8.01767
0,461,2.76645e+06,0.0421194,5116.4,1.38756e+07,9.61655e+06,0.0293871,4968.77,3.60479e+06,137966,154267,5.55616e+06,9.23412e+07,2.64594e-05,9.19527,0.000796299,8.29651
0,462,2.77384e+06,0.0429022,4923.96,1.38651e+07,9.65631e+06,0.0299643,4766.16,3.57616e+06,134628,150534,5.50859e+06,9.23868e+07,2.69333e-05,8.81854,0,1.54957
0,463,2.78168e+06,0.0437908,4758.01,1.38549e+07,9.69688e+06,0.0306143,4589.79,3.54624e+06,131371,146892,5.45894e+06,9.24339e+07,2.74742e-05,8.48971,0,15.362
0,464,2.78991e+06,0.0447844,4617.6,1.38451e+07,9.738e+06,0.0313364,4438.66,3.51536e+06,128193,143338,5.40772e+06,9.24821e+07,2.80814e-05,8.20707,0.00572863,10.4537
0,465,2.79845e+06,0.0458824,4501.78,1.38355e+07,9.77942e+06,0.0321304,4311.73,3.48383e+06,125091,139871,5.35541e+06,9.2531e+07,2.87546e-05,7.96884,0,9.66105
0,466,2.80724e+06,0.0470848,4409.71,1.3826e+07,9.82091e+06,0.0329964,4208.04,3.45194e+06,122065,136487,5.30246e+06,9.25802e+07,2.94936e-05,7.77334,0.00934977,4.68063
0,467,2.81623e+06,0.0483917,4340.63,1.38167e+07,9.86225e+06,0.0339344,4126.72,3.41997e+06,119112,133184,5.24928e+06,9.26293e+07,3.02984e-05,7.61902,0.00994976,9.2163
0,468,2.82535e+06,0.0498034,4293.91,1.38075e+07,9.90326e+06,0.0349446,4067.03,3.38819e+06,116230,129962,5.19628e+06,9.26779e+07,3.11692e-05,7.50454,0,8.26016
0,469,2.83453e+06,0.05132,4269.09,1.37983e+07,9.94372e+06,0.0360272,4028.33,3.35685e+06,113418,126818,5.14383e+06,9.27259e+07,3.21061e-05,7.42879,0,10.7708
0,470,2.84374e+06,0.0529415,4265.81,1.37891e+07,9.98345e+06,0.0371823,4010.17,3.32619e+06,110674,123750,5.09229e+06,9.27728e+07,3.31092e-05,7.39094,0.00683161,7.81276
0,471,2.8529e+06,0.0546676,4283.92,1.37799e+07,1.00223e+07,0.0384096,4012.2,3.29644e+06,107997,120756,5.04201e+06,9.28184e+07,3.41784e-05,7.39038,0.00206827,12.4971
0,472,2.86196e+06,0.056497,4323.37,1.37705e+07,1.006e+07,0.0397083,4034.23,3.26783e+06,105384,117835,4.99331e+06,9.28624e+07,3.53132e-05,7.4268,0.0069463,4.62987
0,473,2.87086e+06,0.0584278,4384.25,1.3761e+07,1.00966e+07,0.0410771,4076.21,3.2406e+06,102835,114984,4.94654e+06,9.29044e+07,3.65127e-05,7.50011,0,11.3764
0,474,2.87955e+06,0.0604567,4466.78,1.37513e+07,1.01317e+07,0.0425137,4138.17,3.21495e+06,100347,112203,4.902e+06,9.29444e+07,3.77752e-05,7.61044,0.007178,8.46372
0,475,2.88796e+06,0.0625789,4571.25,1.37413e+07,1.01652e+07,0.0440149,4220.26,3.19112e+06,97919.6,109488,4.86001e+06,9.29819e+07,3.90982e-05,7.7581,0,7.65603
0,476,2.89605e+06,0.0647875,4698.02,1.37311e+07,1.01971e+07,0.045576,4322.69,3.16931e+06,95550.9,106840,4.82087e+06,9.30168e+07,4.04782e-05,7.94354,0.00375938,6.88492
0,477,2.90374e+06,0.0670736,4847.43,1.37205e+07,1.0227e+07,0.0471907,4445.67,3.14975e+06,93239.6,104255,4.7849e+06,9.30488e+07,4.191e-05,8.16727,0.0040631,6.93932
0,478,2.91098e+06,0.0694252,5019.81,1.37095e+07,1.02549e+07,0.0488509,4589.42,3.13265e+06,90984.2,101734,4.75241e+06,9.30775e+07,4.33871e-05,8.4298,0.00896925,9.48236
0,479,2.91771e+06,0.0718272,5215.36,1.36981e+07,1.02806e+07,0.0505462,4754.05,3.11822e+06,88783.4,99272.7,4.72368e+06,9.31029e+07,4.4901e-05,8.73152,0,6.71955
0,480,2.92386e+06,0.0742609,5434.11,1.36863e+07,1.0304e+07,0.0522638,4939.56,3.10669e+06,86636,96871.4,4.69903e+06,9.31246e+07,4.64412e-05,9.07258,0,7.28174
0,481,2.92937e+06,0.0767038,5675.77,1.36738e+07,1.03248e+07,0.0539881,5145.7,3.09824e+06,84540.5,94528.3,4.67872e+06,9.31424e+07,4.79947e-05,9.45278,0,7.78125
0,482,2.93418e+06,0.0791292,5939.71,1.36609e+07,1.03431e+07,0.0557008,5371.92,3.09308e+06,82495.7,92242,4.66305e+06,9.31561e+07,4.95459e-05,9.87136,0.00863351,8.5953
0,483,2.93824e+06,0.0815061,6224.77,1.36472e+07,1.03586e+07,0.0573806,5617.23,3.09137e+06,80500.4,90010.9,4.65224e+06,9.31656e+07,5.10768e-05,10.3269,0.00617928,14.161
0,484,2.9415e+06,0.0837997,6529.16,1.3633e+07,1.03713e+07,0.0590035,5880.16,3.09327e+06,78553.5,87833.9,4.64653e+06,9.31705e+07,5.25664e-05,10.8169,0,9.04011
0,485,2.9439e+06,0.0859715,6850.39,1.3618e+07,1.03811e+07,0.060543,6158.58,3.09891e+06,76653.7,85709.6,4.64609e+06,9.31708e+07,5.39918e-05,11.3379,0,6.11707
0,486,2.94542e+06,0.0879805,7185.1,1.36023e+07,1.03879e+07,0.0619707,6449.68,3.10836e+06,74799.9,83636.8,4.65105e+06,9.31665e+07,5.53278e-05,11.8852,0,12.2515
0,487,2.94602e+06,0.0897842,7529.03,1.35859e+07,1.03918e+07,0.0632572,6749.84,3.12166e+06,72991,81614.1,4.66146e+06,9.31574e+07,5.65479e-05,12.4524,0.00424701,16.0963
0,488,2.94569e+06,0.0913403,7876.98,1.35687e+07,1.03928e+07,0.0643734,7054.63,3.13878e+06,71225.8,79640.4,4.67731e+06,9.31436e+07,5.76253e-05,13.0317,0,14.0541
0,489,2.94443e+06,0.0926087,8222.84,1.35507e+07,1.0391e+07,0.0652915,7358.78,3.15963e+06,69503.4,77714.5,4.69849e+06,9.31252e+07,5.85339e-05,13.6138,0.00417567,16.4755
0,490,2.94227e+06,0.0935542,8559.7,1.3532e+07,1.03865e+07,0.0659868,7656.33,3.18404e+06,67822.7,75835.2,4.72478e+06,9.31026e+07,5.92498e-05,14.1879,0.00616618,11.0481
0,491,2.93924e+06,0.0941482,8880.03,1.35126e+07,1.03796e+07,0.0664396,7940.69,3.21174e+06,66182.7,74001.3,4.75585e+06,9.30758e+07,5.97525e-05,14.7418,0.0192064,13.0237
0,492,2.93542e+06,0.0943719,9175.98,1.34925e+07,1.03706e+07,0.0666363,8204.93,3.24241e+06,64582.3,72211.9,4.79126e+06,9.30455e+07,6.0027e-05,15.2626,0.000834208,14.0359
0,493,2.93087e+06,0.0942176,9439.69,1.34718e+07,1.03597e+07,0.0665715,8442.02,3.27562e+06,63020.7,70465.8,4.83042e+06,9.3012e+07,6.00647e-05,15.737,0,11.8404
0,494,2.92571e+06,0.0936906,9663.77,1.34506e+07,1.03475e+07,0.0662483,8645.24,3.31085e+06,61496.9,68761.9,4.87267e+06,9.29761e+07,5.98646e-05,16.1521,0.00317377,15.3861
0,495,2.92004e+06,0.0928092,9841.66,1.3429e+07,1.03344e+07,0.0656792,8808.52,3.34755e+06,60009.9,67099.2,4.91721e+06,9.29384e+07,5.94339e-05,16.4958,0,13.5965
0,496,2.91402e+06,0.0916049,9968.1,1.3407e+07,1.03208e+07,0.0648854,8926.83,3.38508e+06,58558.9,65476.7,4.96319e+06,9.28996e+07,5.87885e-05,16.7578,0,10.3812
0,497,2.90778e+06,0.0901208,10039.5,1.33848e+07,1.03073e+07,0.0638964,8996.5,3.42278e+06,57143,63893.5,5.00969e+06,9.28606e+07,5.79517e-05,16.9304,0.000682701,12.9813
0,498,2.90148e+06,0.0884089,10054,1.33625e+07,1.02944e+07,0.0627483,9015.5,3.45998e+06,55761.3,62348.6,5.05576e+06,9.28223e+07,5.69536e-05,17.0084,0,16.3858
0,499,2.89526e+06,0.0865278,10011.8,1.33403e+07,1.02827e+07,0.0614813,8983.53,3.49603e+06,54413,60841,5.10046e+06,9.27853e+07,5.58294e-05,16.9901,0,21.5291
0,500,2.88928e+06,0.0845393,9915.21,1.33182e+07,1.02725e+07,0.0601384,8902.06,3.53029e+06,53097.3,59369.9,5.14292e+06,9.27505e+07,5.46171e-05,16.8772,0.00355386,10.1276
0,501,2.88367e+06,0.0825048,9768.04,1.32963e+07,1.02644e+07,0.0587624,8774.2,3.56219e+06,51813.5,57934.3,5.18229e+06,9.27186e+07,5.33559e-05,16.6744,0,14.3808
0,502,2.87855e+06,0.080483,9575.73,1.32749e+07,1.02586e+07,0.0573941,8604.45,3.59125e+06,50560.6,56533.5,5.21785e+06,9.26901e+07,5.2084e-05,16.3894,0,12.5201
0,503,2.87402e+06,0.078527,9344.76,1.32538e+07,1.02556e+07,0.056071,8398.43,3.61703e+06,49338.1,55166.5,5.24899e+06,9.26657e+07,5.08369e-05,16.0319,0.0131174,14.4687
0,504,2.87019e+06,0.0766833,9082.33,1.32333e+07,1.02555e+07,0.0548257,8162.46,3.63923e+06,48145.1,53832.6,5.27522e+06,9.26458e+07,4.96464e-05,15.6136,0.0108825,15.3109
0,505,2.8671e+06,0.0749905,8795.93,1.32134e+07,1.02585e+07,0.0536856,7903.25,3.65761e+06,46981,52530.9,5.2962e+06,9.26305e+07,4.85396e-05,15.1467,0,15.244
0,506,2.86481e+06,0.0734792,8492.94,1.31941e+07,1.02646e+07,0.0526726,7627.49,3.67205e+06,45845,51260.7,5.3117e+06,9.262e+07,4.75385e-05,14.6441,0,12.7981
0,507,2.86335e+06,0.0721728,8180.38,1.31755e+07,1.02739e+07,0.0518034,7341.64,3.68249e+06,44736.4,50021.2,5.32165e+06,9.26145e+07,4.66605e-05,14.1179,0,19.0778
0,508,2.86273e+06,0.0710877,7864.65,1.31575e+07,1.02863e+07,0.0510901,7051.62,3.68898e+06,43654.7,48811.7,5.32605e+06,9.26139e+07,4.59183e-05,13.5798,0,8.75947
0,509,2.86295e+06,0.0702348,7551.4,1.31402e+07,1.03017e+07,0.0505407,6762.72,3.69161e+06,42599.2,47631.5,5.32504e+06,9.26179e+07,4.53206e-05,13.0402,0.00311446,17.2756
0,510,2.86397e+06,0.0696204,7245.43,1.31235e+07,1.032e+07,0.0501602,6479.47,3.69055e+06,41569.1,46479.7,5.31883e+06,9.26265e+07,4.4873e-05,12.508,0.00938259,16.4844
0,511,2.86579e+06,0.0692474,6950.71,1.31075e+07,1.0341e+07,0.0499509,6205.63,3.68599e+06,40564,45355.9,5.30768e+06,9.26394e+07,4.45787e-05,11.991,0.00420459,7.80252
0,512,2.86835e+06,0.0691162,6670.38,1.30921e+07,1.03644e+07,0.0499137,5944.22,3.6782e+06,39583.3,44259.3,5.29195e+06,9.26562e+07,4.44386e-05,11.4952,0.000679421,12.2873
0,513,2.87162e+06,0.0692261,6406.85,1.30772e+07,1.03901e+07,0.0500482,5697.54,3.66742e+06,38626.2,43189.1,5.27199e+06,9.26766e+07,4.44528e-05,11.0256,0,15.7865
0,514,2.87555e+06,0.0695752,6161.88,1.30629e+07,1.04178e+07,0.0503536,5467.29,3.65394e+06,37692.3,42144.9,5.24821e+06,9.27003e+07,4.46207e-05,10.5858,0,9.0872
0,515,2.88008e+06,0.0701619,5936.64,1.30491e+07,1.04472e+07,0.050829,5254.63,3.63807e+06,36781,41126,5.22101e+06,9.27268e+07,4.4941e-05,10.1783,0.00936883,11.4016
0,516,2.88516e+06,0.0709848,5731.9,1.30357e+07,1.04782e+07,0.0514737,5060.27,3.62009e+06,35891.8,40131.7,5.19081e+06,9.27558e+07,4.54131e-05,9.80476,0.00158749,8.13204
0,517,2.89074e+06,0.0720431,5548.01,1.30227e+07,1.05105e+07,0.0522876,4884.57,3.60031e+06,35024.1,39161.6,5.15804e+06,9.27869e+07,4.60363e-05,9.46624,0,11.6032
0,518,2.89675e+06,0.0733372,5385.08,1.30101e+07,1.05438e+07,0.053271,4727.63,3.57901e+06,34177.4,38214.9,5.12309e+06,9.28197e+07,4.68105e-05,9.16311,0,13.1036
0,519,2.90315e+06,0.0748683,5243.01,1.29978e+07,1.05779e+07,0.0544252,4589.33,3.55649e+06,33351.3,37291.1,5.08637e+06,9.2854e+07,4.77365e-05,8.89535,0.0102096,12.1886
0,520,2.90987e+06,0.0766389,5121.57,1.29857e+07,1.06127e+07,0.0557522,4469.42,3.53301e+06,32545.1,36389.7,5.04828e+06,9.28892e+07,4.88153e-05,8.66263,0,4.836
0,521,2.91687e+06,0.0786526,5020.45,1.29739e+07,1.06478e+07,0.0572548,4367.56,3.50884e+06,31758.5,35510.2,5.00917e+06,9.29251e+07,5.00492e-05,8.46445,0,10.3299
0,522,2.92409e+06,0.080914,4939.29,1.29623e+07,1.06831e+07,0.0589365,4283.37,3.48425e+06,30990.9,34651.9,4.9694e+06,9.29614e+07,5.14408e-05,8.30018,0.00190108,9.06645
0,523,2.93148e+06,0.083429,4877.74,1.29509e+07,1.07183e+07,0.0608018,4216.45,3.45947e+06,30241.9,33814.5,4.92933e+06,9.29978e+07,5.29935e-05,8.16915,0.0014442,10.7037
0,524,2.93898e+06,0.086204,4835.44,1.29395e+07,1.07534e+07,0.0628554,4166.4,3.43475e+06,29511.1,32997.4,4.88927e+06,9.30339e+07,5.47115e-05,8.07069,0,6.18764
0,525,2.94655e+06,0.0892463,4812.1,1.29282e+07,1.07881e+07,0.0651027,4132.88,3.41031e+06,28798.1,32200.1,4.84954e+06,9.30696e+07,5.6599e-05,8.00417,0.00596881,10.155
0,526,2.95414e+06,0.0925633,4807.44,1.2917e+07,1.08223e+07,0.0675494,4115.53,3.38637e+06,28102.3,31422.2,4.81043e+06,9.31044e+07,5.86611e-05,7.96902,0,14.361
0,527,2.96169e+06,0.0961629,4821.24,1.29057e+07,1.08557e+07,0.0702011,4114.08,3.36315e+06,27423.4,30663.1,4.77224e+06,9.31383e+07,6.09026e-05,7.96474,0.00123745,8.18099
0,528,2.96916e+06,0.100052,4853.31,1.28945e+07,1.08883e+07,0.0730634,4128.27,3.34084e+06,26761,29922.5,4.73524e+06,9.31708e+07,6.33284e-05,7.99092,0.0135633,4.61134
0,529,2.97651e+06,0.104238,4903.5,1.28831e+07,1.09199e+07,0.0761411,4157.87,3.31964e+06,26114.7,29199.8,4.6997e+06,9.32019e+07,6.59432e-05,8.04719,0,5.98383
0,530,2.98367e+06,0.108725,4971.69,1.28716e+07,1.09503e+07,0.0794381,4202.69,3.29975e+06,25484,28494.7,4.66587e+06,9.32312e+07,6.87507e-05,8.13323,0.0109362,6.94072
0,531,2.99062e+06,0.113517,5057.72,1.286e+07,1.09795e+07,0.0829571,4262.53,3.28135e+06,24868.7,27806.7,4.634e+06,9.32586e+07,7.17539e-05,8.24875,0,11.328
0,532,2.99729e+06,0.118615,5161.43,1.28482e+07,1.10072e+07,0.0866986,4337.17,3.26462e+06,24268.4,27135.5,4.60432e+06,9.32839e+07,7.4954e-05,8.39343,0,13.4139
0,533,3.00364e+06,0.124014,5282.58,1.28362e+07,1.10333e+07,0.0906605,4426.37,3.24974e+06,23682.6,26480.6,4.57707e+06,9.33068e+07,7.83503e-05,8.56688,0,9.76435
0,534,3.00964e+06,0.129708,5420.86,1.28239e+07,1.10578e+07,0.0948377,4529.8,3.23686e+06,23111.1,25841.6,4.55246e+06,9.33271e+07,8.19395e-05,8.76862,0,11.4283
0,535,3.01522e+06,0.135684,5575.79,1.28113e+07,1.10805e+07,0.0992209,4647.05,3.22614e+06,22553.5,25218.1,4.53069e+06,9.33447e+07,8.57152e-05,8.99796,0,12.8326
0,536,3.02036e+06,0.141921,5746.73,1.27985e+07,1.11013e+07,0.103796,4777.55,3.21773e+06,22009.5,24609.9,4.51197e+06,9.33595e+07,8.96668e-05,9.25398,0,12.9451
0,537,3.025e+06,0.148393,5932.79,1.27853e+07,1.11201e+07,0.108544,4920.59,3.21176e+06,21478.7,24016.4,4.49645e+06,9.33712e+07,9.37795e-05,9.53543,0.00311543,6.18911
0,538,3.02912e+06,0.155063,6132.81,1.27717e+07,1.11369e+07,0.113439,5075.2,3.20834e+06,20960.8,23437.5,4.4843e+06,9.33797e+07,9.8033e-05,9.84065,0,12.6527
0,539,3.03268e+06,0.161886,6345.31,1.27578e+07,1.11516e+07,0.118448,5240.21,3.20758e+06,20455.6,22872.6,4.47564e+06,9.3385e+07,0.000102401,10.1675,0.000455776,8.52386
0,540,3.03565e+06,0.168807,6568.4,1.27434e+07,1.11642e+07,0.123533,5414.11,3.20953e+06,19962.7,22321.5,4.47057e+06,9.33869e+07,0.000106853,10.5133,0,8.44026
0,541,3.038e+06,0.175761,6799.83,1.27286e+07,1.11745e+07,0.128647,5595.11,3.21426e+06,19481.8,21783.9,4.46915e+06,9.33855e+07,0.000111348,10.8748,0,16.8176
0,542,3.03972e+06,0.182673,7036.9,1.27134e+07,1.11827e+07,0.133735,5781.08,3.22176e+06,19012.6,21259.3,4.4714e+06,9.33806e+07,0.000115843,11.2479,0.00952768,9.64652
0,543,3.04081e+06,0.18946,7276.5,1.26977e+07,1.11888e+07,0.138738,5969.55,3.23201e+06,18554.9,20747.6,4.47731e+06,9.33723e+07,0.000120287,11.628,0,22.0342
0,544,3.04126e+06,0.196032,7515.13,1.26816e+07,1.11928e+07,0.143591,6157.73,3.24495e+06,18108.3,20248.4,4.48678e+06,9.33607e+07,0.000124624,12.0099,0,13.6715
0,545,3.04109e+06,0.202294,7748.94,1.26651e+07,1.11949e+07,0.148226,6342.55,3.26047e+06,17672.6,19761.3,4.4997e+06,9.3346e+07,0.000128794,12.3876,0.0132681,10.4936
0,546,3.04031e+06,0.20815,7973.82,1.26481e+07,1.11951e+07,0.152573,6520.73,3.27841e+06,17247.6,19286.1,4.51587e+06,9.33282e+07,0.000132736,12.7548,0,16.0779
0,547,3.03897e+06,0.213507,8185.54,1.26307e+07,1.11937e+07,0.156564,6688.85,3.29858e+06,16832.9,18822.5,4.53503e+06,9.33077e+07,0.000136389,13.1047,0,12.3561
0,548,3.0371e+06,0.218279,8379.85,1.26129e+07,1.11908e+07,0.160138,6843.46,3.32071e+06,16428.3,18370.2,4.55688e+06,9.32846e+07,0.000139695,13.4303,0,15.7311
0,549,3.03476e+06,0.222391,8552.68,1.25948e+07,1.11868e+07,0.163239,6981.23,3.34451e+06,16033.6,17928.9,4.58103e+06,9.32594e+07,0.000142602,13.7251,0,14.1946
0,550,3.03201e+06,0.225784,8700.28,1.25765e+07,1.11818e+07,0.165823,7099.08,3.36966e+06,15648.4,17498.4,4.60708e+06,9.32325e+07,0.000145066,13.9826,0,9.82808
0,551,3.02893e+06,0.228417,8819.43,1.25579e+07,1.11763e+07,0.167861,7194.27,3.39578e+06,15272.6,17078.3,4.63454e+06,9.32042e+07,0.000147055,14.197,0.0129942,17.5624
0,552,3.02561e+06,0.230272,8907.58,1.25391e+07,1.11704e+07,0.169338,7264.63,3.42249e+06,14905.9,16668.4,4.66291e+06,9.3175e+07,0.000148548,14.3637,0,22.7991
0,553,3.02212e+06,0.231355,8962.95,1.25202e+07,1.11645e+07,0.170256,7308.57,3.44937e+06,14548.2,16268.4,4.69168e+06,9.31454e+07,0.000149542,14.4789,0,18.9832
0,554,3.01855e+06,0.231694,8984.69,1.25012e+07,1.11589e+07,0.170636,7325.23,3.47602e+06,14199.1,15878.2,4.7203e+06,9.31158e+07,0.000150048,14.5404,0,15.105
0,555,3.015e+06,0.231342,8972.82,1.24823e+07,1.1154e+07,0.170514,7314.48,3.50203e+06,13858.4,15497.4,4.74824e+06,9.30868e+07,0.00015009,14.5474,0.00479298,16.6651
0,556,3.01156e+06,0.230371,8928.32,1.24634e+07,1.115e+07,0.169942,7276.94,3.52702e+06,13526,15125.8,4.775e+06,9.30588e+07,0.000149709,14.5005,0.000654315,13.8837
0,557,3.0083e+06,0.22887,8852.99,1.24447e+07,1.11473e+07,0.168983,7213.93,3.55063e+06,13201.5,14763.1,4.8001e+06,9.30321e+07,0.000148957,14.4019,0.0116827,12.8909
0,558,3.0053e+06,0.226941,8749.37,1.24261e+07,1.1146e+07,0.16771,7127.4,3.57254e+06,12885,14409.2,4.82312e+06,9.30072e+07,0.000147895,14.255,0,14.4399
0,559,3.00263e+06,0.224693,8620.63,1.24078e+07,1.11464e+07,0.166203,7019.84,3.59247e+06,12576,14063.9,4.84368e+06,9.29844e+07,0.000146591,14.0643,0,13.0202
0,560,3.00034e+06,0.22224,8470.35,1.23898e+07,1.11486e+07,0.164545,6894.1,3.6102e+06,12274.5,13726.9,4.86147e+06,9.29639e+07,0.000145117,13.8352,0.00989494,12.8135
0,561,2.99849e+06,0.219697,8302.42,1.23721e+07,1.11527e+07,0.162818,6753.3,3.62555e+06,11980.3,13398,4.87624e+06,9.29461e+07,0.000143547,13.5738,0,13.4894
0,562,2.99712e+06,0.217172,8120.82,1.23548e+07,1.11589e+07,0.161102,6600.7,3.63839e+06,11693.1,13077,4.88783e+06,9.29309e+07,0.000141953,13.2864,0.00954324,15.6033
0,563,2.99625e+06,0.214769,7929.52,1.23378e+07,1.11672e+07,0.159474,6439.55,3.64866e+06,11412.9,12763.8,4.89612e+06,9.29185e+07,0.000140404,12.9796,0,13.5631
0,564,2.99589e+06,0.212583,7732.32,1.23212e+07,1.11776e+07,0.158003,6272.99,3.65633e+06,11139.4,12458.1,4.90107e+06,9.2909e+07,0.000138965,12.6595,0,18.33
0,565,2.99606e+06,0.210702,7532.77,1.2305e+07,1.11899e+07,0.156754,6103.97,3.66142e+06,10872.5,12159.7,4.9027e+06,9.29023e+07,0.000137694,12.3323,0.0076716,9.68916
0,566,2.99676e+06,0.209202,7334.11,1.22892e+07,1.12043e+07,0.155784,5935.19,3.66399e+06,10612,11868.6,4.90107e+06,9.28983e+07,0.000136645,12.0036,0,13.6925
0,567,2.99797e+06,0.208153,7139.22,1.22738e+07,1.12206e+07,0.155145,5769.07,3.66413e+06,10357.8,11584.5,4.89629e+06,9.2897e+07,0.000135866,11.6782,0.00336655,8.26451
0,568,2.99968e+06,0.207615,6950.59,1.22587e+07,1.12387e+07,0.154884,5607.69,3.66198e+06,10109.8,11307.3,4.88853e+06,9.28981e+07,0.000135399,11.3607,0.00137313,10.6491
0,569,3.00186e+06,0.207643,6770.33,1.22441e+07,1.12584e+07,0.15504,5452.84,3.65768e+06,9867.77,11036.7,4.87797e+06,9.29016e+07,0.000135281,11.0547,0.0212838,5.84666
0,570,3.0045e+06,0.208286,6600.19,1.22297e+07,1.12796e+07,0.155651,5305.97,3.65139e+06,9631.59,10772.7,4.86483e+06,9.29072e+07,0.000135547,10.7636,0,8.54211
0,571,3.00757e+06,0.20959,6441.56,1.22157e+07,1.13022e+07,0.156753,5168.28,3.64331e+06,9401.14,10515.2,4.84933e+06,9.29147e+07,0.000136228,10.4898,0.00193889,15.5093
0,572,3.01102e+06,0.211598,6295.57,1.2202e+07,1.13259e+07,0.158379,5040.68,3.63362e+06,9176.29,10263.9,4.83174e+06,9.2924e+07,0.000137352,10.2354,0.00597703,7.36903
0,573,3.01482e+06,0.214352,6163.03,1.21885e+07,1.13507e+07,0.160561,4923.89,3.62253e+06,8956.91,10018.7,4.81229e+06,9.29347e+07,0.000138949,10.002,0.00772506,9.18213
0,574,3.01894e+06,0.217897,6044.57,1.21753e+07,1.13764e+07,0.163333,4818.38,3.61024e+06,8742.88,9779.49,4.79127e+06,9.29466e+07,0.000141046,9.79078,0,7.96335
0,575,3.02334e+06,0.222277,5940.6,1.21623e+07,1.14028e+07,0.166729,4724.5,3.59695e+06,8534.08,9546.14,4.76892e+06,9.29595e+07,0.000143673,9.60254,0.00607975,8.85083
0,576,3.02798e+06,0.22754,5851.36,1.21495e+07,1.14296e+07,0.170787,4642.43,3.58286e+06,8330.39,9318.51,4.74551e+06,9.29732e+07,0.000146861,9.43782,0.0178764,8.25385
0,577,3.03281e+06,0.233739,5776.99,1.21369e+07,1.14569e+07,0.175548,4572.26,3.56819e+06,8131.71,9096.48,4.72129e+06,9.29875e+07,0.000150642,9.29691,0.0111432,7.20349
0,578,3.03781e+06,0.240932,5717.51,1.21244e+07,1.14844e+07,0.181054,4513.98,3.55311e+06,7937.92,8879.94,4.69653e+06,9.3002e+07,0.000155053,9.17989,0.0139616,11.3808
0,579,3.04293e+06,0.24918,5672.86,1.2112e+07,1.15119e+07,0.187354,4467.51,3.53784e+06,7748.92,8668.75,4.67146e+06,9.30167e+07,0.000160134,9.08672,0.00990258,9.75966
0,580,3.04813e+06,0.258555,5642.91,1.20997e+07,1.15393e+07,0.194501,4432.71,3.52255e+06,7564.6,8462.81,4.64633e+06,9.30313e+07,0.000165927,9.0172,0.00244063,8.24063
0,581,3.05337e+06,0.26913,5627.47,1.20875e+07,1.15665e+07,0.202554,4409.39,3.50742e+06,7384.87,8262.01,4.62136e+06,9.30456e+07,0.000172481,8.97105,0,9.39808
0,582,3.05862e+06,0.280991,5626.3,1.20753e+07,1.15934e+07,0.211576,4397.34,3.49262e+06,7209.64,8066.25,4.59677e+06,9.30594e+07,0.000179849,8.9479,0,9.45965
0,583,3.06384e+06,0.294227,5639.14,1.20631e+07,1.16197e+07,0.221636,4396.29,3.47833e+06,7038.8,7875.42,4.57277e+06,9.30725e+07,0.000188087,8.9473,0,12.2672
0,584,3.06899e+06,0.308937,5665.64,1.20509e+07,1.16455e+07,0.23281,4405.94,3.46469e+06,6872.27,7689.42,4.54955e+06,9.30849e+07,0.000197258,8.96874,0,8.49587
0,585,3.07404e+06,0.325224,5705.43,1.20386e+07,1.16705e+07,0.245176,4425.97,3.45187e+06,6709.98,7508.17,4.52732e+06,9.30962e+07,0.000207428,9.01161,0.00693022,10.4319
0,586,3.07895e+06,0.343201,5758.08,1.20263e+07,1.16946e+07,0.25882,4455.99,3.43999e+06,6551.82,7331.57,4.50625e+06,9.31064e+07,0.000218669,9.07525,0,5.78511
0,587,3.08369e+06,0.362984,5823.07,1.20139e+07,1.17179e+07,0.273832,4495.6,3.4292e+06,6397.73,7159.53,4.48649e+06,9.31152e+07,0.000231055,9.15887,0.0103065,5.81796
0,588,3.08823e+06,0.384694,5899.81,1.20014e+07,1.17401e+07,0.290305,4544.31,3.41961e+06,6247.64,6991.98,4.46821e+06,9.31227e+07,0.000244665,9.26159,0.0297317,9.04921
0,589,3.09254e+06,0.408456,5987.64,1.19887e+07,1.17612e+07,0.308333,4601.58,3.41134e+06,6101.46,6828.83,4.45155e+06,9.31287e+07,0.000259581,9.38239,0,7.31919
0,590,3.0966e+06,0.434394,6085.76,1.19759e+07,1.17811e+07,0.328015,4666.8,3.40448e+06,5959.14,6670.02,4.43662e+06,9.3133e+07,0.000275884,9.5201,0.0117563,11.1542
0,591,3.10037e+06,0.462633,6193.28,1.1963e+07,1.17998e+07,0.349444,4739.26,3.39912e+06,5820.6,6515.47,4.42353e+06,9.31356e+07,0.000293657,9.6734,0,12.0462
0,592,3.10383e+06,0.493291,6309.16,1.19498e+07,1.18172e+07,0.372713,4818.19,3.39533e+06,5685.78,6365.11,4.41238e+06,9.31364e+07,0.000312981,9.84075,0.0242898,10.0948
0,593,3.10697e+06,0.526482,6432.23,1.19365e+07,1.18333e+07,0.397912,4902.69,3.39317e+06,5554.63,6218.89,4.40323e+06,9.31354e+07,0.000333932,10.0204,0.0132925,11.8843
0,594,3.10977e+06,0.562305,6561.18,1.19229e+07,1.1848e+07,0.425118,4991.78,3.39268e+06,5427.09,6076.74,4.39613e+06,9.31326e+07,0.000356583,10.2105,0.0157008,7.13656
0,595,3.11221e+06,0.60085,6694.55,1.19092e+07,1.18614e+07,0.454403,5084.36,3.39387e+06,5303.1,5938.6,4.39112e+06,9.31278e+07,0.000380996,10.4088,0.000762117,11.2517
0,596,3.1143e+06,0.642185,6830.75,1.18952e+07,1.18735e+07,0.485823,5179.25,3.39675e+06,5182.61,5804.42,4.3882e+06,9.31211e+07,0.000407224,10.6129,0.00640658,10.5353
0,597,3.11601e+06,0.686359,6968.05,1.1881e+07,1.18842e+07,0.519419,5275.15,3.40129e+06,5065.58,5674.14,4.38734e+06,9.31127e+07,0.000435309,10.8203,0,7.8669
0,598,3.11737e+06,0.733396,7104.62,1.18666e+07,1.18937e+07,0.555215,5370.72,3.40746e+06,4951.95,5547.72,4.3885e+06,9.31024e+07,0.000465275,11.0281,0,11.6174
0,599,3.11837e+06,0.783296,7238.56,1.1852e+07,1.1902e+07,0.593216,5464.52,3.41519e+06,4841.67,5425.11,4.39159e+06,9.30903e+07,0.000497133,11.2335,0,8.76201
0,600,3.11902e+06,0.836032,7367.91,1.18372e+07,1.19091e+07,0.633408,5555.11,3.42439e+06,4734.7,5306.26,4.39653e+06,9.30767e+07,0.000530877,11.4335,0.00361255,13.0552
0,601,3.11934e+06,0.891549,7490.73,1.18221e+07,1.19152e+07,0.675756,5641.03,3.43495e+06,4631,5191.11,4.40318e+06,9.30616e+07,0.00056648,11.625,0.0158843,10.5695
0,602,3.11935e+06,0.94977,7605.12,1.18069e+07,1.19204e+07,0.720208,5720.87,3.44674e+06,4530.51,5079.63,4.41138e+06,9.30451e+07,0.000603904,11.805,0,10.1848
0,603,3.11908e+06,1.0106,7709.28,1.17915e+07,1.19248e+07,0.766698,5793.28,3.45962e+06,4433.2,4971.76,4.42096e+06,9.30274e+07,0.000643092,11.9707,0.0160642,15.6846
0,604,3.11856e+06,1.07392,7801.57,1.1776e+07,1.19285e+07,0.815148,5857,3.47341e+06,4339.01,4867.46,4.43172e+06,9.30086e+07,0.000683979,12.1193,0,12.7146
0,605,3.11782e+06,1.13963,7880.56,1.17604e+07,1.19317e+07,0.865476,5910.97,3.48792e+06,4247.91,4766.68,4.44343e+06,9.29891e+07,0.000726492,12.2484,0,9.51207
0,606,3.11691e+06,1.2076,7945.05,1.17446e+07,1.19346e+07,0.917604,5954.25,3.50298e+06,4159.83,4669.37,4.45586e+06,9.2969e+07,0.000770558,12.3559,0,8.64472
0,607,3.11585e+06,1.27773,7994.17,1.17288e+07,1.19373e+07,0.971462,5986.17,3.51837e+06,4074.74,4575.48,4.46878e+06,9.29484e+07,0.000816108,12.4402,0.00031253,14.6563
0,608,3.1147e+06,1.34996,8027.35,1.17129e+07,1.19399e+07,1.027,6006.26,3.53389e+06,3992.6,4484.95,4.48193e+06,9.29277e+07,0.000863086,12.5002,0,12.6485
0,609,3.1135e+06,1.42424,8044.37,1.1697e+07,1.19427e+07,1.0842,6014.32,3.54935e+06,3913.34,4397.75,4.49506e+06,9.29071e+07,0.000911461,12.5352,0,7.07245
0,610,3.11228e+06,1.50061,8045.32,1.16811e+07,1.19457e+07,1.14308,6010.39,3.56453e+06,3836.93,4313.82,4.50794e+06,9.28867e+07,0.000961227,12.545,0.0431934,13.6176
0,611,3.11109e+06,1.57913,8030.67,1.16652e+07,1.19492e+07,1.2037,5994.77,3.57925e+06,3763.33,4233.12,4.52033e+06,9.28668e+07,0.00101242,12.5301,0,17.8359
0,612,3.10997e+06,1.65996,8001.18,1.16494e+07,1.19533e+07,1.2662,5967.99,3.59333e+06,3692.49,4155.6,4.53201e+06,9.28475e+07,0.00106512,12.4914,0.046087,18.4662
0,613,3.10896e+06,1.74335,7957.88,1.16337e+07,1.19581e+07,1.33076,5930.79,3.60661e+06,3624.37,4081.23,4.54279e+06,9.28291e+07,0.00111945,12.4302,0,10.0173
0,614,3.10808e+06,1.82965,7902.05,1.16181e+07,1.19636e+07,1.39764,5884.1,3.61896e+06,3558.95,4009.97,4.55248e+06,9.28117e+07,0.00117562,12.3484,0,8.3862
0,615,3.10738e+06,1.91929,7835.14,1.16026e+07,1.19701e+07,1.4672,5829,3.63025e+06,3496.18,3941.79,4.56095e+06,9.27954e+07,0.00123388,12.248,0.00163667,14.8454
0,616,3.10687e+06,2.01283,7758.78,1.15873e+07,1.19775e+07,1.53986,5766.65,3.64037e+06,3436.07,3876.69,4.56806e+06,9.27803e+07,0.00129456,12.1315,0,6.11738
0,617,3.10658e+06,2.11097,7674.63,1.15721e+07,1.19859e+07,1.61615,5698.32,3.64927e+06,3378.58,3814.65,4.57372e+06,9.27665e+07,0.00135808,12.0013,0,9.34764
0,618,3.10651e+06,2.2145,7584.44,1.15571e+07,1.19954e+07,1.6967,5625.28,3.65688e+06,3323.72,3755.67,4.57786e+06,9.27541e+07,0.00142492,11.8603,0.00348529,12.2524
0,619,3.1067e+06,2.32438,7489.92,1.15422e+07,1.2006e+07,1.78224,5548.83,3.66317e+06,3271.5,3699.79,4.58043e+06,9.2743e+07,0.00149568,11.7109,0,5.52913
0,620,3.10714e+06,2.44172,7392.75,1.15276e+07,1.20176e+07,1.87362,5470.22,3.66814e+06,3221.94,3647.02,4.58144e+06,9.27334e+07,0.00157102,11.556,0.0246753,13.7588
0,621,3.10783e+06,2.56778,7294.52,1.15131e+07,1.20302e+07,1.97183,5390.64,3.67181e+06,3175.07,3597.42,4.58087e+06,9.27252e+07,0.00165174,11.3981,0.0124097,6.89898
0,622,3.10878e+06,2.70399,7196.73,1.14988e+07,1.20439e+07,2.07798,5311.22,3.67419e+06,3130.94,3551.06,4.57878e+06,9.27183e+07,0.00173873,11.2395,0.016722,7.24669
0,623,3.10997e+06,2.852,7100.75,1.14847e+07,1.20585e+07,2.19334,5232.99,3.67534e+06,3089.63,3508.03,4.57522e+06,9.27127e+07,0.00183299,11.0825,0,10.404
0,624,3.11142e+06,3.01366,7007.82,1.14707e+07,1.20741e+07,2.31935,5156.87,3.67533e+06,3051.21,3468.46,4.57025e+06,9.27083e+07,0.00193571,10.9293,0.000159802,19.1313
0,625,3.11309e+06,3.19108,6919.01,1.1457e+07,1.20905e+07,2.45766,5083.69,3.67422e+06,3015.8,3432.49,4.56397e+06,9.27051e+07,0.00204817,10.7814,0.107964,15.3286
0,626,3.11498e+06,3.38665,6835.28,1.14434e+07,1.21076e+07,2.61011,5014.16,3.67211e+06,2983.54,3400.3,4.55647e+06,9.27029e+07,0.00217188,10.6407,0.0188303,10.2222
0,627,3.11708e+06,3.60307,6757.43,1.14299e+07,1.21255e+07,2.77883,4948.88,3.66909e+06,2954.59,3372.09,4.54787e+06,9.27017e+07,0.00230852,10.5083,0,14.1554
0,628,3.11937e+06,3.84342,6686.12,1.14166e+07,1.2144e+07,2.9662,4888.34,3.66527e+06,2929.13,3348.13,4.53829e+06,9.27014e+07,0.00246001,10.3856,0.0261661,15.6794
0,629,3.12182e+06,4.1112,6621.86,1.14034e+07,1.21629e+07,3.17495,4832.93,3.66074e+06,2907.41,3328.72,4.52786e+06,9.27019e+07,0.00262853,10.2733,0.0086072,9.60193
0,630,3.12443e+06,4.41039,6565.08,1.13904e+07,1.21823e+07,3.40821,4782.96,3.65561e+06,2889.69,3314.19,4.5167e+06,9.2703e+07,0.00281657,10.1723,0.00169896,7.27778
0,631,3.12716e+06,4.74556,6516.04,1.13774e+07,1.2202e+07,3.66953,4738.63,3.65001e+06,2876.28,3304.96,4.50494e+06,9.27046e+07,0.00302695,10.0829,0.00877703,8.74711
0,632,3.13e+06,5.12191,6474.93,1.13645e+07,1.2222e+07,3.96297,4700.08,3.64403e+06,2867.56,3301.5,4.49272e+06,9.27066e+07,0.00326292,10.0057,0.109498,9.70645
0,633,3.13293e+06,5.54543,6441.83,1.13517e+07,1.22422e+07,4.29322,4667.35,3.63778e+06,2863.95,3304.37,4.48017e+06,9.2709e+07,0.00352819,9.94082,0.0521201,9.64051
0,634,3.13592e+06,6.02294,6416.73,1.1339e+07,1.22624e+07,4.66562,4640.45,3.63139e+06,2865.94,3314.19,4.46741e+06,9.27115e+07,0.00382701,9.88826,0.071119,7.45552
0,635,3.13896e+06,6.5623,6399.53,1.13263e+07,1.22826e+07,5.08632,4619.28,3.62493e+06,2874.1,3331.71,4.45457e+06,9.27141e+07,0.00416428,9.84796,0.00250679,8.19643
0,636,3.14202e+06,7.17253,6390.06,1.13137e+07,1.23027e+07,5.56238,4603.72,3.61853e+06,2889.1,3357.77,4.44176e+06,9.27166e+07,0.00454557,9.8197,0,9.11036
0,637,3.14508e+06,7.86401,6388.07,1.1301e+07,1.23226e+07,6.10192,4593.59,3.61227e+06,2911.69,3393.35,4.42909e+06,9.2719e+07,0.00497735,9.80316,0,9.77519
0,638,3.14813e+06,8.64863,6393.24,1.12884e+07,1.23423e+07,6.71428,4588.65,3.60623e+06,2942.75,3439.59,4.41668e+06,9.27212e+07,0.005467,9.7979,0,12.5682
0,639,3.15115e+06,9.54009,6405.19,1.12758e+07,1.23617e+07,7.41019,4588.61,3.60051e+06,2983.29,3497.78,4.40461e+06,9.2723e+07,0.00602304,9.80337,0.0439345,7.62832
0,640,3.15411e+06,10.5541,6423.48,1.12632e+07,1.23808e+07,8.202,4593.17,3.59517e+06,3034.48,3569.42,4.39297e+06,9.27245e+07,0.00665526,9.81894,0,8.77393
0,641,3.15701e+06,11.7089,6447.62,1.12505e+07,1.23994e+07,9.10391,4601.94,3.59028e+06,3097.65,3656.25,4.38185e+06,9.27255e+07,0.00737489,9.84389,0.0376825,4.90044
0,642,3.15983e+06,13.0251,6477.04,1.12379e+07,1.24176e+07,10.1323,4614.54,3.5859e+06,3174.36,3760.25,4.37131e+06,9.27259e+07,0.00819489,9.87739,0,10.901
0,643,3.16256e+06,14.5267,6511.15,1.12251e+07,1.24353e+07,11.3058,4630.53,3.58207e+06,3266.36,3883.72,4.36142e+06,9.27258e+07,0.00913011,9.91857,0,6.43621
0,644,3.16518e+06,16.2411,6549.3,1.12124e+07,1.24525e+07,12.6462,4649.46,3.57885e+06,3375.72,4029.28,4.35221e+06,9.2725e+07,0.0101976,9.96647,0.0165647,13.5626
0,645,3.16768e+06,18.1998,6590.82,1.11995e+07,1.24692e+07,14.1782,4670.82,3.57625e+06,3504.76,4199.97,4.34372e+06,9.27236e+07,0.0114171,10.0201,0,3.14928
0,646,3.17006e+06,20.4392,6634.97,1.11866e+07,1.24853e+07,15.9302,4694.13,3.5743e+06,3656.19,4399.28,4.33599e+06,9.27216e+07,0.012811,10.0783,0,11.5142
0,647,3.17231e+06,23.0006,6681.03,1.11736e+07,1.25009e+07,17.935,4718.85,3.57302e+06,3833.1,4631.22,4.32902e+06,9.27188e+07,0.0144053,10.1401,0.134782,4.24904
0,648,3.17443e+06,25.9317,6728.24,1.11606e+07,1.25159e+07,20.2303,4744.44,3.57239e+06,4039.06,4900.39,4.32282e+06,9.27153e+07,0.0162297,10.2042,0,13.1675
0,649,3.17641e+06,29.2875,6775.83,1.11475e+07,1.25304e+07,22.8591,4770.38,3.57242e+06,4278.16,5212.1,4.31738e+06,9.27111e+07,0.0183184,10.2696,0,10.0088
0,650,3.17825e+06,33.1306,6823.04,1.11343e+07,1.25444e+07,25.8712,4796.13,3.57308e+06,4555.07,5572.43,4.31268e+06,9.27063e+07,0.0207104,10.3351,0,12.3731
0,651,3.17996e+06,37.5333,6869.14,1.1121e+07,1.25578e+07,29.3235,4821.17,3.57436e+06,4875.2,5988.37,4.3087e+06,9.27008e+07,0.0234509,10.3995,0,7.10048
0,652,3.18154e+06,42.5787,6913.39,1.11076e+07,1.25708e+07,33.2817,4845,3.5762e+06,5244.73,6467.97,4.30538e+06,9.26946e+07,0.0265916,10.4617,0.0884199,14.2001
0,653,3.18299e+06,48.3622,6955.13,1.10941e+07,1.25834e+07,37.8212,4867.13,3.57858e+06,5670.76,7020.46,4.30269e+06,9.26879e+07,0.0301921,10.5206,0,8.17694
0,654,3.18432e+06,54.9937,6993.72,1.10806e+07,1.25955e+07,43.0292,4887.14,3.58143e+06,6161.45,7656.48,4.30057e+06,9.26806e+07,0.0343209,10.5753,0.45551,4.66343
0,655,3.18553e+06,62.6001,7028.58,1.10669e+07,1.26073e+07,49.0062,4904.61,3.58471e+06,6726.18,8388.22,4.29895e+06,9.26728e+07,0.039057,10.6249,0,9.08871
0,656,3.18664e+06,71.3277,7059.2,1.10532e+07,1.26188e+07,55.8681,4919.2,3.58834e+06,7375.72,9229.77,4.29776e+06,9.26646e+07,0.0444917,10.6685,0.343625,13.0339
0,657,3.18764e+06,81.3458,7085.16,1.10393e+07,1.26301e+07,63.7493,4930.6,3.59227e+06,8122.47,10197.3,4.29693e+06,9.2656e+07,0.0507303,10.7054,0.39508,13.1974
0,658,3.18856e+06,92.8507,7106.1,1.10254e+07,1.26412e+07,72.8057,4938.56,3.59643e+06,8980.71,11309.5,4.29638e+06,9.2647e+07,0.057895,10.735,0,16.9041
0,659,3.1894e+06,106.07,7121.75,1.10113e+07,1.26522e+07,83.2183,4942.9,3.60074e+06,9966.9,12587.9,4.29603e+06,9.26378e+07,0.0661274,10.7568,0.301406,12.8312
0,660,3.19017e+06,121.268,7131.9,1.09972e+07,1.2663e+07,95.1977,4943.47,3.60512e+06,11100,14057.3,4.29579e+06,9.26283e+07,0.0755921,10.7705,0.372013,8.37214
0,661,3.19087e+06,138.755,7136.45,1.09829e+07,1.26739e+07,108.99,4940.2,3.60952e+06,12402,15746.6,4.29558e+06,9.26186e+07,0.086481,10.7759,0.488239,12.208
0,662,3.19153e+06,158.889,7135.36,1.09686e+07,1.26847e+07,124.881,4933.04,3.61385e+06,13898.2,17689,4.29533e+06,9.26088e+07,0.0990177,10.7728,0,11.4191
0,663,3.19213e+06,182.093,7128.63,1.0954e+07,1.26957e+07,143.209,4922.03,3.61804e+06,15618.2,19923.3,4.29494e+06,9.25989e+07,0.113464,10.7612,0.451466,9.24501
0,664,3.1927e+06,208.861,7116.35,1.09393e+07,1.27068e+07,164.368,4907.2,3.62204e+06,17595.9,22494.3,4.29435e+06,9.2589e+07,0.130126,10.7411,0.0931742,6.00726
0,665,3.19322e+06,239.772,7098.63,1.09245e+07,1.2718e+07,188.821,4888.63,3.62577e+06,19871.1,25454.5,4.29348e+06,9.25789e+07,0.149364,10.7128,0.199244,3.79351
0,666,3.19371e+06,275.508,7075.59,1.09094e+07,1.27294e+07,217.113,4866.41,3.62917e+06,22490,28864.6,4.29226e+06,9.25689e+07,0.1716,10.6764,0.364229,10.8766
0,667,3.19417e+06,316.87,7047.38,1.08941e+07,1.27411e+07,249.888,4840.65,3.63219e+06,25506.4,32795.9,4.29062e+06,9.25588e+07,0.197332,10.6322,0,11.2976
0,668,3.19458e+06,364.802,7014.12,1.08786e+07,1.27531e+07,287.904,4811.43,3.63477e+06,28983.2,37331.6,4.28851e+06,9.25486e+07,0.227146,10.5802,0,7.86487
0,669,3.19494e+06,420.419,6975.9,1.08627e+07,1.27653e+07,332.057,4778.82,3.63685e+06,32994,42569.2,4.28586e+06,9.25383e+07,0.261731,10.5207,0.175594,10.7661
0,670,3.19525e+06,485.031,6932.75,1.08464e+07,1.27778e+07,383.402,4742.86,3.6384e+06,37624.8,48622.8,4.28262e+06,9.25279e+07,0.301904,10.4538,0.0432591,9.00975
0,671,3.19548e+06,560.184,6884.65,1.08297e+07,1.27907e+07,443.19,4703.51,3.63936e+06,42976.5,55626.7,4.27872e+06,9.25172e+07,0.348626,10.3795,0.12109,9.99055
0,672,3.19562e+06,647.699,6831.44,1.08125e+07,1.28039e+07,512.893,4660.71,3.63967e+06,49167.3,63738.2,4.27412e+06,9.25063e+07,0.403029,10.2977,0.302782,12.7646
0,673,3.19564e+06,749.717,6772.87,1.07947e+07,1.28175e+07,594.249,4614.28,3.6393e+06,56335.8,73142.6,4.26875e+06,9.24949e+07,0.46645,10.208,0.895071,8.60928
0,674,3.19552e+06,868.747,6708.54,1.07761e+07,1.28314e+07,689.306,4563.97,3.63819e+06,64644.6,84057.3,4.26256e+06,9.2483e+07,0.54046,10.1101,0.851716,13.0477
0,675,3.19522e+06,1007.73,6637.86,1.07566e+07,1.28457e+07,800.465,4509.4,3.63627e+06,74284.3,96738,4.25548e+06,9.24704e+07,0.626902,10.0032,2.44748,8.23446
0,676,3.1947e+06,1170.09,6560.08,1.07362e+07,1.28603e+07,930.541,4450.08,3.63349e+06,85478.1,111485,4.24743e+06,9.24569e+07,0.727935,9.88623,0,8.11138
0,677,3.1939e+06,1359.81,6474.24,1.07145e+07,1.28754e+07,1082.82,4385.38,3.62976e+06,98486.9,128650,4.23834e+06,9.24422e+07,0.846071,9.75804,0.553745,10.1756
0,678,3.19277e+06,1581.44,6379.16,1.06915e+07,1.28908e+07,1261.09,4314.53,3.62501e+06,113615,148646,4.22809e+06,9.24261e+07,0.984224,9.617,1.52571,6.25129
0,679,3.19123e+06,1840.22,6273.4,1.06668e+07,1.29066e+07,1469.73,4236.6,3.61911e+06,131215,171953,4.21658e+06,9.24083e+07,1.14574,9.46121,1.07445,11.7748
0,680,3.18921e+06,2142.03,6155.34,1.06401e+07,1.29228e+07,1713.72,4150.52,3.61196e+06,151697,199131,4.20367e+06,9.23884e+07,1.33444,9.28841,0.53054,14.448
0,681,3.18662e+06,2493.42,6023.11,1.06112e+07,1.29394e+07,1998.67,4055.09,3.60341e+06,175531,230824,4.18921e+06,9.2366e+07,1.55463,9.096,1.31438,13.1075
0,682,3.18334e+06,2901.51,5874.67,1.05796e+07,1.29564e+07,2330.78,3948.97,3.5933e+06,203252,267777,4.17302e+06,9.23405e+07,1.81104,8.88112,0.762486,11.274
0,683,3.17925e+06,3373.85,5707.83,1.0545e+07,1.29739e+07,2716.74,3830.78,3.58144e+06,235468,310834,4.15489e+06,9.23116e+07,2.10886,8.64066,1.1741,11.0639
0,684,3.17422e+06,3918.16,5520.41,1.05068e+07,1.29919e+07,3163.59,3699.1,3.56762e+06,272853,360947,4.13458e+06,9.22784e+07,2.45349,8.3714,3.26638,4.96383
0,685,3.16809e+06,4541.84,5310.27,1.04646e+07,1.30103e+07,3678.43,3552.59,3.5516e+06,316151,419174,4.11185e+06,9.22405e+07,2.85044,8.07016,2.14704,1.0628
0,686,3.16071e+06,5251.41,5075.61,1.04179e+07,1.30293e+07,4267.89,3390.11,3.53313e+06,366157,486669,4.08641e+06,9.21969e+07,3.30489,7.73406,3.88061,7.79761
0,687,3.15189e+06,6051.56,4815.08,1.0366e+07,1.30488e+07,4937.57,3210.89,3.51193e+06,423704,564659,4.05797e+06,9.2147e+07,3.82128,7.36081,4.14234,6.86685
0,688,3.14146e+06,6944.1,4528.18,1.03085e+07,1.30688e+07,5691.11,3014.67,3.48772e+06,489630,654413,4.02624e+06,9.20899e+07,4.40261,6.94908,5.06691,7.49255
0,689,3.12923e+06,7926.55,4215.46,1.02448e+07,1.30894e+07,6529.08,2801.94,3.46024e+06,564733,757184,3.99093e+06,9.20248e+07,5.04963,6.49895,4.753,5.5604
0,690,3.11505e+06,8990.66,3878.92,1.01744e+07,1.31105e+07,7447.71,2574.11,3.42923e+06,649709,874131,3.95176e+06,9.1951e+07,5.75983,6.01239,4.2923,8.24081
0,691,3.09878e+06,10120.9,3522.21,1.00971e+07,1.31321e+07,8437.53,2333.7,3.39448e+06,745082,1.00622e+06,3.90854e+06,9.18678e+07,6.52639,5.49364,2.71186,2.01608
0,692,3.08034e+06,11293.5,3150.8,1.00129e+07,1.31541e+07,9482.06,2084.4,3.35585e+06,851115,1.15412e+06,3.86113e+06,9.17749e+07,7.33719,4.94953,7.90722,4.93617
0,693,3.05969e+06,12475.6,2771.9,9.92176e+06,1.31766e+07,10557,1831.01,3.31328e+06,967719,1.31804e+06,3.80946e+06,9.16723e+07,8.17407,4.38952,6.96741,0
0,694,3.03691e+06,13626.2,2394.14,9.82433e+06,1.31995e+07,11630,1579.24,3.26681e+06,1.09437e+06,1.49761e+06,3.75363e+06,9.15602e+07,9.01263,3.82544,10.0229,1.6627
0,695,3.01216e+06,14698,2026.98,9.72144e+06,1.32226e+07,12661.9,1335.29,3.2166e+06,1.23004e+06,1.69178e+06,3.69382e+06,9.14395e+07,9.82291,3.27076,11.0448,6.7083
0,696,2.9857e+06,15640.9,1679.89,9.61433e+06,1.3246e+07,13608.7,1105.31,3.16295e+06,1.37318e+06,1.8987e+06,3.63037e+06,9.13116e+07,10.571,2.73954,12.1402,3.81352
0,697,2.95793e+06,16406.9,1361.34,9.5046e+06,1.32695e+07,14425.7,894.755,3.10624e+06,1.52175e+06,2.11577e+06,3.56373e+06,9.11784e+07,11.2218,2.24509,15.191,0
0,698,2.92931e+06,16955.8,1077.93,9.39413e+06,1.32931e+07,15071.5,707.833,3.04697e+06,1.67329e+06,2.33968e+06,3.49444e+06,9.10424e+07,11.7423,1.79855,10.584,0.799284
0,699,2.9004e+06,17259.9,833.735,9.28498e+06,1.33169e+07,15513.4,547.069,2.98568e+06,1.82505e+06,2.56658e+06,3.42311e+06,9.09065e+07,12.1059,1.40773,12.2306,1.83619
0,700,2.87177e+06,17307.6,630.023,9.17925e+06,1.3341e+07,15731.1,413.16,2.92293e+06,1.97421e+06,2.79231e+06,3.35035e+06,9.07737e+07,12.2951,1.07646,10.8954,1.20916
0,701,2.84402e+06,17105,465.435,9.07891e+06,1.33654e+07,15719.6,305.101,2.8593e+06,2.11803e+06,3.0127e+06,3.27677e+06,9.06472e+07,12.3041,0.804517,10.9754,1.8489
0,702,2.81767e+06,16674.4,336.525,8.98573e+06,1.33902e+07,15488.9,220.545,2.79528e+06,2.25405e+06,3.2238e+06,3.20293e+06,9.05298e+07,12.1393,0.588174,11.2631,0
0,703,2.79318e+06,16051.1,238.498,8.9011e+06,1.34156e+07,15063,156.288,2.73133e+06,2.38025e+06,3.42222e+06,3.1293e+06,9.04241e+07,11.818,0.421183,13.0051,0
0,704,2.77091e+06,15278.1,165.979,8.82605e+06,1.34417e+07,14475.6,108.772,2.6678e+06,2.4951e+06,3.6052e+06,3.05627e+06,9.03319e+07,11.3658,0.295901,16.0248,0
0,705,2.7511e+06,14401.3,113.662,8.76118e+06,1.34685e+07,13765.8,74.4992,2.605e+06,2.59763e+06,3.7708e+06,2.98414e+06,9.02547e+07,10.8132,0.204347,9.48183,0.100874
0,706,2.7339e+06,13465,76.7597,8.70669e+06,1.34961e+07,12974.1,50.3247,2.54314e+06,2.68737e+06,3.91786e+06,2.91315e+06,9.01931e+07,10.1922,0.139014,8.55528,0
0,707,2.71934e+06,12508.4,51.2377,8.66247e+06,1.35246e+07,12138.6,33.6034,2.48237e+06,2.76432e+06,4.04596e+06,2.84345e+06,9.01472e+07,9.53318,0.0933642,12.4015,0.167254
0,708,2.70739e+06,11563.6,33.8823,8.62812e+06,1.35537e+07,11292.2,22.2297,2.42278e+06,2.82885e+06,4.1553e+06,2.77514e+06,9.01167e+07,8.86272,0.0620468,10.7779,0.01084
0,709,2.69794e+06,10655.3,22.246,8.60303e+06,1.35836e+07,10461.5,14.6014,2.36446e+06,2.88162e+06,4.24658e+06,2.70829e+06,9.01008e+07,8.20264,0.0408929,8.24585,0
0,710,2.69084e+06,9800.83,14.5332,8.58649e+06,1.36141e+07,9666.59,9.54319,2.30741e+06,2.92347e+06,4.32088e+06,2.64293e+06,9.00985e+07,7.56944,0.0267865,5.64539,0.0117366
0,711,2.68592e+06,9011.1,9.46697,8.57769e+06,1.3645e+07,8921.43,6.21917,2.25167e+06,2.95535e+06,4.37952e+06,2.57906e+06,9.01086e+07,6.97469,0.017476,5.91774,0.248229
0,712,2.68298e+06,8291.82,6.16152,8.57579e+06,1.36763e+07,8234.55,4.04943,2.19722e+06,2.97828e+06,4.42393e+06,2.51668e+06,9.01296e+07,6.42562,0.0113794,7.16807,0
0,713,2.68182e+06,7644.76,4.015,8.57998e+06,1.37079e+07,7610.3,2.63977,2.14405e+06,2.99328e+06,4.45562e+06,2.45577e+06,9.01604e+07,5.92594,0.00741026,4.42474,0.0544643
0,714,2.68224e+06,7068.84,2.62505,8.58945e+06,1.37395e+07,7049.79,1.72656,2.09215e+06,3.00133e+06,4.47608e+06,2.39632e+06,9.01996e+07,5.47674,0.00483608,6.59019,0
0,715,2.68407e+06,6561.15,1.72615,8.60347e+06,1.37711e+07,6551.89,1.13572,2.04149e+06,3.00337e+06,4.48673e+06,2.33829e+06,9.0246e+07,5.07723,0.0031701,8.14565,0
0,716,2.68712e+06,6117.64,1.14475,8.62135e+06,1.38025e+07,6113.99,0.753409,1.99205e+06,3.00025e+06,4.48893e+06,2.28166e+06,9.02982e+07,4.72537,0.00209256,3.2289,0
0,717,2.69123e+06,5733.79,0.768231,8.64245e+06,1.38337e+07,5732.66,0.505732,1.9438e+06,2.99279e+06,4.48393e+06,2.22639e+06,9.03554e+07,4.41839,0.00139516,4.73822,0
0,718,2.69625e+06,5404.93,0.523863,8.6662e+06,1.38646e+07,5404.07,0.344933,1.89671e+06,2.98171e+06,4.47288e+06,2.17246e+06,9.04165e+07,4.1532,0.000943034,4.27752,0
0,719,2.70204e+06,5126.56,0.364815,8.69208e+06,1.38949e+07,5124.33,0.240247,1.85076e+06,2.96768e+06,4.45683e+06,2.11983e+06,9.04806e+07,3.92664,0.000649185,4.19522,0
0,720,2.70848e+06,4894.55,0.260973,8.71963e+06,1.39248e+07,4889.74,0.171881,1.80592e+06,2.95127e+06,4.43673e+06,2.06848e+06,9.05468e+07,3.73567,0.000457637,8.83592,0
0,721,2.71544e+06,4705.2,0.192965,8.74842e+06,1.3954e+07,4696.94,0.127097,1.76217e+06,2.93305e+06,4.41344e+06,2.01836e+06,9.06145e+07,3.57751,0.00033238,3.9989,0
0,722,2.72282e+06,4555.34,0.148312,8.77808e+06,1.39826e+07,4542.95,0.0976874,1.71948e+06,2.91351e+06,4.38776e+06,1.96946e+06,9.0683e+07,3.44968,0.000250238,3.70559,0
0,723,2.73051e+06,4442.33,0.118958,8.80825e+06,1.40104e+07,4425.26,0.0783501,1.67782e+06,2.89308e+06,4.36041e+06,1.92175e+06,9.07518e+07,3.35008,0.000196263,5.071,0
0,724,2.73843e+06,4364.05,0.0996816,8.83863e+06,1.40375e+07,4341.85,0.065649,1.63717e+06,2.87219e+06,4.33204e+06,1.87519e+06,9.08201e+07,3.27698,0.000160786,3.68765,0
0,725,2.74649e+06,4318.91,0.0870872,8.86891e+06,1.40636e+07,4291.17,0.0573476,1.59751e+06,2.85121e+06,4.30327e+06,1.82976e+06,9.08876e+07,3.22901,0.000137533,2.74832,0
0,726,2.75459e+06,4305.82,0.0789532,8.89882e+06,1.40889e+07,4272.14,0.0519832,1.5588e+06,2.83052e+06,4.27469e+06,1.78542e+06,9.09538e+07,3.20519,0.000122408,2.96309,0
0,727,2.76266e+06,4324.17,0.0738184,8.92811e+06,1.41132e+07,4284.13,0.0485933,1.52104e+06,2.81046e+06,4.24683e+06,1.74217e+06,9.10182e+07,3.20489,0.000112727,3.2656,0.00856299
0,728,2.7706e+06,4373.78,0.0707151,8.95651e+06,1.41366e+07,4326.94,0.0465403,1.48418e+06,2.79137e+06,4.22023e+06,1.69996e+06,9.10804e+07,3.22779,0.00010672,4.94706,0
0,729,2.77834e+06,4454.89,0.0689967,8.9838e+06,1.41588e+07,4400.8,0.0453985,1.44822e+06,2.77356e+06,4.19541e+06,1.65877e+06,9.11399e+07,3.27393,0.000103208,4.01499,0
0,730,2.78578e+06,4568.11,0.0682269,9.00972e+06,1.418e+07,4506.28,0.0448805,1.41314e+06,2.75737e+06,4.17288e+06,1.61858e+06,9.11964e+07,3.3436,0.000101402,0,0
0,731,2.79284e+06,4714.37,0.0681074,9.03403e+06,1.41999e+07,4644.3,0.04479,1.3789e+06,2.74313e+06,4.15316e+06,1.57936e+06,9.12495e+07,3.43739,0.000100764,5.48368,0
0,732,2.79944e+06,4894.84,0.0684303,9.0565e+06,1.42187e+07,4816.05,0.0449902,1.34549e+06,2.73117e+06,4.13676e+06,1.5411e+06,9.12986e+07,3.55607,0.000100925,2.03948,0.0092894
0,733,2.80546e+06,5110.87,0.0690474,9.07688e+06,1.42362e+07,5022.91,0.0453839,1.31289e+06,2.72182e+06,4.12423e+06,1.50376e+06,9.13435e+07,3.70061,0.000101625,2.8255,0
0,734,2.81082e+06,5363.88,0.0698495,9.09491e+06,1.42523e+07,5266.37,0.0458996,1.28108e+06,2.71545e+06,4.1161e+06,1.46733e+06,9.13837e+07,3.87207,0.000102675,4.00417,0
0,735,2.81541e+06,5655.18,0.0707528,9.11034e+06,1.42669e+07,5547.88,0.0464825,1.25004e+06,2.71239e+06,4.11293e+06,1.43177e+06,9.14186e+07,4.07151,0.000103935,3.60844,0
0,736,2.81913e+06,5985.81,0.0716901,9.12292e+06,1.42801e+07,5868.68,0.0470891,1.21975e+06,2.71302e+06,4.1153e+06,1.39708e+06,9.14479e+07,4.29988,0.000105295,5.32273,0
0,737,2.82187e+06,6356.26,0.0726047,9.13239e+06,1.42917e+07,6229.6,0.0476825,1.1902e+06,2.71769e+06,4.12376e+06,1.36324e+06,9.14711e+07,4.55788,0.000106663,6.35304,0
0,738,2.82353e+06,6766.25,0.0734465,9.13851e+06,1.43016e+07,6630.74,0.0482306,1.16136e+06,2.72674e+06,4.13887e+06,1.33021e+06,9.14878e+07,4.84573,0.000107961,4.233,0
0,739,2.82399e+06,7214.31,0.0741707,9.14107e+06,1.43097e+07,7071.21,0.0487046,1.13323e+06,2.74051e+06,4.16118e+06,1.29798e+06,9.14976e+07,5.16299,0.000109121,3.43682,0.00284458
0,740,2.82317e+06,7697.48,0.0747358,9.13985e+06,1.43161e+07,7548.71,0.0490781,1.10577e+06,2.7593e+06,4.19116e+06,1.26653e+06,9.15e+07,5.50825,0.000110079,2.70303,0.0164464
0,741,2.82098e+06,8210.88,0.0751048,9.13472e+06,1.43206e+07,8059.18,0.0493273,1.07898e+06,2.78333e+06,4.22924e+06,1.23584e+06,9.14947e+07,5.87889,0.000110778,1.40321,0
0,742,2.81736e+06,8747.41,0.075245,9.12557e+06,1.43231e+07,8596.44,0.0494315,1.05284e+06,2.81278e+06,4.27571e+06,1.2059e+06,9.14817e+07,6.27079,0.000111167,6.66114,0.018253
0,743,2.81226e+06,9297.46,0.0751303,9.11242e+06,1.43237e+07,9151.85,0.0493739,1.02733e+06,2.8477e+06,4.33073e+06,1.17668e+06,9.14607e+07,6.67806,0.000111202,4.36747,0
0,744,2.80568e+06,9848.89,0.0747423,9.09534e+06,1.43223e+07,9714.21,0.049143,1.00244e+06,2.88802e+06,4.39427e+06,1.14817e+06,9.14318e+07,7.09296,0.00011085,9.98287,0
0,745,2.79765e+06,10387.1,0.0740724,9.07454e+06,1.4319e+07,10269.8,0.0487331,978149,2.93351e+06,4.46605e+06,1.12035e+06,9.13954e+07,7.50584,0.000110093,3.18699,0.0066463
0,746,2.78823e+06,10895.7,0.0731232,9.05038e+06,1.43137e+07,10802.6,0.0481459,954449,2.98379e+06,4.54556e+06,1.09321e+06,9.1352e+07,7.90532,0.000108925,6.15936,0
0,747,2.77755e+06,11357,0.0719096,9.02332e+06,1.43068e+07,11295.3,0.0473908,931324,3.03826e+06,4.63196e+06,1.06672e+06,9.13023e+07,8.27875,0.000107358,4.4665,0.011739
0,748,2.76578e+06,11753.4,0.0704586,8.99398e+06,1.42981e+07,11729.7,0.0464848,908759,3.09617e+06,4.72417e+06,1.04087e+06,9.12473e+07,8.61286,0.000105424,8.25545,0
0,749,2.75312e+06,12068.5,0.0688086,8.9631e+06,1.42881e+07,12088.6,0.0454524,886740,3.15657e+06,4.82077e+06,1.01565e+06,9.11882e+07,8.89464,0.000103171,13.0177,0
0,750,2.73983e+06,12288.7,0.0670066,8.93152e+06,1.42768e+07,12356.8,0.0443236,865256,3.21839e+06,4.92013e+06,991046,9.11266e+07,9.11232,0.00010066,17.2463,0.0219648
0,751,2.72619e+06,12404.2,0.0651059,8.90016e+06,1.42646e+07,12522.5,0.0431324,844291,3.28045e+06,5.02044e+06,967034,9.10641e+07,9.25645,9.79668e-05,7.63263,0.00516333
0,752,2.71249e+06,12410.1,0.0631619,8.86993e+06,1.42517e+07,12578.7,0.0419144,823835,3.34154e+06,5.11978e+06,943603,9.10022e+07,9.32073,9.51698e-05,10.7206,0.00500684
0,753,2.69902e+06,12307.1,0.0612286,8.84174e+06,1.42383e+07,12523.2,0.0407042,803874,3.40046e+06,5.21622e+06,920740,9.09428e+07,9.30262,9.23503e-05,10.5108,0.0118451
0,754,2.68607e+06,12100.6,0.0593555,8.81645e+06,1.42249e+07,12359.6,0.0395337,784397,3.45606e+06,5.30791e+06,898431,9.08873e+07,9.20355,8.95844e-05,6.67748,0
0,755,2.6739e+06,11801.1,0.057585,8.79478e+06,1.42116e+07,12096.1,0.0384304,765391,3.50736e+06,5.39318e+06,876663,9.08372e+07,9.02873,8.69397e-05,9.7694,0.00159164
0,756,2.66271e+06,11422,0.0559507,8.77734e+06,1.41986e+07,11745.3,0.0374161,746846,3.5535e+06,5.47059e+06,855422,9.07938e+07,8.78659,8.44723e-05,7.47929,0.00895946
0,757,2.6527e+06,10979.6,0.0544774,8.76459e+06,1.41863e+07,11322.5,0.0365072,728751,3.59385e+06,5.53902e+06,834695,9.07579e+07,8.48794,8.22254e-05,6.80671,0.00201794
0,758,2.64399e+06,10490.6,0.0531812,8.75682e+06,1.41746e+07,10844.5,0.0357143,711093,3.62795e+06,5.59764e+06,814471,9.07303e+07,8.14499,8.02291e-05,8.23289,0
0,759,2.63667e+06,9971.64,0.0520705,8.75418e+06,1.41637e+07,10328.4,0.035043,693864,3.65556e+06,5.64594e+06,794737,9.07113e+07,7.7704,7.85014e-05,3.07422,0
0,760,2.63079e+06,9438.09,0.0511477,8.75668e+06,1.41537e+07,9790.49,0.0344952,677052,3.6766e+06,5.68374e+06,775480,9.07012e+07,7.3764,7.70503e-05,10.3687,0.00251608
0,761,2.62634e+06,8903.45,0.0504103,8.76421e+06,1.41446e+07,9245.37,0.0340694,660647,3.69118e+06,5.71109e+06,756691,9.06997e+07,6.97419,7.58758e-05,9.16731,0
0,762,2.62332e+06,8378.98,0.0498524,8.77654e+06,1.41364e+07,8705.58,0.033762,644640,3.69951e+06,5.72829e+06,738356,9.07066e+07,6.57346,7.49716e-05,6.32274,0
0,763,2.62167e+06,7873.59,0.0494661,8.7934e+06,1.41291e+07,8181.26,0.033568,629021,3.70192e+06,5.73583e+06,720466,9.07215e+07,6.18222,7.43277e-05,3.2934,0
0,764,2.62131e+06,7393.95,0.0492423,8.81444e+06,1.41226e+07,7680.24,0.0334817,613780,3.69881e+06,5.7343e+06,703009,9.07439e+07,5.80672,7.39317e-05,5.13112,0
0,765,2.62219e+06,6944.71,0.0491718,8.83929e+06,1.4117e+07,7208.16,0.033497,598908,3.69064e+06,5.72442e+06,685976,9.0773e+07,5.45157,7.37698e-05,9.97094,0.00353554
0,766,2.62419e+06,6528.8,0.0492451,8.86755e+06,1.4112e+07,6768.78,0.0336079,584397,3.67788e+06,5.70695e+06,669355,9.08082e+07,5.11991,7.38285e-05,7.69126,0.0043991
0,767,2.62723e+06,6147.75,0.0494536,8.89882e+06,1.41077e+07,6364.25,0.0338088,570237,3.66104e+06,5.68267e+06,653136,9.08488e+07,4.81366,7.40944e-05,2.30617,0
0,768,2.63122e+06,5801.99,0.0497893,8.9327e+06,1.4104e+07,5995.49,0.0340946,556420,3.6406e+06,5.65238e+06,637311,9.08941e+07,4.53374,7.45552e-05,2.85066,0
0,769,2.63606e+06,5491.16,0.050245,8.96881e+06,1.41008e+07,5662.46,0.0344605,542939,3.61704e+06,5.61684e+06,621869,9.09435e+07,4.28031,7.51999e-05,7.11966,0.00436351
0,770,2.64165e+06,5214.35,0.0508143,9.00679e+06,1.40979e+07,5364.45,0.0349024,529783,3.59083e+06,5.5768e+06,606801,9.09962e+07,4.05298,7.60183e-05,1.43766,0
0,771,2.64791e+06,4970.28,0.0514918,9.04628e+06,1.40954e+07,5100.27,0.0354167,516947,3.56239e+06,5.53297e+06,592099,9.10517e+07,3.85097,7.70018e-05,5.61914,0
0,772,2.65476e+06,4757.5,0.0522725,9.08696e+06,1.40932e+07,4868.51,0.0360003,504421,3.53214e+06,5.48601e+06,577752,9.11094e+07,3.67329,7.81427e-05,5.69041,0
0,773,2.6621e+06,4574.5,0.0531525,9.12853e+06,1.40911e+07,4667.6,0.0366503,492200,3.50047e+06,5.43656e+06,563754,9.11688e+07,3.5188,7.94344e-05,1.88176,0
0,774,2.66988e+06,4419.77,0.054128,9.1707e+06,1.40892e+07,4495.97,0.0373645,480274,3.46773e+06,5.38519e+06,550094,9.12293e+07,3.38636,8.08713e-05,1.93827,0
0,775,2.678e+06,4291.93,0.0551958,9.21321e+06,1.40873e+07,4352.12,0.0381408,468637,3.43427e+06,5.33244e+06,536765,9.12905e+07,3.27486,8.24482e-05,5.49738,0
0,776,2.68641e+06,4189.73,0.0563531,9.25582e+06,1.40855e+07,4234.68,0.0389771,457282,3.4004e+06,5.27882e+06,523760,9.1352e+07,3.18325,8.41607e-05,5.33095,0.00162136
0,777,2.69504e+06,4112.1,0.057597,9.29829e+06,1.40836e+07,4142.43,0.0398717,446203,3.36642e+06,5.22481e+06,511069,9.14133e+07,3.11064,8.60045e-05,3.68128,0
0,778,2.70382e+06,4058.17,0.0589247,9.34043e+06,1.40817e+07,4074.35,0.0408226,435391,3.33259e+06,5.17084e+06,498686,9.14741e+07,3.05623,8.79755e-05,2.68214,0.00220282
0,779,2.7127e+06,4027.29,0.0603334,9.38201e+06,1.40796e+07,4029.63,0.0418278,424842,3.29919e+06,5.11732e+06,486603,9.1534e+07,3.0194,9.00694e-05,4.97788,0.0166597
0,780,2.7216e+06,4018.99,0.0618195,9.42286e+06,1.40773e+07,4007.65,0.0428852,414549,3.26647e+06,5.06466e+06,474813,9.15927e+07,2.99966,9.22816e-05,3.43536,0.00152135
0,781,2.73048e+06,4033.03,0.0633793,9.46279e+06,1.40748e+07,4008.02,0.043992,404504,3.23467e+06,5.01323e+06,463309,9.16499e+07,2.99672,9.46065e-05,3.5949,0
0,782,2.73927e+06,4069.36,0.0650081,9.50162e+06,1.40719e+07,4030.54,0.0451451,394704,3.20403e+06,4.96339e+06,452083,9.17053e+07,3.01039,9.7038e-05,1.86129,0
0,783,2.74791e+06,4128.14,0.0667003,9.53918e+06,1.40688e+07,4075.2,0.0463408,385140,3.17479e+06,4.91551e+06,441130,9.17586e+07,3.04066,9.95682e-05,0.948856,0
0,784,2.75634e+06,4209.65,0.068449,9.5753e+06,1.40653e+07,4142.15,0.0475743,375809,3.14717e+06,4.86993e+06,430441,9.18094e+07,3.08764,0.000102188,5.59814,0
0,785,2.76451e+06,4314.38,0.0702459,9.6098e+06,1.40613e+07,4231.73,0.04884,366703,3.1214e+06,4.82699e+06,420012,9.18576e+07,3.15158,0.000104886,4.49121,0
0,786,2.77234e+06,4442.86,0.072081,9.64252e+06,1.40569e+07,4344.36,0.0501311,357819,3.09772e+06,4.78706e+06,409836,9.19027e+07,3.23279,0.000107648,3.28367,0.00425052
0,787,2.77977e+06,4595.73,0.073942,9.67329e+06,1.40519e+07,4480.55,0.0514393,349149,3.07636e+06,4.75046e+06,399906,9.19446e+07,3.33167,0.000110459,4.52529,0
0,788,2.78674e+06,4773.63,0.0758146,9.70193e+06,1.40464e+07,4640.84,0.0527548,340690,3.05756e+06,4.71756e+06,390217,9.19829e+07,3.44868,0.000113297,1.15524,0.00452583
0,789,2.79318e+06,4977.13,0.077682,9.72829e+06,1.40402e+07,4825.75,0.0540663,332436,3.04155e+06,4.68871e+06,380762,9.20174e+07,3.58423,0.00011614,2.88789,0
0,790,2.79901e+06,5206.65,0.0795244,9.75218e+06,1.40334e+07,5035.66,0.0553605,324381,3.02858e+06,4.66425e+06,371537,9.20478e+07,3.73868,0.00011896,4.62968,0
0,791,2.80418e+06,5462.34,0.0813196,9.77344e+06,1.40258e+07,5270.73,0.0566221,316522,3.01887e+06,4.64453e+06,362535,9.20737e+07,3.91224,0.000121726,2.17901,0
0,792,2.80861e+06,5743.97,0.0830425,9.79191e+06,1.40174e+07,5530.81,0.0578342,308854,3.01266e+06,4.6299e+06,353752,9.2095e+07,4.10492,0.000124403,3.58599,0
0,793,2.81223e+06,6050.78,0.0846657,9.80746e+06,1.40081e+07,5815.28,0.0589783,301371,3.01016e+06,4.62068e+06,345181,9.21113e+07,4.31639,0.00012695,4.80049,0
0,794,2.81498e+06,6381.28,0.0861596,9.81993e+06,1.3998e+07,6122.88,0.0600341,294069,3.01156e+06,4.61715e+06,336818,9.21224e+07,4.54589,0.000129326,6.18677,0
0,795,2.8168e+06,6733.16,0.0874932,9.82924e+06,1.39869e+07,6451.6,0.0609808,286945,3.01705e+06,4.61958e+06,328658,9.21281e+07,4.79211,0.000131485,6.80834,0.00568649
0,796,2.81764e+06,7103.07,0.0886353,9.83529e+06,1.39748e+07,6798.51,0.0617971,279993,3.02673e+06,4.62818e+06,320695,9.21283e+07,5.05309,0.00013338,3.65779,0.00417103
0,797,2.81747e+06,7486.5,0.0895556,9.83807e+06,1.39617e+07,7159.61,0.0624625,273210,3.0407e+06,4.64306e+06,312926,9.21229e+07,5.32606,0.000134965,5.50138,0
0,798,2.81625e+06,7877.72,0.0902262,9.83758e+06,1.39475e+07,7529.73,0.062958,266590,3.05895e+06,4.66428e+06,305344,9.21119e+07,5.60742,0.000136195,3.49782,0.0161814
0,799,2.814e+06,8269.76,0.0906236,9.83391e+06,1.39323e+07,7902.55,0.0632674,260132,3.08143e+06,4.69176e+06,297947,9.20953e+07,5.89265,0.000137034,7.0854,0.0110373
0,800,2.81071e+06,8654.45,0.0907301,9.82721e+06,1.39161e+07,8270.57,0.0633789,253830,3.10797e+06,4.72531e+06,290728,9.20734e+07,6.17634,0.000137448,8.44301,0
0,801,2.80644e+06,9022.73,0.0905362,9.8177e+06,1.38989e+07,8625.35,0.0632857,247680,3.13831e+06,4.76459e+06,283685,9.20465e+07,6.45227,0.000137418,8.08907,0.0176193
0,802,2.80124e+06,9364.86,0.0900414,9.8057e+06,1.38807e+07,8957.71,0.0629874,241680,3.1721e+06,4.80909e+06,276812,9.2015e+07,6.71364,0.000136935,7.34985,0.0087293
0,803,2.79521e+06,9670.97,0.0892557,9.79158e+06,1.38616e+07,9258.21,0.0624906,235825,3.20887e+06,4.85818e+06,270106,9.19795e+07,6.95328,0.000136008,13.3769,0.00556333
0,804,2.78847e+06,9931.57,0.0881995,9.77583e+06,1.38418e+07,9517.57,0.0618092,230112,3.24802e+06,4.91105e+06,263562,9.19409e+07,7.16406,0.000134657,7.2489,0
0,805,2.78116e+06,10138.2,0.0869035,9.75896e+06,1.38214e+07,9727.29,0.0609639,224537,3.28892e+06,4.96674e+06,257177,9.18998e+07,7.33925,0.000132922,7.32291,0.0107968
0,806,2.77343e+06,10283.8,0.085407,9.74156e+06,1.38004e+07,9880.19,0.0599815,219097,3.33081e+06,5.0242e+06,250946,9.18572e+07,7.47302,0.000130855,2.02545,0.00199385
0,807,2.76546e+06,10363.7,0.0837563,9.72424e+06,1.3779e+07,9970.97,0.0588935,213789,3.37292e+06,5.08229e+06,244866,9.18143e+07,7.56082,0.000128521,6.97574,0.00136117
0,808,2.75744e+06,10375.5,0.0820016,9.70763e+06,1.37575e+07,9996.55,0.0577342,208610,3.41445e+06,5.13984e+06,238934,9.17718e+07,7.59973,0.000125993,6.37507,0.00978182
0,809,2.74954e+06,10319.3,0.080195,9.69233e+06,1.37359e+07,9956.34,0.0565393,203556,3.45461e+06,5.19566e+06,233146,9.1731e+07,7.58864,0.000123347,6.31201,0.0110722
0,810,2.74194e+06,10198.1,0.0783868,9.67891e+06,1.37144e+07,9852.27,0.0553436,198625,3.49265e+06,5.24863e+06,227497,9.16927e+07,7.5284,0.000120662,12.4609,0
0,811,2.73481e+06,10016.9,0.0766241,9.66787e+06,1.36932e+07,9688.59,0.0541793,193813,3.5279e+06,5.29772e+06,221986,9.16579e+07,7.42165,0.00011801,10.2079,0.019211
0,812,2.72828e+06,9782.69,0.0749482,9.65965e+06,1.36724e+07,9471.52,0.0530752,189117,3.55977e+06,5.34203e+06,216608,9.16273e+07,7.27263,0.00011546,8.88668,0.0172389
0,813,2.72248e+06,9503.95,0.0733941,9.6546e+06,1.3652e+07,9208.78,0.0520556,184536,3.58779e+06,5.3808e+06,211360,9.16016e+07,7.08686,0.000113067,8.6267,0
0,814,2.7175e+06,9189.81,0.0719895,9.65296e+06,1.36323e+07,8909.06,0.0511397,180065,3.6116e+06,5.41347e+06,206240,9.15812e+07,6.87071,0.000110881,9.84858,0.0143712
0,815,2.71343e+06,8849.66,0.0707551,9.6549e+06,1.36133e+07,8581.43,0.0503424,175703,3.63095e+06,5.43962e+06,201243,9.15664e+07,6.631,0.000108937,4.22471,0
0,816,2.7103e+06,8492.64,0.0697052,9.66048e+06,1.35949e+07,8234.86,0.0496736,171446,3.64572e+06,5.45902e+06,196368,9.15575e+07,6.37456,0.000107262,4.34317,0.00642311
0,817,2.70815e+06,8127.25,0.0688486,9.6697e+06,1.35773e+07,7877.82,0.0491398,167293,3.65589e+06,5.47161e+06,191610,9.15545e+07,6.10797,0.000105874,4.20728,0.00129893
0,818,2.70698e+06,7761.05,0.0681893,9.68247e+06,1.35605e+07,7517.94,0.0487441,163240,3.66153e+06,5.47745e+06,186968,9.15573e+07,5.83725,0.000104783,1.4323,0
0,819,2.70677e+06,7400.53,0.0677279,9.69865e+06,1.35445e+07,7161.88,0.0484871,159285,3.66278e+06,5.47675e+06,182439,9.15657e+07,5.56769,0.000103992,1.86942,0.00708233
0,820,2.7075e+06,7051.07,0.0674624,9.71804e+06,1.35292e+07,6815.17,0.0483677,155426,3.65986e+06,5.46981e+06,178019,9.15793e+07,5.30378,0.0001035,2.88054,0.00587789
0,821,2.70913e+06,6716.89,0.0673889,9.74043e+06,1.35146e+07,6482.26,0.0483834,151661,3.65304e+06,5.457e+06,173706,9.1598e+07,5.04917,0.000103303,6.1001,0
0,822,2.71161e+06,6401.23,0.0675028,9.76555e+06,1.35007e+07,6166.56,0.0485311,147987,3.64261e+06,5.43875e+06,169498,9.16212e+07,4.80671,0.000103394,1.58009,0.00354075
0,823,2.71488e+06,6106.38,0.0677987,9.79314e+06,1.34874e+07,5870.52,0.0488074,144402,3.62889e+06,5.41553e+06,165392,9.16486e+07,4.57852,0.000103767,3.79776,0
0,824,2.71889e+06,5833.85,0.0682714,9.82291e+06,1.34747e+07,5595.82,0.0492086,140904,3.61222e+06,5.38785e+06,161385,9.16797e+07,4.36608,0.000104413,3.70522,0
0,825,2.72357e+06,5584.54,0.0689159,9.8546e+06,1.34625e+07,5343.44,0.0497315,137491,3.59293e+06,5.35622e+06,157476,9.1714e+07,4.17032,0.000105324,4.3478,0.00306746
0,826,2.72887e+06,5358.82,0.0697275,9.88792e+06,1.34508e+07,5113.85,0.0503728,134160,3.57138e+06,5.32112e+06,153661,9.17511e+07,3.99174,0.000106494,3.83963,0
0,827,2.73471e+06,5156.7,0.0707022,9.9226e+06,1.34395e+07,4907.09,0.0511299,130910,3.54789e+06,5.28306e+06,149938,9.17906e+07,3.8305,0.000107915,2.19003,0.00336595
0,828,2.74104e+06,4977.92,0.0718366,9.95839e+06,1.34286e+07,4722.92,0.0520004,127739,3.52279e+06,5.24253e+06,146306,9.1832e+07,3.68651,0.000109583,3.21972,0
0,829,2.74779e+06,4822.01,0.0731278,9.99503e+06,1.34181e+07,4560.88,0.0529825,124644,3.49638e+06,5.19998e+06,142762,9.1875e+07,3.55949,0.000111492,4.4019,0
0,830,2.75491e+06,4688.44,0.0745733,1.00323e+07,1.34078e+07,4420.39,0.0540745,121625,3.46896e+06,5.15585e+06,139304,9.19191e+07,3.44906,0.000113638,4.38723,0
0,831,2.76233e+06,4576.61,0.0761714,1.00699e+07,1.33977e+07,4300.82,0.0552751,118679,3.44083e+06,5.11058e+06,135929,9.1964e+07,3.35478,0.000116019,6.30924,0
0,832,2.77e+06,4485.92,0.0779204,1.01077e+07,1.33878e+07,4201.5,0.0565832,115804,3.41225e+06,5.06455e+06,132637,9.20093e+07,3.27619,0.000118632,1.74661,0.00422012
0,833,2.77787e+06,4415.84,0.0798187,1.01455e+07,1.3378e+07,4121.83,0.0579978,112999,3.38348e+06,5.01815e+06,129424,9.20547e+07,3.21283,0.000121474,3.65674,0.000765598
0,834,2.78588e+06,4365.87,0.081865,1.01831e+07,1.33684e+07,4061.23,0.059518,110262,3.35477e+06,4.97174e+06,126289,9.20998e+07,3.16429,0.000124543,7.03127,0
0,835,2.79397e+06,4335.61,0.0840575,1.02202e+07,1.33587e+07,4019.19,0.0611425,107591,3.32635e+06,4.92565e+06,123230,9.21445e+07,3.13019,0.000127837,0,0
0,836,2.80211e+06,4324.74,0.0863941,1.02568e+07,1.33491e+07,3995.31,0.0628697,104986,3.29846e+06,4.88023e+06,120245,9.21884e+07,3.11023,0.000131354,2.08456,0.0171599
0,837,2.81023e+06,4333.05,0.0888719,1.02926e+07,1.33394e+07,3989.24,0.0646978,102443,3.2713e+06,4.83578e+06,117333,9.22312e+07,3.10418,0.000135088,2.93694,0
0,838,2.81828e+06,4360.4,0.0914871,1.03275e+07,1.33297e+07,4000.76,0.0666239,99961.7,3.2451e+06,4.79261e+06,114491,9.22727e+07,3.11186,0.000139036,3.24398,0.00928847
0,839,2.82622e+06,4406.75,0.0942344,1.03614e+07,1.33198e+07,4029.69,0.0686444,97540.7,3.22005e+06,4.751e+06,111718,9.23126e+07,3.13317,0.00014319,5.30107,0
0,840,2.834e+06,4472.12,0.0971071,1.0394e+07,1.33098e+07,4075.94,0.0707542,95178.5,3.19637e+06,4.71124e+06,109012,9.23507e+07,3.16804,0.000147541,2.58324,0.0159748
0,841,2.84156e+06,4556.57,0.100096,1.04253e+07,1.32996e+07,4139.47,0.0729472,92873.5,3.17424e+06,4.67361e+06,106372,9.23867e+07,3.21648,0.000152077,6.45208,0.00602647
0,842,2.84885e+06,4660.21,0.10319,1.0455e+07,1.32892e+07,4220.27,0.075215,90624.5,3.15387e+06,4.63838e+06,103796,9.24205e+07,3.2785,0.000156782,3.6214,0
0,843,2.85583e+06,4783.1,0.106375,1.04832e+07,1.32785e+07,4318.33,0.0775476,88429.9,3.13545e+06,4.60581e+06,101283,9.24518e+07,3.35414,0.000161638,1.7342,0.0103219
0,844,2.86243e+06,4925.29,0.109633,1.05095e+07,1.32674e+07,4433.6,0.0799324,86288.6,3.11915e+06,4.57616e+06,98830.3,9.24803e+07,3.44341,0.00016662,3.90549,0.00373587
0,845,2.86862e+06,5086.7,0.112943,1.05339e+07,1.32561e+07,4565.98,0.0823541,84199.3,3.10517e+06,4.54968e+06,96437.2,9.25059e+07,3.54628,0.000171697,2.93808,0.0097481
0,846,2.87434e+06,5267.12,0.116279,1.05562e+07,1.32443e+07,4715.24,0.0847947,82160.6,3.09368e+06,4.52662e+06,94102.1,9.25284e+07,3.66264,0.000176835,1.59363,0
0,847,2.87954e+06,5466.09,0.119612,1.05764e+07,1.32321e+07,4880.96,0.0872331,80171.3,3.08485e+06,4.5072e+06,91823.7,9.25476e+07,3.79223,0.000181991,7.0444,0.0102426
0,848,2.88417e+06,5682.89,0.122908,1.05944e+07,1.32194e+07,5062.51,0.0896449,78230.3,3.07883e+06,4.49165e+06,89600.5,9.25633e+07,3.93466,0.000187117,0.0322913,0.0103906
0,849,2.88819e+06,5916.42,0.126129,1.06099e+07,1.32063e+07,5258.95,0.0920029,76336.4,3.07576e+06,4.48014e+06,87431.3,9.25754e+07,4.0893,0.000192157,3.39527,0
0,850,2.89156e+06,6165.15,0.129232,1.06231e+07,1.31926e+07,5468.98,0.0942769,74488.4,3.07576e+06,4.47285e+06,85314.6,9.25836e+07,4.25523,0.000197051,3.4785,0.00552102
0,851,2.89425e+06,6427.03,0.132172,1.06337e+07,1.31783e+07,5690.89,0.0964345,72685.2,3.07893e+06,4.46992e+06,83249.3,9.2588e+07,4.43123,0.00020173,7.36885,0
0,852,2.89621e+06,6699.44,0.134901,1.06418e+07,1.31635e+07,5922.47,0.0984415,70925.8,3.08532e+06,4.47143e+06,81234.1,9.25885e+07,4.61571,0.000206123,3.18049,0.0207641
0,853,2.89744e+06,6979.15,0.13737,1.06474e+07,1.3148e+07,6160.99,0.100263,69209,3.09496e+06,4.47743e+06,79267.8,9.2585e+07,4.80665,0.000210157,3.24569,0
0,854,2.89792e+06,7262.32,0.139533,1.06505e+07,1.3132e+07,6403.21,0.101865,67533.9,3.10783e+06,4.4879e+06,77349.1,9.25775e+07,5.00162,0.000213757,2.72235,0
0,855,2.89765e+06,7544.49,0.141343,1.06512e+07,1.31154e+07,6645.34,0.103215,65899.4,3.12385e+06,4.50274e+06,75477,9.25662e+07,5.19776,0.000216852,6.21637,0
0,856,2.89665e+06,7820.67,0.14276,1.06497e+07,1.30981e+07,6883.11,0.104285,64304.5,3.1429e+06,4.52181e+06,73650.3,9.25512e+07,5.39179,0.000219376,4.22895,0
0,857,2.89494e+06,8085.47,0.143754,1.0646e+07,1.30803e+07,7111.9,0.105052,62748.3,3.16477e+06,4.54485e+06,71867.8,9.25328e+07,5.58011,0.000221275,6.22517,0.0045506
0,858,2.89257e+06,8333.24,0.144301,1.06404e+07,1.3062e+07,7326.8,0.105499,61229.8,3.18921e+06,4.57154e+06,70128.6,9.25112e+07,5.75887,0.000222506,2.21715,0.0178571
0,859,2.88959e+06,8558.31,0.144392,1.06331e+07,1.30431e+07,7522.86,0.105618,59748.1,3.21591e+06,4.60146e+06,68431.5,9.24868e+07,5.92411,0.000223044,4.03585,0.0351723
0,860,2.88608e+06,8755.23,0.144029,1.06246e+07,1.30239e+07,7695.24,0.105413,58302.3,3.2445e+06,4.63411e+06,66775.5,9.24601e+07,6.07191,0.000222883,4.68346,0.0347328
0,861,2.88213e+06,8919.05,0.14323,1.06151e+07,1.30042e+07,7839.5,0.104894,56891.5,3.27453e+06,4.66893e+06,65159.6,9.24317e+07,6.19858,0.000222038,8.46601,0
0,862,2.87782e+06,9045.58,0.142025,1.0605e+07,1.29842e+07,7951.8,0.104084,55514.9,3.30553e+06,4.70528e+06,63582.9,9.24019e+07,6.30085,0.000220546,2.1656,0
0,863,2.87327e+06,9131.61,0.140459,1.05947e+07,1.2964e+07,8029.1,0.103015,54171.6,3.33701e+06,4.74247e+06,62044.4,9.23715e+07,6.37605,0.000218465,5.97478,0.00200901
0,864,2.86859e+06,9175.15,0.138586,1.05846e+07,1.29437e+07,8069.38,0.101724,52860.9,3.36843e+06,4.7798e+06,60543.1,9.23411e+07,6.42225,0.00021587,7.49812,0.00402574
0,865,2.8639e+06,9175.48,0.136471,1.05751e+07,1.29234e+07,8071.73,0.100259,51581.9,3.39929e+06,4.81655e+06,59078.2,9.23113e+07,6.43841,0.000212853,10.4165,0.0248826
0,866,2.85929e+06,9133.25,0.134181,1.05667e+07,1.2903e+07,8036.43,0.0986674,50333.8,3.42906e+06,4.85203e+06,57648.7,9.22828e+07,6.42437,0.000209515,4.44618,0
0,867,2.8549e+06,9050.34,0.131788,1.05597e+07,1.28829e+07,7964.86,0.0970011,49116,3.45729e+06,4.88557e+06,56253.9,9.2256e+07,6.38094,0.000205963,8.84963,0.0075315
0,868,2.85081e+06,8929.82,0.129361,1.05543e+07,1.28629e+07,7859.48,0.0953105,47927.6,3.48352e+06,4.91656e+06,54892.8,9.22316e+07,6.30977,0.000202306,7.67596,0
0,869,2.84712e+06,8775.68,0.126968,1.0551e+07,1.28432e+07,7723.62,0.0936438,46768,3.5074e+06,4.94447e+06,53564.7,9.22099e+07,6.21325,0.00019865,0.906986,0.0141553
0,870,2.8439e+06,8592.63,0.124669,1.05499e+07,1.28239e+07,7561.29,0.092045,45636.5,3.5286e+06,4.96885e+06,52268.7,9.21914e+07,6.09441,0.000195093,5.08599,0.0132964
0,871,2.84123e+06,8385.85,0.122517,1.05512e+07,1.2805e+07,7376.97,0.0905531,44532.3,3.54688e+06,4.98935e+06,51004,9.21763e+07,5.95667,0.000191722,6.57723,0
0,872,2.83914e+06,8160.68,0.120559,1.0555e+07,1.27865e+07,7175.36,0.0892015,43454.9,3.56208e+06,5.00571e+06,49770,9.2165e+07,5.80375,0.000188614,4.1687,0
0,873,2.83769e+06,7922.47,0.118831,1.05614e+07,1.27685e+07,6961.2,0.0880175,42403.6,3.57408e+06,5.01776e+06,48565.9,9.21574e+07,5.6394,0.000185834,7.76316,0.0188528
0,874,2.83688e+06,7676.3,0.117362,1.05703e+07,1.2751e+07,6739.05,0.0870229,41377.7,3.58285e+06,5.02543e+06,47390.9,9.21537e+07,5.46731,0.000183432,4.81955,0.0111485
0,875,2.83674e+06,7426.91,0.116176,1.05819e+07,1.27341e+07,6513.19,0.0862344,40376.7,3.5884e+06,5.02873e+06,46244.4,9.21538e+07,5.29098,0.00018145,3.25609,0.00280843
0,876,2.83726e+06,7178.53,0.115288,1.05959e+07,1.27176e+07,6287.48,0.0856641,39399.9,3.59082e+06,5.02775e+06,45125.7,9.21576e+07,5.11361,0.000179917,5.18743,0
0,877,2.83843e+06,6934.88,0.114709,1.06122e+07,1.27016e+07,6065.29,0.0853204,38446.8,3.59021e+06,5.02263e+06,44034,9.21651e+07,4.93802,0.000178853,7.40719,0
0,878,2.84023e+06,6699.08,0.114446,1.06308e+07,1.26862e+07,5849.51,0.0852085,37516.7,3.58675e+06,5.01358e+06,42968.8,9.21759e+07,4.76666,0.000178274,7.67238,0.0089878
0,879,2.84263e+06,6473.73,0.114503,1.06514e+07,1.26712e+07,5642.53,0.0853318,36609.2,3.5806e+06,5.00085e+06,41929.4,9.21899e+07,4.6016,0.000178187,8.46134,0
0,880,2.8456e+06,6260.9,0.114881,1.0674e+07,1.26567e+07,5446.27,0.0856916,35723.7,3.57199e+06,4.98472e+06,40915.2,9.22069e+07,4.44448,0.000178596,2.27137,0
0,881,2.8491e+06,6062.17,0.11558,1.06982e+07,1.26425e+07,5262.19,0.0862885,34859.6,3.56113e+06,4.96549e+06,39925.6,9.22264e+07,4.29664,0.000179503,2.58581,0
0,882,2.8531e+06,5878.75,0.116601,1.07239e+07,1.26288e+07,5091.4,0.0871227,34016.5,3.54826e+06,4.94348e+06,38960,9.22483e+07,4.15906,0.000180909,2.94648,0
0,883,2.85754e+06,5711.46,0.117942,1.07509e+07,1.26155e+07,4934.67,0.0881938,33193.9,3.53362e+06,4.91902e+06,38017.8,9.22723e+07,4.03247,0.000182813,2.87928,0
0,884,2.8624e+06,5560.86,0.119603,1.0779e+07,1.26024e+07,4792.49,0.089502,32391.2,3.51746e+06,4.89245e+06,37098.5,9.2298e+07,3.91735,0.000185214,5.54753,0
0,885,2.86761e+06,5427.25,0.121584,1.0808e+07,1.25897e+07,4665.14,0.0910474,31607.9,3.50003e+06,4.86408e+06,36201.4,9.23252e+07,3.81402,0.000188111,4.34858,0
0,886,2.87314e+06,5310.78,0.123885,1.08377e+07,1.25772e+07,4552.71,0.0928308,30843.7,3.48155e+06,4.83425e+06,35326.2,9.23535e+07,3.72261,0.000191507,4.4376,0.00804126
0,887,2.87895e+06,5211.44,0.126509,1.0868e+07,1.25649e+07,4455.18,0.0948533,30098,3.46226e+06,4.80327e+06,34472.2,9.23828e+07,3.64317,0.000195402,4.97323,0.0160121
0,888,2.88497e+06,5129.15,0.129456,1.08985e+07,1.25528e+07,4372.43,0.0971164,29370.5,3.4424e+06,4.77146e+06,33638.9,9.24126e+07,3.57565,0.000199799,5.19362,0.0236172
0,889,2.89118e+06,5063.73,0.132729,1.09293e+07,1.25409e+07,4304.26,0.0996221,28660.6,3.42218e+06,4.73911e+06,32825.9,9.24428e+07,3.51994,0.000204701,5.78541,0.0270254
0,890,2.89752e+06,5015.01,0.13633,1.096e+07,1.25291e+07,4250.46,0.102373,27967.9,3.40182e+06,4.70652e+06,32032.6,9.24731e+07,3.4759,0.000210113,0.579738,0.000491927
0,891,2.90396e+06,4982.75,0.140263,1.09905e+07,1.25174e+07,4210.76,0.10537,27292.1,3.38153e+06,4.67395e+06,31258.6,9.25032e+07,3.44335,0.000216038,0.0194413,0
0,892,2.91045e+06,4966.72,0.14453,1.10207e+07,1.25057e+07,4184.9,0.108617,26632.7,3.3615e+06,4.64169e+06,30503.4,9.2533e+07,3.42213,0.000222482,2.05056,0.0189339
0,893,2.91694e+06,4966.69,0.149133,1.10504e+07,1.2494e+07,4172.62,0.112114,25989.4,3.34192e+06,4.60997e+06,29766.6,9.25621e+07,3.41203,0.000229447,5.27184,0
0,894,2.9234e+06,4982.42,0.154073,1.10795e+07,1.24824e+07,4173.64,0.115862,25361.7,3.32298e+06,4.57905e+06,29047.7,9.25905e+07,3.41287,0.000236937,11.832,0.0244492
0,895,2.92979e+06,5013.67,0.159349,1.11078e+07,1.24707e+07,4187.7,0.119862,24749.3,3.30486e+06,4.54916e+06,28346.3,9.26178e+07,3.42447,0.000244952,4.94082,0.00990447
0,896,2.93606e+06,5060.17,0.164958,1.11353e+07,1.24589e+07,4214.51,0.124111,24151.8,3.28773e+06,4.52053e+06,27662,9.26439e+07,3.44662,0.000253489,5.1877,0.0261374
0,897,2.94217e+06,5121.66,0.170896,1.11617e+07,1.24471e+07,4253.79,0.128606,23568.8,3.27175e+06,4.49336e+06,26994.4,9.26686e+07,3.47912,0.000262543,2.30777,0
0,898,2.94809e+06,5197.8,0.177153,1.1187e+07,1.24351e+07,4305.22,0.13334,23000,3.25707e+06,4.46787e+06,26343,9.26917e+07,3.52175,0.000272102,3.59123,0
0,899,2.95378e+06,5288.22,0.183717,1.12111e+07,1.2423e+07,4368.42,0.138304,22445.2,3.24383e+06,4.44423e+06,25707.5,9.27131e+07,3.57424,0.000282151,1.33027,0.00630746
0,900,2.95919e+06,5392.44,0.190569,1.12338e+07,1.24107e+07,4442.98,0.143484,21903.8,3.23219e+06,4.42264e+06,25087.6,9.27326e+07,3.63629,0.000292664,2.93166,0.0124061
0,901,2.96431e+06,5509.89,0.197686,1.12551e+07,1.23982e+07,4528.41,0.148864,21375.6,3.22226e+06,4.40325e+06,24482.7,9.27501e+07,3.70755,0.000303611,6.13705,0.0012936
0,902,2.96909e+06,5639.88,0.205038,1.12749e+07,1.23855e+07,4624.1,0.154421,20860.4,3.21417e+06,4.38622e+06,23892.7,9.27654e+07,3.78755,0.00031495,2.44805,0
0,903,2.9735e+06,5781.53,0.212589,1.12932e+07,1.23725e+07,4729.33,0.160128,20357.7,3.20801e+06,4.37169e+06,23317,9.27784e+07,3.87579,0.00032663,6.44486,0.0216866
0,904,2.97751e+06,5933.79,0.220293,1.13097e+07,1.23592e+07,4843.27,0.165953,19867.3,3.20387e+06,4.35977e+06,22755.4,9.27891e+07,3.97159,0.000338586,1.81525,0.0385727
0,905,2.98111e+06,6095.41,0.228098,1.13246e+07,1.23457e+07,4964.88,0.171856,19388.9,3.20183e+06,4.35055e+06,22207.5,9.27974e+07,4.07418,0.000350745,3.10933,0
0,906,2.98426e+06,6264.88,0.235946,1.13378e+07,1.23319e+07,5092.99,0.177794,18922.2,3.20194e+06,4.3441e+06,21673.1,9.28031e+07,4.18265,0.00036302,4.59608,0.013749
0,907,2.98695e+06,6440.48,0.243767,1.13493e+07,1.23177e+07,5226.2,0.183716,18466.9,3.20423e+06,4.34047e+06,21151.7,9.28064e+07,4.2959,0.00037531,2.47663,0.00753687
0,908,2.98916e+06,6620.21,0.251488,1.1359e+07,1.23033e+07,5362.97,0.189569,18022.7,3.2087e+06,4.33967e+06,20643,9.28071e+07,4.41269,0.000387507,7.95087,0.00366773
0,909,2.9909e+06,6801.86,0.25903,1.1367e+07,1.22885e+07,5501.53,0.195292,17589.3,3.21533e+06,4.34168e+06,20146.8,9.28053e+07,4.53163,0.000399491,2.20358,0
0,910,2.99217e+06,6982.98,0.266309,1.13734e+07,1.22734e+07,5639.96,0.200824,17166.6,3.22408e+06,4.34645e+06,19662.7,9.28011e+07,4.65114,0.000411136,2.57743,0
0,911,2.99296e+06,7160.95,0.273241,1.13783e+07,1.22579e+07,5776.18,0.206102,16754.2,3.23486e+06,4.35386e+06,19190.5,9.27946e+07,4.76954,0.00042231,1.64268,0.045395
0,912,2.9933e+06,7333,0.279742,1.13816e+07,1.22422e+07,5908.01,0.211065,16351.9,3.24756e+06,4.36379e+06,18729.8,9.27858e+07,4.88503,0.000432883,7.35304,0.0349904
0,913,2.99321e+06,7496.32,0.285734,1.13837e+07,1.22262e+07,6033.2,0.215653,15959.4,3.26204e+06,4.37607e+06,18280.4,9.2775e+07,4.99572,0.000442727,4.90451,0
0,914,2.99271e+06,7648.09,0.291144,1.13845e+07,1.22099e+07,6149.52,0.219812,15576.5,3.27811e+06,4.39046e+06,17842,9.27624e+07,5.09973,0.000451725,5.70791,0.0114576
0,915,2.99184e+06,7785.6,0.295912,1.13844e+07,1.21933e+07,6254.8,0.223498,15202.9,3.29558e+06,4.40673e+06,17414.2,9.27482e+07,5.19521,0.000459773,3.12837,0
0,916,2.99065e+06,7906.36,0.29999,1.13834e+07,1.21765e+07,6347.01,0.226673,14838.4,3.3142e+06,4.42457e+06,16996.9,9.27326e+07,5.28038,0.000466786,7.05347,0.0182482
0,917,2.98918e+06,8008.14,0.303348,1.13818e+07,1.21595e+07,6424.34,0.229316,14482.8,3.33373e+06,4.44366e+06,16589.8,9.27159e+07,5.35366,0.000472702,6.51658,0
0,918,2.9875e+06,8089.12,0.305972,1.13799e+07,1.21424e+07,6485.28,0.231415,14135.9,3.35389e+06,4.46367e+06,16192.5,9.26985e+07,5.41365,0.000477486,1.9407,0
0,919,2.98565e+06,8147.93,0.307869,1.13777e+07,1.21252e+07,6528.68,0.232974,13797.4,3.3744e+06,4.48423e+06,15805,9.26807e+07,5.45927,0.000481133,6.30198,0.00446857
0,920,2.9837e+06,8183.71,0.309065,1.13756e+07,1.21079e+07,6553.78,0.234012,13467.1,3.39496e+06,4.50497e+06,15426.8,9.26627e+07,5.48973,0.000483668,6.08884,0.000763056
0,921,2.9817e+06,8196.15,0.309606,1.13739e+07,1.20906e+07,6560.24,0.234563,13144.8,3.41528e+06,4.52552e+06,15057.8,9.2645e+07,5.50463,0.000485145,5.13014,0.00153582
0,922,2.97973e+06,8185.51,0.309553,1.13726e+07,1.20733e+07,6548.2,0.234672,12830.3,3.43508e+06,4.54552e+06,14697.8,9.26279e+07,5.5039,0.000485648,1.28822,0.0151724
0,923,2.97784e+06,8152.57,0.308984,1.13721e+07,1.20561e+07,6518.2,0.234396,12523.5,3.4541e+06,4.56462e+06,14346.5,9.26115e+07,5.48786,0.000485285,3.95426,0
0,924,2.97608e+06,8098.62,0.307989,1.13725e+07,1.2039e+07,6471.2,0.233801,12224,3.47209e+06,4.5825e+06,14003.7,9.25964e+07,5.4572,0.000484186,2.09525,0
0,925,2.97451e+06,8025.35,0.306665,1.1374e+07,1.2022e+07,6408.5,0.232961,11931.8,3.48882e+06,4.59887e+06,13669.1,9.25826e+07,5.41289,0.000482498,3.76171,0.0125554
0,926,2.97318e+06,7934.85,0.305116,1.13767e+07,1.20052e+07,6331.72,0.231952,11646.7,3.50411e+06,4.61349e+06,13342.7,9.25704e+07,5.35618,0.000480378,5.19313,0
0,927,2.97212e+06,7829.45,0.303447,1.13807e+07,1.19886e+07,6242.69,0.230854,11368.4,3.5178e+06,4.62613e+06,13024.1,9.25599e+07,5.28855,0.000477989,8.64427,0
0,928,2.97137e+06,7711.65,0.301765,1.13862e+07,1.19722e+07,6143.39,0.229746,11096.9,3.52975e+06,4.63664e+06,12713.3,9.25514e+07,5.21162,0.000475496,4.87543,0
0,929,2.97095e+06,7584.04,0.300171,1.13931e+07,1.1956e+07,6035.89,0.228704,10831.9,3.5399e+06,4.64489e+06,12409.9,9.2545e+07,5.12709,0.000473062,7.85463,0.0351479
0,930,2.97089e+06,7449.22,0.298762,1.14016e+07,1.19402e+07,5922.27,0.227802,10573.3,3.54816e+06,4.65079e+06,12113.9,9.25406e+07,5.03672,0.000470843,2.23058,0.00772998
0,931,2.97119e+06,7309.73,0.29763,1.14116e+07,1.19246e+07,5804.58,0.227109,10321,3.55454e+06,4.65432e+06,11825.1,9.25383e+07,4.94224,0.000468986,1.84373,0.0135847
0,932,2.97187e+06,7167.95,0.296857,1.14231e+07,1.19092e+07,5684.75,0.226688,10074.7,3.55902e+06,4.65548e+06,11543.2,9.25381e+07,4.84531,0.000467628,4.67137,0.0181507
0,933,2.97293e+06,7026.12,0.296522,1.14361e+07,1.18942e+07,5564.6,0.226599,9834.46,3.56166e+06,4.6543e+06,11268.1,9.25399e+07,4.74749,0.000466897,5.14583,0
0,934,2.97436e+06,6886.27,0.296693,1.14505e+07,1.18794e+07,5445.76,0.226893,9600,3.56251e+06,4.65086e+06,10999.7,9.25438e+07,4.65023,0.000466906,8.07469,0.0169199
0,935,2.97615e+06,6750.2,0.297434,1.14663e+07,1.18649e+07,5329.72,0.227621,9371.22,3.56166e+06,4.64526e+06,10737.9,9.25495e+07,4.55482,0.000467761,10.1421,0.0109867
0,936,2.97829e+06,6619.5,0.298802,1.14833e+07,1.18507e+07,5217.75,0.228826,9147.99,3.5592e+06,4.63762e+06,10482.4,9.25571e+07,4.46242,0.000469557,5.13324,0.00968647
0,937,2.98076e+06,6495.51,0.300851,1.15014e+07,1.18367e+07,5110.96,0.230548,8930.2,3.55526e+06,4.62809e+06,10233.1,9.25662e+07,4.374,0.000472381,5.47696,0.0101085
0,938,2.98355e+06,6379.36,0.303627,1.15206e+07,1.1823e+07,5010.27,0.232827,8717.71,3.54996e+06,4.61682e+06,9989.86,9.25769e+07,4.29043,0.000476313,4.30587,0
0,939,2.98662e+06,6272,0.307179,1.15407e+07,1.18094e+07,4916.43,0.235698,8510.41,3.54345e+06,4.604e+06,9752.59,9.25888e+07,4.21238,0.000481427,7.84252,0
0,940,2.98995e+06,6174.15,0.311549,1.15615e+07,1.17961e+07,4830.04,0.239194,8308.18,3.53586e+06,4.5898e+06,9521.14,9.2602e+07,4.14042,0.000487796,3.37273,0.0320804
0,941,2.99352e+06,6086.4,0.31678,1.15831e+07,1.17829e+07,4751.55,0.24335,8110.9,3.52736e+06,4.57441e+06,9295.37,9.26161e+07,4.07499,0.000495488,4.80553,0.0174051
0,942,2.9973e+06,6009.16,0.322915,1.16052e+07,1.177e+07,4681.29,0.248199,7918.48,3.51808e+06,4.55802e+06,9075.16,9.26311e+07,4.01643,0.000504571,0,0.0297497
0,943,3.00127e+06,5942.72,0.329998,1.16277e+07,1.17571e+07,4619.49,0.253776,7730.8,3.50818e+06,4.54083e+06,8860.4,9.26467e+07,3.96497,0.000515113,3.45391,0.0121097
0,944,3.00538e+06,5887.27,0.338072,1.16506e+07,1.17444e+07,4566.28,0.260115,7547.76,3.49782e+06,4.52301e+06,8650.95,9.26628e+07,3.92076,0.000527186,0.731698,0.00215432
0,945,3.00962e+06,5842.86,0.347184,1.16736e+07,1.17318e+07,4521.69,0.267253,7369.26,3.48714e+06,4.50477e+06,8446.72,9.26792e+07,3.88388,0.00054086,3.21794,0.0119809
0,946,3.01395e+06,5809.5,0.357382,1.16967e+07,1.17193e+07,4485.7,0.275226,7195.21,3.47629e+06,4.48627e+06,8247.58,9.26958e+07,3.85433,0.000556209,3.33602,0
0,947,3.01835e+06,5787.08,0.368714,1.17197e+07,1.17069e+07,4458.22,0.284073,7025.5,3.46541e+06,4.4677e+06,8053.44,9.27124e+07,3.83209,0.000573312,2.40902,0
0,948,3.02278e+06,5775.44,0.381233,1.17426e+07,1.16945e+07,4439.1,0.293837,6860.06,3.45463e+06,4.44923e+06,7864.2,9.27288e+07,3.81705,0.00059225,2.34076,0
0,949,3.02722e+06,5774.36,0.394992,1.17652e+07,1.16822e+07,4428.14,0.304557,6698.78,3.4441e+06,4.43102e+06,7679.74,9.2745e+07,3.80908,0.000613104,3.8051,0.0394904
0,950,3.03164e+06,5783.55,0.410045,1.17874e+07,1.16698e+07,4425.1,0.316277,6541.59,3.43392e+06,4.41323e+06,7499.97,9.27606e+07,3.808,0.000635963,4.82815,0
0,951,3.03602e+06,5802.66,0.426449,1.18093e+07,1.16575e+07,4429.7,0.329042,6388.41,3.42422e+06,4.396e+06,7324.81,9.27758e+07,3.81359,0.000660913,1.72137,0
0,952,3.04033e+06,5831.28,0.444259,1.18305e+07,1.16451e+07,4441.6,0.342895,6239.14,3.41511e+06,4.37947e+06,7154.16,9.27902e+07,3.8256,0.000688045,2.00647,0.00051598
0,953,3.04455e+06,5868.96,0.463531,1.18512e+07,1.16327e+07,4460.43,0.357881,6093.72,3.40669e+06,4.36375e+06,6987.93,9.28039e+07,3.84374,0.000717448,7.90443,0
0,954,3.04864e+06,5915.15,0.48432,1.18712e+07,1.16202e+07,4485.77,0.374042,5952.08,3.39905e+06,4.34898e+06,6826.04,9.28167e+07,3.86766,0.000749209,4.39692,0.0387535
0,955,3.0526e+06,5969.26,0.506677,1.18905e+07,1.16077e+07,4517.16,0.391421,5814.12,3.39227e+06,4.33524e+06,6668.41,9.28285e+07,3.89699,0.000783415,1.56286,0.00144482
0,956,3.05641e+06,6030.65,0.530652,1.1909e+07,1.15951e+07,4554.08,0.410055,5679.8,3.38643e+06,4.32264e+06,6514.96,9.28392e+07,3.93133,0.000820147,3.79906,0
0,957,3.06004e+06,6098.57,0.556289,1.19266e+07,1.15824e+07,4595.99,0.429982,5549.03,3.38159e+06,4.31124e+06,6365.61,9.28489e+07,3.97021,0.000859478,2.84118,0.0282587
0,958,3.06347e+06,6172.24,0.583625,1.19434e+07,1.15695e+07,4642.28,0.451231,5421.76,3.3778e+06,4.30112e+06,6220.29,9.28573e+07,4.01313,0.000901477,4.79812,0.0158382
0,959,3.06671e+06,6250.78,0.612693,1.19593e+07,1.15566e+07,4692.29,0.473829,5297.92,3.3751e+06,4.29232e+06,6078.93,9.28646e+07,4.05955,0.000946199,2.71421,0
0,960,3.06973e+06,6333.29,0.643514,1.19743e+07,1.15436e+07,4745.35,0.497796,5177.45,3.37352e+06,4.28487e+06,5941.46,9.28706e+07,4.10888,0.00099369,0.683359,0
0,961,3.07253e+06,6418.76,0.676104,1.19883e+07,1.15304e+07,4800.7,0.523145,5060.28,3.37307e+06,4.2788e+06,5807.82,9.28753e+07,4.16051,0.00104398,3.02686,0.0124143
0,962,3.0751e+06,6506.16,0.710465,1.20015e+07,1.15172e+07,4857.58,0.549881,4946.36,3.37374e+06,4.2741e+06,5677.93,9.28788e+07,4.21376,0.00109709,0,0.0630606
0,963,3.07744e+06,6594.42,0.746593,1.20138e+07,1.15038e+07,4915.19,0.578001,4835.63,3.37554e+06,4.27078e+06,5551.73,9.28811e+07,4.26796,0.00115301,8.83634,0.0133433
0,964,3.07955e+06,6682.42,0.78447,1.20252e+07,1.14902e+07,4972.72,0.607498,4728.03,3.37842e+06,4.26878e+06,5429.17,9.28821e+07,4.3224,0.00121173,2.71457,0.0362727
0,965,3.08144e+06,6769.05,0.824072,1.20358e+07,1.14766e+07,5029.35,0.638352,4623.52,3.38236e+06,4.26808e+06,5310.18,9.2882e+07,4.37634,0.00127323,2.4562,0.0256964
0,966,3.0831e+06,6853.2,0.865363,1.20456e+07,1.14628e+07,5084.25,0.670542,4522.03,3.3873e+06,4.26861e+06,5194.69,9.28808e+07,4.42908,0.00133745,3.72328,0.0132462
0,967,3.08455e+06,6933.79,0.908305,1.20546e+07,1.14489e+07,5136.63,0.704038,4423.5,3.39317e+06,4.27028e+06,5082.66,9.28786e+07,4.47989,0.00140434,5.41303,0
0,968,3.08581e+06,7009.79,0.95285,1.20631e+07,1.14349e+07,5185.74,0.738809,4327.9,3.3999e+06,4.27303e+06,4974.02,9.28754e+07,4.5281,0.00147383,0.806527,0.0575026
0,969,3.08687e+06,7080.24,0.998953,1.20709e+07,1.14207e+07,5230.86,0.774822,4235.16,3.4074e+06,4.27673e+06,4868.72,9.28714e+07,4.57306,0.00154586,4.49173,0
0,970,3.08777e+06,7144.28,1.04657,1.20783e+07,1.14065e+07,5271.36,0.812046,4145.24,3.41557e+06,4.28128e+06,4766.69,9.28666e+07,4.61418,0.00162035,2.8134,0
0,971,3.08851e+06,7201.15,1.09566,1.20852e+07,1.13923e+07,5306.69,0.850455,4058.08,3.42431e+06,4.28655e+06,4667.88,9.28612e+07,4.65092,0.00169725,3.88249,0
0,972,3.08913e+06,7250.23,1.1462,1.20918e+07,1.13779e+07,5336.38,0.890033,3973.63,3.43351e+06,4.29241e+06,4572.24,9.28553e+07,4.68285,0.00177649,6.39046,0
0,973,3.08963e+06,7291.05,1.19818,1.20982e+07,1.13635e+07,5360.07,0.930772,3891.85,3.44305e+06,4.29873e+06,4479.72,9.28489e+07,4.70961,0.00185806,4.6432,0.00148947
0,974,3.09005e+06,7323.29,1.25161,1.21045e+07,1.13491e+07,5377.53,0.972685,3812.68,3.45283e+06,4.30537e+06,4390.25,9.28423e+07,4.73093,0.00194196,3.92827,0
0,975,3.09041e+06,7346.8,1.30652,1.21107e+07,1.13346e+07,5388.63,1.0158,3736.09,3.46271e+06,4.3122e+06,4303.79,9.28356e+07,4.74667,0.00202822,6.66335,0
0,976,3.09072e+06,7361.59,1.36298,1.21169e+07,1.13202e+07,5393.36,1.06017,3662.02,3.4726e+06,4.31906e+06,4220.29,9.28288e+07,4.75677,0.00211693,5.50173,0
0,977,3.09102e+06,7367.82,1.42109,1.21233e+07,1.13057e+07,5391.85,1.10589,3590.43,3.48238e+06,4.32585e+06,4139.7,9.28221e+07,4.76128,0.00220822,6.92007,0.0458974
0,978,3.09132e+06,7365.81,1.48099,1.21299e+07,1.12913e+07,5384.3,1.15305,3521.29,3.49196e+06,4.33243e+06,4061.99,9.28156e+07,4.76035,0.00230228,5.8166,0.0141733
0,979,3.09164e+06,7356.02,1.54287,1.21368e+07,1.12769e+07,5371.05,1.20182,3454.55,3.50122e+06,4.33868e+06,3987.1,9.28094e+07,4.75424,0.00239939,4.3208,0.0218077
0,980,3.09201e+06,7339.01,1.60696,1.2144e+07,1.12625e+07,5352.49,1.25236,3390.18,3.5101e+06,4.34451e+06,3915.01,9.28036e+07,4.74327,0.00249986,7.80539,0
0,981,3.09244e+06,7315.46,1.67355,1.21517e+07,1.12482e+07,5329.12,1.30491,3328.16,3.51851e+06,4.34981e+06,3845.68,9.27983e+07,4.72784,0.00260411,2.5851,0
0,982,3.09295e+06,7286.13,1.74296,1.21598e+07,1.1234e+07,5301.49,1.35974,3268.45,3.52639e+06,4.35452e+06,3779.1,9.27935e+07,4.70842,0.00271264,4.86699,0
0,983,3.09354e+06,7251.84,1.81559,1.21684e+07,1.12198e+07,5270.18,1.41714,3211.04,3.53369e+06,4.35857e+06,3715.23,9.27893e+07,4.6855,0.00282602,2.51071,0
0,984,3.09424e+06,7213.43,1.89191,1.21775e+07,1.12057e+07,5235.81,1.47749,3155.92,3.54037e+06,4.3619e+06,3654.08,9.27857e+07,4.65964,0.00294495,2.861,0.0143112
0,985,3.09505e+06,7171.79,1.97242,1.21872e+07,1.11917e+07,5199.01,1.54118,3103.06,3.54639e+06,4.36448e+06,3595.63,9.27828e+07,4.63137,0.00307018,4.42563,0.012149
0,986,3.09597e+06,7127.76,2.05771,1.21974e+07,1.11778e+07,5160.42,1.60868,3052.48,3.55174e+06,4.36629e+06,3539.89,9.27806e+07,4.60127,0.0032026,3.46547,0.0161577
0,987,3.09702e+06,7082.2,2.14843,1.22082e+07,1.1164e+07,5120.64,1.68051,3004.18,3.55642e+06,4.36731e+06,3486.88,9.27791e+07,4.56989,0.00334319,3.84946,0
0,988,3.09819e+06,7035.91,2.24532,1.22195e+07,1.11503e+07,5080.27,1.75723,2958.17,3.56042e+06,4.36755e+06,3436.62,9.27783e+07,4.53775,0.00349306,2.95768,0.111951
0,989,3.09948e+06,6989.67,2.34917,1.22314e+07,1.11367e+07,5039.86,1.83949,2914.48,3.56377e+06,4.36702e+06,3389.15,9.27781e+07,4.50538,0.00365343,4.12983,0
0,990,3.1009e+06,6944.16,2.46089,1.22437e+07,1.11232e+07,4999.92,1.92799,2873.13,3.56649e+06,4.36576e+06,3344.52,9.27786e+07,4.47323,0.00382566,4.07245,0
0,991,3.10243e+06,6900.02,2.58147,1.22566e+07,1.11097e+07,4960.92,2.02353,2834.18,3.5686e+06,4.36378e+06,3302.79,9.27797e+07,4.44174,0.00401127,5.41225,0
0,992,3.10407e+06,6857.82,2.71199,1.22699e+07,1.10964e+07,4923.27,2.12696,2797.67,3.57014e+06,4.36114e+06,3264.03,9.27814e+07,4.4113,0.00421191,0.250612,0.0527484
0,993,3.10583e+06,6818.05,2.85368,1.22836e+07,1.10832e+07,4887.31,2.23924,2763.67,3.57116e+06,4.35788e+06,3228.35,9.27836e+07,4.38224,0.00442942,0.397146,0.0956975
0,994,3.10768e+06,6781.1,3.00785,1.22977e+07,1.107e+07,4853.35,2.36143,2732.27,3.57171e+06,4.35406e+06,3195.85,9.27863e+07,4.35486,0.00466583,8.39,0.0377517
0,995,3.10963e+06,6747.31,3.17597,1.23121e+07,1.10569e+07,4821.63,2.49469,2703.55,3.57183e+06,4.34973e+06,3166.67,9.27894e+07,4.32939,0.00492338,6.32425,0.13563
0,996,3.11166e+06,6716.93,3.35968,1.23268e+07,1.10439e+07,4792.32,2.64032,2677.63,3.57157e+06,4.34496e+06,3140.95,9.27929e+07,4.30602,0.00520455,3.9964,0.150151
0,997,3.11376e+06,6690.15,3.56076,1.23417e+07,1.10309e+07,4765.57,2.79974,2654.64,3.571e+06,4.33982e+06,3118.87,9.27967e+07,4.28488,0.00551206,4.84532,0.153687
0,998,3.11592e+06,6667.05,3.7812,1.23568e+07,1.1018e+07,4741.43,2.97452,2634.72,3.57017e+06,4.33435e+06,3100.62,9.28008e+07,4.26608,0.00584894,2.85797,0.033021
0,999,3.11814e+06,6647.68,4.02321,1.23721e+07,1.10052e+07,4719.94,3.16642,2618.05,3.56912e+06,4.32863e+06,3086.45,9.2805e+07,4.24964,0.00621854,1.50044,0
0,1000,3.12041e+06,6632.01,4.2892,1.23875e+07,1.09924e+07,4701.08,3.37738,2604.8,3.56791e+06,4.32272e+06,3076.6,9.28094e+07,4.23557,0.00662457,0.116819,0
