time,low95:SS:Japan__all,SS:Japan__all,high95:SS:Japan__all,low95:IS:Japan__all,IS:Japan__all,high95:IS:Japan__all,low95:SI:Japan__all,SI:Japan__all,high95:SI:Japan__all,low95:RS:Japan__all,RS:Japan__all,high95:RS:Japan__all,low95:SR:Japan__all,SR:Japan__all,high95:SR:Japan__all,low95:IR:Japan__all,IR:Japan__all,high95:IR:Japan__all,low95:RI:Japan__all,RI:Japan__all,high95:RI:Japan__all,low95:SQ:Japan__all,SQ:Japan__all,high95:SQ:Japan__all,low95:QS:Japan__all,QS:Japan__all,high95:QS:Japan__all,low95:QR:Japan__all,QR:Japan__all,high95:QR:Japan__all,low95:RQ:Japan__all,RQ:Japan__all,high95:RQ:Japan__all,low95:EV71_JAP__IASR__inc,EV71_JAP__IASR__inc,high95:EV71_JAP__IASR__inc,low95:VAC_JAP__IASR__inc,VAC_JAP__IASR__inc,high95:VAC_JAP__IASR__inc,low95:CA16_JAP__IASR__inc,CA16_JAP__IASR__inc,high95:CA16_JAP__IASR__inc
782,219604,219604,219604,18.4847,18.4847,18.4847,834.908,834.908,834.908,6.34698e+06,6.34698e+06,6.34698e+06,3.58029e+06,3.58029e+06,3.58029e+06,223.464,223.464,223.464,17878,17878,17878,410559,410559,410559,15383.2,15383.2,15383.2,192947,192947,192947,9.12006e+06,9.12006e+06,9.12006e+06,0.0462862,0.0462862,0.0462862,3.50298,3.50298,3.50298,4.54997,4.54997,4.54997
783,219604,219604,219604,18.4849,18.4849,18.4849,834.909,834.909,834.909,6.34698e+06,6.34698e+06,6.34698e+06,3.58029e+06,3.58029e+06,3.58029e+06,223.464,223.464,223.464,17878,17878,17878,410559,410559,410559,15383.2,15383.2,15383.2,192947,192947,192947,9.12006e+06,9.12006e+06,9.12006e+06,0.0462862,0.0462862,0.0462862,3.50298,3.50298,3.50298,4.54997,4.54997,4.54997
784,219604,219604,219604,18.4849,18.4849,18.4849,834.909,834.909,834.909,6.34698e+06,6.34698e+06,6.34698e+06,3.58029e+06,3.58029e+06,3.58029e+06,223.464,223.464,223.464,17878,17878,17878,410559,410559,410559,15383.2,15383.2,15383.2,192947,192947,192947,9.12006e+06,9.12006e+06,9.12006e+06,0.0462862,0.0462862,0.0462862,3.50298,3.50298,3.50298,4.54997,4.54997,4.54997
785,219604,219604,219604,18.485,18.485,18.485,834.909,834.909,834.909,6.34698e+06,6.34698e+06,6.34698e+06,3.58029e+06,3.58029e+06,3.58029e+06,223.464,223.464,223.464,17878,17878,17878,410559,410559,410559,15383.2,15383.2,15383.2,192947,192947,192947,9.12006e+06,9.12006e+06,9.12006e+06,0.0462862,0.0462862,0.0462862,3.50298,3.50298,3.50298,4.54997,4.54997,4.54997
786,219604,219604,219604,18.485,18.485,18.485,834.909,834.909,834.909,6.34698e+06,6.34698e+06,6.34698e+06,3.58029e+06,3.58029e+06,3.58029e+06,223.464,223.464,223.464,17878,17878,17878,410559,410559,410559,15383.2,15383.2,15383.2,192947,192947,192947,9.12006e+06,9.12006e+06,9.12006e+06,0.0462862,0.0462862,0.0462862,3.50298,3.50298,3.50298,4.54997,4.54997,4.54997
787,219604,219604,219604,18.485,18.485,18.485,834.909,834.909,834.909,6.34698e+06,6.34698e+06,6.34698e+06,3.58029e+06,3.58029e+06,3.58029e+06,223.464,223.464,223.464,17878,17878,17878,410559,410559,410559,15383.2,15383.2,15383.2,192947,192947,192947,9.12006e+06,9.12006e+06,9.12006e+06,0.0462862,0.0462862,0.0462862,3.50298,3.50298,3.50298,4.54997,4.54997,4.54997
788,219604,219604,219604,18.485,18.485,18.485,834.909,834.909,834.909,6.34698e+06,6.34698e+06,6.34698e+06,3.58029e+06,3.58029e+06,3.58029e+06,223.464,223.464,223.464,17878,17878,17878,410559,410559,410559,15383.2,15383.2,15383.2,192947,192947,192947,9.12006e+06,9.12006e+06,9.12006e+06,0.0462862,0.0462862,0.0462862,3.50298,3.50298,3.50298,4.54997,4.54997,4.54997
789,219604,219604,219604,18.485,18.485,18.485,834.909,834.909,834.909,6.34698e+06,6.34698e+06,6.34698e+06,3.58029e+06,3.58029e+06,3.58029e+06,223.464,223.464,223.464,17878,17878,17878,410559,410559,410559,15383.2,15383.2,15383.2,192947,192947,192947,9.12006e+06,9.12006e+06,9.12006e+06,0.0462862,0.0462862,0.0462862,3.50298,3.50298,3.50298,4.54997,4.54997,4.54997
790,219604,219604,219604,18.485,18.485,18.485,834.909,834.909,834.909,6.34698e+06,6.34698e+06,6.34698e+06,3.58029e+06,3.58029e+06,3.58029e+06,223.464,223.464,223.464,17878,17878,17878,410559,410559,410559,15383.2,15383.2,15383.2,192947,192947,192947,9.12006e+06,9.12006e+06,9.12006e+06,0.0462862,0.0462862,0.0462862,3.50298,3.50298,3.50298,4.54997,4.54997,4.54997
791,219604,219604,219604,18.485,18.485,18.485,834.909,834.909,834.909,6.34698e+06,6.34698e+06,6.34698e+06,3.58029e+06,3.58029e+06,3.58029e+06,223.464,223.464,223.464,17878,17878,17878,410559,410559,410559,15383.2,15383.2,15383.2,192947,192947,192947,9.12006e+06,9.12006e+06,9.12006e+06,0.0462862,0.0462862,0.0462862,3.50298,3.50298,3.50298,4.54997,4.54997,4.54997
792,219604,219604,219604,18.485,18.485,18.485,834.909,834.909,834.909,6.34698e+06,6.34698e+06,6.34698e+06,3.58029e+06,3.58029e+06,3.58029e+06,223.464,223.464,223.464,17878,17878,17878,410559,410559,410559,15383.2,15383.2,15383.2,192947,192947,192947,9.12006e+06,9.12006e+06,9.12006e+06,0.0462862,0.0462862,0.0462862,3.50298,3.50298,3.50298,4.54997,4.54997,4.54997
793,219604,219604,219604,18.485,18.485,18.485,834.909,834.909,834.909,6.34698e+06,6.34698e+06,6.34698e+06,3.58029e+06,3.58029e+06,3.58029e+06,223.464,223.464,223.464,17878,17878,17878,410559,410559,410559,15383.2,15383.2,15383.2,192947,192947,192947,9.12006e+06,9.12006e+06,9.12006e+06,0.0462862,0.0462862,0.0462862,3.50298,3.50298,3.50298,4.54997,4.54997,4.54997
794,219604,219604,219604,18.485,18.485,18.485,834.909,834.909,834.909,6.34698e+06,6.34698e+06,6.34698e+06,3.58029e+06,3.58029e+06,3.58029e+06,223.464,223.464,223.464,17878,17878,17878,410559,410559,410559,15383.2,15383.2,15383.2,192947,192947,192947,9.12006e+06,9.12006e+06,9.12006e+06,0.0462862,0.0462862,0.0462862,3.50298,3.50298,3.50298,4.54997,4.54997,4.54997
795,219604,219604,219604,18.485,18.485,18.485,834.909,834.909,834.909,6.34698e+06,6.34698e+06,6.34698e+06,3.58029e+06,3.58029e+06,3.58029e+06,223.464,223.464,223.464,17878,17878,17878,410559,410559,410559,15383.2,15383.2,15383.2,192947,192947,192947,9.12006e+06,9.12006e+06,9.12006e+06,0.0462862,0.0462862,0.0462862,3.50298,3.50298,3.50298,4.54997,4.54997,4.54997
796,219604,219604,219604,18.485,18.485,18.485,834.909,834.909,834.909,6.34698e+06,6.34698e+06,6.34698e+06,3.58029e+06,3.58029e+06,3.58029e+06,223.464,223.464,223.464,17878,17878,17878,410559,410559,410559,15383.2,15383.2,15383.2,192947,192947,192947,9.12006e+06,9.12006e+06,9.12006e+06,0.0462862,0.0462862,0.0462862,3.50298,3.50298,3.50298,4.54997,4.54997,4.54997
797,219604,219604,219604,18.485,18.485,18.485,834.909,834.909,834.909,6.34698e+06,6.34698e+06,6.34698e+06,3.58029e+06,3.58029e+06,3.58029e+06,223.464,223.464,223.464,17878,17878,17878,410559,410559,410559,15383.2,15383.2,15383.2,192947,192947,192947,9.12006e+06,9.12006e+06,9.12006e+06,0.0462862,0.0462862,0.0462862,3.50298,3.50298,3.50298,4.54997,4.54997,4.54997
798,219604,219604,219604,18.485,18.485,18.485,834.909,834.909,834.909,6.34698e+06,6.34698e+06,6.34698e+06,3.58029e+06,3.58029e+06,3.58029e+06,223.464,223.464,223.464,17878,17878,17878,410559,410559,410559,15383.2,15383.2,15383.2,192947,192947,192947,9.12006e+06,9.12006e+06,9.12006e+06,0.0462862,0.0462862,0.0462862,3.50298,3.50298,3.50298,4.54997,4.54997,4.54997
799,219604,219604,219604,18.485,18.485,18.485,834.909,834.909,834.909,6.34698e+06,6.34698e+06,6.34698e+06,3.58029e+06,3.58029e+06,3.58029e+06,223.464,223.464,223.464,17878,17878,17878,410559,410559,410559,15383.2,15383.2,15383.2,192947,192947,192947,9.12006e+06,9.12006e+06,9.12006e+06,0.0462862,0.0462862,0.0462862,3.50298,3.50298,3.50298,4.54997,4.54997,4.54997
800,219604,219604,219604,18.485,18.485,18.485,834.909,834.909,834.909,6.34698e+06,6.34698e+06,6.34698e+06,3.58029e+06,3.58029e+06,3.58029e+06,223.464,223.464,223.464,17878,17878,17878,410559,410559,410559,15383.2,15383.2,15383.2,192947,192947,192947,9.12006e+06,9.12006e+06,9.12006e+06,0.0462862,0.0462862,0.0462862,3.50298,3.50298,3.50298,4.54997,4.54997,4.54997
801,219604,219604,219604,18.485,18.485,18.485,834.909,834.909,834.909,6.34698e+06,6.34698e+06,6.34698e+06,3.58029e+06,3.58029e+06,3.58029e+06,223.464,223.464,223.464,17878,17878,17878,410559,410559,410559,15383.2,15383.2,15383.2,192947,192947,192947,9.12006e+06,9.12006e+06,9.12006e+06,0.0462862,0.0462862,0.0462862,3.50298,3.50298,3.50298,4.54997,4.54997,4.54997
802,219604,219604,219604,18.485,18.485,18.485,834.909,834.909,834.909,6.34698e+06,6.34698e+06,6.34698e+06,3.58029e+06,3.58029e+06,3.58029e+06,223.464,223.464,223.464,17878,17878,17878,410559,410559,410559,15383.2,15383.2,15383.2,192947,192947,192947,9.12006e+06,9.12006e+06,9.12006e+06,0.0462862,0.0462862,0.0462862,3.50298,3.50298,3.50298,4.54997,4.54997,4.54997
803,219604,219604,219604,18.485,18.485,18.485,834.909,834.909,834.909,6.34698e+06,6.34698e+06,6.34698e+06,3.58029e+06,3.58029e+06,3.58029e+06,223.464,223.464,223.464,17878,17878,17878,410559,410559,410559,15383.2,15383.2,15383.2,192947,192947,192947,9.12006e+06,9.12006e+06,9.12006e+06,0.0462862,0.0462862,0.0462862,3.50298,3.50298,3.50298,4.54997,4.54997,4.54997
804,219604,219604,219604,18.485,18.485,18.485,834.909,834.909,834.909,6.34698e+06,6.34698e+06,6.34698e+06,3.58029e+06,3.58029e+06,3.58029e+06,223.464,223.464,223.464,17878,17878,17878,410559,410559,410559,15383.2,15383.2,15383.2,192947,192947,192947,9.12006e+06,9.12006e+06,9.12006e+06,0.0462862,0.0462862,0.0462862,3.50298,3.50298,3.50298,4.54997,4.54997,4.54997
805,219604,219604,219604,18.485,18.485,18.485,834.909,834.909,834.909,6.34698e+06,6.34698e+06,6.34698e+06,3.58029e+06,3.58029e+06,3.58029e+06,223.464,223.464,223.464,17878,17878,17878,410559,410559,410559,15383.2,15383.2,15383.2,192947,192947,192947,9.12006e+06,9.12006e+06,9.12006e+06,0.0462862,0.0462862,0.0462862,3.50298,3.50298,3.50298,4.54997,4.54997,4.54997
806,219604,219604,219604,18.485,18.485,18.485,834.909,834.909,834.909,6.34698e+06,6.34698e+06,6.34698e+06,3.58029e+06,3.58029e+06,3.58029e+06,223.464,223.464,223.464,17878,17878,17878,410559,410559,410559,15383.2,15383.2,15383.2,192947,192947,192947,9.12006e+06,9.12006e+06,9.12006e+06,0.0462862,0.0462862,0.0462862,3.50298,3.50298,3.50298,4.54997,4.54997,4.54997
807,219604,219604,219604,18.485,18.485,18.485,834.909,834.909,834.909,6.34698e+06,6.34698e+06,6.34698e+06,3.58029e+06,3.58029e+06,3.58029e+06,223.464,223.464,223.464,17878,17878,17878,410559,410559,410559,15383.2,15383.2,15383.2,192947,192947,192947,9.12006e+06,9.12006e+06,9.12006e+06,0.0462862,0.0462862,0.0462862,3.50298,3.50298,3.50298,4.54997,4.54997,4.54997
808,219604,219604,219604,18.485,18.485,18.485,834.909,834.909,834.909,6.34698e+06,6.34698e+06,6.34698e+06,3.58029e+06,3.58029e+06,3.58029e+06,223.464,223.464,223.464,17878,17878,17878,410559,410559,410559,15383.2,15383.2,15383.2,192947,192947,192947,9.12006e+06,9.12006e+06,9.12006e+06,0.0462862,0.0462862,0.0462862,3.50298,3.50298,3.50298,4.54997,4.54997,4.54997
809,219604,219604,219604,18.485,18.485,18.485,834.909,834.909,834.909,6.34698e+06,6.34698e+06,6.34698e+06,3.58029e+06,3.58029e+06,3.58029e+06,223.464,223.464,223.464,17878,17878,17878,410559,410559,410559,15383.2,15383.2,15383.2,192947,192947,192947,9.12006e+06,9.12006e+06,9.12006e+06,0.0462862,0.0462862,0.0462862,3.50298,3.50298,3.50298,4.54997,4.54997,4.54997
810,219604,219604,219604,18.485,18.485,18.485,834.909,834.909,834.909,6.34698e+06,6.34698e+06,6.34698e+06,3.58029e+06,3.58029e+06,3.58029e+06,223.464,223.464,223.464,17878,17878,17878,410559,410559,410559,15383.2,15383.2,15383.2,192947,192947,192947,9.12006e+06,9.12006e+06,9.12006e+06,0.0462862,0.0462862,0.0462862,3.50298,3.50298,3.50298,4.54997,4.54997,4.54997
811,219604,219604,219604,18.485,18.485,18.485,834.909,834.909,834.909,6.34698e+06,6.34698e+06,6.34698e+06,3.58029e+06,3.58029e+06,3.58029e+06,223.464,223.464,223.464,17878,17878,17878,410559,410559,410559,15383.2,15383.2,15383.2,192947,192947,192947,9.12006e+06,9.12006e+06,9.12006e+06,0.0462862,0.0462862,0.0462862,3.50298,3.50298,3.50298,4.54997,4.54997,4.54997
812,219604,219604,219604,18.485,18.485,18.485,834.909,834.909,834.909,6.34698e+06,6.34698e+06,6.34698e+06,3.58029e+06,3.58029e+06,3.58029e+06,223.464,223.464,223.464,17878,17878,17878,410559,410559,410559,15383.2,15383.2,15383.2,192947,192947,192947,9.12006e+06,9.12006e+06,9.12006e+06,0.0462862,0.0462862,0.0462862,3.50298,3.50298,3.50298,4.54997,4.54997,4.54997
813,219604,219604,219604,18.485,18.485,18.485,834.909,834.909,834.909,6.34698e+06,6.34698e+06,6.34698e+06,3.58029e+06,3.58029e+06,3.58029e+06,223.464,223.464,223.464,17878,17878,17878,410559,410559,410559,15383.2,15383.2,15383.2,192947,192947,192947,9.12006e+06,9.12006e+06,9.12006e+06,0.0462862,0.0462862,0.0462862,3.50298,3.50298,3.50298,4.54997,4.54997,4.54997
814,219604,219604,219604,18.485,18.485,18.485,834.909,834.909,834.909,6.34698e+06,6.34698e+06,6.34698e+06,3.58029e+06,3.58029e+06,3.58029e+06,223.464,223.464,223.464,17878,17878,17878,410559,410559,410559,15383.2,15383.2,15383.2,192947,192947,192947,9.12006e+06,9.12006e+06,9.12006e+06,0.0462862,0.0462862,0.0462862,3.50298,3.50298,3.50298,4.54997,4.54997,4.54997
815,219604,219604,219604,18.485,18.485,18.485,834.909,834.909,834.909,6.34698e+06,6.34698e+06,6.34698e+06,3.58029e+06,3.58029e+06,3.58029e+06,223.464,223.464,223.464,17878,17878,17878,410559,410559,410559,15383.2,15383.2,15383.2,192947,192947,192947,9.12006e+06,9.12006e+06,9.12006e+06,0.0462862,0.0462862,0.0462862,3.50298,3.50298,3.50298,4.54997,4.54997,4.54997
816,219604,219604,219604,18.485,18.485,18.485,834.909,834.909,834.909,6.34698e+06,6.34698e+06,6.34698e+06,3.58029e+06,3.58029e+06,3.58029e+06,223.464,223.464,223.464,17878,17878,17878,410559,410559,410559,15383.2,15383.2,15383.2,192947,192947,192947,9.12006e+06,9.12006e+06,9.12006e+06,0.0462862,0.0462862,0.0462862,3.50298,3.50298,3.50298,4.54997,4.54997,4.54997
817,219604,219604,219604,18.485,18.485,18.485,834.909,834.909,834.909,6.34698e+06,6.34698e+06,6.34698e+06,3.58029e+06,3.58029e+06,3.58029e+06,223.464,223.464,223.464,17878,17878,17878,410559,410559,410559,15383.2,15383.2,15383.2,192947,192947,192947,9.12006e+06,9.12006e+06,9.12006e+06,0.0462862,0.0462862,0.0462862,3.50298,3.50298,3.50298,4.54997,4.54997,4.54997
818,219604,219604,219604,18.485,18.485,18.485,834.909,834.909,834.909,6.34698e+06,6.34698e+06,6.34698e+06,3.58029e+06,3.58029e+06,3.58029e+06,223.464,223.464,223.464,17878,17878,17878,410559,410559,410559,15383.2,15383.2,15383.2,192947,192947,192947,9.12006e+06,9.12006e+06,9.12006e+06,0.0462862,0.0462862,0.0462862,3.50298,3.50298,3.50298,4.54997,4.54997,4.54997
819,219604,219604,219604,18.485,18.485,18.485,834.909,834.909,834.909,6.34698e+06,6.34698e+06,6.34698e+06,3.58029e+06,3.58029e+06,3.58029e+06,223.464,223.464,223.464,17878,17878,17878,410559,410559,410559,15383.2,15383.2,15383.2,192947,192947,192947,9.12006e+06,9.12006e+06,9.12006e+06,0.0462862,0.0462862,0.0462862,3.50298,3.50298,3.50298,4.54997,4.54997,4.54997
820,219604,219604,219604,18.485,18.485,18.485,834.909,834.909,834.909,6.34698e+06,6.34698e+06,6.34698e+06,3.58029e+06,3.58029e+06,3.58029e+06,223.464,223.464,223.464,17878,17878,17878,410559,410559,410559,15383.2,15383.2,15383.2,192947,192947,192947,9.12006e+06,9.12006e+06,9.12006e+06,0.0462862,0.0462862,0.0462862,3.50298,3.50298,3.50298,4.54997,4.54997,4.54997
821,219604,219604,219604,18.485,18.485,18.485,834.909,834.909,834.909,6.34698e+06,6.34698e+06,6.34698e+06,3.58029e+06,3.58029e+06,3.58029e+06,223.464,223.464,223.464,17878,17878,17878,410559,410559,410559,15383.2,15383.2,15383.2,192947,192947,192947,9.12006e+06,9.12006e+06,9.12006e+06,0.0462862,0.0462862,0.0462862,3.50298,3.50298,3.50298,4.54997,4.54997,4.54997
822,219604,219604,219604,18.485,18.485,18.485,834.909,834.909,834.909,6.34698e+06,6.34698e+06,6.34698e+06,3.58029e+06,3.58029e+06,3.58029e+06,223.464,223.464,223.464,17878,17878,17878,410559,410559,410559,15383.2,15383.2,15383.2,192947,192947,192947,9.12006e+06,9.12006e+06,9.12006e+06,0.0462862,0.0462862,0.0462862,3.50298,3.50298,3.50298,4.54997,4.54997,4.54997
823,219604,219604,219604,18.485,18.485,18.485,834.909,834.909,834.909,6.34698e+06,6.34698e+06,6.34698e+06,3.58029e+06,3.58029e+06,3.58029e+06,223.464,223.464,223.464,17878,17878,17878,410559,410559,410559,15383.2,15383.2,15383.2,192947,192947,192947,9.12006e+06,9.12006e+06,9.12006e+06,0.0462862,0.0462862,0.0462862,3.50298,3.50298,3.50298,4.54997,4.54997,4.54997
824,219604,219604,219604,18.485,18.485,18.485,834.909,834.909,834.909,6.34698e+06,6.34698e+06,6.34698e+06,3.58029e+06,3.58029e+06,3.58029e+06,223.464,223.464,223.464,17878,17878,17878,410559,410559,410559,15383.2,15383.2,15383.2,192947,192947,192947,9.12006e+06,9.12006e+06,9.12006e+06,0.0462862,0.0462862,0.0462862,3.50298,3.50298,3.50298,4.54997,4.54997,4.54997
825,219604,219604,219604,18.485,18.485,18.485,834.909,834.909,834.909,6.34698e+06,6.34698e+06,6.34698e+06,3.58029e+06,3.58029e+06,3.58029e+06,223.464,223.464,223.464,17878,17878,17878,410559,410559,410559,15383.2,15383.2,15383.2,192947,192947,192947,9.12006e+06,9.12006e+06,9.12006e+06,0.0462862,0.0462862,0.0462862,3.50298,3.50298,3.50298,4.54997,4.54997,4.54997
826,219604,219604,219604,18.485,18.485,18.485,834.909,834.909,834.909,6.34698e+06,6.34698e+06,6.34698e+06,3.58029e+06,3.58029e+06,3.58029e+06,223.464,223.464,223.464,17878,17878,17878,410559,410559,410559,15383.2,15383.2,15383.2,192947,192947,192947,9.12006e+06,9.12006e+06,9.12006e+06,0.0462862,0.0462862,0.0462862,3.50298,3.50298,3.50298,4.54997,4.54997,4.54997
827,219604,219604,219604,18.485,18.485,18.485,834.909,834.909,834.909,6.34698e+06,6.34698e+06,6.34698e+06,3.58029e+06,3.58029e+06,3.58029e+06,223.464,223.464,223.464,17878,17878,17878,410559,410559,410559,15383.2,15383.2,15383.2,192947,192947,192947,9.12006e+06,9.12006e+06,9.12006e+06,0.0462862,0.0462862,0.0462862,3.50298,3.50298,3.50298,4.54997,4.54997,4.54997
828,219604,219604,219604,18.485,18.485,18.485,834.909,834.909,834.909,6.34698e+06,6.34698e+06,6.34698e+06,3.58029e+06,3.58029e+06,3.58029e+06,223.464,223.464,223.464,17878,17878,17878,410559,410559,410559,15383.2,15383.2,15383.2,192947,192947,192947,9.12006e+06,9.12006e+06,9.12006e+06,0.0462862,0.0462862,0.0462862,3.50298,3.50298,3.50298,4.54997,4.54997,4.54997
829,219604,219604,219604,18.485,18.485,18.485,834.909,834.909,834.909,6.34698e+06,6.34698e+06,6.34698e+06,3.58029e+06,3.58029e+06,3.58029e+06,223.464,223.464,223.464,17878,17878,17878,410559,410559,410559,15383.2,15383.2,15383.2,192947,192947,192947,9.12006e+06,9.12006e+06,9.12006e+06,0.0462862,0.0462862,0.0462862,3.50298,3.50298,3.50298,4.54997,4.54997,4.54997
830,219604,219604,219604,18.485,18.485,18.485,834.909,834.909,834.909,6.34698e+06,6.34698e+06,6.34698e+06,3.58029e+06,3.58029e+06,3.58029e+06,223.464,223.464,223.464,17878,17878,17878,410559,410559,410559,15383.2,15383.2,15383.2,192947,192947,192947,9.12006e+06,9.12006e+06,9.12006e+06,0.0462862,0.0462862,0.0462862,3.50298,3.50298,3.50298,4.54997,4.54997,4.54997
831,219604,219604,219604,18.485,18.485,18.485,834.909,834.909,834.909,6.34698e+06,6.34698e+06,6.34698e+06,3.58029e+06,3.58029e+06,3.58029e+06,223.464,223.464,223.464,17878,17878,17878,410559,410559,410559,15383.2,15383.2,15383.2,192947,192947,192947,9.12006e+06,9.12006e+06,9.12006e+06,0.0462862,0.0462862,0.0462862,3.50298,3.50298,3.50298,4.54997,4.54997,4.54997
832,219604,219604,219604,18.485,18.485,18.485,834.909,834.909,834.909,6.34698e+06,6.34698e+06,6.34698e+06,3.58029e+06,3.58029e+06,3.58029e+06,223.464,223.464,223.464,17878,17878,17878,410559,410559,410559,15383.2,15383.2,15383.2,192947,192947,192947,9.12006e+06,9.12006e+06,9.12006e+06,0.0462862,0.0462862,0.0462862,3.50298,3.50298,3.50298,4.54997,4.54997,4.54997
833,219604,219604,219604,18.485,18.485,18.485,834.909,834.909,834.909,6.34698e+06,6.34698e+06,6.34698e+06,3.58029e+06,3.58029e+06,3.58029e+06,223.464,223.464,223.464,17878,17878,17878,410559,410559,410559,15383.2,15383.2,15383.2,192947,192947,192947,9.12006e+06,9.12006e+06,9.12006e+06,0.0462862,0.0462862,0.0462862,3.50298,3.50298,3.50298,4.54997,4.54997,4.54997
834,219604,219604,219604,18.485,18.485,18.485,834.909,834.909,834.909,6.34698e+06,6.34698e+06,6.34698e+06,3.58029e+06,3.58029e+06,3.58029e+06,223.464,223.464,223.464,17878,17878,17878,410559,410559,410559,15383.2,15383.2,15383.2,192947,192947,192947,9.12006e+06,9.12006e+06,9.12006e+06,0.0462862,0.0462862,0.0462862,3.50298,3.50298,3.50298,4.54997,4.54997,4.54997
835,219604,219604,219604,18.485,18.485,18.485,834.909,834.909,834.909,6.34698e+06,6.34698e+06,6.34698e+06,3.58029e+06,3.58029e+06,3.58029e+06,223.464,223.464,223.464,17878,17878,17878,410559,410559,410559,15383.2,15383.2,15383.2,192947,192947,192947,9.12006e+06,9.12006e+06,9.12006e+06,0.0462862,0.0462862,0.0462862,3.50298,3.50298,3.50298,4.54997,4.54997,4.54997
836,219604,219604,219604,18.485,18.485,18.485,834.909,834.909,834.909,6.34698e+06,6.34698e+06,6.34698e+06,3.58029e+06,3.58029e+06,3.58029e+06,223.464,223.464,223.464,17878,17878,17878,410559,410559,410559,15383.2,15383.2,15383.2,192947,192947,192947,9.12006e+06,9.12006e+06,9.12006e+06,0.0462862,0.0462862,0.0462862,3.50298,3.50298,3.50298,4.54997,4.54997,4.54997
837,219604,219604,219604,18.485,18.485,18.485,834.909,834.909,834.909,6.34698e+06,6.34698e+06,6.34698e+06,3.58029e+06,3.58029e+06,3.58029e+06,223.464,223.464,223.464,17878,17878,17878,410559,410559,410559,15383.2,15383.2,15383.2,192947,192947,192947,9.12006e+06,9.12006e+06,9.12006e+06,0.0462862,0.0462862,0.0462862,3.50298,3.50298,3.50298,4.54997,4.54997,4.54997
838,219604,219604,219604,18.485,18.485,18.485,834.909,834.909,834.909,6.34698e+06,6.34698e+06,6.34698e+06,3.58029e+06,3.58029e+06,3.58029e+06,223.464,223.464,223.464,17878,17878,17878,410559,410559,410559,15383.2,15383.2,15383.2,192947,192947,192947,9.12006e+06,9.12006e+06,9.12006e+06,0.0462862,0.0462862,0.0462862,3.50298,3.50298,3.50298,4.54997,4.54997,4.54997
839,219604,219604,219604,18.485,18.485,18.485,834.909,834.909,834.909,6.34698e+06,6.34698e+06,6.34698e+06,3.58029e+06,3.58029e+06,3.58029e+06,223.464,223.464,223.464,17878,17878,17878,410559,410559,410559,15383.2,15383.2,15383.2,192947,192947,192947,9.12006e+06,9.12006e+06,9.12006e+06,0.0462862,0.0462862,0.0462862,3.50298,3.50298,3.50298,4.54997,4.54997,4.54997
840,219604,219604,219604,18.485,18.485,18.485,834.909,834.909,834.909,6.34698e+06,6.34698e+06,6.34698e+06,3.58029e+06,3.58029e+06,3.58029e+06,223.464,223.464,223.464,17878,17878,17878,410559,410559,410559,15383.2,15383.2,15383.2,192947,192947,192947,9.12006e+06,9.12006e+06,9.12006e+06,0.0462862,0.0462862,0.0462862,3.50298,3.50298,3.50298,4.54997,4.54997,4.54997
841,219604,219604,219604,18.485,18.485,18.485,834.909,834.909,834.909,6.34698e+06,6.34698e+06,6.34698e+06,3.58029e+06,3.58029e+06,3.58029e+06,223.464,223.464,223.464,17878,17878,17878,410559,410559,410559,15383.2,15383.2,15383.2,192947,192947,192947,9.12006e+06,9.12006e+06,9.12006e+06,0.0462862,0.0462862,0.0462862,3.50298,3.50298,3.50298,4.54997,4.54997,4.54997
842,219604,219604,219604,18.485,18.485,18.485,834.909,834.909,834.909,6.34698e+06,6.34698e+06,6.34698e+06,3.58029e+06,3.58029e+06,3.58029e+06,223.464,223.464,223.464,17878,17878,17878,410559,410559,410559,15383.2,15383.2,15383.2,192947,192947,192947,9.12006e+06,9.12006e+06,9.12006e+06,0.0462862,0.0462862,0.0462862,3.50298,3.50298,3.50298,4.54997,4.54997,4.54997
843,219604,219604,219604,18.485,18.485,18.485,834.909,834.909,834.909,6.34698e+06,6.34698e+06,6.34698e+06,3.58029e+06,3.58029e+06,3.58029e+06,223.464,223.464,223.464,17878,17878,17878,410559,410559,410559,15383.2,15383.2,15383.2,192947,192947,192947,9.12006e+06,9.12006e+06,9.12006e+06,0.0462862,0.0462862,0.0462862,3.50298,3.50298,3.50298,4.54997,4.54997,4.54997
844,219604,219604,219604,18.485,18.485,18.485,834.909,834.909,834.909,6.34698e+06,6.34698e+06,6.34698e+06,3.58029e+06,3.58029e+06,3.58029e+06,223.464,223.464,223.464,17878,17878,17878,410559,410559,410559,15383.2,15383.2,15383.2,192947,192947,192947,9.12006e+06,9.12006e+06,9.12006e+06,0.0462862,0.0462862,0.0462862,3.50298,3.50298,3.50298,4.54997,4.54997,4.54997
845,219604,219604,219604,18.485,18.485,18.485,834.909,834.909,834.909,6.34698e+06,6.34698e+06,6.34698e+06,3.58029e+06,3.58029e+06,3.58029e+06,223.464,223.464,223.464,17878,17878,17878,410559,410559,410559,15383.2,15383.2,15383.2,192947,192947,192947,9.12006e+06,9.12006e+06,9.12006e+06,0.0462862,0.0462862,0.0462862,3.50298,3.50298,3.50298,4.54997,4.54997,4.54997
846,219604,219604,219604,18.485,18.485,18.485,834.909,834.909,834.909,6.34698e+06,6.34698e+06,6.34698e+06,3.58029e+06,3.58029e+06,3.58029e+06,223.464,223.464,223.464,17878,17878,17878,410559,410559,410559,15383.2,15383.2,15383.2,192947,192947,192947,9.12006e+06,9.12006e+06,9.12006e+06,0.0462862,0.0462862,0.0462862,3.50298,3.50298,3.50298,4.54997,4.54997,4.54997
847,219604,219604,219604,18.485,18.485,18.485,834.909,834.909,834.909,6.34698e+06,6.34698e+06,6.34698e+06,3.58029e+06,3.58029e+06,3.58029e+06,223.464,223.464,223.464,17878,17878,17878,410559,410559,410559,15383.2,15383.2,15383.2,192947,192947,192947,9.12006e+06,9.12006e+06,9.12006e+06,0.0462862,0.0462862,0.0462862,3.50298,3.50298,3.50298,4.54997,4.54997,4.54997
848,219604,219604,219604,18.485,18.485,18.485,834.909,834.909,834.909,6.34698e+06,6.34698e+06,6.34698e+06,3.58029e+06,3.58029e+06,3.58029e+06,223.464,223.464,223.464,17878,17878,17878,410559,410559,410559,15383.2,15383.2,15383.2,192947,192947,192947,9.12006e+06,9.12006e+06,9.12006e+06,0.0462862,0.0462862,0.0462862,3.50298,3.50298,3.50298,4.54997,4.54997,4.54997
849,219604,219604,219604,18.485,18.485,18.485,834.909,834.909,834.909,6.34698e+06,6.34698e+06,6.34698e+06,3.58029e+06,3.58029e+06,3.58029e+06,223.464,223.464,223.464,17878,17878,17878,410559,410559,410559,15383.2,15383.2,15383.2,192947,192947,192947,9.12006e+06,9.12006e+06,9.12006e+06,0.0462862,0.0462862,0.0462862,3.50298,3.50298,3.50298,4.54997,4.54997,4.54997
850,219604,219604,219604,18.485,18.485,18.485,834.909,834.909,834.909,6.34698e+06,6.34698e+06,6.34698e+06,3.58029e+06,3.58029e+06,3.58029e+06,223.464,223.464,223.464,17878,17878,17878,410559,410559,410559,15383.2,15383.2,15383.2,192947,192947,192947,9.12006e+06,9.12006e+06,9.12006e+06,0.0462862,0.0462862,0.0462862,3.50298,3.50298,3.50298,4.54997,4.54997,4.54997
851,219604,219604,219604,18.485,18.485,18.485,834.909,834.909,834.909,6.34698e+06,6.34698e+06,6.34698e+06,3.58029e+06,3.58029e+06,3.58029e+06,223.464,223.464,223.464,17878,17878,17878,410559,410559,410559,15383.2,15383.2,15383.2,192947,192947,192947,9.12006e+06,9.12006e+06,9.12006e+06,0.0462862,0.0462862,0.0462862,3.50298,3.50298,3.50298,4.54997,4.54997,4.54997
852,219604,219604,219604,18.485,18.485,18.485,834.909,834.909,834.909,6.34698e+06,6.34698e+06,6.34698e+06,3.58029e+06,3.58029e+06,3.58029e+06,223.464,223.464,223.464,17878,17878,17878,410559,410559,410559,15383.2,15383.2,15383.2,192947,192947,192947,9.12006e+06,9.12006e+06,9.12006e+06,0.0462862,0.0462862,0.0462862,3.50298,3.50298,3.50298,4.54997,4.54997,4.54997
853,219604,219604,219604,18.485,18.485,18.485,834.909,834.909,834.909,6.34698e+06,6.34698e+06,6.34698e+06,3.58029e+06,3.58029e+06,3.58029e+06,223.464,223.464,223.464,17878,17878,17878,410559,410559,410559,15383.2,15383.2,15383.2,192947,192947,192947,9.12006e+06,9.12006e+06,9.12006e+06,0.0462862,0.0462862,0.0462862,3.50298,3.50298,3.50298,4.54997,4.54997,4.54997
854,219604,219604,219604,18.485,18.485,18.485,834.909,834.909,834.909,6.34698e+06,6.34698e+06,6.34698e+06,3.58029e+06,3.58029e+06,3.58029e+06,223.464,223.464,223.464,17878,17878,17878,410559,410559,410559,15383.2,15383.2,15383.2,192947,192947,192947,9.12006e+06,9.12006e+06,9.12006e+06,0.0462862,0.0462862,0.0462862,3.50298,3.50298,3.50298,4.54997,4.54997,4.54997
855,219604,219604,219604,18.485,18.485,18.485,834.909,834.909,834.909,6.34698e+06,6.34698e+06,6.34698e+06,3.58029e+06,3.58029e+06,3.58029e+06,223.464,223.464,223.464,17878,17878,17878,410559,410559,410559,15383.2,15383.2,15383.2,192947,192947,192947,9.12006e+06,9.12006e+06,9.12006e+06,0.0462862,0.0462862,0.0462862,3.50298,3.50298,3.50298,4.54997,4.54997,4.54997
856,219604,219604,219604,18.485,18.485,18.485,834.909,834.909,834.909,6.34698e+06,6.34698e+06,6.34698e+06,3.58029e+06,3.58029e+06,3.58029e+06,223.464,223.464,223.464,17878,17878,17878,410559,410559,410559,15383.2,15383.2,15383.2,192947,192947,192947,9.12006e+06,9.12006e+06,9.12006e+06,0.0462862,0.0462862,0.0462862,3.50298,3.50298,3.50298,4.54997,4.54997,4.54997
857,219604,219604,219604,18.485,18.485,18.485,834.909,834.909,834.909,6.34698e+06,6.34698e+06,6.34698e+06,3.58029e+06,3.58029e+06,3.58029e+06,223.464,223.464,223.464,17878,17878,17878,410559,410559,410559,15383.2,15383.2,15383.2,192947,192947,192947,9.12006e+06,9.12006e+06,9.12006e+06,0.0462862,0.0462862,0.0462862,3.50298,3.50298,3.50298,4.54997,4.54997,4.54997
858,219604,219604,219604,18.485,18.485,18.485,834.909,834.909,834.909,6.34698e+06,6.34698e+06,6.34698e+06,3.58029e+06,3.58029e+06,3.58029e+06,223.464,223.464,223.464,17878,17878,17878,410559,410559,410559,15383.2,15383.2,15383.2,192947,192947,192947,9.12006e+06,9.12006e+06,9.12006e+06,0.0462862,0.0462862,0.0462862,3.50298,3.50298,3.50298,4.54997,4.54997,4.54997
859,219604,219604,219604,18.485,18.485,18.485,834.909,834.909,834.909,6.34698e+06,6.34698e+06,6.34698e+06,3.58029e+06,3.58029e+06,3.58029e+06,223.464,223.464,223.464,17878,17878,17878,410559,410559,410559,15383.2,15383.2,15383.2,192947,192947,192947,9.12006e+06,9.12006e+06,9.12006e+06,0.0462862,0.0462862,0.0462862,3.50298,3.50298,3.50298,4.54997,4.54997,4.54997
860,219604,219604,219604,18.485,18.485,18.485,834.909,834.909,834.909,6.34698e+06,6.34698e+06,6.34698e+06,3.58029e+06,3.58029e+06,3.58029e+06,223.464,223.464,223.464,17878,17878,17878,410559,410559,410559,15383.2,15383.2,15383.2,192947,192947,192947,9.12006e+06,9.12006e+06,9.12006e+06,0.0462862,0.0462862,0.0462862,3.50298,3.50298,3.50298,4.54997,4.54997,4.54997
861,219604,219604,219604,18.485,18.485,18.485,834.909,834.909,834.909,6.34698e+06,6.34698e+06,6.34698e+06,3.58029e+06,3.58029e+06,3.58029e+06,223.464,223.464,223.464,17878,17878,17878,410559,410559,410559,15383.2,15383.2,15383.2,192947,192947,192947,9.12006e+06,9.12006e+06,9.12006e+06,0.0462862,0.0462862,0.0462862,3.50298,3.50298,3.50298,4.54997,4.54997,4.54997
862,219604,219604,219604,18.485,18.485,18.485,834.909,834.909,834.909,6.34698e+06,6.34698e+06,6.34698e+06,3.58029e+06,3.58029e+06,3.58029e+06,223.464,223.464,223.464,17878,17878,17878,410559,410559,410559,15383.2,15383.2,15383.2,192947,192947,192947,9.12006e+06,9.12006e+06,9.12006e+06,0.0462862,0.0462862,0.0462862,3.50298,3.50298,3.50298,4.54997,4.54997,4.54997
863,219604,219604,219604,18.485,18.485,18.485,834.909,834.909,834.909,6.34698e+06,6.34698e+06,6.34698e+06,3.58029e+06,3.58029e+06,3.58029e+06,223.464,223.464,223.464,17878,17878,17878,410559,410559,410559,15383.2,15383.2,15383.2,192947,192947,192947,9.12006e+06,9.12006e+06,9.12006e+06,0.0462862,0.0462862,0.0462862,3.50298,3.50298,3.50298,4.54997,4.54997,4.54997
864,219604,219604,219604,18.485,18.485,18.485,834.909,834.909,834.909,6.34698e+06,6.34698e+06,6.34698e+06,3.58029e+06,3.58029e+06,3.58029e+06,223.464,223.464,223.464,17878,17878,17878,410559,410559,410559,15383.2,15383.2,15383.2,192947,192947,192947,9.12006e+06,9.12006e+06,9.12006e+06,0.0462862,0.0462862,0.0462862,3.50298,3.50298,3.50298,4.54997,4.54997,4.54997
865,219604,219604,219604,18.485,18.485,18.485,834.909,834.909,834.909,6.34698e+06,6.34698e+06,6.34698e+06,3.58029e+06,3.58029e+06,3.58029e+06,223.464,223.464,223.464,17878,17878,17878,410559,410559,410559,15383.2,15383.2,15383.2,192947,192947,192947,9.12006e+06,9.12006e+06,9.12006e+06,0.0462862,0.0462862,0.0462862,3.50298,3.50298,3.50298,4.54997,4.54997,4.54997
866,219604,219604,219604,18.485,18.485,18.485,834.909,834.909,834.909,6.34698e+06,6.34698e+06,6.34698e+06,3.58029e+06,3.58029e+06,3.58029e+06,223.464,223.464,223.464,17878,17878,17878,410559,410559,410559,15383.2,15383.2,15383.2,192947,192947,192947,9.12006e+06,9.12006e+06,9.12006e+06,0.0462862,0.0462862,0.0462862,3.50298,3.50298,3.50298,4.54997,4.54997,4.54997
867,219604,219604,219604,18.485,18.485,18.485,834.909,834.909,834.909,6.34698e+06,6.34698e+06,6.34698e+06,3.58029e+06,3.58029e+06,3.58029e+06,223.464,223.464,223.464,17878,17878,17878,410559,410559,410559,15383.2,15383.2,15383.2,192947,192947,192947,9.12006e+06,9.12006e+06,9.12006e+06,0.0462862,0.0462862,0.0462862,3.50298,3.50298,3.50298,4.54997,4.54997,4.54997
868,219604,219604,219604,18.485,18.485,18.485,834.909,834.909,834.909,6.34698e+06,6.34698e+06,6.34698e+06,3.58029e+06,3.58029e+06,3.58029e+06,223.464,223.464,223.464,17878,17878,17878,410559,410559,410559,15383.2,15383.2,15383.2,192947,192947,192947,9.12006e+06,9.12006e+06,9.12006e+06,0.0462862,0.0462862,0.0462862,3.50298,3.50298,3.50298,4.54997,4.54997,4.54997
869,219604,219604,219604,18.485,18.485,18.485,834.909,834.909,834.909,6.34698e+06,6.34698e+06,6.34698e+06,3.58029e+06,3.58029e+06,3.58029e+06,223.464,223.464,223.464,17878,17878,17878,410559,410559,410559,15383.2,15383.2,15383.2,192947,192947,192947,9.12006e+06,9.12006e+06,9.12006e+06,0.0462862,0.0462862,0.0462862,3.50298,3.50298,3.50298,4.54997,4.54997,4.54997
870,219604,219604,219604,18.485,18.485,18.485,834.909,834.909,834.909,6.34698e+06,6.34698e+06,6.34698e+06,3.58029e+06,3.58029e+06,3.58029e+06,223.464,223.464,223.464,17878,17878,17878,410559,410559,410559,15383.2,15383.2,15383.2,192947,192947,192947,9.12006e+06,9.12006e+06,9.12006e+06,0.0462862,0.0462862,0.0462862,3.50298,3.50298,3.50298,4.54997,4.54997,4.54997
871,219604,219604,219604,18.485,18.485,18.485,834.909,834.909,834.909,6.34698e+06,6.34698e+06,6.34698e+06,3.58029e+06,3.58029e+06,3.58029e+06,223.464,223.464,223.464,17878,17878,17878,410559,410559,410559,15383.2,15383.2,15383.2,192947,192947,192947,9.12006e+06,9.12006e+06,9.12006e+06,0.0462862,0.0462862,0.0462862,3.50298,3.50298,3.50298,4.54997,4.54997,4.54997
872,219604,219604,219604,18.485,18.485,18.485,834.909,834.909,834.909,6.34698e+06,6.34698e+06,6.34698e+06,3.58029e+06,3.58029e+06,3.58029e+06,223.464,223.464,223.464,17878,17878,17878,410559,410559,410559,15383.2,15383.2,15383.2,192947,192947,192947,9.12006e+06,9.12006e+06,9.12006e+06,0.0462862,0.0462862,0.0462862,3.50298,3.50298,3.50298,4.54997,4.54997,4.54997
873,219604,219604,219604,18.485,18.485,18.485,834.909,834.909,834.909,6.34698e+06,6.34698e+06,6.34698e+06,3.58029e+06,3.58029e+06,3.58029e+06,223.464,223.464,223.464,17878,17878,17878,410559,410559,410559,15383.2,15383.2,15383.2,192947,192947,192947,9.12006e+06,9.12006e+06,9.12006e+06,0.0462862,0.0462862,0.0462862,3.50298,3.50298,3.50298,4.54997,4.54997,4.54997
874,219604,219604,219604,18.485,18.485,18.485,834.909,834.909,834.909,6.34698e+06,6.34698e+06,6.34698e+06,3.58029e+06,3.58029e+06,3.58029e+06,223.464,223.464,223.464,17878,17878,17878,410559,410559,410559,15383.2,15383.2,15383.2,192947,192947,192947,9.12006e+06,9.12006e+06,9.12006e+06,0.0462862,0.0462862,0.0462862,3.50298,3.50298,3.50298,4.54997,4.54997,4.54997
875,219604,219604,219604,18.485,18.485,18.485,834.909,834.909,834.909,6.34698e+06,6.34698e+06,6.34698e+06,3.58029e+06,3.58029e+06,3.58029e+06,223.464,223.464,223.464,17878,17878,17878,410559,410559,410559,15383.2,15383.2,15383.2,192947,192947,192947,9.12006e+06,9.12006e+06,9.12006e+06,0.0462862,0.0462862,0.0462862,3.50298,3.50298,3.50298,4.54997,4.54997,4.54997
876,219604,219604,219604,18.485,18.485,18.485,834.909,834.909,834.909,6.34698e+06,6.34698e+06,6.34698e+06,3.58029e+06,3.58029e+06,3.58029e+06,223.464,223.464,223.464,17878,17878,17878,410559,410559,410559,15383.2,15383.2,15383.2,192947,192947,192947,9.12006e+06,9.12006e+06,9.12006e+06,0.0462862,0.0462862,0.0462862,3.50298,3.50298,3.50298,4.54997,4.54997,4.54997
877,219604,219604,219604,18.485,18.485,18.485,834.909,834.909,834.909,6.34698e+06,6.34698e+06,6.34698e+06,3.58029e+06,3.58029e+06,3.58029e+06,223.464,223.464,223.464,17878,17878,17878,410559,410559,410559,15383.2,15383.2,15383.2,192947,192947,192947,9.12006e+06,9.12006e+06,9.12006e+06,0.0462862,0.0462862,0.0462862,3.50298,3.50298,3.50298,4.54997,4.54997,4.54997
878,219604,219604,219604,18.485,18.485,18.485,834.909,834.909,834.909,6.34698e+06,6.34698e+06,6.34698e+06,3.58029e+06,3.58029e+06,3.58029e+06,223.464,223.464,223.464,17878,17878,17878,410559,410559,410559,15383.2,15383.2,15383.2,192947,192947,192947,9.12006e+06,9.12006e+06,9.12006e+06,0.0462862,0.0462862,0.0462862,3.50298,3.50298,3.50298,4.54997,4.54997,4.54997
879,219604,219604,219604,18.485,18.485,18.485,834.909,834.909,834.909,6.34698e+06,6.34698e+06,6.34698e+06,3.58029e+06,3.58029e+06,3.58029e+06,223.464,223.464,223.464,17878,17878,17878,410559,410559,410559,15383.2,15383.2,15383.2,192947,192947,192947,9.12006e+06,9.12006e+06,9.12006e+06,0.0462862,0.0462862,0.0462862,3.50298,3.50298,3.50298,4.54997,4.54997,4.54997
880,219604,219604,219604,18.485,18.485,18.485,834.909,834.909,834.909,6.34698e+06,6.34698e+06,6.34698e+06,3.58029e+06,3.58029e+06,3.58029e+06,223.464,223.464,223.464,17878,17878,17878,410559,410559,410559,15383.2,15383.2,15383.2,192947,192947,192947,9.12006e+06,9.12006e+06,9.12006e+06,0.0462862,0.0462862,0.0462862,3.50298,3.50298,3.50298,4.54997,4.54997,4.54997
881,219604,219604,219604,18.485,18.485,18.485,834.909,834.909,834.909,6.34698e+06,6.34698e+06,6.34698e+06,3.58029e+06,3.58029e+06,3.58029e+06,223.464,223.464,223.464,17878,17878,17878,410559,410559,410559,15383.2,15383.2,15383.2,192947,192947,192947,9.12006e+06,9.12006e+06,9.12006e+06,0.0462862,0.0462862,0.0462862,3.50298,3.50298,3.50298,4.54997,4.54997,4.54997
882,219604,219604,219604,18.485,18.485,18.485,834.909,834.909,834.909,6.34698e+06,6.34698e+06,6.34698e+06,3.58029e+06,3.58029e+06,3.58029e+06,223.464,223.464,223.464,17878,17878,17878,410559,410559,410559,15383.2,15383.2,15383.2,192947,192947,192947,9.12006e+06,9.12006e+06,9.12006e+06,0.0462862,0.0462862,0.0462862,3.50298,3.50298,3.50298,4.54997,4.54997,4.54997
883,219604,219604,219604,18.485,18.485,18.485,834.909,834.909,834.909,6.34698e+06,6.34698e+06,6.34698e+06,3.58029e+06,3.58029e+06,3.58029e+06,223.464,223.464,223.464,17878,17878,17878,410559,410559,410559,15383.2,15383.2,15383.2,192947,192947,192947,9.12006e+06,9.12006e+06,9.12006e+06,0.0462862,0.0462862,0.0462862,3.50298,3.50298,3.50298,4.54997,4.54997,4.54997
884,219604,219604,219604,18.485,18.485,18.485,834.909,834.909,834.909,6.34698e+06,6.34698e+06,6.34698e+06,3.58029e+06,3.58029e+06,3.58029e+06,223.464,223.464,223.464,17878,17878,17878,410559,410559,410559,15383.2,15383.2,15383.2,192947,192947,192947,9.12006e+06,9.12006e+06,9.12006e+06,0.0462862,0.0462862,0.0462862,3.50298,3.50298,3.50298,4.54997,4.54997,4.54997
885,219604,219604,219604,18.485,18.485,18.485,834.909,834.909,834.909,6.34698e+06,6.34698e+06,6.34698e+06,3.58029e+06,3.58029e+06,3.58029e+06,223.464,223.464,223.464,17878,17878,17878,410559,410559,410559,15383.2,15383.2,15383.2,192947,192947,192947,9.12006e+06,9.12006e+06,9.12006e+06,0.0462862,0.0462862,0.0462862,3.50298,3.50298,3.50298,4.54997,4.54997,4.54997
886,219604,219604,219604,18.485,18.485,18.485,834.909,834.909,834.909,6.34698e+06,6.34698e+06,6.34698e+06,3.58029e+06,3.58029e+06,3.58029e+06,223.464,223.464,223.464,17878,17878,17878,410559,410559,410559,15383.2,15383.2,15383.2,192947,192947,192947,9.12006e+06,9.12006e+06,9.12006e+06,0.0462862,0.0462862,0.0462862,3.50298,3.50298,3.50298,4.54997,4.54997,4.54997
887,219604,219604,219604,18.485,18.485,18.485,834.909,834.909,834.909,6.34698e+06,6.34698e+06,6.34698e+06,3.58029e+06,3.58029e+06,3.58029e+06,223.464,223.464,223.464,17878,17878,17878,410559,410559,410559,15383.2,15383.2,15383.2,192947,192947,192947,9.12006e+06,9.12006e+06,9.12006e+06,0.0462862,0.0462862,0.0462862,3.50298,3.50298,3.50298,4.54997,4.54997,4.54997
888,219604,219604,219604,18.485,18.485,18.485,834.909,834.909,834.909,6.34698e+06,6.34698e+06,6.34698e+06,3.58029e+06,3.58029e+06,3.58029e+06,223.464,223.464,223.464,17878,17878,17878,410559,410559,410559,15383.2,15383.2,15383.2,192947,192947,192947,9.12006e+06,9.12006e+06,9.12006e+06,0.0462862,0.0462862,0.0462862,3.50298,3.50298,3.50298,4.54997,4.54997,4.54997
889,219604,219604,219604,18.485,18.485,18.485,834.909,834.909,834.909,6.34698e+06,6.34698e+06,6.34698e+06,3.58029e+06,3.58029e+06,3.58029e+06,223.464,223.464,223.464,17878,17878,17878,410559,410559,410559,15383.2,15383.2,15383.2,192947,192947,192947,9.12006e+06,9.12006e+06,9.12006e+06,0.0462862,0.0462862,0.0462862,3.50298,3.50298,3.50298,4.54997,4.54997,4.54997
890,219604,219604,219604,18.485,18.485,18.485,834.909,834.909,834.909,6.34698e+06,6.34698e+06,6.34698e+06,3.58029e+06,3.58029e+06,3.58029e+06,223.464,223.464,223.464,17878,17878,17878,410559,410559,410559,15383.2,15383.2,15383.2,192947,192947,192947,9.12006e+06,9.12006e+06,9.12006e+06,0.0462862,0.0462862,0.0462862,3.50298,3.50298,3.50298,4.54997,4.54997,4.54997
891,219604,219604,219604,18.485,18.485,18.485,834.909,834.909,834.909,6.34698e+06,6.34698e+06,6.34698e+06,3.58029e+06,3.58029e+06,3.58029e+06,223.464,223.464,223.464,17878,17878,17878,410559,410559,410559,15383.2,15383.2,15383.2,192947,192947,192947,9.12006e+06,9.12006e+06,9.12006e+06,0.0462862,0.0462862,0.0462862,3.50298,3.50298,3.50298,4.54997,4.54997,4.54997
892,219604,219604,219604,18.485,18.485,18.485,834.909,834.909,834.909,6.34698e+06,6.34698e+06,6.34698e+06,3.58029e+06,3.58029e+06,3.58029e+06,223.464,223.464,223.464,17878,17878,17878,410559,410559,410559,15383.2,15383.2,15383.2,192947,192947,192947,9.12006e+06,9.12006e+06,9.12006e+06,0.0462862,0.0462862,0.0462862,3.50298,3.50298,3.50298,4.54997,4.54997,4.54997
893,219604,219604,219604,18.485,18.485,18.485,834.909,834.909,834.909,6.34698e+06,6.34698e+06,6.34698e+06,3.58029e+06,3.58029e+06,3.58029e+06,223.464,223.464,223.464,17878,17878,17878,410559,410559,410559,15383.2,15383.2,15383.2,192947,192947,192947,9.12006e+06,9.12006e+06,9.12006e+06,0.0462862,0.0462862,0.0462862,3.50298,3.50298,3.50298,4.54997,4.54997,4.54997
894,219604,219604,219604,18.485,18.485,18.485,834.909,834.909,834.909,6.34698e+06,6.34698e+06,6.34698e+06,3.58029e+06,3.58029e+06,3.58029e+06,223.464,223.464,223.464,17878,17878,17878,410559,410559,410559,15383.2,15383.2,15383.2,192947,192947,192947,9.12006e+06,9.12006e+06,9.12006e+06,0.0462862,0.0462862,0.0462862,3.50298,3.50298,3.50298,4.54997,4.54997,4.54997
895,219604,219604,219604,18.485,18.485,18.485,834.909,834.909,834.909,6.34698e+06,6.34698e+06,6.34698e+06,3.58029e+06,3.58029e+06,3.58029e+06,223.464,223.464,223.464,17878,17878,17878,410559,410559,410559,15383.2,15383.2,15383.2,192947,192947,192947,9.12006e+06,9.12006e+06,9.12006e+06,0.0462862,0.0462862,0.0462862,3.50298,3.50298,3.50298,4.54997,4.54997,4.54997
896,219604,219604,219604,18.485,18.485,18.485,834.909,834.909,834.909,6.34698e+06,6.34698e+06,6.34698e+06,3.58029e+06,3.58029e+06,3.58029e+06,223.464,223.464,223.464,17878,17878,17878,410559,410559,410559,15383.2,15383.2,15383.2,192947,192947,192947,9.12006e+06,9.12006e+06,9.12006e+06,0.0462862,0.0462862,0.0462862,3.50298,3.50298,3.50298,4.54997,4.54997,4.54997
897,219604,219604,219604,18.485,18.485,18.485,834.909,834.909,834.909,6.34698e+06,6.34698e+06,6.34698e+06,3.58029e+06,3.58029e+06,3.58029e+06,223.464,223.464,223.464,17878,17878,17878,410559,410559,410559,15383.2,15383.2,15383.2,192947,192947,192947,9.12006e+06,9.12006e+06,9.12006e+06,0.0462862,0.0462862,0.0462862,3.50298,3.50298,3.50298,4.54997,4.54997,4.54997
898,219604,219604,219604,18.485,18.485,18.485,834.909,834.909,834.909,6.34698e+06,6.34698e+06,6.34698e+06,3.58029e+06,3.58029e+06,3.58029e+06,223.464,223.464,223.464,17878,17878,17878,410559,410559,410559,15383.2,15383.2,15383.2,192947,192947,192947,9.12006e+06,9.12006e+06,9.12006e+06,0.0462862,0.0462862,0.0462862,3.50298,3.50298,3.50298,4.54997,4.54997,4.54997
899,219604,219604,219604,18.485,18.485,18.485,834.909,834.909,834.909,6.34698e+06,6.34698e+06,6.34698e+06,3.58029e+06,3.58029e+06,3.58029e+06,223.464,223.464,223.464,17878,17878,17878,410559,410559,410559,15383.2,15383.2,15383.2,192947,192947,192947,9.12006e+06,9.12006e+06,9.12006e+06,0.0462862,0.0462862,0.0462862,3.50298,3.50298,3.50298,4.54997,4.54997,4.54997
900,219604,219604,219604,18.485,18.485,18.485,834.909,834.909,834.909,6.34698e+06,6.34698e+06,6.34698e+06,3.58029e+06,3.58029e+06,3.58029e+06,223.464,223.464,223.464,17878,17878,17878,410559,410559,410559,15383.2,15383.2,15383.2,192947,192947,192947,9.12006e+06,9.12006e+06,9.12006e+06,0.0462862,0.0462862,0.0462862,3.50298,3.50298,3.50298,4.54997,4.54997,4.54997
901,219604,219604,219604,18.485,18.485,18.485,834.909,834.909,834.909,6.34698e+06,6.34698e+06,6.34698e+06,3.58029e+06,3.58029e+06,3.58029e+06,223.464,223.464,223.464,17878,17878,17878,410559,410559,410559,15383.2,15383.2,15383.2,192947,192947,192947,9.12006e+06,9.12006e+06,9.12006e+06,0.0462862,0.0462862,0.0462862,3.50298,3.50298,3.50298,4.54997,4.54997,4.54997
902,219604,219604,219604,18.485,18.485,18.485,834.909,834.909,834.909,6.34698e+06,6.34698e+06,6.34698e+06,3.58029e+06,3.58029e+06,3.58029e+06,223.464,223.464,223.464,17878,17878,17878,410559,410559,410559,15383.2,15383.2,15383.2,192947,192947,192947,9.12006e+06,9.12006e+06,9.12006e+06,0.0462862,0.0462862,0.0462862,3.50298,3.50298,3.50298,4.54997,4.54997,4.54997
903,219604,219604,219604,18.485,18.485,18.485,834.909,834.909,834.909,6.34698e+06,6.34698e+06,6.34698e+06,3.58029e+06,3.58029e+06,3.58029e+06,223.464,223.464,223.464,17878,17878,17878,410559,410559,410559,15383.2,15383.2,15383.2,192947,192947,192947,9.12006e+06,9.12006e+06,9.12006e+06,0.0462862,0.0462862,0.0462862,3.50298,3.50298,3.50298,4.54997,4.54997,4.54997
904,219604,219604,219604,18.485,18.485,18.485,834.909,834.909,834.909,6.34698e+06,6.34698e+06,6.34698e+06,3.58029e+06,3.58029e+06,3.58029e+06,223.464,223.464,223.464,17878,17878,17878,410559,410559,410559,15383.2,15383.2,15383.2,192947,192947,192947,9.12006e+06,9.12006e+06,9.12006e+06,0.0462862,0.0462862,0.0462862,3.50298,3.50298,3.50298,4.54997,4.54997,4.54997
905,219604,219604,219604,18.485,18.485,18.485,834.909,834.909,834.909,6.34698e+06,6.34698e+06,6.34698e+06,3.58029e+06,3.58029e+06,3.58029e+06,223.464,223.464,223.464,17878,17878,17878,410559,410559,410559,15383.2,15383.2,15383.2,192947,192947,192947,9.12006e+06,9.12006e+06,9.12006e+06,0.0462862,0.0462862,0.0462862,3.50298,3.50298,3.50298,4.54997,4.54997,4.54997
906,219604,219604,219604,18.485,18.485,18.485,834.909,834.909,834.909,6.34698e+06,6.34698e+06,6.34698e+06,3.58029e+06,3.58029e+06,3.58029e+06,223.464,223.464,223.464,17878,17878,17878,410559,410559,410559,15383.2,15383.2,15383.2,192947,192947,192947,9.12006e+06,9.12006e+06,9.12006e+06,0.0462862,0.0462862,0.0462862,3.50298,3.50298,3.50298,4.54997,4.54997,4.54997
907,219604,219604,219604,18.485,18.485,18.485,834.909,834.909,834.909,6.34698e+06,6.34698e+06,6.34698e+06,3.58029e+06,3.58029e+06,3.58029e+06,223.464,223.464,223.464,17878,17878,17878,410559,410559,410559,15383.2,15383.2,15383.2,192947,192947,192947,9.12006e+06,9.12006e+06,9.12006e+06,0.0462862,0.0462862,0.0462862,3.50298,3.50298,3.50298,4.54997,4.54997,4.54997
908,219604,219604,219604,18.485,18.485,18.485,834.909,834.909,834.909,6.34698e+06,6.34698e+06,6.34698e+06,3.58029e+06,3.58029e+06,3.58029e+06,223.464,223.464,223.464,17878,17878,17878,410559,410559,410559,15383.2,15383.2,15383.2,192947,192947,192947,9.12006e+06,9.12006e+06,9.12006e+06,0.0462862,0.0462862,0.0462862,3.50298,3.50298,3.50298,4.54997,4.54997,4.54997
909,219604,219604,219604,18.485,18.485,18.485,834.909,834.909,834.909,6.34698e+06,6.34698e+06,6.34698e+06,3.58029e+06,3.58029e+06,3.58029e+06,223.464,223.464,223.464,17878,17878,17878,410559,410559,410559,15383.2,15383.2,15383.2,192947,192947,192947,9.12006e+06,9.12006e+06,9.12006e+06,0.0462862,0.0462862,0.0462862,3.50298,3.50298,3.50298,4.54997,4.54997,4.54997
910,219604,219604,219604,18.485,18.485,18.485,834.909,834.909,834.909,6.34698e+06,6.34698e+06,6.34698e+06,3.58029e+06,3.58029e+06,3.58029e+06,223.464,223.464,223.464,17878,17878,17878,410559,410559,410559,15383.2,15383.2,15383.2,192947,192947,192947,9.12006e+06,9.12006e+06,9.12006e+06,0.0462862,0.0462862,0.0462862,3.50298,3.50298,3.50298,4.54997,4.54997,4.54997
911,219604,219604,219604,18.485,18.485,18.485,834.909,834.909,834.909,6.34698e+06,6.34698e+06,6.34698e+06,3.58029e+06,3.58029e+06,3.58029e+06,223.464,223.464,223.464,17878,17878,17878,410559,410559,410559,15383.2,15383.2,15383.2,192947,192947,192947,9.12006e+06,9.12006e+06,9.12006e+06,0.0462862,0.0462862,0.0462862,3.50298,3.50298,3.50298,4.54997,4.54997,4.54997
912,219604,219604,219604,18.485,18.485,18.485,834.909,834.909,834.909,6.34698e+06,6.34698e+06,6.34698e+06,3.58029e+06,3.58029e+06,3.58029e+06,223.464,223.464,223.464,17878,17878,17878,410559,410559,410559,15383.2,15383.2,15383.2,192947,192947,192947,9.12006e+06,9.12006e+06,9.12006e+06,0.0462862,0.0462862,0.0462862,3.50298,3.50298,3.50298,4.54997,4.54997,4.54997
913,219604,219604,219604,18.485,18.485,18.485,834.909,834.909,834.909,6.34698e+06,6.34698e+06,6.34698e+06,3.58029e+06,3.58029e+06,3.58029e+06,223.464,223.464,223.464,17878,17878,17878,410559,410559,410559,15383.2,15383.2,15383.2,192947,192947,192947,9.12006e+06,9.12006e+06,9.12006e+06,0.0462862,0.0462862,0.0462862,3.50298,3.50298,3.50298,4.54997,4.54997,4.54997
914,219604,219604,219604,18.485,18.485,18.485,834.909,834.909,834.909,6.34698e+06,6.34698e+06,6.34698e+06,3.58029e+06,3.58029e+06,3.58029e+06,223.464,223.464,223.464,17878,17878,17878,410559,410559,410559,15383.2,15383.2,15383.2,192947,192947,192947,9.12006e+06,9.12006e+06,9.12006e+06,0.0462862,0.0462862,0.0462862,3.50298,3.50298,3.50298,4.54997,4.54997,4.54997
915,219604,219604,219604,18.485,18.485,18.485,834.909,834.909,834.909,6.34698e+06,6.34698e+06,6.34698e+06,3.58029e+06,3.58029e+06,3.58029e+06,223.464,223.464,223.464,17878,17878,17878,410559,410559,410559,15383.2,15383.2,15383.2,192947,192947,192947,9.12006e+06,9.12006e+06,9.12006e+06,0.0462862,0.0462862,0.0462862,3.50298,3.50298,3.50298,4.54997,4.54997,4.54997
916,219604,219604,219604,18.485,18.485,18.485,834.909,834.909,834.909,6.34698e+06,6.34698e+06,6.34698e+06,3.58029e+06,3.58029e+06,3.58029e+06,223.464,223.464,223.464,17878,17878,17878,410559,410559,410559,15383.2,15383.2,15383.2,192947,192947,192947,9.12006e+06,9.12006e+06,9.12006e+06,0.0462862,0.0462862,0.0462862,3.50298,3.50298,3.50298,4.54997,4.54997,4.54997
917,219604,219604,219604,18.485,18.485,18.485,834.909,834.909,834.909,6.34698e+06,6.34698e+06,6.34698e+06,3.58029e+06,3.58029e+06,3.58029e+06,223.464,223.464,223.464,17878,17878,17878,410559,410559,410559,15383.2,15383.2,15383.2,192947,192947,192947,9.12006e+06,9.12006e+06,9.12006e+06,0.0462862,0.0462862,0.0462862,3.50298,3.50298,3.50298,4.54997,4.54997,4.54997
918,219604,219604,219604,18.485,18.485,18.485,834.909,834.909,834.909,6.34698e+06,6.34698e+06,6.34698e+06,3.58029e+06,3.58029e+06,3.58029e+06,223.464,223.464,223.464,17878,17878,17878,410559,410559,410559,15383.2,15383.2,15383.2,192947,192947,192947,9.12006e+06,9.12006e+06,9.12006e+06,0.0462862,0.0462862,0.0462862,3.50298,3.50298,3.50298,4.54997,4.54997,4.54997
919,219604,219604,219604,18.485,18.485,18.485,834.909,834.909,834.909,6.34698e+06,6.34698e+06,6.34698e+06,3.58029e+06,3.58029e+06,3.58029e+06,223.464,223.464,223.464,17878,17878,17878,410559,410559,410559,15383.2,15383.2,15383.2,192947,192947,192947,9.12006e+06,9.12006e+06,9.12006e+06,0.0462862,0.0462862,0.0462862,3.50298,3.50298,3.50298,4.54997,4.54997,4.54997
920,219604,219604,219604,18.485,18.485,18.485,834.909,834.909,834.909,6.34698e+06,6.34698e+06,6.34698e+06,3.58029e+06,3.58029e+06,3.58029e+06,223.464,223.464,223.464,17878,17878,17878,410559,410559,410559,15383.2,15383.2,15383.2,192947,192947,192947,9.12006e+06,9.12006e+06,9.12006e+06,0.0462862,0.0462862,0.0462862,3.50298,3.50298,3.50298,4.54997,4.54997,4.54997
921,219604,219604,219604,18.485,18.485,18.485,834.909,834.909,834.909,6.34698e+06,6.34698e+06,6.34698e+06,3.58029e+06,3.58029e+06,3.58029e+06,223.464,223.464,223.464,17878,17878,17878,410559,410559,410559,15383.2,15383.2,15383.2,192947,192947,192947,9.12006e+06,9.12006e+06,9.12006e+06,0.0462862,0.0462862,0.0462862,3.50298,3.50298,3.50298,4.54997,4.54997,4.54997
922,219604,219604,219604,18.485,18.485,18.485,834.909,834.909,834.909,6.34698e+06,6.34698e+06,6.34698e+06,3.58029e+06,3.58029e+06,3.58029e+06,223.464,223.464,223.464,17878,17878,17878,410559,410559,410559,15383.2,15383.2,15383.2,192947,192947,192947,9.12006e+06,9.12006e+06,9.12006e+06,0.0462862,0.0462862,0.0462862,3.50298,3.50298,3.50298,4.54997,4.54997,4.54997
923,219604,219604,219604,18.485,18.485,18.485,834.909,834.909,834.909,6.34698e+06,6.34698e+06,6.34698e+06,3.58029e+06,3.58029e+06,3.58029e+06,223.464,223.464,223.464,17878,17878,17878,410559,410559,410559,15383.2,15383.2,15383.2,192947,192947,192947,9.12006e+06,9.12006e+06,9.12006e+06,0.0462862,0.0462862,0.0462862,3.50298,3.50298,3.50298,4.54997,4.54997,4.54997
924,219604,219604,219604,18.485,18.485,18.485,834.909,834.909,834.909,6.34698e+06,6.34698e+06,6.34698e+06,3.58029e+06,3.58029e+06,3.58029e+06,223.464,223.464,223.464,17878,17878,17878,410559,410559,410559,15383.2,15383.2,15383.2,192947,192947,192947,9.12006e+06,9.12006e+06,9.12006e+06,0.0462862,0.0462862,0.0462862,3.50298,3.50298,3.50298,4.54997,4.54997,4.54997
925,219604,219604,219604,18.485,18.485,18.485,834.909,834.909,834.909,6.34698e+06,6.34698e+06,6.34698e+06,3.58029e+06,3.58029e+06,3.58029e+06,223.464,223.464,223.464,17878,17878,17878,410559,410559,410559,15383.2,15383.2,15383.2,192947,192947,192947,9.12006e+06,9.12006e+06,9.12006e+06,0.0462862,0.0462862,0.0462862,3.50298,3.50298,3.50298,4.54997,4.54997,4.54997
926,219604,219604,219604,18.485,18.485,18.485,834.909,834.909,834.909,6.34698e+06,6.34698e+06,6.34698e+06,3.58029e+06,3.58029e+06,3.58029e+06,223.464,223.464,223.464,17878,17878,17878,410559,410559,410559,15383.2,15383.2,15383.2,192947,192947,192947,9.12006e+06,9.12006e+06,9.12006e+06,0.0462862,0.0462862,0.0462862,3.50298,3.50298,3.50298,4.54997,4.54997,4.54997
927,219604,219604,219604,18.485,18.485,18.485,834.909,834.909,834.909,6.34698e+06,6.34698e+06,6.34698e+06,3.58029e+06,3.58029e+06,3.58029e+06,223.464,223.464,223.464,17878,17878,17878,410559,410559,410559,15383.2,15383.2,15383.2,192947,192947,192947,9.12006e+06,9.12006e+06,9.12006e+06,0.0462862,0.0462862,0.0462862,3.50298,3.50298,3.50298,4.54997,4.54997,4.54997
928,219604,219604,219604,18.485,18.485,18.485,834.909,834.909,834.909,6.34698e+06,6.34698e+06,6.34698e+06,3.58029e+06,3.58029e+06,3.58029e+06,223.464,223.464,223.464,17878,17878,17878,410559,410559,410559,15383.2,15383.2,15383.2,192947,192947,192947,9.12006e+06,9.12006e+06,9.12006e+06,0.0462862,0.0462862,0.0462862,3.50298,3.50298,3.50298,4.54997,4.54997,4.54997
929,219604,219604,219604,18.485,18.485,18.485,834.909,834.909,834.909,6.34698e+06,6.34698e+06,6.34698e+06,3.58029e+06,3.58029e+06,3.58029e+06,223.464,223.464,223.464,17878,17878,17878,410559,410559,410559,15383.2,15383.2,15383.2,192947,192947,192947,9.12006e+06,9.12006e+06,9.12006e+06,0.0462862,0.0462862,0.0462862,3.50298,3.50298,3.50298,4.54997,4.54997,4.54997
930,219604,219604,219604,18.485,18.485,18.485,834.909,834.909,834.909,6.34698e+06,6.34698e+06,6.34698e+06,3.58029e+06,3.58029e+06,3.58029e+06,223.464,223.464,223.464,17878,17878,17878,410559,410559,410559,15383.2,15383.2,15383.2,192947,192947,192947,9.12006e+06,9.12006e+06,9.12006e+06,0.0462862,0.0462862,0.0462862,3.50298,3.50298,3.50298,4.54997,4.54997,4.54997
931,219604,219604,219604,18.485,18.485,18.485,834.909,834.909,834.909,6.34698e+06,6.34698e+06,6.34698e+06,3.58029e+06,3.58029e+06,3.58029e+06,223.464,223.464,223.464,17878,17878,17878,410559,410559,410559,15383.2,15383.2,15383.2,192947,192947,192947,9.12006e+06,9.12006e+06,9.12006e+06,0.0462862,0.0462862,0.0462862,3.50298,3.50298,3.50298,4.54997,4.54997,4.54997
932,219604,219604,219604,18.485,18.485,18.485,834.909,834.909,834.909,6.34698e+06,6.34698e+06,6.34698e+06,3.58029e+06,3.58029e+06,3.58029e+06,223.464,223.464,223.464,17878,17878,17878,410559,410559,410559,15383.2,15383.2,15383.2,192947,192947,192947,9.12006e+06,9.12006e+06,9.12006e+06,0.0462862,0.0462862,0.0462862,3.50298,3.50298,3.50298,4.54997,4.54997,4.54997
933,219604,219604,219604,18.485,18.485,18.485,834.909,834.909,834.909,6.34698e+06,6.34698e+06,6.34698e+06,3.58029e+06,3.58029e+06,3.58029e+06,223.464,223.464,223.464,17878,17878,17878,410559,410559,410559,15383.2,15383.2,15383.2,192947,192947,192947,9.12006e+06,9.12006e+06,9.12006e+06,0.0462862,0.0462862,0.0462862,3.50298,3.50298,3.50298,4.54997,4.54997,4.54997
934,219604,219604,219604,18.485,18.485,18.485,834.909,834.909,834.909,6.34698e+06,6.34698e+06,6.34698e+06,3.58029e+06,3.58029e+06,3.58029e+06,223.464,223.464,223.464,17878,17878,17878,410559,410559,410559,15383.2,15383.2,15383.2,192947,192947,192947,9.12006e+06,9.12006e+06,9.12006e+06,0.0462862,0.0462862,0.0462862,3.50298,3.50298,3.50298,4.54997,4.54997,4.54997
935,219604,219604,219604,18.485,18.485,18.485,834.909,834.909,834.909,6.34698e+06,6.34698e+06,6.34698e+06,3.58029e+06,3.58029e+06,3.58029e+06,223.464,223.464,223.464,17878,17878,17878,410559,410559,410559,15383.2,15383.2,15383.2,192947,192947,192947,9.12006e+06,9.12006e+06,9.12006e+06,0.0462862,0.0462862,0.0462862,3.50298,3.50298,3.50298,4.54997,4.54997,4.54997
936,219604,219604,219604,18.485,18.485,18.485,834.909,834.909,834.909,6.34698e+06,6.34698e+06,6.34698e+06,3.58029e+06,3.58029e+06,3.58029e+06,223.464,223.464,223.464,17878,17878,17878,410559,410559,410559,15383.2,15383.2,15383.2,192947,192947,192947,9.12006e+06,9.12006e+06,9.12006e+06,0.0462862,0.0462862,0.0462862,3.50298,3.50298,3.50298,4.54997,4.54997,4.54997
937,219604,219604,219604,18.485,18.485,18.485,834.909,834.909,834.909,6.34698e+06,6.34698e+06,6.34698e+06,3.58029e+06,3.58029e+06,3.58029e+06,223.464,223.464,223.464,17878,17878,17878,410559,410559,410559,15383.2,15383.2,15383.2,192947,192947,192947,9.12006e+06,9.12006e+06,9.12006e+06,0.0462862,0.0462862,0.0462862,3.50298,3.50298,3.50298,4.54997,4.54997,4.54997
938,219604,219604,219604,18.485,18.485,18.485,834.909,834.909,834.909,6.34698e+06,6.34698e+06,6.34698e+06,3.58029e+06,3.58029e+06,3.58029e+06,223.464,223.464,223.464,17878,17878,17878,410559,410559,410559,15383.2,15383.2,15383.2,192947,192947,192947,9.12006e+06,9.12006e+06,9.12006e+06,0.0462862,0.0462862,0.0462862,3.50298,3.50298,3.50298,4.54997,4.54997,4.54997
939,219604,219604,219604,18.485,18.485,18.485,834.909,834.909,834.909,6.34698e+06,6.34698e+06,6.34698e+06,3.58029e+06,3.58029e+06,3.58029e+06,223.464,223.464,223.464,17878,17878,17878,410559,410559,410559,15383.2,15383.2,15383.2,192947,192947,192947,9.12006e+06,9.12006e+06,9.12006e+06,0.0462862,0.0462862,0.0462862,3.50298,3.50298,3.50298,4.54997,4.54997,4.54997
940,219604,219604,219604,18.485,18.485,18.485,834.909,834.909,834.909,6.34698e+06,6.34698e+06,6.34698e+06,3.58029e+06,3.58029e+06,3.58029e+06,223.464,223.464,223.464,17878,17878,17878,410559,410559,410559,15383.2,15383.2,15383.2,192947,192947,192947,9.12006e+06,9.12006e+06,9.12006e+06,0.0462862,0.0462862,0.0462862,3.50298,3.50298,3.50298,4.54997,4.54997,4.54997
941,219604,219604,219604,18.485,18.485,18.485,834.909,834.909,834.909,6.34698e+06,6.34698e+06,6.34698e+06,3.58029e+06,3.58029e+06,3.58029e+06,223.464,223.464,223.464,17878,17878,17878,410559,410559,410559,15383.2,15383.2,15383.2,192947,192947,192947,9.12006e+06,9.12006e+06,9.12006e+06,0.0462862,0.0462862,0.0462862,3.50298,3.50298,3.50298,4.54997,4.54997,4.54997
942,219604,219604,219604,18.485,18.485,18.485,834.909,834.909,834.909,6.34698e+06,6.34698e+06,6.34698e+06,3.58029e+06,3.58029e+06,3.58029e+06,223.464,223.464,223.464,17878,17878,17878,410559,410559,410559,15383.2,15383.2,15383.2,192947,192947,192947,9.12006e+06,9.12006e+06,9.12006e+06,0.0462862,0.0462862,0.0462862,3.50298,3.50298,3.50298,4.54997,4.54997,4.54997
943,219604,219604,219604,18.485,18.485,18.485,834.909,834.909,834.909,6.34698e+06,6.34698e+06,6.34698e+06,3.58029e+06,3.58029e+06,3.58029e+06,223.464,223.464,223.464,17878,17878,17878,410559,410559,410559,15383.2,15383.2,15383.2,192947,192947,192947,9.12006e+06,9.12006e+06,9.12006e+06,0.0462862,0.0462862,0.0462862,3.50298,3.50298,3.50298,4.54997,4.54997,4.54997
944,219604,219604,219604,18.485,18.485,18.485,834.909,834.909,834.909,6.34698e+06,6.34698e+06,6.34698e+06,3.58029e+06,3.58029e+06,3.58029e+06,223.464,223.464,223.464,17878,17878,17878,410559,410559,410559,15383.2,15383.2,15383.2,192947,192947,192947,9.12006e+06,9.12006e+06,9.12006e+06,0.0462862,0.0462862,0.0462862,3.50298,3.50298,3.50298,4.54997,4.54997,4.54997
945,219604,219604,219604,18.485,18.485,18.485,834.909,834.909,834.909,6.34698e+06,6.34698e+06,6.34698e+06,3.58029e+06,3.58029e+06,3.58029e+06,223.464,223.464,223.464,17878,17878,17878,410559,410559,410559,15383.2,15383.2,15383.2,192947,192947,192947,9.12006e+06,9.12006e+06,9.12006e+06,0.0462862,0.0462862,0.0462862,3.50298,3.50298,3.50298,4.54997,4.54997,4.54997
946,219604,219604,219604,18.485,18.485,18.485,834.909,834.909,834.909,6.34698e+06,6.34698e+06,6.34698e+06,3.58029e+06,3.58029e+06,3.58029e+06,223.464,223.464,223.464,17878,17878,17878,410559,410559,410559,15383.2,15383.2,15383.2,192947,192947,192947,9.12006e+06,9.12006e+06,9.12006e+06,0.0462862,0.0462862,0.0462862,3.50298,3.50298,3.50298,4.54997,4.54997,4.54997
947,219604,219604,219604,18.485,18.485,18.485,834.909,834.909,834.909,6.34698e+06,6.34698e+06,6.34698e+06,3.58029e+06,3.58029e+06,3.58029e+06,223.464,223.464,223.464,17878,17878,17878,410559,410559,410559,15383.2,15383.2,15383.2,192947,192947,192947,9.12006e+06,9.12006e+06,9.12006e+06,0.0462862,0.0462862,0.0462862,3.50298,3.50298,3.50298,4.54997,4.54997,4.54997
948,219604,219604,219604,18.485,18.485,18.485,834.909,834.909,834.909,6.34698e+06,6.34698e+06,6.34698e+06,3.58029e+06,3.58029e+06,3.58029e+06,223.464,223.464,223.464,17878,17878,17878,410559,410559,410559,15383.2,15383.2,15383.2,192947,192947,192947,9.12006e+06,9.12006e+06,9.12006e+06,0.0462862,0.0462862,0.0462862,3.50298,3.50298,3.50298,4.54997,4.54997,4.54997
949,219604,219604,219604,18.485,18.485,18.485,834.909,834.909,834.909,6.34698e+06,6.34698e+06,6.34698e+06,3.58029e+06,3.58029e+06,3.58029e+06,223.464,223.464,223.464,17878,17878,17878,410559,410559,410559,15383.2,15383.2,15383.2,192947,192947,192947,9.12006e+06,9.12006e+06,9.12006e+06,0.0462862,0.0462862,0.0462862,3.50298,3.50298,3.50298,4.54997,4.54997,4.54997
950,219604,219604,219604,18.485,18.485,18.485,834.909,834.909,834.909,6.34698e+06,6.34698e+06,6.34698e+06,3.58029e+06,3.58029e+06,3.58029e+06,223.464,223.464,223.464,17878,17878,17878,410559,410559,410559,15383.2,15383.2,15383.2,192947,192947,192947,9.12006e+06,9.12006e+06,9.12006e+06,0.0462862,0.0462862,0.0462862,3.50298,3.50298,3.50298,4.54997,4.54997,4.54997
951,219604,219604,219604,18.485,18.485,18.485,834.909,834.909,834.909,6.34698e+06,6.34698e+06,6.34698e+06,3.58029e+06,3.58029e+06,3.58029e+06,223.464,223.464,223.464,17878,17878,17878,410559,410559,410559,15383.2,15383.2,15383.2,192947,192947,192947,9.12006e+06,9.12006e+06,9.12006e+06,0.0462862,0.0462862,0.0462862,3.50298,3.50298,3.50298,4.54997,4.54997,4.54997
952,219604,219604,219604,18.485,18.485,18.485,834.909,834.909,834.909,6.34698e+06,6.34698e+06,6.34698e+06,3.58029e+06,3.58029e+06,3.58029e+06,223.464,223.464,223.464,17878,17878,17878,410559,410559,410559,15383.2,15383.2,15383.2,192947,192947,192947,9.12006e+06,9.12006e+06,9.12006e+06,0.0462862,0.0462862,0.0462862,3.50298,3.50298,3.50298,4.54997,4.54997,4.54997
953,219604,219604,219604,18.485,18.485,18.485,834.909,834.909,834.909,6.34698e+06,6.34698e+06,6.34698e+06,3.58029e+06,3.58029e+06,3.58029e+06,223.464,223.464,223.464,17878,17878,17878,410559,410559,410559,15383.2,15383.2,15383.2,192947,192947,192947,9.12006e+06,9.12006e+06,9.12006e+06,0.0462862,0.0462862,0.0462862,3.50298,3.50298,3.50298,4.54997,4.54997,4.54997
954,219604,219604,219604,18.485,18.485,18.485,834.909,834.909,834.909,6.34698e+06,6.34698e+06,6.34698e+06,3.58029e+06,3.58029e+06,3.58029e+06,223.464,223.464,223.464,17878,17878,17878,410559,410559,410559,15383.2,15383.2,15383.2,192947,192947,192947,9.12006e+06,9.12006e+06,9.12006e+06,0.0462862,0.0462862,0.0462862,3.50298,3.50298,3.50298,4.54997,4.54997,4.54997
955,219604,219604,219604,18.485,18.485,18.485,834.909,834.909,834.909,6.34698e+06,6.34698e+06,6.34698e+06,3.58029e+06,3.58029e+06,3.58029e+06,223.464,223.464,223.464,17878,17878,17878,410559,410559,410559,15383.2,15383.2,15383.2,192947,192947,192947,9.12006e+06,9.12006e+06,9.12006e+06,0.0462862,0.0462862,0.0462862,3.50298,3.50298,3.50298,4.54997,4.54997,4.54997
956,219604,219604,219604,18.485,18.485,18.485,834.909,834.909,834.909,6.34698e+06,6.34698e+06,6.34698e+06,3.58029e+06,3.58029e+06,3.58029e+06,223.464,223.464,223.464,17878,17878,17878,410559,410559,410559,15383.2,15383.2,15383.2,192947,192947,192947,9.12006e+06,9.12006e+06,9.12006e+06,0.0462862,0.0462862,0.0462862,3.50298,3.50298,3.50298,4.54997,4.54997,4.54997
957,219604,219604,219604,18.485,18.485,18.485,834.909,834.909,834.909,6.34698e+06,6.34698e+06,6.34698e+06,3.58029e+06,3.58029e+06,3.58029e+06,223.464,223.464,223.464,17878,17878,17878,410559,410559,410559,15383.2,15383.2,15383.2,192947,192947,192947,9.12006e+06,9.12006e+06,9.12006e+06,0.0462862,0.0462862,0.0462862,3.50298,3.50298,3.50298,4.54997,4.54997,4.54997
958,219604,219604,219604,18.485,18.485,18.485,834.909,834.909,834.909,6.34698e+06,6.34698e+06,6.34698e+06,3.58029e+06,3.58029e+06,3.58029e+06,223.464,223.464,223.464,17878,17878,17878,410559,410559,410559,15383.2,15383.2,15383.2,192947,192947,192947,9.12006e+06,9.12006e+06,9.12006e+06,0.0462862,0.0462862,0.0462862,3.50298,3.50298,3.50298,4.54997,4.54997,4.54997
959,219604,219604,219604,18.485,18.485,18.485,834.909,834.909,834.909,6.34698e+06,6.34698e+06,6.34698e+06,3.58029e+06,3.58029e+06,3.58029e+06,223.464,223.464,223.464,17878,17878,17878,410559,410559,410559,15383.2,15383.2,15383.2,192947,192947,192947,9.12006e+06,9.12006e+06,9.12006e+06,0.0462862,0.0462862,0.0462862,3.50298,3.50298,3.50298,4.54997,4.54997,4.54997
960,219604,219604,219604,18.485,18.485,18.485,834.909,834.909,834.909,6.34698e+06,6.34698e+06,6.34698e+06,3.58029e+06,3.58029e+06,3.58029e+06,223.464,223.464,223.464,17878,17878,17878,410559,410559,410559,15383.2,15383.2,15383.2,192947,192947,192947,9.12006e+06,9.12006e+06,9.12006e+06,0.0462862,0.0462862,0.0462862,3.50298,3.50298,3.50298,4.54997,4.54997,4.54997
961,219604,219604,219604,18.485,18.485,18.485,834.909,834.909,834.909,6.34698e+06,6.34698e+06,6.34698e+06,3.58029e+06,3.58029e+06,3.58029e+06,223.464,223.464,223.464,17878,17878,17878,410559,410559,410559,15383.2,15383.2,15383.2,192947,192947,192947,9.12006e+06,9.12006e+06,9.12006e+06,0.0462862,0.0462862,0.0462862,3.50298,3.50298,3.50298,4.54997,4.54997,4.54997
962,219604,219604,219604,18.485,18.485,18.485,834.909,834.909,834.909,6.34698e+06,6.34698e+06,6.34698e+06,3.58029e+06,3.58029e+06,3.58029e+06,223.464,223.464,223.464,17878,17878,17878,410559,410559,410559,15383.2,15383.2,15383.2,192947,192947,192947,9.12006e+06,9.12006e+06,9.12006e+06,0.0462862,0.0462862,0.0462862,3.50298,3.50298,3.50298,4.54997,4.54997,4.54997
963,219604,219604,219604,18.485,18.485,18.485,834.909,834.909,834.909,6.34698e+06,6.34698e+06,6.34698e+06,3.58029e+06,3.58029e+06,3.58029e+06,223.464,223.464,223.464,17878,17878,17878,410559,410559,410559,15383.2,15383.2,15383.2,192947,192947,192947,9.12006e+06,9.12006e+06,9.12006e+06,0.0462862,0.0462862,0.0462862,3.50298,3.50298,3.50298,4.54997,4.54997,4.54997
964,219604,219604,219604,18.485,18.485,18.485,834.909,834.909,834.909,6.34698e+06,6.34698e+06,6.34698e+06,3.58029e+06,3.58029e+06,3.58029e+06,223.464,223.464,223.464,17878,17878,17878,410559,410559,410559,15383.2,15383.2,15383.2,192947,192947,192947,9.12006e+06,9.12006e+06,9.12006e+06,0.0462862,0.0462862,0.0462862,3.50298,3.50298,3.50298,4.54997,4.54997,4.54997
965,219604,219604,219604,18.485,18.485,18.485,834.909,834.909,834.909,6.34698e+06,6.34698e+06,6.34698e+06,3.58029e+06,3.58029e+06,3.58029e+06,223.464,223.464,223.464,17878,17878,17878,410559,410559,410559,15383.2,15383.2,15383.2,192947,192947,192947,9.12006e+06,9.12006e+06,9.12006e+06,0.0462862,0.0462862,0.0462862,3.50298,3.50298,3.50298,4.54997,4.54997,4.54997
966,219604,219604,219604,18.485,18.485,18.485,834.909,834.909,834.909,6.34698e+06,6.34698e+06,6.34698e+06,3.58029e+06,3.58029e+06,3.58029e+06,223.464,223.464,223.464,17878,17878,17878,410559,410559,410559,15383.2,15383.2,15383.2,192947,192947,192947,9.12006e+06,9.12006e+06,9.12006e+06,0.0462862,0.0462862,0.0462862,3.50298,3.50298,3.50298,4.54997,4.54997,4.54997
967,219604,219604,219604,18.485,18.485,18.485,834.909,834.909,834.909,6.34698e+06,6.34698e+06,6.34698e+06,3.58029e+06,3.58029e+06,3.58029e+06,223.464,223.464,223.464,17878,17878,17878,410559,410559,410559,15383.2,15383.2,15383.2,192947,192947,192947,9.12006e+06,9.12006e+06,9.12006e+06,0.0462862,0.0462862,0.0462862,3.50298,3.50298,3.50298,4.54997,4.54997,4.54997
968,219604,219604,219604,18.485,18.485,18.485,834.909,834.909,834.909,6.34698e+06,6.34698e+06,6.34698e+06,3.58029e+06,3.58029e+06,3.58029e+06,223.464,223.464,223.464,17878,17878,17878,410559,410559,410559,15383.2,15383.2,15383.2,192947,192947,192947,9.12006e+06,9.12006e+06,9.12006e+06,0.0462862,0.0462862,0.0462862,3.50298,3.50298,3.50298,4.54997,4.54997,4.54997
969,219604,219604,219604,18.485,18.485,18.485,834.909,834.909,834.909,6.34698e+06,6.34698e+06,6.34698e+06,3.58029e+06,3.58029e+06,3.58029e+06,223.464,223.464,223.464,17878,17878,17878,410559,410559,410559,15383.2,15383.2,15383.2,192947,192947,192947,9.12006e+06,9.12006e+06,9.12006e+06,0.0462862,0.0462862,0.0462862,3.50298,3.50298,3.50298,4.54997,4.54997,4.54997
970,219604,219604,219604,18.485,18.485,18.485,834.909,834.909,834.909,6.34698e+06,6.34698e+06,6.34698e+06,3.58029e+06,3.58029e+06,3.58029e+06,223.464,223.464,223.464,17878,17878,17878,410559,410559,410559,15383.2,15383.2,15383.2,192947,192947,192947,9.12006e+06,9.12006e+06,9.12006e+06,0.0462862,0.0462862,0.0462862,3.50298,3.50298,3.50298,4.54997,4.54997,4.54997
971,219604,219604,219604,18.485,18.485,18.485,834.909,834.909,834.909,6.34698e+06,6.34698e+06,6.34698e+06,3.58029e+06,3.58029e+06,3.58029e+06,223.464,223.464,223.464,17878,17878,17878,410559,410559,410559,15383.2,15383.2,15383.2,192947,192947,192947,9.12006e+06,9.12006e+06,9.12006e+06,0.0462862,0.0462862,0.0462862,3.50298,3.50298,3.50298,4.54997,4.54997,4.54997
972,219604,219604,219604,18.485,18.485,18.485,834.909,834.909,834.909,6.34698e+06,6.34698e+06,6.34698e+06,3.58029e+06,3.58029e+06,3.58029e+06,223.464,223.464,223.464,17878,17878,17878,410559,410559,410559,15383.2,15383.2,15383.2,192947,192947,192947,9.12006e+06,9.12006e+06,9.12006e+06,0.0462862,0.0462862,0.0462862,3.50298,3.50298,3.50298,4.54997,4.54997,4.54997
973,219604,219604,219604,18.485,18.485,18.485,834.909,834.909,834.909,6.34698e+06,6.34698e+06,6.34698e+06,3.58029e+06,3.58029e+06,3.58029e+06,223.464,223.464,223.464,17878,17878,17878,410559,410559,410559,15383.2,15383.2,15383.2,192947,192947,192947,9.12006e+06,9.12006e+06,9.12006e+06,0.0462862,0.0462862,0.0462862,3.50298,3.50298,3.50298,4.54997,4.54997,4.54997
974,219604,219604,219604,18.485,18.485,18.485,834.909,834.909,834.909,6.34698e+06,6.34698e+06,6.34698e+06,3.58029e+06,3.58029e+06,3.58029e+06,223.464,223.464,223.464,17878,17878,17878,410559,410559,410559,15383.2,15383.2,15383.2,192947,192947,192947,9.12006e+06,9.12006e+06,9.12006e+06,0.0462862,0.0462862,0.0462862,3.50298,3.50298,3.50298,4.54997,4.54997,4.54997
975,219604,219604,219604,18.485,18.485,18.485,834.909,834.909,834.909,6.34698e+06,6.34698e+06,6.34698e+06,3.58029e+06,3.58029e+06,3.58029e+06,223.464,223.464,223.464,17878,17878,17878,410559,410559,410559,15383.2,15383.2,15383.2,192947,192947,192947,9.12006e+06,9.12006e+06,9.12006e+06,0.0462862,0.0462862,0.0462862,3.50298,3.50298,3.50298,4.54997,4.54997,4.54997
976,219604,219604,219604,18.485,18.485,18.485,834.909,834.909,834.909,6.34698e+06,6.34698e+06,6.34698e+06,3.58029e+06,3.58029e+06,3.58029e+06,223.464,223.464,223.464,17878,17878,17878,410559,410559,410559,15383.2,15383.2,15383.2,192947,192947,192947,9.12006e+06,9.12006e+06,9.12006e+06,0.0462862,0.0462862,0.0462862,3.50298,3.50298,3.50298,4.54997,4.54997,4.54997
977,219604,219604,219604,18.485,18.485,18.485,834.909,834.909,834.909,6.34698e+06,6.34698e+06,6.34698e+06,3.58029e+06,3.58029e+06,3.58029e+06,223.464,223.464,223.464,17878,17878,17878,410559,410559,410559,15383.2,15383.2,15383.2,192947,192947,192947,9.12006e+06,9.12006e+06,9.12006e+06,0.0462862,0.0462862,0.0462862,3.50298,3.50298,3.50298,4.54997,4.54997,4.54997
978,219604,219604,219604,18.485,18.485,18.485,834.909,834.909,834.909,6.34698e+06,6.34698e+06,6.34698e+06,3.58029e+06,3.58029e+06,3.58029e+06,223.464,223.464,223.464,17878,17878,17878,410559,410559,410559,15383.2,15383.2,15383.2,192947,192947,192947,9.12006e+06,9.12006e+06,9.12006e+06,0.0462862,0.0462862,0.0462862,3.50298,3.50298,3.50298,4.54997,4.54997,4.54997
979,219604,219604,219604,18.485,18.485,18.485,834.909,834.909,834.909,6.34698e+06,6.34698e+06,6.34698e+06,3.58029e+06,3.58029e+06,3.58029e+06,223.464,223.464,223.464,17878,17878,17878,410559,410559,410559,15383.2,15383.2,15383.2,192947,192947,192947,9.12006e+06,9.12006e+06,9.12006e+06,0.0462862,0.0462862,0.0462862,3.50298,3.50298,3.50298,4.54997,4.54997,4.54997
980,219604,219604,219604,18.485,18.485,18.485,834.909,834.909,834.909,6.34698e+06,6.34698e+06,6.34698e+06,3.58029e+06,3.58029e+06,3.58029e+06,223.464,223.464,223.464,17878,17878,17878,410559,410559,410559,15383.2,15383.2,15383.2,192947,192947,192947,9.12006e+06,9.12006e+06,9.12006e+06,0.0462862,0.0462862,0.0462862,3.50298,3.50298,3.50298,4.54997,4.54997,4.54997
981,219604,219604,219604,18.485,18.485,18.485,834.909,834.909,834.909,6.34698e+06,6.34698e+06,6.34698e+06,3.58029e+06,3.58029e+06,3.58029e+06,223.464,223.464,223.464,17878,17878,17878,410559,410559,410559,15383.2,15383.2,15383.2,192947,192947,192947,9.12006e+06,9.12006e+06,9.12006e+06,0.0462862,0.0462862,0.0462862,3.50298,3.50298,3.50298,4.54997,4.54997,4.54997
982,219604,219604,219604,18.485,18.485,18.485,834.909,834.909,834.909,6.34698e+06,6.34698e+06,6.34698e+06,3.58029e+06,3.58029e+06,3.58029e+06,223.464,223.464,223.464,17878,17878,17878,410559,410559,410559,15383.2,15383.2,15383.2,192947,192947,192947,9.12006e+06,9.12006e+06,9.12006e+06,0.0462862,0.0462862,0.0462862,3.50298,3.50298,3.50298,4.54997,4.54997,4.54997
983,219604,219604,219604,18.485,18.485,18.485,834.909,834.909,834.909,6.34698e+06,6.34698e+06,6.34698e+06,3.58029e+06,3.58029e+06,3.58029e+06,223.464,223.464,223.464,17878,17878,17878,410559,410559,410559,15383.2,15383.2,15383.2,192947,192947,192947,9.12006e+06,9.12006e+06,9.12006e+06,0.0462862,0.0462862,0.0462862,3.50298,3.50298,3.50298,4.54997,4.54997,4.54997
984,219604,219604,219604,18.485,18.485,18.485,834.909,834.909,834.909,6.34698e+06,6.34698e+06,6.34698e+06,3.58029e+06,3.58029e+06,3.58029e+06,223.464,223.464,223.464,17878,17878,17878,410559,410559,410559,15383.2,15383.2,15383.2,192947,192947,192947,9.12006e+06,9.12006e+06,9.12006e+06,0.0462862,0.0462862,0.0462862,3.50298,3.50298,3.50298,4.54997,4.54997,4.54997
985,219604,219604,219604,18.485,18.485,18.485,834.909,834.909,834.909,6.34698e+06,6.34698e+06,6.34698e+06,3.58029e+06,3.58029e+06,3.58029e+06,223.464,223.464,223.464,17878,17878,17878,410559,410559,410559,15383.2,15383.2,15383.2,192947,192947,192947,9.12006e+06,9.12006e+06,9.12006e+06,0.0462862,0.0462862,0.0462862,3.50298,3.50298,3.50298,4.54997,4.54997,4.54997
986,219604,219604,219604,18.485,18.485,18.485,834.909,834.909,834.909,6.34698e+06,6.34698e+06,6.34698e+06,3.58029e+06,3.58029e+06,3.58029e+06,223.464,223.464,223.464,17878,17878,17878,410559,410559,410559,15383.2,15383.2,15383.2,192947,192947,192947,9.12006e+06,9.12006e+06,9.12006e+06,0.0462862,0.0462862,0.0462862,3.50298,3.50298,3.50298,4.54997,4.54997,4.54997
987,219604,219604,219604,18.485,18.485,18.485,834.909,834.909,834.909,6.34698e+06,6.34698e+06,6.34698e+06,3.58029e+06,3.58029e+06,3.58029e+06,223.464,223.464,223.464,17878,17878,17878,410559,410559,410559,15383.2,15383.2,15383.2,192947,192947,192947,9.12006e+06,9.12006e+06,9.12006e+06,0.0462862,0.0462862,0.0462862,3.50298,3.50298,3.50298,4.54997,4.54997,4.54997
988,219604,219604,219604,18.485,18.485,18.485,834.909,834.909,834.909,6.34698e+06,6.34698e+06,6.34698e+06,3.58029e+06,3.58029e+06,3.58029e+06,223.464,223.464,223.464,17878,17878,17878,410559,410559,410559,15383.2,15383.2,15383.2,192947,192947,192947,9.12006e+06,9.12006e+06,9.12006e+06,0.0462862,0.0462862,0.0462862,3.50298,3.50298,3.50298,4.54997,4.54997,4.54997
989,219604,219604,219604,18.485,18.485,18.485,834.909,834.909,834.909,6.34698e+06,6.34698e+06,6.34698e+06,3.58029e+06,3.58029e+06,3.58029e+06,223.464,223.464,223.464,17878,17878,17878,410559,410559,410559,15383.2,15383.2,15383.2,192947,192947,192947,9.12006e+06,9.12006e+06,9.12006e+06,0.0462862,0.0462862,0.0462862,3.50298,3.50298,3.50298,4.54997,4.54997,4.54997
990,219604,219604,219604,18.485,18.485,18.485,834.909,834.909,834.909,6.34698e+06,6.34698e+06,6.34698e+06,3.58029e+06,3.58029e+06,3.58029e+06,223.464,223.464,223.464,17878,17878,17878,410559,410559,410559,15383.2,15383.2,15383.2,192947,192947,192947,9.12006e+06,9.12006e+06,9.12006e+06,0.0462862,0.0462862,0.0462862,3.50298,3.50298,3.50298,4.54997,4.54997,4.54997
991,219604,219604,219604,18.485,18.485,18.485,834.909,834.909,834.909,6.34698e+06,6.34698e+06,6.34698e+06,3.58029e+06,3.58029e+06,3.58029e+06,223.464,223.464,223.464,17878,17878,17878,410559,410559,410559,15383.2,15383.2,15383.2,192947,192947,192947,9.12006e+06,9.12006e+06,9.12006e+06,0.0462862,0.0462862,0.0462862,3.50298,3.50298,3.50298,4.54997,4.54997,4.54997
992,219604,219604,219604,18.485,18.485,18.485,834.909,834.909,834.909,6.34698e+06,6.34698e+06,6.34698e+06,3.58029e+06,3.58029e+06,3.58029e+06,223.464,223.464,223.464,17878,17878,17878,410559,410559,410559,15383.2,15383.2,15383.2,192947,192947,192947,9.12006e+06,9.12006e+06,9.12006e+06,0.0462862,0.0462862,0.0462862,3.50298,3.50298,3.50298,4.54997,4.54997,4.54997
993,219604,219604,219604,18.485,18.485,18.485,834.909,834.909,834.909,6.34698e+06,6.34698e+06,6.34698e+06,3.58029e+06,3.58029e+06,3.58029e+06,223.464,223.464,223.464,17878,17878,17878,410559,410559,410559,15383.2,15383.2,15383.2,192947,192947,192947,9.12006e+06,9.12006e+06,9.12006e+06,0.0462862,0.0462862,0.0462862,3.50298,3.50298,3.50298,4.54997,4.54997,4.54997
994,219604,219604,219604,18.485,18.485,18.485,834.909,834.909,834.909,6.34698e+06,6.34698e+06,6.34698e+06,3.58029e+06,3.58029e+06,3.58029e+06,223.464,223.464,223.464,17878,17878,17878,410559,410559,410559,15383.2,15383.2,15383.2,192947,192947,192947,9.12006e+06,9.12006e+06,9.12006e+06,0.0462862,0.0462862,0.0462862,3.50298,3.50298,3.50298,4.54997,4.54997,4.54997
995,219604,219604,219604,18.485,18.485,18.485,834.909,834.909,834.909,6.34698e+06,6.34698e+06,6.34698e+06,3.58029e+06,3.58029e+06,3.58029e+06,223.464,223.464,223.464,17878,17878,17878,410559,410559,410559,15383.2,15383.2,15383.2,192947,192947,192947,9.12006e+06,9.12006e+06,9.12006e+06,0.0462862,0.0462862,0.0462862,3.50298,3.50298,3.50298,4.54997,4.54997,4.54997
996,219604,219604,219604,18.485,18.485,18.485,834.909,834.909,834.909,6.34698e+06,6.34698e+06,6.34698e+06,3.58029e+06,3.58029e+06,3.58029e+06,223.464,223.464,223.464,17878,17878,17878,410559,410559,410559,15383.2,15383.2,15383.2,192947,192947,192947,9.12006e+06,9.12006e+06,9.12006e+06,0.0462862,0.0462862,0.0462862,3.50298,3.50298,3.50298,4.54997,4.54997,4.54997
997,219604,219604,219604,18.485,18.485,18.485,834.909,834.909,834.909,6.34698e+06,6.34698e+06,6.34698e+06,3.58029e+06,3.58029e+06,3.58029e+06,223.464,223.464,223.464,17878,17878,17878,410559,410559,410559,15383.2,15383.2,15383.2,192947,192947,192947,9.12006e+06,9.12006e+06,9.12006e+06,0.0462862,0.0462862,0.0462862,3.50298,3.50298,3.50298,4.54997,4.54997,4.54997
998,219604,219604,219604,18.485,18.485,18.485,834.909,834.909,834.909,6.34698e+06,6.34698e+06,6.34698e+06,3.58029e+06,3.58029e+06,3.58029e+06,223.464,223.464,223.464,17878,17878,17878,410559,410559,410559,15383.2,15383.2,15383.2,192947,192947,192947,9.12006e+06,9.12006e+06,9.12006e+06,0.0462862,0.0462862,0.0462862,3.50298,3.50298,3.50298,4.54997,4.54997,4.54997
999,219604,219604,219604,18.485,18.485,18.485,834.909,834.909,834.909,6.34698e+06,6.34698e+06,6.34698e+06,3.58029e+06,3.58029e+06,3.58029e+06,223.464,223.464,223.464,17878,17878,17878,410559,410559,410559,15383.2,15383.2,15383.2,192947,192947,192947,9.12006e+06,9.12006e+06,9.12006e+06,0.0462862,0.0462862,0.0462862,3.50298,3.50298,3.50298,4.54997,4.54997,4.54997
1000,219604,219604,219604,18.485,18.485,18.485,834.909,834.909,834.909,6.34698e+06,6.34698e+06,6.34698e+06,3.58029e+06,3.58029e+06,3.58029e+06,223.464,223.464,223.464,17878,17878,17878,410559,410559,410559,15383.2,15383.2,15383.2,192947,192947,192947,9.12006e+06,9.12006e+06,9.12006e+06,0.0462862,0.0462862,0.0462862,3.50298,3.50298,3.50298,4.54997,4.54997,4.54997
1001,219604,219604,219604,18.485,18.485,18.485,834.909,834.909,834.909,6.34698e+06,6.34698e+06,6.34698e+06,3.58029e+06,3.58029e+06,3.58029e+06,223.464,223.464,223.464,17878,17878,17878,410559,410559,410559,15383.2,15383.2,15383.2,192947,192947,192947,9.12006e+06,9.12006e+06,9.12006e+06,0.0462862,0.0462862,0.0462862,3.50298,3.50298,3.50298,4.54997,4.54997,4.54997
1002,219604,219604,219604,18.485,18.485,18.485,834.909,834.909,834.909,6.34698e+06,6.34698e+06,6.34698e+06,3.58029e+06,3.58029e+06,3.58029e+06,223.464,223.464,223.464,17878,17878,17878,410559,410559,410559,15383.2,15383.2,15383.2,192947,192947,192947,9.12006e+06,9.12006e+06,9.12006e+06,0.0462862,0.0462862,0.0462862,3.50298,3.50298,3.50298,4.54997,4.54997,4.54997
1003,219604,219604,219604,18.485,18.485,18.485,834.909,834.909,834.909,6.34698e+06,6.34698e+06,6.34698e+06,3.58029e+06,3.58029e+06,3.58029e+06,223.464,223.464,223.464,17878,17878,17878,410559,410559,410559,15383.2,15383.2,15383.2,192947,192947,192947,9.12006e+06,9.12006e+06,9.12006e+06,0.0462862,0.0462862,0.0462862,3.50298,3.50298,3.50298,4.54997,4.54997,4.54997
1004,219604,219604,219604,18.485,18.485,18.485,834.909,834.909,834.909,6.34698e+06,6.34698e+06,6.34698e+06,3.58029e+06,3.58029e+06,3.58029e+06,223.464,223.464,223.464,17878,17878,17878,410559,410559,410559,15383.2,15383.2,15383.2,192947,192947,192947,9.12006e+06,9.12006e+06,9.12006e+06,0.0462862,0.0462862,0.0462862,3.50298,3.50298,3.50298,4.54997,4.54997,4.54997
1005,219604,219604,219604,18.485,18.485,18.485,834.909,834.909,834.909,6.34698e+06,6.34698e+06,6.34698e+06,3.58029e+06,3.58029e+06,3.58029e+06,223.464,223.464,223.464,17878,17878,17878,410559,410559,410559,15383.2,15383.2,15383.2,192947,192947,192947,9.12006e+06,9.12006e+06,9.12006e+06,0.0462862,0.0462862,0.0462862,3.50298,3.50298,3.50298,4.54997,4.54997,4.54997
1006,219604,219604,219604,18.485,18.485,18.485,834.909,834.909,834.909,6.34698e+06,6.34698e+06,6.34698e+06,3.58029e+06,3.58029e+06,3.58029e+06,223.464,223.464,223.464,17878,17878,17878,410559,410559,410559,15383.2,15383.2,15383.2,192947,192947,192947,9.12006e+06,9.12006e+06,9.12006e+06,0.0462862,0.0462862,0.0462862,3.50298,3.50298,3.50298,4.54997,4.54997,4.54997
1007,219604,219604,219604,18.485,18.485,18.485,834.909,834.909,834.909,6.34698e+06,6.34698e+06,6.34698e+06,3.58029e+06,3.58029e+06,3.58029e+06,223.464,223.464,223.464,17878,17878,17878,410559,410559,410559,15383.2,15383.2,15383.2,192947,192947,192947,9.12006e+06,9.12006e+06,9.12006e+06,0.0462862,0.0462862,0.0462862,3.50298,3.50298,3.50298,4.54997,4.54997,4.54997
1008,219604,219604,219604,18.485,18.485,18.485,834.909,834.909,834.909,6.34698e+06,6.34698e+06,6.34698e+06,3.58029e+06,3.58029e+06,3.58029e+06,223.464,223.464,223.464,17878,17878,17878,410559,410559,410559,15383.2,15383.2,15383.2,192947,192947,192947,9.12006e+06,9.12006e+06,9.12006e+06,0.0462862,0.0462862,0.0462862,3.50298,3.50298,3.50298,4.54997,4.54997,4.54997
1009,219604,219604,219604,18.485,18.485,18.485,834.909,834.909,834.909,6.34698e+06,6.34698e+06,6.34698e+06,3.58029e+06,3.58029e+06,3.58029e+06,223.464,223.464,223.464,17878,17878,17878,410559,410559,410559,15383.2,15383.2,15383.2,192947,192947,192947,9.12006e+06,9.12006e+06,9.12006e+06,0.0462862,0.0462862,0.0462862,3.50298,3.50298,3.50298,4.54997,4.54997,4.54997
1010,219604,219604,219604,18.485,18.485,18.485,834.909,834.909,834.909,6.34698e+06,6.34698e+06,6.34698e+06,3.58029e+06,3.58029e+06,3.58029e+06,223.464,223.464,223.464,17878,17878,17878,410559,410559,410559,15383.2,15383.2,15383.2,192947,192947,192947,9.12006e+06,9.12006e+06,9.12006e+06,0.0462862,0.0462862,0.0462862,3.50298,3.50298,3.50298,4.54997,4.54997,4.54997
1011,219604,219604,219604,18.485,18.485,18.485,834.909,834.909,834.909,6.34698e+06,6.34698e+06,6.34698e+06,3.58029e+06,3.58029e+06,3.58029e+06,223.464,223.464,223.464,17878,17878,17878,410559,410559,410559,15383.2,15383.2,15383.2,192947,192947,192947,9.12006e+06,9.12006e+06,9.12006e+06,0.0462862,0.0462862,0.0462862,3.50298,3.50298,3.50298,4.54997,4.54997,4.54997
1012,219604,219604,219604,18.485,18.485,18.485,834.909,834.909,834.909,6.34698e+06,6.34698e+06,6.34698e+06,3.58029e+06,3.58029e+06,3.58029e+06,223.464,223.464,223.464,17878,17878,17878,410559,410559,410559,15383.2,15383.2,15383.2,192947,192947,192947,9.12006e+06,9.12006e+06,9.12006e+06,0.0462862,0.0462862,0.0462862,3.50298,3.50298,3.50298,4.54997,4.54997,4.54997
1013,219604,219604,219604,18.485,18.485,18.485,834.909,834.909,834.909,6.34698e+06,6.34698e+06,6.34698e+06,3.58029e+06,3.58029e+06,3.58029e+06,223.464,223.464,223.464,17878,17878,17878,410559,410559,410559,15383.2,15383.2,15383.2,192947,192947,192947,9.12006e+06,9.12006e+06,9.12006e+06,0.0462862,0.0462862,0.0462862,3.50298,3.50298,3.50298,4.54997,4.54997,4.54997
1014,219604,219604,219604,18.485,18.485,18.485,834.909,834.909,834.909,6.34698e+06,6.34698e+06,6.34698e+06,3.58029e+06,3.58029e+06,3.58029e+06,223.464,223.464,223.464,17878,17878,17878,410559,410559,410559,15383.2,15383.2,15383.2,192947,192947,192947,9.12006e+06,9.12006e+06,9.12006e+06,0.0462862,0.0462862,0.0462862,3.50298,3.50298,3.50298,4.54997,4.54997,4.54997
1015,219604,219604,219604,18.485,18.485,18.485,834.909,834.909,834.909,6.34698e+06,6.34698e+06,6.34698e+06,3.58029e+06,3.58029e+06,3.58029e+06,223.464,223.464,223.464,17878,17878,17878,410559,410559,410559,15383.2,15383.2,15383.2,192947,192947,192947,9.12006e+06,9.12006e+06,9.12006e+06,0.0462862,0.0462862,0.0462862,3.50298,3.50298,3.50298,4.54997,4.54997,4.54997
1016,219604,219604,219604,18.485,18.485,18.485,834.909,834.909,834.909,6.34698e+06,6.34698e+06,6.34698e+06,3.58029e+06,3.58029e+06,3.58029e+06,223.464,223.464,223.464,17878,17878,17878,410559,410559,410559,15383.2,15383.2,15383.2,192947,192947,192947,9.12006e+06,9.12006e+06,9.12006e+06,0.0462862,0.0462862,0.0462862,3.50298,3.50298,3.50298,4.54997,4.54997,4.54997
1017,219604,219604,219604,18.485,18.485,18.485,834.909,834.909,834.909,6.34698e+06,6.34698e+06,6.34698e+06,3.58029e+06,3.58029e+06,3.58029e+06,223.464,223.464,223.464,17878,17878,17878,410559,410559,410559,15383.2,15383.2,15383.2,192947,192947,192947,9.12006e+06,9.12006e+06,9.12006e+06,0.0462862,0.0462862,0.0462862,3.50298,3.50298,3.50298,4.54997,4.54997,4.54997
1018,219604,219604,219604,18.485,18.485,18.485,834.909,834.909,834.909,6.34698e+06,6.34698e+06,6.34698e+06,3.58029e+06,3.58029e+06,3.58029e+06,223.464,223.464,223.464,17878,17878,17878,410559,410559,410559,15383.2,15383.2,15383.2,192947,192947,192947,9.12006e+06,9.12006e+06,9.12006e+06,0.0462862,0.0462862,0.0462862,3.50298,3.50298,3.50298,4.54997,4.54997,4.54997
1019,219604,219604,219604,18.485,18.485,18.485,834.909,834.909,834.909,6.34698e+06,6.34698e+06,6.34698e+06,3.58029e+06,3.58029e+06,3.58029e+06,223.464,223.464,223.464,17878,17878,17878,410559,410559,410559,15383.2,15383.2,15383.2,192947,192947,192947,9.12006e+06,9.12006e+06,9.12006e+06,0.0462862,0.0462862,0.0462862,3.50298,3.50298,3.50298,4.54997,4.54997,4.54997
1020,219604,219604,219604,18.485,18.485,18.485,834.909,834.909,834.909,6.34698e+06,6.34698e+06,6.34698e+06,3.58029e+06,3.58029e+06,3.58029e+06,223.464,223.464,223.464,17878,17878,17878,410559,410559,410559,15383.2,15383.2,15383.2,192947,192947,192947,9.12006e+06,9.12006e+06,9.12006e+06,0.0462862,0.0462862,0.0462862,3.50298,3.50298,3.50298,4.54997,4.54997,4.54997
1021,219604,219604,219604,18.485,18.485,18.485,834.909,834.909,834.909,6.34698e+06,6.34698e+06,6.34698e+06,3.58029e+06,3.58029e+06,3.58029e+06,223.464,223.464,223.464,17878,17878,17878,410559,410559,410559,15383.2,15383.2,15383.2,192947,192947,192947,9.12006e+06,9.12006e+06,9.12006e+06,0.0462862,0.0462862,0.0462862,3.50298,3.50298,3.50298,4.54997,4.54997,4.54997
1022,219604,219604,219604,18.485,18.485,18.485,834.909,834.909,834.909,6.34698e+06,6.34698e+06,6.34698e+06,3.58029e+06,3.58029e+06,3.58029e+06,223.464,223.464,223.464,17878,17878,17878,410559,410559,410559,15383.2,15383.2,15383.2,192947,192947,192947,9.12006e+06,9.12006e+06,9.12006e+06,0.0462862,0.0462862,0.0462862,3.50298,3.50298,3.50298,4.54997,4.54997,4.54997
1023,219604,219604,219604,18.485,18.485,18.485,834.909,834.909,834.909,6.34698e+06,6.34698e+06,6.34698e+06,3.58029e+06,3.58029e+06,3.58029e+06,223.464,223.464,223.464,17878,17878,17878,410559,410559,410559,15383.2,15383.2,15383.2,192947,192947,192947,9.12006e+06,9.12006e+06,9.12006e+06,0.0462862,0.0462862,0.0462862,3.50298,3.50298,3.50298,4.54997,4.54997,4.54997
1024,219604,219604,219604,18.485,18.485,18.485,834.909,834.909,834.909,6.34698e+06,6.34698e+06,6.34698e+06,3.58029e+06,3.58029e+06,3.58029e+06,223.464,223.464,223.464,17878,17878,17878,410559,410559,410559,15383.2,15383.2,15383.2,192947,192947,192947,9.12006e+06,9.12006e+06,9.12006e+06,0.0462862,0.0462862,0.0462862,3.50298,3.50298,3.50298,4.54997,4.54997,4.54997
1025,219604,219604,219604,18.485,18.485,18.485,834.909,834.909,834.909,6.34698e+06,6.34698e+06,6.34698e+06,3.58029e+06,3.58029e+06,3.58029e+06,223.464,223.464,223.464,17878,17878,17878,410559,410559,410559,15383.2,15383.2,15383.2,192947,192947,192947,9.12006e+06,9.12006e+06,9.12006e+06,0.0462862,0.0462862,0.0462862,3.50298,3.50298,3.50298,4.54997,4.54997,4.54997
1026,219604,219604,219604,18.485,18.485,18.485,834.909,834.909,834.909,6.34698e+06,6.34698e+06,6.34698e+06,3.58029e+06,3.58029e+06,3.58029e+06,223.464,223.464,223.464,17878,17878,17878,410559,410559,410559,15383.2,15383.2,15383.2,192947,192947,192947,9.12006e+06,9.12006e+06,9.12006e+06,0.0462862,0.0462862,0.0462862,3.50298,3.50298,3.50298,4.54997,4.54997,4.54997
1027,219604,219604,219604,18.485,18.485,18.485,834.909,834.909,834.909,6.34698e+06,6.34698e+06,6.34698e+06,3.58029e+06,3.58029e+06,3.58029e+06,223.464,223.464,223.464,17878,17878,17878,410559,410559,410559,15383.2,15383.2,15383.2,192947,192947,192947,9.12006e+06,9.12006e+06,9.12006e+06,0.0462862,0.0462862,0.0462862,3.50298,3.50298,3.50298,4.54997,4.54997,4.54997
1028,219604,219604,219604,18.485,18.485,18.485,834.909,834.909,834.909,6.34698e+06,6.34698e+06,6.34698e+06,3.58029e+06,3.58029e+06,3.58029e+06,223.464,223.464,223.464,17878,17878,17878,410559,410559,410559,15383.2,15383.2,15383.2,192947,192947,192947,9.12006e+06,9.12006e+06,9.12006e+06,0.0462862,0.0462862,0.0462862,3.50298,3.50298,3.50298,4.54997,4.54997,4.54997
1029,219604,219604,219604,18.485,18.485,18.485,834.909,834.909,834.909,6.34698e+06,6.34698e+06,6.34698e+06,3.58029e+06,3.58029e+06,3.58029e+06,223.464,223.464,223.464,17878,17878,17878,410559,410559,410559,15383.2,15383.2,15383.2,192947,192947,192947,9.12006e+06,9.12006e+06,9.12006e+06,0.0462862,0.0462862,0.0462862,3.50298,3.50298,3.50298,4.54997,4.54997,4.54997
1030,219604,219604,219604,18.485,18.485,18.485,834.909,834.909,834.909,6.34698e+06,6.34698e+06,6.34698e+06,3.58029e+06,3.58029e+06,3.58029e+06,223.464,223.464,223.464,17878,17878,17878,410559,410559,410559,15383.2,15383.2,15383.2,192947,192947,192947,9.12006e+06,9.12006e+06,9.12006e+06,0.0462862,0.0462862,0.0462862,3.50298,3.50298,3.50298,4.54997,4.54997,4.54997
1031,219604,219604,219604,18.485,18.485,18.485,834.909,834.909,834.909,6.34698e+06,6.34698e+06,6.34698e+06,3.58029e+06,3.58029e+06,3.58029e+06,223.464,223.464,223.464,17878,17878,17878,410559,410559,410559,15383.2,15383.2,15383.2,192947,192947,192947,9.12006e+06,9.12006e+06,9.12006e+06,0.0462862,0.0462862,0.0462862,3.50298,3.50298,3.50298,4.54997,4.54997,4.54997
1032,219604,219604,219604,18.485,18.485,18.485,834.909,834.909,834.909,6.34698e+06,6.34698e+06,6.34698e+06,3.58029e+06,3.58029e+06,3.58029e+06,223.464,223.464,223.464,17878,17878,17878,410559,410559,410559,15383.2,15383.2,15383.2,192947,192947,192947,9.12006e+06,9.12006e+06,9.12006e+06,0.0462862,0.0462862,0.0462862,3.50298,3.50298,3.50298,4.54997,4.54997,4.54997
1033,219604,219604,219604,18.485,18.485,18.485,834.909,834.909,834.909,6.34698e+06,6.34698e+06,6.34698e+06,3.58029e+06,3.58029e+06,3.58029e+06,223.464,223.464,223.464,17878,17878,17878,410559,410559,410559,15383.2,15383.2,15383.2,192947,192947,192947,9.12006e+06,9.12006e+06,9.12006e+06,0.0462862,0.0462862,0.0462862,3.50298,3.50298,3.50298,4.54997,4.54997,4.54997
1034,219604,219604,219604,18.485,18.485,18.485,834.909,834.909,834.909,6.34698e+06,6.34698e+06,6.34698e+06,3.58029e+06,3.58029e+06,3.58029e+06,223.464,223.464,223.464,17878,17878,17878,410559,410559,410559,15383.2,15383.2,15383.2,192947,192947,192947,9.12006e+06,9.12006e+06,9.12006e+06,0.0462862,0.0462862,0.0462862,3.50298,3.50298,3.50298,4.54997,4.54997,4.54997
1035,219604,219604,219604,18.485,18.485,18.485,834.909,834.909,834.909,6.34698e+06,6.34698e+06,6.34698e+06,3.58029e+06,3.58029e+06,3.58029e+06,223.464,223.464,223.464,17878,17878,17878,410559,410559,410559,15383.2,15383.2,15383.2,192947,192947,192947,9.12006e+06,9.12006e+06,9.12006e+06,0.0462862,0.0462862,0.0462862,3.50298,3.50298,3.50298,4.54997,4.54997,4.54997
1036,219604,219604,219604,18.485,18.485,18.485,834.909,834.909,834.909,6.34698e+06,6.34698e+06,6.34698e+06,3.58029e+06,3.58029e+06,3.58029e+06,223.464,223.464,223.464,17878,17878,17878,410559,410559,410559,15383.2,15383.2,15383.2,192947,192947,192947,9.12006e+06,9.12006e+06,9.12006e+06,0.0462862,0.0462862,0.0462862,3.50298,3.50298,3.50298,4.54997,4.54997,4.54997
1037,219604,219604,219604,18.485,18.485,18.485,834.909,834.909,834.909,6.34698e+06,6.34698e+06,6.34698e+06,3.58029e+06,3.58029e+06,3.58029e+06,223.464,223.464,223.464,17878,17878,17878,410559,410559,410559,15383.2,15383.2,15383.2,192947,192947,192947,9.12006e+06,9.12006e+06,9.12006e+06,0.0462862,0.0462862,0.0462862,3.50298,3.50298,3.50298,4.54997,4.54997,4.54997
1038,219604,219604,219604,18.485,18.485,18.485,834.909,834.909,834.909,6.34698e+06,6.34698e+06,6.34698e+06,3.58029e+06,3.58029e+06,3.58029e+06,223.464,223.464,223.464,17878,17878,17878,410559,410559,410559,15383.2,15383.2,15383.2,192947,192947,192947,9.12006e+06,9.12006e+06,9.12006e+06,0.0462862,0.0462862,0.0462862,3.50298,3.50298,3.50298,4.54997,4.54997,4.54997
1039,219604,219604,219604,18.485,18.485,18.485,834.909,834.909,834.909,6.34698e+06,6.34698e+06,6.34698e+06,3.58029e+06,3.58029e+06,3.58029e+06,223.464,223.464,223.464,17878,17878,17878,410559,410559,410559,15383.2,15383.2,15383.2,192947,192947,192947,9.12006e+06,9.12006e+06,9.12006e+06,0.0462862,0.0462862,0.0462862,3.50298,3.50298,3.50298,4.54997,4.54997,4.54997
1040,219604,219604,219604,18.485,18.485,18.485,834.909,834.909,834.909,6.34698e+06,6.34698e+06,6.34698e+06,3.58029e+06,3.58029e+06,3.58029e+06,223.464,223.464,223.464,17878,17878,17878,410559,410559,410559,15383.2,15383.2,15383.2,192947,192947,192947,9.12006e+06,9.12006e+06,9.12006e+06,0.0462862,0.0462862,0.0462862,3.50298,3.50298,3.50298,4.54997,4.54997,4.54997
1041,219604,219604,219604,18.485,18.485,18.485,834.909,834.909,834.909,6.34698e+06,6.34698e+06,6.34698e+06,3.58029e+06,3.58029e+06,3.58029e+06,223.464,223.464,223.464,17878,17878,17878,410559,410559,410559,15383.2,15383.2,15383.2,192947,192947,192947,9.12006e+06,9.12006e+06,9.12006e+06,0.0462862,0.0462862,0.0462862,3.50298,3.50298,3.50298,4.54997,4.54997,4.54997
1042,219604,219604,219604,18.485,18.485,18.485,834.909,834.909,834.909,6.34698e+06,6.34698e+06,6.34698e+06,3.58029e+06,3.58029e+06,3.58029e+06,223.464,223.464,223.464,17878,17878,17878,410559,410559,410559,15383.2,15383.2,15383.2,192947,192947,192947,9.12006e+06,9.12006e+06,9.12006e+06,0.0462862,0.0462862,0.0462862,3.50298,3.50298,3.50298,4.54997,4.54997,4.54997
1043,219604,219604,219604,18.485,18.485,18.485,834.909,834.909,834.909,6.34698e+06,6.34698e+06,6.34698e+06,3.58029e+06,3.58029e+06,3.58029e+06,223.464,223.464,223.464,17878,17878,17878,410559,410559,410559,15383.2,15383.2,15383.2,192947,192947,192947,9.12006e+06,9.12006e+06,9.12006e+06,0.0462862,0.0462862,0.0462862,3.50298,3.50298,3.50298,4.54997,4.54997,4.54997
1044,219604,219604,219604,18.485,18.485,18.485,834.909,834.909,834.909,6.34698e+06,6.34698e+06,6.34698e+06,3.58029e+06,3.58029e+06,3.58029e+06,223.464,223.464,223.464,17878,17878,17878,410559,410559,410559,15383.2,15383.2,15383.2,192947,192947,192947,9.12006e+06,9.12006e+06,9.12006e+06,0.0462862,0.0462862,0.0462862,3.50298,3.50298,3.50298,4.54997,4.54997,4.54997
1045,219604,219604,219604,18.485,18.485,18.485,834.909,834.909,834.909,6.34698e+06,6.34698e+06,6.34698e+06,3.58029e+06,3.58029e+06,3.58029e+06,223.464,223.464,223.464,17878,17878,17878,410559,410559,410559,15383.2,15383.2,15383.2,192947,192947,192947,9.12006e+06,9.12006e+06,9.12006e+06,0.0462862,0.0462862,0.0462862,3.50298,3.50298,3.50298,4.54997,4.54997,4.54997
1046,219604,219604,219604,18.485,18.485,18.485,834.909,834.909,834.909,6.34698e+06,6.34698e+06,6.34698e+06,3.58029e+06,3.58029e+06,3.58029e+06,223.464,223.464,223.464,17878,17878,17878,410559,410559,410559,15383.2,15383.2,15383.2,192947,192947,192947,9.12006e+06,9.12006e+06,9.12006e+06,0.0462862,0.0462862,0.0462862,3.50298,3.50298,3.50298,4.54997,4.54997,4.54997
1047,219604,219604,219604,18.485,18.485,18.485,834.909,834.909,834.909,6.34698e+06,6.34698e+06,6.34698e+06,3.58029e+06,3.58029e+06,3.58029e+06,223.464,223.464,223.464,17878,17878,17878,410559,410559,410559,15383.2,15383.2,15383.2,192947,192947,192947,9.12006e+06,9.12006e+06,9.12006e+06,0.0462862,0.0462862,0.0462862,3.50298,3.50298,3.50298,4.54997,4.54997,4.54997
1048,219604,219604,219604,18.485,18.485,18.485,834.909,834.909,834.909,6.34698e+06,6.34698e+06,6.34698e+06,3.58029e+06,3.58029e+06,3.58029e+06,223.464,223.464,223.464,17878,17878,17878,410559,410559,410559,15383.2,15383.2,15383.2,192947,192947,192947,9.12006e+06,9.12006e+06,9.12006e+06,0.0462862,0.0462862,0.0462862,3.50298,3.50298,3.50298,4.54997,4.54997,4.54997
1049,219604,219604,219604,18.485,18.485,18.485,834.909,834.909,834.909,6.34698e+06,6.34698e+06,6.34698e+06,3.58029e+06,3.58029e+06,3.58029e+06,223.464,223.464,223.464,17878,17878,17878,410559,410559,410559,15383.2,15383.2,15383.2,192947,192947,192947,9.12006e+06,9.12006e+06,9.12006e+06,0.0462862,0.0462862,0.0462862,3.50298,3.50298,3.50298,4.54997,4.54997,4.54997
1050,219604,219604,219604,18.485,18.485,18.485,834.909,834.909,834.909,6.34698e+06,6.34698e+06,6.34698e+06,3.58029e+06,3.58029e+06,3.58029e+06,223.464,223.464,223.464,17878,17878,17878,410559,410559,410559,15383.2,15383.2,15383.2,192947,192947,192947,9.12006e+06,9.12006e+06,9.12006e+06,0.0462862,0.0462862,0.0462862,3.50298,3.50298,3.50298,4.54997,4.54997,4.54997
1051,219604,219604,219604,18.485,18.485,18.485,834.909,834.909,834.909,6.34698e+06,6.34698e+06,6.34698e+06,3.58029e+06,3.58029e+06,3.58029e+06,223.464,223.464,223.464,17878,17878,17878,410559,410559,410559,15383.2,15383.2,15383.2,192947,192947,192947,9.12006e+06,9.12006e+06,9.12006e+06,0.0462862,0.0462862,0.0462862,3.50298,3.50298,3.50298,4.54997,4.54997,4.54997
1052,219604,219604,219604,18.485,18.485,18.485,834.909,834.909,834.909,6.34698e+06,6.34698e+06,6.34698e+06,3.58029e+06,3.58029e+06,3.58029e+06,223.464,223.464,223.464,17878,17878,17878,410559,410559,410559,15383.2,15383.2,15383.2,192947,192947,192947,9.12006e+06,9.12006e+06,9.12006e+06,0.0462862,0.0462862,0.0462862,3.50298,3.50298,3.50298,4.54997,4.54997,4.54997
1053,219604,219604,219604,18.485,18.485,18.485,834.909,834.909,834.909,6.34698e+06,6.34698e+06,6.34698e+06,3.58029e+06,3.58029e+06,3.58029e+06,223.464,223.464,223.464,17878,17878,17878,410559,410559,410559,15383.2,15383.2,15383.2,192947,192947,192947,9.12006e+06,9.12006e+06,9.12006e+06,0.0462862,0.0462862,0.0462862,3.50298,3.50298,3.50298,4.54997,4.54997,4.54997
1054,219604,219604,219604,18.485,18.485,18.485,834.909,834.909,834.909,6.34698e+06,6.34698e+06,6.34698e+06,3.58029e+06,3.58029e+06,3.58029e+06,223.464,223.464,223.464,17878,17878,17878,410559,410559,410559,15383.2,15383.2,15383.2,192947,192947,192947,9.12006e+06,9.12006e+06,9.12006e+06,0.0462862,0.0462862,0.0462862,3.50298,3.50298,3.50298,4.54997,4.54997,4.54997
1055,219604,219604,219604,18.485,18.485,18.485,834.909,834.909,834.909,6.34698e+06,6.34698e+06,6.34698e+06,3.58029e+06,3.58029e+06,3.58029e+06,223.464,223.464,223.464,17878,17878,17878,410559,410559,410559,15383.2,15383.2,15383.2,192947,192947,192947,9.12006e+06,9.12006e+06,9.12006e+06,0.0462862,0.0462862,0.0462862,3.50298,3.50298,3.50298,4.54997,4.54997,4.54997
1056,219604,219604,219604,18.485,18.485,18.485,834.909,834.909,834.909,6.34698e+06,6.34698e+06,6.34698e+06,3.58029e+06,3.58029e+06,3.58029e+06,223.464,223.464,223.464,17878,17878,17878,410559,410559,410559,15383.2,15383.2,15383.2,192947,192947,192947,9.12006e+06,9.12006e+06,9.12006e+06,0.0462862,0.0462862,0.0462862,3.50298,3.50298,3.50298,4.54997,4.54997,4.54997
1057,219604,219604,219604,18.485,18.485,18.485,834.909,834.909,834.909,6.34698e+06,6.34698e+06,6.34698e+06,3.58029e+06,3.58029e+06,3.58029e+06,223.464,223.464,223.464,17878,17878,17878,410559,410559,410559,15383.2,15383.2,15383.2,192947,192947,192947,9.12006e+06,9.12006e+06,9.12006e+06,0.0462862,0.0462862,0.0462862,3.50298,3.50298,3.50298,4.54997,4.54997,4.54997
1058,219604,219604,219604,18.485,18.485,18.485,834.909,834.909,834.909,6.34698e+06,6.34698e+06,6.34698e+06,3.58029e+06,3.58029e+06,3.58029e+06,223.464,223.464,223.464,17878,17878,17878,410559,410559,410559,15383.2,15383.2,15383.2,192947,192947,192947,9.12006e+06,9.12006e+06,9.12006e+06,0.0462862,0.0462862,0.0462862,3.50298,3.50298,3.50298,4.54997,4.54997,4.54997
1059,219604,219604,219604,18.485,18.485,18.485,834.909,834.909,834.909,6.34698e+06,6.34698e+06,6.34698e+06,3.58029e+06,3.58029e+06,3.58029e+06,223.464,223.464,223.464,17878,17878,17878,410559,410559,410559,15383.2,15383.2,15383.2,192947,192947,192947,9.12006e+06,9.12006e+06,9.12006e+06,0.0462862,0.0462862,0.0462862,3.50298,3.50298,3.50298,4.54997,4.54997,4.54997
1060,219604,219604,219604,18.485,18.485,18.485,834.909,834.909,834.909,6.34698e+06,6.34698e+06,6.34698e+06,3.58029e+06,3.58029e+06,3.58029e+06,223.464,223.464,223.464,17878,17878,17878,410559,410559,410559,15383.2,15383.2,15383.2,192947,192947,192947,9.12006e+06,9.12006e+06,9.12006e+06,0.0462862,0.0462862,0.0462862,3.50298,3.50298,3.50298,4.54997,4.54997,4.54997
1061,219604,219604,219604,18.485,18.485,18.485,834.909,834.909,834.909,6.34698e+06,6.34698e+06,6.34698e+06,3.58029e+06,3.58029e+06,3.58029e+06,223.464,223.464,223.464,17878,17878,17878,410559,410559,410559,15383.2,15383.2,15383.2,192947,192947,192947,9.12006e+06,9.12006e+06,9.12006e+06,0.0462862,0.0462862,0.0462862,3.50298,3.50298,3.50298,4.54997,4.54997,4.54997
1062,219604,219604,219604,18.485,18.485,18.485,834.909,834.909,834.909,6.34698e+06,6.34698e+06,6.34698e+06,3.58029e+06,3.58029e+06,3.58029e+06,223.464,223.464,223.464,17878,17878,17878,410559,410559,410559,15383.2,15383.2,15383.2,192947,192947,192947,9.12006e+06,9.12006e+06,9.12006e+06,0.0462862,0.0462862,0.0462862,3.50298,3.50298,3.50298,4.54997,4.54997,4.54997
1063,219604,219604,219604,18.485,18.485,18.485,834.909,834.909,834.909,6.34698e+06,6.34698e+06,6.34698e+06,3.58029e+06,3.58029e+06,3.58029e+06,223.464,223.464,223.464,17878,17878,17878,410559,410559,410559,15383.2,15383.2,15383.2,192947,192947,192947,9.12006e+06,9.12006e+06,9.12006e+06,0.0462862,0.0462862,0.0462862,3.50298,3.50298,3.50298,4.54997,4.54997,4.54997
1064,219604,219604,219604,18.485,18.485,18.485,834.909,834.909,834.909,6.34698e+06,6.34698e+06,6.34698e+06,3.58029e+06,3.58029e+06,3.58029e+06,223.464,223.464,223.464,17878,17878,17878,410559,410559,410559,15383.2,15383.2,15383.2,192947,192947,192947,9.12006e+06,9.12006e+06,9.12006e+06,0.0462862,0.0462862,0.0462862,3.50298,3.50298,3.50298,4.54997,4.54997,4.54997
1065,219604,219604,219604,18.485,18.485,18.485,834.909,834.909,834.909,6.34698e+06,6.34698e+06,6.34698e+06,3.58029e+06,3.58029e+06,3.58029e+06,223.464,223.464,223.464,17878,17878,17878,410559,410559,410559,15383.2,15383.2,15383.2,192947,192947,192947,9.12006e+06,9.12006e+06,9.12006e+06,0.0462862,0.0462862,0.0462862,3.50298,3.50298,3.50298,4.54997,4.54997,4.54997
1066,219604,219604,219604,18.485,18.485,18.485,834.909,834.909,834.909,6.34698e+06,6.34698e+06,6.34698e+06,3.58029e+06,3.58029e+06,3.58029e+06,223.464,223.464,223.464,17878,17878,17878,410559,410559,410559,15383.2,15383.2,15383.2,192947,192947,192947,9.12006e+06,9.12006e+06,9.12006e+06,0.0462862,0.0462862,0.0462862,3.50298,3.50298,3.50298,4.54997,4.54997,4.54997
1067,219604,219604,219604,18.485,18.485,18.485,834.909,834.909,834.909,6.34698e+06,6.34698e+06,6.34698e+06,3.58029e+06,3.58029e+06,3.58029e+06,223.464,223.464,223.464,17878,17878,17878,410559,410559,410559,15383.2,15383.2,15383.2,192947,192947,192947,9.12006e+06,9.12006e+06,9.12006e+06,0.0462862,0.0462862,0.0462862,3.50298,3.50298,3.50298,4.54997,4.54997,4.54997
1068,219604,219604,219604,18.485,18.485,18.485,834.909,834.909,834.909,6.34698e+06,6.34698e+06,6.34698e+06,3.58029e+06,3.58029e+06,3.58029e+06,223.464,223.464,223.464,17878,17878,17878,410559,410559,410559,15383.2,15383.2,15383.2,192947,192947,192947,9.12006e+06,9.12006e+06,9.12006e+06,0.0462862,0.0462862,0.0462862,3.50298,3.50298,3.50298,4.54997,4.54997,4.54997
1069,219604,219604,219604,18.485,18.485,18.485,834.909,834.909,834.909,6.34698e+06,6.34698e+06,6.34698e+06,3.58029e+06,3.58029e+06,3.58029e+06,223.464,223.464,223.464,17878,17878,17878,410559,410559,410559,15383.2,15383.2,15383.2,192947,192947,192947,9.12006e+06,9.12006e+06,9.12006e+06,0.0462862,0.0462862,0.0462862,3.50298,3.50298,3.50298,4.54997,4.54997,4.54997
1070,219604,219604,219604,18.485,18.485,18.485,834.909,834.909,834.909,6.34698e+06,6.34698e+06,6.34698e+06,3.58029e+06,3.58029e+06,3.58029e+06,223.464,223.464,223.464,17878,17878,17878,410559,410559,410559,15383.2,15383.2,15383.2,192947,192947,192947,9.12006e+06,9.12006e+06,9.12006e+06,0.0462862,0.0462862,0.0462862,3.50298,3.50298,3.50298,4.54997,4.54997,4.54997
1071,219604,219604,219604,18.485,18.485,18.485,834.909,834.909,834.909,6.34698e+06,6.34698e+06,6.34698e+06,3.58029e+06,3.58029e+06,3.58029e+06,223.464,223.464,223.464,17878,17878,17878,410559,410559,410559,15383.2,15383.2,15383.2,192947,192947,192947,9.12006e+06,9.12006e+06,9.12006e+06,0.0462862,0.0462862,0.0462862,3.50298,3.50298,3.50298,4.54997,4.54997,4.54997
1072,219604,219604,219604,18.485,18.485,18.485,834.909,834.909,834.909,6.34698e+06,6.34698e+06,6.34698e+06,3.58029e+06,3.58029e+06,3.58029e+06,223.464,223.464,223.464,17878,17878,17878,410559,410559,410559,15383.2,15383.2,15383.2,192947,192947,192947,9.12006e+06,9.12006e+06,9.12006e+06,0.0462862,0.0462862,0.0462862,3.50298,3.50298,3.50298,4.54997,4.54997,4.54997
1073,219604,219604,219604,18.485,18.485,18.485,834.909,834.909,834.909,6.34698e+06,6.34698e+06,6.34698e+06,3.58029e+06,3.58029e+06,3.58029e+06,223.464,223.464,223.464,17878,17878,17878,410559,410559,410559,15383.2,15383.2,15383.2,192947,192947,192947,9.12006e+06,9.12006e+06,9.12006e+06,0.0462862,0.0462862,0.0462862,3.50298,3.50298,3.50298,4.54997,4.54997,4.54997
1074,219604,219604,219604,18.485,18.485,18.485,834.909,834.909,834.909,6.34698e+06,6.34698e+06,6.34698e+06,3.58029e+06,3.58029e+06,3.58029e+06,223.464,223.464,223.464,17878,17878,17878,410559,410559,410559,15383.2,15383.2,15383.2,192947,192947,192947,9.12006e+06,9.12006e+06,9.12006e+06,0.0462862,0.0462862,0.0462862,3.50298,3.50298,3.50298,4.54997,4.54997,4.54997
1075,219604,219604,219604,18.485,18.485,18.485,834.909,834.909,834.909,6.34698e+06,6.34698e+06,6.34698e+06,3.58029e+06,3.58029e+06,3.58029e+06,223.464,223.464,223.464,17878,17878,17878,410559,410559,410559,15383.2,15383.2,15383.2,192947,192947,192947,9.12006e+06,9.12006e+06,9.12006e+06,0.0462862,0.0462862,0.0462862,3.50298,3.50298,3.50298,4.54997,4.54997,4.54997
1076,219604,219604,219604,18.485,18.485,18.485,834.909,834.909,834.909,6.34698e+06,6.34698e+06,6.34698e+06,3.58029e+06,3.58029e+06,3.58029e+06,223.464,223.464,223.464,17878,17878,17878,410559,410559,410559,15383.2,15383.2,15383.2,192947,192947,192947,9.12006e+06,9.12006e+06,9.12006e+06,0.0462862,0.0462862,0.0462862,3.50298,3.50298,3.50298,4.54997,4.54997,4.54997
1077,219604,219604,219604,18.485,18.485,18.485,834.909,834.909,834.909,6.34698e+06,6.34698e+06,6.34698e+06,3.58029e+06,3.58029e+06,3.58029e+06,223.464,223.464,223.464,17878,17878,17878,410559,410559,410559,15383.2,15383.2,15383.2,192947,192947,192947,9.12006e+06,9.12006e+06,9.12006e+06,0.0462862,0.0462862,0.0462862,3.50298,3.50298,3.50298,4.54997,4.54997,4.54997
1078,219604,219604,219604,18.485,18.485,18.485,834.909,834.909,834.909,6.34698e+06,6.34698e+06,6.34698e+06,3.58029e+06,3.58029e+06,3.58029e+06,223.464,223.464,223.464,17878,17878,17878,410559,410559,410559,15383.2,15383.2,15383.2,192947,192947,192947,9.12006e+06,9.12006e+06,9.12006e+06,0.0462862,0.0462862,0.0462862,3.50298,3.50298,3.50298,4.54997,4.54997,4.54997
1079,219604,219604,219604,18.485,18.485,18.485,834.909,834.909,834.909,6.34698e+06,6.34698e+06,6.34698e+06,3.58029e+06,3.58029e+06,3.58029e+06,223.464,223.464,223.464,17878,17878,17878,410559,410559,410559,15383.2,15383.2,15383.2,192947,192947,192947,9.12006e+06,9.12006e+06,9.12006e+06,0.0462862,0.0462862,0.0462862,3.50298,3.50298,3.50298,4.54997,4.54997,4.54997
1080,219604,219604,219604,18.485,18.485,18.485,834.909,834.909,834.909,6.34698e+06,6.34698e+06,6.34698e+06,3.58029e+06,3.58029e+06,3.58029e+06,223.464,223.464,223.464,17878,17878,17878,410559,410559,410559,15383.2,15383.2,15383.2,192947,192947,192947,9.12006e+06,9.12006e+06,9.12006e+06,0.0462862,0.0462862,0.0462862,3.50298,3.50298,3.50298,4.54997,4.54997,4.54997
1081,219604,219604,219604,18.485,18.485,18.485,834.909,834.909,834.909,6.34698e+06,6.34698e+06,6.34698e+06,3.58029e+06,3.58029e+06,3.58029e+06,223.464,223.464,223.464,17878,17878,17878,410559,410559,410559,15383.2,15383.2,15383.2,192947,192947,192947,9.12006e+06,9.12006e+06,9.12006e+06,0.0462862,0.0462862,0.0462862,3.50298,3.50298,3.50298,4.54997,4.54997,4.54997
1082,219604,219604,219604,18.485,18.485,18.485,834.909,834.909,834.909,6.34698e+06,6.34698e+06,6.34698e+06,3.58029e+06,3.58029e+06,3.58029e+06,223.464,223.464,223.464,17878,17878,17878,410559,410559,410559,15383.2,15383.2,15383.2,192947,192947,192947,9.12006e+06,9.12006e+06,9.12006e+06,0.0462862,0.0462862,0.0462862,3.50298,3.50298,3.50298,4.54997,4.54997,4.54997
1083,219604,219604,219604,18.485,18.485,18.485,834.909,834.909,834.909,6.34698e+06,6.34698e+06,6.34698e+06,3.58029e+06,3.58029e+06,3.58029e+06,223.464,223.464,223.464,17878,17878,17878,410559,410559,410559,15383.2,15383.2,15383.2,192947,192947,192947,9.12006e+06,9.12006e+06,9.12006e+06,0.0462862,0.0462862,0.0462862,3.50298,3.50298,3.50298,4.54997,4.54997,4.54997
1084,219604,219604,219604,18.485,18.485,18.485,834.909,834.909,834.909,6.34698e+06,6.34698e+06,6.34698e+06,3.58029e+06,3.58029e+06,3.58029e+06,223.464,223.464,223.464,17878,17878,17878,410559,410559,410559,15383.2,15383.2,15383.2,192947,192947,192947,9.12006e+06,9.12006e+06,9.12006e+06,0.0462862,0.0462862,0.0462862,3.50298,3.50298,3.50298,4.54997,4.54997,4.54997
1085,219604,219604,219604,18.485,18.485,18.485,834.909,834.909,834.909,6.34698e+06,6.34698e+06,6.34698e+06,3.58029e+06,3.58029e+06,3.58029e+06,223.464,223.464,223.464,17878,17878,17878,410559,410559,410559,15383.2,15383.2,15383.2,192947,192947,192947,9.12006e+06,9.12006e+06,9.12006e+06,0.0462862,0.0462862,0.0462862,3.50298,3.50298,3.50298,4.54997,4.54997,4.54997
1086,219604,219604,219604,18.485,18.485,18.485,834.909,834.909,834.909,6.34698e+06,6.34698e+06,6.34698e+06,3.58029e+06,3.58029e+06,3.58029e+06,223.464,223.464,223.464,17878,17878,17878,410559,410559,410559,15383.2,15383.2,15383.2,192947,192947,192947,9.12006e+06,9.12006e+06,9.12006e+06,0.0462862,0.0462862,0.0462862,3.50298,3.50298,3.50298,4.54997,4.54997,4.54997
1087,219604,219604,219604,18.485,18.485,18.485,834.909,834.909,834.909,6.34698e+06,6.34698e+06,6.34698e+06,3.58029e+06,3.58029e+06,3.58029e+06,223.464,223.464,223.464,17878,17878,17878,410559,410559,410559,15383.2,15383.2,15383.2,192947,192947,192947,9.12006e+06,9.12006e+06,9.12006e+06,0.0462862,0.0462862,0.0462862,3.50298,3.50298,3.50298,4.54997,4.54997,4.54997
1088,219604,219604,219604,18.485,18.485,18.485,834.909,834.909,834.909,6.34698e+06,6.34698e+06,6.34698e+06,3.58029e+06,3.58029e+06,3.58029e+06,223.464,223.464,223.464,17878,17878,17878,410559,410559,410559,15383.2,15383.2,15383.2,192947,192947,192947,9.12006e+06,9.12006e+06,9.12006e+06,0.0462862,0.0462862,0.0462862,3.50298,3.50298,3.50298,4.54997,4.54997,4.54997
1089,219604,219604,219604,18.485,18.485,18.485,834.909,834.909,834.909,6.34698e+06,6.34698e+06,6.34698e+06,3.58029e+06,3.58029e+06,3.58029e+06,223.464,223.464,223.464,17878,17878,17878,410559,410559,410559,15383.2,15383.2,15383.2,192947,192947,192947,9.12006e+06,9.12006e+06,9.12006e+06,0.0462862,0.0462862,0.0462862,3.50298,3.50298,3.50298,4.54997,4.54997,4.54997
1090,219604,219604,219604,18.485,18.485,18.485,834.909,834.909,834.909,6.34698e+06,6.34698e+06,6.34698e+06,3.58029e+06,3.58029e+06,3.58029e+06,223.464,223.464,223.464,17878,17878,17878,410559,410559,410559,15383.2,15383.2,15383.2,192947,192947,192947,9.12006e+06,9.12006e+06,9.12006e+06,0.0462862,0.0462862,0.0462862,3.50298,3.50298,3.50298,4.54997,4.54997,4.54997
1091,219604,219604,219604,18.485,18.485,18.485,834.909,834.909,834.909,6.34698e+06,6.34698e+06,6.34698e+06,3.58029e+06,3.58029e+06,3.58029e+06,223.464,223.464,223.464,17878,17878,17878,410559,410559,410559,15383.2,15383.2,15383.2,192947,192947,192947,9.12006e+06,9.12006e+06,9.12006e+06,0.0462862,0.0462862,0.0462862,3.50298,3.50298,3.50298,4.54997,4.54997,4.54997
1092,219604,219604,219604,18.485,18.485,18.485,834.909,834.909,834.909,6.34698e+06,6.34698e+06,6.34698e+06,3.58029e+06,3.58029e+06,3.58029e+06,223.464,223.464,223.464,17878,17878,17878,410559,410559,410559,15383.2,15383.2,15383.2,192947,192947,192947,9.12006e+06,9.12006e+06,9.12006e+06,0.0462862,0.0462862,0.0462862,3.50298,3.50298,3.50298,4.54997,4.54997,4.54997
1093,219604,219604,219604,18.485,18.485,18.485,834.909,834.909,834.909,6.34698e+06,6.34698e+06,6.34698e+06,3.58029e+06,3.58029e+06,3.58029e+06,223.464,223.464,223.464,17878,17878,17878,410559,410559,410559,15383.2,15383.2,15383.2,192947,192947,192947,9.12006e+06,9.12006e+06,9.12006e+06,0.0462862,0.0462862,0.0462862,3.50298,3.50298,3.50298,4.54997,4.54997,4.54997
1094,219604,219604,219604,18.485,18.485,18.485,834.909,834.909,834.909,6.34698e+06,6.34698e+06,6.34698e+06,3.58029e+06,3.58029e+06,3.58029e+06,223.464,223.464,223.464,17878,17878,17878,410559,410559,410559,15383.2,15383.2,15383.2,192947,192947,192947,9.12006e+06,9.12006e+06,9.12006e+06,0.0462862,0.0462862,0.0462862,3.50298,3.50298,3.50298,4.54997,4.54997,4.54997
1095,219604,219604,219604,18.485,18.485,18.485,834.909,834.909,834.909,6.34698e+06,6.34698e+06,6.34698e+06,3.58029e+06,3.58029e+06,3.58029e+06,223.464,223.464,223.464,17878,17878,17878,410559,410559,410559,15383.2,15383.2,15383.2,192947,192947,192947,9.12006e+06,9.12006e+06,9.12006e+06,0.0462862,0.0462862,0.0462862,3.50298,3.50298,3.50298,4.54997,4.54997,4.54997
1096,219604,219604,219604,18.485,18.485,18.485,834.909,834.909,834.909,6.34698e+06,6.34698e+06,6.34698e+06,3.58029e+06,3.58029e+06,3.58029e+06,223.464,223.464,223.464,17878,17878,17878,410559,410559,410559,15383.2,15383.2,15383.2,192947,192947,192947,9.12006e+06,9.12006e+06,9.12006e+06,0.0462862,0.0462862,0.0462862,3.50298,3.50298,3.50298,4.54997,4.54997,4.54997
1097,219604,219604,219604,18.485,18.485,18.485,834.909,834.909,834.909,6.34698e+06,6.34698e+06,6.34698e+06,3.58029e+06,3.58029e+06,3.58029e+06,223.464,223.464,223.464,17878,17878,17878,410559,410559,410559,15383.2,15383.2,15383.2,192947,192947,192947,9.12006e+06,9.12006e+06,9.12006e+06,0.0462862,0.0462862,0.0462862,3.50298,3.50298,3.50298,4.54997,4.54997,4.54997
1098,219604,219604,219604,18.485,18.485,18.485,834.909,834.909,834.909,6.34698e+06,6.34698e+06,6.34698e+06,3.58029e+06,3.58029e+06,3.58029e+06,223.464,223.464,223.464,17878,17878,17878,410559,410559,410559,15383.2,15383.2,15383.2,192947,192947,192947,9.12006e+06,9.12006e+06,9.12006e+06,0.0462862,0.0462862,0.0462862,3.50298,3.50298,3.50298,4.54997,4.54997,4.54997
1099,219604,219604,219604,18.485,18.485,18.485,834.909,834.909,834.909,6.34698e+06,6.34698e+06,6.34698e+06,3.58029e+06,3.58029e+06,3.58029e+06,223.464,223.464,223.464,17878,17878,17878,410559,410559,410559,15383.2,15383.2,15383.2,192947,192947,192947,9.12006e+06,9.12006e+06,9.12006e+06,0.0462862,0.0462862,0.0462862,3.50298,3.50298,3.50298,4.54997,4.54997,4.54997
1100,219604,219604,219604,18.485,18.485,18.485,834.909,834.909,834.909,6.34698e+06,6.34698e+06,6.34698e+06,3.58029e+06,3.58029e+06,3.58029e+06,223.464,223.464,223.464,17878,17878,17878,410559,410559,410559,15383.2,15383.2,15383.2,192947,192947,192947,9.12006e+06,9.12006e+06,9.12006e+06,0.0462862,0.0462862,0.0462862,3.50298,3.50298,3.50298,4.54997,4.54997,4.54997
1101,219604,219604,219604,18.485,18.485,18.485,834.909,834.909,834.909,6.34698e+06,6.34698e+06,6.34698e+06,3.58029e+06,3.58029e+06,3.58029e+06,223.464,223.464,223.464,17878,17878,17878,410559,410559,410559,15383.2,15383.2,15383.2,192947,192947,192947,9.12006e+06,9.12006e+06,9.12006e+06,0.0462862,0.0462862,0.0462862,3.50298,3.50298,3.50298,4.54997,4.54997,4.54997
1102,219604,219604,219604,18.485,18.485,18.485,834.909,834.909,834.909,6.34698e+06,6.34698e+06,6.34698e+06,3.58029e+06,3.58029e+06,3.58029e+06,223.464,223.464,223.464,17878,17878,17878,410559,410559,410559,15383.2,15383.2,15383.2,192947,192947,192947,9.12006e+06,9.12006e+06,9.12006e+06,0.0462862,0.0462862,0.0462862,3.50298,3.50298,3.50298,4.54997,4.54997,4.54997
1103,219604,219604,219604,18.485,18.485,18.485,834.909,834.909,834.909,6.34698e+06,6.34698e+06,6.34698e+06,3.58029e+06,3.58029e+06,3.58029e+06,223.464,223.464,223.464,17878,17878,17878,410559,410559,410559,15383.2,15383.2,15383.2,192947,192947,192947,9.12006e+06,9.12006e+06,9.12006e+06,0.0462862,0.0462862,0.0462862,3.50298,3.50298,3.50298,4.54997,4.54997,4.54997
1104,219604,219604,219604,18.485,18.485,18.485,834.909,834.909,834.909,6.34698e+06,6.34698e+06,6.34698e+06,3.58029e+06,3.58029e+06,3.58029e+06,223.464,223.464,223.464,17878,17878,17878,410559,410559,410559,15383.2,15383.2,15383.2,192947,192947,192947,9.12006e+06,9.12006e+06,9.12006e+06,0.0462862,0.0462862,0.0462862,3.50298,3.50298,3.50298,4.54997,4.54997,4.54997
1105,219604,219604,219604,18.485,18.485,18.485,834.909,834.909,834.909,6.34698e+06,6.34698e+06,6.34698e+06,3.58029e+06,3.58029e+06,3.58029e+06,223.464,223.464,223.464,17878,17878,17878,410559,410559,410559,15383.2,15383.2,15383.2,192947,192947,192947,9.12006e+06,9.12006e+06,9.12006e+06,0.0462862,0.0462862,0.0462862,3.50298,3.50298,3.50298,4.54997,4.54997,4.54997
1106,219604,219604,219604,18.485,18.485,18.485,834.909,834.909,834.909,6.34698e+06,6.34698e+06,6.34698e+06,3.58029e+06,3.58029e+06,3.58029e+06,223.464,223.464,223.464,17878,17878,17878,410559,410559,410559,15383.2,15383.2,15383.2,192947,192947,192947,9.12006e+06,9.12006e+06,9.12006e+06,0.0462862,0.0462862,0.0462862,3.50298,3.50298,3.50298,4.54997,4.54997,4.54997
1107,219604,219604,219604,18.485,18.485,18.485,834.909,834.909,834.909,6.34698e+06,6.34698e+06,6.34698e+06,3.58029e+06,3.58029e+06,3.58029e+06,223.464,223.464,223.464,17878,17878,17878,410559,410559,410559,15383.2,15383.2,15383.2,192947,192947,192947,9.12006e+06,9.12006e+06,9.12006e+06,0.0462862,0.0462862,0.0462862,3.50298,3.50298,3.50298,4.54997,4.54997,4.54997
1108,219604,219604,219604,18.485,18.485,18.485,834.909,834.909,834.909,6.34698e+06,6.34698e+06,6.34698e+06,3.58029e+06,3.58029e+06,3.58029e+06,223.464,223.464,223.464,17878,17878,17878,410559,410559,410559,15383.2,15383.2,15383.2,192947,192947,192947,9.12006e+06,9.12006e+06,9.12006e+06,0.0462862,0.0462862,0.0462862,3.50298,3.50298,3.50298,4.54997,4.54997,4.54997
1109,219604,219604,219604,18.485,18.485,18.485,834.909,834.909,834.909,6.34698e+06,6.34698e+06,6.34698e+06,3.58029e+06,3.58029e+06,3.58029e+06,223.464,223.464,223.464,17878,17878,17878,410559,410559,410559,15383.2,15383.2,15383.2,192947,192947,192947,9.12006e+06,9.12006e+06,9.12006e+06,0.0462862,0.0462862,0.0462862,3.50298,3.50298,3.50298,4.54997,4.54997,4.54997
1110,219604,219604,219604,18.485,18.485,18.485,834.909,834.909,834.909,6.34698e+06,6.34698e+06,6.34698e+06,3.58029e+06,3.58029e+06,3.58029e+06,223.464,223.464,223.464,17878,17878,17878,410559,410559,410559,15383.2,15383.2,15383.2,192947,192947,192947,9.12006e+06,9.12006e+06,9.12006e+06,0.0462862,0.0462862,0.0462862,3.50298,3.50298,3.50298,4.54997,4.54997,4.54997
1111,219604,219604,219604,18.485,18.485,18.485,834.909,834.909,834.909,6.34698e+06,6.34698e+06,6.34698e+06,3.58029e+06,3.58029e+06,3.58029e+06,223.464,223.464,223.464,17878,17878,17878,410559,410559,410559,15383.2,15383.2,15383.2,192947,192947,192947,9.12006e+06,9.12006e+06,9.12006e+06,0.0462862,0.0462862,0.0462862,3.50298,3.50298,3.50298,4.54997,4.54997,4.54997
1112,219604,219604,219604,18.485,18.485,18.485,834.909,834.909,834.909,6.34698e+06,6.34698e+06,6.34698e+06,3.58029e+06,3.58029e+06,3.58029e+06,223.464,223.464,223.464,17878,17878,17878,410559,410559,410559,15383.2,15383.2,15383.2,192947,192947,192947,9.12006e+06,9.12006e+06,9.12006e+06,0.0462862,0.0462862,0.0462862,3.50298,3.50298,3.50298,4.54997,4.54997,4.54997
1113,219604,219604,219604,18.485,18.485,18.485,834.909,834.909,834.909,6.34698e+06,6.34698e+06,6.34698e+06,3.58029e+06,3.58029e+06,3.58029e+06,223.464,223.464,223.464,17878,17878,17878,410559,410559,410559,15383.2,15383.2,15383.2,192947,192947,192947,9.12006e+06,9.12006e+06,9.12006e+06,0.0462862,0.0462862,0.0462862,3.50298,3.50298,3.50298,4.54997,4.54997,4.54997
1114,219604,219604,219604,18.485,18.485,18.485,834.909,834.909,834.909,6.34698e+06,6.34698e+06,6.34698e+06,3.58029e+06,3.58029e+06,3.58029e+06,223.464,223.464,223.464,17878,17878,17878,410559,410559,410559,15383.2,15383.2,15383.2,192947,192947,192947,9.12006e+06,9.12006e+06,9.12006e+06,0.0462862,0.0462862,0.0462862,3.50298,3.50298,3.50298,4.54997,4.54997,4.54997
1115,219604,219604,219604,18.485,18.485,18.485,834.909,834.909,834.909,6.34698e+06,6.34698e+06,6.34698e+06,3.58029e+06,3.58029e+06,3.58029e+06,223.464,223.464,223.464,17878,17878,17878,410559,410559,410559,15383.2,15383.2,15383.2,192947,192947,192947,9.12006e+06,9.12006e+06,9.12006e+06,0.0462862,0.0462862,0.0462862,3.50298,3.50298,3.50298,4.54997,4.54997,4.54997
1116,219604,219604,219604,18.485,18.485,18.485,834.909,834.909,834.909,6.34698e+06,6.34698e+06,6.34698e+06,3.58029e+06,3.58029e+06,3.58029e+06,223.464,223.464,223.464,17878,17878,17878,410559,410559,410559,15383.2,15383.2,15383.2,192947,192947,192947,9.12006e+06,9.12006e+06,9.12006e+06,0.0462862,0.0462862,0.0462862,3.50298,3.50298,3.50298,4.54997,4.54997,4.54997
1117,219604,219604,219604,18.485,18.485,18.485,834.909,834.909,834.909,6.34698e+06,6.34698e+06,6.34698e+06,3.58029e+06,3.58029e+06,3.58029e+06,223.464,223.464,223.464,17878,17878,17878,410559,410559,410559,15383.2,15383.2,15383.2,192947,192947,192947,9.12006e+06,9.12006e+06,9.12006e+06,0.0462862,0.0462862,0.0462862,3.50298,3.50298,3.50298,4.54997,4.54997,4.54997
1118,219604,219604,219604,18.485,18.485,18.485,834.909,834.909,834.909,6.34698e+06,6.34698e+06,6.34698e+06,3.58029e+06,3.58029e+06,3.58029e+06,223.464,223.464,223.464,17878,17878,17878,410559,410559,410559,15383.2,15383.2,15383.2,192947,192947,192947,9.12006e+06,9.12006e+06,9.12006e+06,0.0462862,0.0462862,0.0462862,3.50298,3.50298,3.50298,4.54997,4.54997,4.54997
1119,219604,219604,219604,18.485,18.485,18.485,834.909,834.909,834.909,6.34698e+06,6.34698e+06,6.34698e+06,3.58029e+06,3.58029e+06,3.58029e+06,223.464,223.464,223.464,17878,17878,17878,410559,410559,410559,15383.2,15383.2,15383.2,192947,192947,192947,9.12006e+06,9.12006e+06,9.12006e+06,0.0462862,0.0462862,0.0462862,3.50298,3.50298,3.50298,4.54997,4.54997,4.54997
1120,219604,219604,219604,18.485,18.485,18.485,834.909,834.909,834.909,6.34698e+06,6.34698e+06,6.34698e+06,3.58029e+06,3.58029e+06,3.58029e+06,223.464,223.464,223.464,17878,17878,17878,410559,410559,410559,15383.2,15383.2,15383.2,192947,192947,192947,9.12006e+06,9.12006e+06,9.12006e+06,0.0462862,0.0462862,0.0462862,3.50298,3.50298,3.50298,4.54997,4.54997,4.54997
1121,219604,219604,219604,18.485,18.485,18.485,834.909,834.909,834.909,6.34698e+06,6.34698e+06,6.34698e+06,3.58029e+06,3.58029e+06,3.58029e+06,223.464,223.464,223.464,17878,17878,17878,410559,410559,410559,15383.2,15383.2,15383.2,192947,192947,192947,9.12006e+06,9.12006e+06,9.12006e+06,0.0462862,0.0462862,0.0462862,3.50298,3.50298,3.50298,4.54997,4.54997,4.54997
1122,219604,219604,219604,18.485,18.485,18.485,834.909,834.909,834.909,6.34698e+06,6.34698e+06,6.34698e+06,3.58029e+06,3.58029e+06,3.58029e+06,223.464,223.464,223.464,17878,17878,17878,410559,410559,410559,15383.2,15383.2,15383.2,192947,192947,192947,9.12006e+06,9.12006e+06,9.12006e+06,0.0462862,0.0462862,0.0462862,3.50298,3.50298,3.50298,4.54997,4.54997,4.54997
1123,219604,219604,219604,18.485,18.485,18.485,834.909,834.909,834.909,6.34698e+06,6.34698e+06,6.34698e+06,3.58029e+06,3.58029e+06,3.58029e+06,223.464,223.464,223.464,17878,17878,17878,410559,410559,410559,15383.2,15383.2,15383.2,192947,192947,192947,9.12006e+06,9.12006e+06,9.12006e+06,0.0462862,0.0462862,0.0462862,3.50298,3.50298,3.50298,4.54997,4.54997,4.54997
1124,219604,219604,219604,18.485,18.485,18.485,834.909,834.909,834.909,6.34698e+06,6.34698e+06,6.34698e+06,3.58029e+06,3.58029e+06,3.58029e+06,223.464,223.464,223.464,17878,17878,17878,410559,410559,410559,15383.2,15383.2,15383.2,192947,192947,192947,9.12006e+06,9.12006e+06,9.12006e+06,0.0462862,0.0462862,0.0462862,3.50298,3.50298,3.50298,4.54997,4.54997,4.54997
1125,219604,219604,219604,18.485,18.485,18.485,834.909,834.909,834.909,6.34698e+06,6.34698e+06,6.34698e+06,3.58029e+06,3.58029e+06,3.58029e+06,223.464,223.464,223.464,17878,17878,17878,410559,410559,410559,15383.2,15383.2,15383.2,192947,192947,192947,9.12006e+06,9.12006e+06,9.12006e+06,0.0462862,0.0462862,0.0462862,3.50298,3.50298,3.50298,4.54997,4.54997,4.54997
1126,219604,219604,219604,18.485,18.485,18.485,834.909,834.909,834.909,6.34698e+06,6.34698e+06,6.34698e+06,3.58029e+06,3.58029e+06,3.58029e+06,223.464,223.464,223.464,17878,17878,17878,410559,410559,410559,15383.2,15383.2,15383.2,192947,192947,192947,9.12006e+06,9.12006e+06,9.12006e+06,0.0462862,0.0462862,0.0462862,3.50298,3.50298,3.50298,4.54997,4.54997,4.54997
1127,219604,219604,219604,18.485,18.485,18.485,834.909,834.909,834.909,6.34698e+06,6.34698e+06,6.34698e+06,3.58029e+06,3.58029e+06,3.58029e+06,223.464,223.464,223.464,17878,17878,17878,410559,410559,410559,15383.2,15383.2,15383.2,192947,192947,192947,9.12006e+06,9.12006e+06,9.12006e+06,0.0462862,0.0462862,0.0462862,3.50298,3.50298,3.50298,4.54997,4.54997,4.54997
1128,219604,219604,219604,18.485,18.485,18.485,834.909,834.909,834.909,6.34698e+06,6.34698e+06,6.34698e+06,3.58029e+06,3.58029e+06,3.58029e+06,223.464,223.464,223.464,17878,17878,17878,410559,410559,410559,15383.2,15383.2,15383.2,192947,192947,192947,9.12006e+06,9.12006e+06,9.12006e+06,0.0462862,0.0462862,0.0462862,3.50298,3.50298,3.50298,4.54997,4.54997,4.54997
1129,219604,219604,219604,18.485,18.485,18.485,834.909,834.909,834.909,6.34698e+06,6.34698e+06,6.34698e+06,3.58029e+06,3.58029e+06,3.58029e+06,223.464,223.464,223.464,17878,17878,17878,410559,410559,410559,15383.2,15383.2,15383.2,192947,192947,192947,9.12006e+06,9.12006e+06,9.12006e+06,0.0462862,0.0462862,0.0462862,3.50298,3.50298,3.50298,4.54997,4.54997,4.54997
1130,219604,219604,219604,18.485,18.485,18.485,834.909,834.909,834.909,6.34698e+06,6.34698e+06,6.34698e+06,3.58029e+06,3.58029e+06,3.58029e+06,223.464,223.464,223.464,17878,17878,17878,410559,410559,410559,15383.2,15383.2,15383.2,192947,192947,192947,9.12006e+06,9.12006e+06,9.12006e+06,0.0462862,0.0462862,0.0462862,3.50298,3.50298,3.50298,4.54997,4.54997,4.54997
1131,219604,219604,219604,18.485,18.485,18.485,834.909,834.909,834.909,6.34698e+06,6.34698e+06,6.34698e+06,3.58029e+06,3.58029e+06,3.58029e+06,223.464,223.464,223.464,17878,17878,17878,410559,410559,410559,15383.2,15383.2,15383.2,192947,192947,192947,9.12006e+06,9.12006e+06,9.12006e+06,0.0462862,0.0462862,0.0462862,3.50298,3.50298,3.50298,4.54997,4.54997,4.54997
1132,219604,219604,219604,18.485,18.485,18.485,834.909,834.909,834.909,6.34698e+06,6.34698e+06,6.34698e+06,3.58029e+06,3.58029e+06,3.58029e+06,223.464,223.464,223.464,17878,17878,17878,410559,410559,410559,15383.2,15383.2,15383.2,192947,192947,192947,9.12006e+06,9.12006e+06,9.12006e+06,0.0462862,0.0462862,0.0462862,3.50298,3.50298,3.50298,4.54997,4.54997,4.54997
1133,219604,219604,219604,18.485,18.485,18.485,834.909,834.909,834.909,6.34698e+06,6.34698e+06,6.34698e+06,3.58029e+06,3.58029e+06,3.58029e+06,223.464,223.464,223.464,17878,17878,17878,410559,410559,410559,15383.2,15383.2,15383.2,192947,192947,192947,9.12006e+06,9.12006e+06,9.12006e+06,0.0462862,0.0462862,0.0462862,3.50298,3.50298,3.50298,4.54997,4.54997,4.54997
1134,219604,219604,219604,18.485,18.485,18.485,834.909,834.909,834.909,6.34698e+06,6.34698e+06,6.34698e+06,3.58029e+06,3.58029e+06,3.58029e+06,223.464,223.464,223.464,17878,17878,17878,410559,410559,410559,15383.2,15383.2,15383.2,192947,192947,192947,9.12006e+06,9.12006e+06,9.12006e+06,0.0462862,0.0462862,0.0462862,3.50298,3.50298,3.50298,4.54997,4.54997,4.54997
1135,219604,219604,219604,18.485,18.485,18.485,834.909,834.909,834.909,6.34698e+06,6.34698e+06,6.34698e+06,3.58029e+06,3.58029e+06,3.58029e+06,223.464,223.464,223.464,17878,17878,17878,410559,410559,410559,15383.2,15383.2,15383.2,192947,192947,192947,9.12006e+06,9.12006e+06,9.12006e+06,0.0462862,0.0462862,0.0462862,3.50298,3.50298,3.50298,4.54997,4.54997,4.54997
1136,219604,219604,219604,18.485,18.485,18.485,834.909,834.909,834.909,6.34698e+06,6.34698e+06,6.34698e+06,3.58029e+06,3.58029e+06,3.58029e+06,223.464,223.464,223.464,17878,17878,17878,410559,410559,410559,15383.2,15383.2,15383.2,192947,192947,192947,9.12006e+06,9.12006e+06,9.12006e+06,0.0462862,0.0462862,0.0462862,3.50298,3.50298,3.50298,4.54997,4.54997,4.54997
1137,219604,219604,219604,18.485,18.485,18.485,834.909,834.909,834.909,6.34698e+06,6.34698e+06,6.34698e+06,3.58029e+06,3.58029e+06,3.58029e+06,223.464,223.464,223.464,17878,17878,17878,410559,410559,410559,15383.2,15383.2,15383.2,192947,192947,192947,9.12006e+06,9.12006e+06,9.12006e+06,0.0462862,0.0462862,0.0462862,3.50298,3.50298,3.50298,4.54997,4.54997,4.54997
1138,219604,219604,219604,18.485,18.485,18.485,834.909,834.909,834.909,6.34698e+06,6.34698e+06,6.34698e+06,3.58029e+06,3.58029e+06,3.58029e+06,223.464,223.464,223.464,17878,17878,17878,410559,410559,410559,15383.2,15383.2,15383.2,192947,192947,192947,9.12006e+06,9.12006e+06,9.12006e+06,0.0462862,0.0462862,0.0462862,3.50298,3.50298,3.50298,4.54997,4.54997,4.54997
1139,219604,219604,219604,18.485,18.485,18.485,834.909,834.909,834.909,6.34698e+06,6.34698e+06,6.34698e+06,3.58029e+06,3.58029e+06,3.58029e+06,223.464,223.464,223.464,17878,17878,17878,410559,410559,410559,15383.2,15383.2,15383.2,192947,192947,192947,9.12006e+06,9.12006e+06,9.12006e+06,0.0462862,0.0462862,0.0462862,3.50298,3.50298,3.50298,4.54997,4.54997,4.54997
1140,219604,219604,219604,18.485,18.485,18.485,834.909,834.909,834.909,6.34698e+06,6.34698e+06,6.34698e+06,3.58029e+06,3.58029e+06,3.58029e+06,223.464,223.464,223.464,17878,17878,17878,410559,410559,410559,15383.2,15383.2,15383.2,192947,192947,192947,9.12006e+06,9.12006e+06,9.12006e+06,0.0462862,0.0462862,0.0462862,3.50298,3.50298,3.50298,4.54997,4.54997,4.54997
1141,219604,219604,219604,18.485,18.485,18.485,834.909,834.909,834.909,6.34698e+06,6.34698e+06,6.34698e+06,3.58029e+06,3.58029e+06,3.58029e+06,223.464,223.464,223.464,17878,17878,17878,410559,410559,410559,15383.2,15383.2,15383.2,192947,192947,192947,9.12006e+06,9.12006e+06,9.12006e+06,0.0462862,0.0462862,0.0462862,3.50298,3.50298,3.50298,4.54997,4.54997,4.54997
1142,219604,219604,219604,18.485,18.485,18.485,834.909,834.909,834.909,6.34698e+06,6.34698e+06,6.34698e+06,3.58029e+06,3.58029e+06,3.58029e+06,223.464,223.464,223.464,17878,17878,17878,410559,410559,410559,15383.2,15383.2,15383.2,192947,192947,192947,9.12006e+06,9.12006e+06,9.12006e+06,0.0462862,0.0462862,0.0462862,3.50298,3.50298,3.50298,4.54997,4.54997,4.54997
1143,219604,219604,219604,18.485,18.485,18.485,834.909,834.909,834.909,6.34698e+06,6.34698e+06,6.34698e+06,3.58029e+06,3.58029e+06,3.58029e+06,223.464,223.464,223.464,17878,17878,17878,410559,410559,410559,15383.2,15383.2,15383.2,192947,192947,192947,9.12006e+06,9.12006e+06,9.12006e+06,0.0462862,0.0462862,0.0462862,3.50298,3.50298,3.50298,4.54997,4.54997,4.54997
1144,219604,219604,219604,18.485,18.485,18.485,834.909,834.909,834.909,6.34698e+06,6.34698e+06,6.34698e+06,3.58029e+06,3.58029e+06,3.58029e+06,223.464,223.464,223.464,17878,17878,17878,410559,410559,410559,15383.2,15383.2,15383.2,192947,192947,192947,9.12006e+06,9.12006e+06,9.12006e+06,0.0462862,0.0462862,0.0462862,3.50298,3.50298,3.50298,4.54997,4.54997,4.54997
1145,219604,219604,219604,18.485,18.485,18.485,834.909,834.909,834.909,6.34698e+06,6.34698e+06,6.34698e+06,3.58029e+06,3.58029e+06,3.58029e+06,223.464,223.464,223.464,17878,17878,17878,410559,410559,410559,15383.2,15383.2,15383.2,192947,192947,192947,9.12006e+06,9.12006e+06,9.12006e+06,0.0462862,0.0462862,0.0462862,3.50298,3.50298,3.50298,4.54997,4.54997,4.54997
1146,219604,219604,219604,18.485,18.485,18.485,834.909,834.909,834.909,6.34698e+06,6.34698e+06,6.34698e+06,3.58029e+06,3.58029e+06,3.58029e+06,223.464,223.464,223.464,17878,17878,17878,410559,410559,410559,15383.2,15383.2,15383.2,192947,192947,192947,9.12006e+06,9.12006e+06,9.12006e+06,0.0462862,0.0462862,0.0462862,3.50298,3.50298,3.50298,4.54997,4.54997,4.54997
1147,219604,219604,219604,18.485,18.485,18.485,834.909,834.909,834.909,6.34698e+06,6.34698e+06,6.34698e+06,3.58029e+06,3.58029e+06,3.58029e+06,223.464,223.464,223.464,17878,17878,17878,410559,410559,410559,15383.2,15383.2,15383.2,192947,192947,192947,9.12006e+06,9.12006e+06,9.12006e+06,0.0462862,0.0462862,0.0462862,3.50298,3.50298,3.50298,4.54997,4.54997,4.54997
1148,219604,219604,219604,18.485,18.485,18.485,834.909,834.909,834.909,6.34698e+06,6.34698e+06,6.34698e+06,3.58029e+06,3.58029e+06,3.58029e+06,223.464,223.464,223.464,17878,17878,17878,410559,410559,410559,15383.2,15383.2,15383.2,192947,192947,192947,9.12006e+06,9.12006e+06,9.12006e+06,0.0462862,0.0462862,0.0462862,3.50298,3.50298,3.50298,4.54997,4.54997,4.54997
1149,219604,219604,219604,18.485,18.485,18.485,834.909,834.909,834.909,6.34698e+06,6.34698e+06,6.34698e+06,3.58029e+06,3.58029e+06,3.58029e+06,223.464,223.464,223.464,17878,17878,17878,410559,410559,410559,15383.2,15383.2,15383.2,192947,192947,192947,9.12006e+06,9.12006e+06,9.12006e+06,0.0462862,0.0462862,0.0462862,3.50298,3.50298,3.50298,4.54997,4.54997,4.54997
1150,219604,219604,219604,18.485,18.485,18.485,834.909,834.909,834.909,6.34698e+06,6.34698e+06,6.34698e+06,3.58029e+06,3.58029e+06,3.58029e+06,223.464,223.464,223.464,17878,17878,17878,410559,410559,410559,15383.2,15383.2,15383.2,192947,192947,192947,9.12006e+06,9.12006e+06,9.12006e+06,0.0462862,0.0462862,0.0462862,3.50298,3.50298,3.50298,4.54997,4.54997,4.54997
1151,219604,219604,219604,18.485,18.485,18.485,834.909,834.909,834.909,6.34698e+06,6.34698e+06,6.34698e+06,3.58029e+06,3.58029e+06,3.58029e+06,223.464,223.464,223.464,17878,17878,17878,410559,410559,410559,15383.2,15383.2,15383.2,192947,192947,192947,9.12006e+06,9.12006e+06,9.12006e+06,0.0462862,0.0462862,0.0462862,3.50298,3.50298,3.50298,4.54997,4.54997,4.54997
1152,219604,219604,219604,18.485,18.485,18.485,834.909,834.909,834.909,6.34698e+06,6.34698e+06,6.34698e+06,3.58029e+06,3.58029e+06,3.58029e+06,223.464,223.464,223.464,17878,17878,17878,410559,410559,410559,15383.2,15383.2,15383.2,192947,192947,192947,9.12006e+06,9.12006e+06,9.12006e+06,0.0462862,0.0462862,0.0462862,3.50298,3.50298,3.50298,4.54997,4.54997,4.54997
1153,219604,219604,219604,18.485,18.485,18.485,834.909,834.909,834.909,6.34698e+06,6.34698e+06,6.34698e+06,3.58029e+06,3.58029e+06,3.58029e+06,223.464,223.464,223.464,17878,17878,17878,410559,410559,410559,15383.2,15383.2,15383.2,192947,192947,192947,9.12006e+06,9.12006e+06,9.12006e+06,0.0462862,0.0462862,0.0462862,3.50298,3.50298,3.50298,4.54997,4.54997,4.54997
1154,219604,219604,219604,18.485,18.485,18.485,834.909,834.909,834.909,6.34698e+06,6.34698e+06,6.34698e+06,3.58029e+06,3.58029e+06,3.58029e+06,223.464,223.464,223.464,17878,17878,17878,410559,410559,410559,15383.2,15383.2,15383.2,192947,192947,192947,9.12006e+06,9.12006e+06,9.12006e+06,0.0462862,0.0462862,0.0462862,3.50298,3.50298,3.50298,4.54997,4.54997,4.54997
1155,219604,219604,219604,18.485,18.485,18.485,834.909,834.909,834.909,6.34698e+06,6.34698e+06,6.34698e+06,3.58029e+06,3.58029e+06,3.58029e+06,223.464,223.464,223.464,17878,17878,17878,410559,410559,410559,15383.2,15383.2,15383.2,192947,192947,192947,9.12006e+06,9.12006e+06,9.12006e+06,0.0462862,0.0462862,0.0462862,3.50298,3.50298,3.50298,4.54997,4.54997,4.54997
1156,219604,219604,219604,18.485,18.485,18.485,834.909,834.909,834.909,6.34698e+06,6.34698e+06,6.34698e+06,3.58029e+06,3.58029e+06,3.58029e+06,223.464,223.464,223.464,17878,17878,17878,410559,410559,410559,15383.2,15383.2,15383.2,192947,192947,192947,9.12006e+06,9.12006e+06,9.12006e+06,0.0462862,0.0462862,0.0462862,3.50298,3.50298,3.50298,4.54997,4.54997,4.54997
1157,219604,219604,219604,18.485,18.485,18.485,834.909,834.909,834.909,6.34698e+06,6.34698e+06,6.34698e+06,3.58029e+06,3.58029e+06,3.58029e+06,223.464,223.464,223.464,17878,17878,17878,410559,410559,410559,15383.2,15383.2,15383.2,192947,192947,192947,9.12006e+06,9.12006e+06,9.12006e+06,0.0462862,0.0462862,0.0462862,3.50298,3.50298,3.50298,4.54997,4.54997,4.54997
1158,219604,219604,219604,18.485,18.485,18.485,834.909,834.909,834.909,6.34698e+06,6.34698e+06,6.34698e+06,3.58029e+06,3.58029e+06,3.58029e+06,223.464,223.464,223.464,17878,17878,17878,410559,410559,410559,15383.2,15383.2,15383.2,192947,192947,192947,9.12006e+06,9.12006e+06,9.12006e+06,0.0462862,0.0462862,0.0462862,3.50298,3.50298,3.50298,4.54997,4.54997,4.54997
1159,219604,219604,219604,18.485,18.485,18.485,834.909,834.909,834.909,6.34698e+06,6.34698e+06,6.34698e+06,3.58029e+06,3.58029e+06,3.58029e+06,223.464,223.464,223.464,17878,17878,17878,410559,410559,410559,15383.2,15383.2,15383.2,192947,192947,192947,9.12006e+06,9.12006e+06,9.12006e+06,0.0462862,0.0462862,0.0462862,3.50298,3.50298,3.50298,4.54997,4.54997,4.54997
1160,219604,219604,219604,18.485,18.485,18.485,834.909,834.909,834.909,6.34698e+06,6.34698e+06,6.34698e+06,3.58029e+06,3.58029e+06,3.58029e+06,223.464,223.464,223.464,17878,17878,17878,410559,410559,410559,15383.2,15383.2,15383.2,192947,192947,192947,9.12006e+06,9.12006e+06,9.12006e+06,0.0462862,0.0462862,0.0462862,3.50298,3.50298,3.50298,4.54997,4.54997,4.54997
1161,219604,219604,219604,18.485,18.485,18.485,834.909,834.909,834.909,6.34698e+06,6.34698e+06,6.34698e+06,3.58029e+06,3.58029e+06,3.58029e+06,223.464,223.464,223.464,17878,17878,17878,410559,410559,410559,15383.2,15383.2,15383.2,192947,192947,192947,9.12006e+06,9.12006e+06,9.12006e+06,0.0462862,0.0462862,0.0462862,3.50298,3.50298,3.50298,4.54997,4.54997,4.54997
1162,219604,219604,219604,18.485,18.485,18.485,834.909,834.909,834.909,6.34698e+06,6.34698e+06,6.34698e+06,3.58029e+06,3.58029e+06,3.58029e+06,223.464,223.464,223.464,17878,17878,17878,410559,410559,410559,15383.2,15383.2,15383.2,192947,192947,192947,9.12006e+06,9.12006e+06,9.12006e+06,0.0462862,0.0462862,0.0462862,3.50298,3.50298,3.50298,4.54997,4.54997,4.54997
1163,219604,219604,219604,18.485,18.485,18.485,834.909,834.909,834.909,6.34698e+06,6.34698e+06,6.34698e+06,3.58029e+06,3.58029e+06,3.58029e+06,223.464,223.464,223.464,17878,17878,17878,410559,410559,410559,15383.2,15383.2,15383.2,192947,192947,192947,9.12006e+06,9.12006e+06,9.12006e+06,0.0462862,0.0462862,0.0462862,3.50298,3.50298,3.50298,4.54997,4.54997,4.54997
1164,219604,219604,219604,18.485,18.485,18.485,834.909,834.909,834.909,6.34698e+06,6.34698e+06,6.34698e+06,3.58029e+06,3.58029e+06,3.58029e+06,223.464,223.464,223.464,17878,17878,17878,410559,410559,410559,15383.2,15383.2,15383.2,192947,192947,192947,9.12006e+06,9.12006e+06,9.12006e+06,0.0462862,0.0462862,0.0462862,3.50298,3.50298,3.50298,4.54997,4.54997,4.54997
1165,219604,219604,219604,18.485,18.485,18.485,834.909,834.909,834.909,6.34698e+06,6.34698e+06,6.34698e+06,3.58029e+06,3.58029e+06,3.58029e+06,223.464,223.464,223.464,17878,17878,17878,410559,410559,410559,15383.2,15383.2,15383.2,192947,192947,192947,9.12006e+06,9.12006e+06,9.12006e+06,0.0462862,0.0462862,0.0462862,3.50298,3.50298,3.50298,4.54997,4.54997,4.54997
1166,219604,219604,219604,18.485,18.485,18.485,834.909,834.909,834.909,6.34698e+06,6.34698e+06,6.34698e+06,3.58029e+06,3.58029e+06,3.58029e+06,223.464,223.464,223.464,17878,17878,17878,410559,410559,410559,15383.2,15383.2,15383.2,192947,192947,192947,9.12006e+06,9.12006e+06,9.12006e+06,0.0462862,0.0462862,0.0462862,3.50298,3.50298,3.50298,4.54997,4.54997,4.54997
1167,219604,219604,219604,18.485,18.485,18.485,834.909,834.909,834.909,6.34698e+06,6.34698e+06,6.34698e+06,3.58029e+06,3.58029e+06,3.58029e+06,223.464,223.464,223.464,17878,17878,17878,410559,410559,410559,15383.2,15383.2,15383.2,192947,192947,192947,9.12006e+06,9.12006e+06,9.12006e+06,0.0462862,0.0462862,0.0462862,3.50298,3.50298,3.50298,4.54997,4.54997,4.54997
1168,219604,219604,219604,18.485,18.485,18.485,834.909,834.909,834.909,6.34698e+06,6.34698e+06,6.34698e+06,3.58029e+06,3.58029e+06,3.58029e+06,223.464,223.464,223.464,17878,17878,17878,410559,410559,410559,15383.2,15383.2,15383.2,192947,192947,192947,9.12006e+06,9.12006e+06,9.12006e+06,0.0462862,0.0462862,0.0462862,3.50298,3.50298,3.50298,4.54997,4.54997,4.54997
1169,219604,219604,219604,18.485,18.485,18.485,834.909,834.909,834.909,6.34698e+06,6.34698e+06,6.34698e+06,3.58029e+06,3.58029e+06,3.58029e+06,223.464,223.464,223.464,17878,17878,17878,410559,410559,410559,15383.2,15383.2,15383.2,192947,192947,192947,9.12006e+06,9.12006e+06,9.12006e+06,0.0462862,0.0462862,0.0462862,3.50298,3.50298,3.50298,4.54997,4.54997,4.54997
1170,219604,219604,219604,18.485,18.485,18.485,834.909,834.909,834.909,6.34698e+06,6.34698e+06,6.34698e+06,3.58029e+06,3.58029e+06,3.58029e+06,223.464,223.464,223.464,17878,17878,17878,410559,410559,410559,15383.2,15383.2,15383.2,192947,192947,192947,9.12006e+06,9.12006e+06,9.12006e+06,0.0462862,0.0462862,0.0462862,3.50298,3.50298,3.50298,4.54997,4.54997,4.54997
1171,219604,219604,219604,18.485,18.485,18.485,834.909,834.909,834.909,6.34698e+06,6.34698e+06,6.34698e+06,3.58029e+06,3.58029e+06,3.58029e+06,223.464,223.464,223.464,17878,17878,17878,410559,410559,410559,15383.2,15383.2,15383.2,192947,192947,192947,9.12006e+06,9.12006e+06,9.12006e+06,0.0462862,0.0462862,0.0462862,3.50298,3.50298,3.50298,4.54997,4.54997,4.54997
1172,219604,219604,219604,18.485,18.485,18.485,834.909,834.909,834.909,6.34698e+06,6.34698e+06,6.34698e+06,3.58029e+06,3.58029e+06,3.58029e+06,223.464,223.464,223.464,17878,17878,17878,410559,410559,410559,15383.2,15383.2,15383.2,192947,192947,192947,9.12006e+06,9.12006e+06,9.12006e+06,0.0462862,0.0462862,0.0462862,3.50298,3.50298,3.50298,4.54997,4.54997,4.54997
1173,219604,219604,219604,18.485,18.485,18.485,834.909,834.909,834.909,6.34698e+06,6.34698e+06,6.34698e+06,3.58029e+06,3.58029e+06,3.58029e+06,223.464,223.464,223.464,17878,17878,17878,410559,410559,410559,15383.2,15383.2,15383.2,192947,192947,192947,9.12006e+06,9.12006e+06,9.12006e+06,0.0462862,0.0462862,0.0462862,3.50298,3.50298,3.50298,4.54997,4.54997,4.54997
1174,219604,219604,219604,18.485,18.485,18.485,834.909,834.909,834.909,6.34698e+06,6.34698e+06,6.34698e+06,3.58029e+06,3.58029e+06,3.58029e+06,223.464,223.464,223.464,17878,17878,17878,410559,410559,410559,15383.2,15383.2,15383.2,192947,192947,192947,9.12006e+06,9.12006e+06,9.12006e+06,0.0462862,0.0462862,0.0462862,3.50298,3.50298,3.50298,4.54997,4.54997,4.54997
1175,219604,219604,219604,18.485,18.485,18.485,834.909,834.909,834.909,6.34698e+06,6.34698e+06,6.34698e+06,3.58029e+06,3.58029e+06,3.58029e+06,223.464,223.464,223.464,17878,17878,17878,410559,410559,410559,15383.2,15383.2,15383.2,192947,192947,192947,9.12006e+06,9.12006e+06,9.12006e+06,0.0462862,0.0462862,0.0462862,3.50298,3.50298,3.50298,4.54997,4.54997,4.54997
1176,219604,219604,219604,18.485,18.485,18.485,834.909,834.909,834.909,6.34698e+06,6.34698e+06,6.34698e+06,3.58029e+06,3.58029e+06,3.58029e+06,223.464,223.464,223.464,17878,17878,17878,410559,410559,410559,15383.2,15383.2,15383.2,192947,192947,192947,9.12006e+06,9.12006e+06,9.12006e+06,0.0462862,0.0462862,0.0462862,3.50298,3.50298,3.50298,4.54997,4.54997,4.54997
1177,219604,219604,219604,18.485,18.485,18.485,834.909,834.909,834.909,6.34698e+06,6.34698e+06,6.34698e+06,3.58029e+06,3.58029e+06,3.58029e+06,223.464,223.464,223.464,17878,17878,17878,410559,410559,410559,15383.2,15383.2,15383.2,192947,192947,192947,9.12006e+06,9.12006e+06,9.12006e+06,0.0462862,0.0462862,0.0462862,3.50298,3.50298,3.50298,4.54997,4.54997,4.54997
1178,219604,219604,219604,18.485,18.485,18.485,834.909,834.909,834.909,6.34698e+06,6.34698e+06,6.34698e+06,3.58029e+06,3.58029e+06,3.58029e+06,223.464,223.464,223.464,17878,17878,17878,410559,410559,410559,15383.2,15383.2,15383.2,192947,192947,192947,9.12006e+06,9.12006e+06,9.12006e+06,0.0462862,0.0462862,0.0462862,3.50298,3.50298,3.50298,4.54997,4.54997,4.54997
1179,219604,219604,219604,18.485,18.485,18.485,834.909,834.909,834.909,6.34698e+06,6.34698e+06,6.34698e+06,3.58029e+06,3.58029e+06,3.58029e+06,223.464,223.464,223.464,17878,17878,17878,410559,410559,410559,15383.2,15383.2,15383.2,192947,192947,192947,9.12006e+06,9.12006e+06,9.12006e+06,0.0462862,0.0462862,0.0462862,3.50298,3.50298,3.50298,4.54997,4.54997,4.54997
1180,219604,219604,219604,18.485,18.485,18.485,834.909,834.909,834.909,6.34698e+06,6.34698e+06,6.34698e+06,3.58029e+06,3.58029e+06,3.58029e+06,223.464,223.464,223.464,17878,17878,17878,410559,410559,410559,15383.2,15383.2,15383.2,192947,192947,192947,9.12006e+06,9.12006e+06,9.12006e+06,0.0462862,0.0462862,0.0462862,3.50298,3.50298,3.50298,4.54997,4.54997,4.54997
1181,219604,219604,219604,18.485,18.485,18.485,834.909,834.909,834.909,6.34698e+06,6.34698e+06,6.34698e+06,3.58029e+06,3.58029e+06,3.58029e+06,223.464,223.464,223.464,17878,17878,17878,410559,410559,410559,15383.2,15383.2,15383.2,192947,192947,192947,9.12006e+06,9.12006e+06,9.12006e+06,0.0462862,0.0462862,0.0462862,3.50298,3.50298,3.50298,4.54997,4.54997,4.54997
1182,219604,219604,219604,18.485,18.485,18.485,834.909,834.909,834.909,6.34698e+06,6.34698e+06,6.34698e+06,3.58029e+06,3.58029e+06,3.58029e+06,223.464,223.464,223.464,17878,17878,17878,410559,410559,410559,15383.2,15383.2,15383.2,192947,192947,192947,9.12006e+06,9.12006e+06,9.12006e+06,0.0462862,0.0462862,0.0462862,3.50298,3.50298,3.50298,4.54997,4.54997,4.54997
1183,219604,219604,219604,18.485,18.485,18.485,834.909,834.909,834.909,6.34698e+06,6.34698e+06,6.34698e+06,3.58029e+06,3.58029e+06,3.58029e+06,223.464,223.464,223.464,17878,17878,17878,410559,410559,410559,15383.2,15383.2,15383.2,192947,192947,192947,9.12006e+06,9.12006e+06,9.12006e+06,0.0462862,0.0462862,0.0462862,3.50298,3.50298,3.50298,4.54997,4.54997,4.54997
1184,219604,219604,219604,18.485,18.485,18.485,834.909,834.909,834.909,6.34698e+06,6.34698e+06,6.34698e+06,3.58029e+06,3.58029e+06,3.58029e+06,223.464,223.464,223.464,17878,17878,17878,410559,410559,410559,15383.2,15383.2,15383.2,192947,192947,192947,9.12006e+06,9.12006e+06,9.12006e+06,0.0462862,0.0462862,0.0462862,3.50298,3.50298,3.50298,4.54997,4.54997,4.54997
1185,219604,219604,219604,18.485,18.485,18.485,834.909,834.909,834.909,6.34698e+06,6.34698e+06,6.34698e+06,3.58029e+06,3.58029e+06,3.58029e+06,223.464,223.464,223.464,17878,17878,17878,410559,410559,410559,15383.2,15383.2,15383.2,192947,192947,192947,9.12006e+06,9.12006e+06,9.12006e+06,0.0462862,0.0462862,0.0462862,3.50298,3.50298,3.50298,4.54997,4.54997,4.54997
1186,219604,219604,219604,18.485,18.485,18.485,834.909,834.909,834.909,6.34698e+06,6.34698e+06,6.34698e+06,3.58029e+06,3.58029e+06,3.58029e+06,223.464,223.464,223.464,17878,17878,17878,410559,410559,410559,15383.2,15383.2,15383.2,192947,192947,192947,9.12006e+06,9.12006e+06,9.12006e+06,0.0462862,0.0462862,0.0462862,3.50298,3.50298,3.50298,4.54997,4.54997,4.54997
1187,219604,219604,219604,18.485,18.485,18.485,834.909,834.909,834.909,6.34698e+06,6.34698e+06,6.34698e+06,3.58029e+06,3.58029e+06,3.58029e+06,223.464,223.464,223.464,17878,17878,17878,410559,410559,410559,15383.2,15383.2,15383.2,192947,192947,192947,9.12006e+06,9.12006e+06,9.12006e+06,0.0462862,0.0462862,0.0462862,3.50298,3.50298,3.50298,4.54997,4.54997,4.54997
1188,219604,219604,219604,18.485,18.485,18.485,834.909,834.909,834.909,6.34698e+06,6.34698e+06,6.34698e+06,3.58029e+06,3.58029e+06,3.58029e+06,223.464,223.464,223.464,17878,17878,17878,410559,410559,410559,15383.2,15383.2,15383.2,192947,192947,192947,9.12006e+06,9.12006e+06,9.12006e+06,0.0462862,0.0462862,0.0462862,3.50298,3.50298,3.50298,4.54997,4.54997,4.54997
1189,219604,219604,219604,18.485,18.485,18.485,834.909,834.909,834.909,6.34698e+06,6.34698e+06,6.34698e+06,3.58029e+06,3.58029e+06,3.58029e+06,223.464,223.464,223.464,17878,17878,17878,410559,410559,410559,15383.2,15383.2,15383.2,192947,192947,192947,9.12006e+06,9.12006e+06,9.12006e+06,0.0462862,0.0462862,0.0462862,3.50298,3.50298,3.50298,4.54997,4.54997,4.54997
1190,219604,219604,219604,18.485,18.485,18.485,834.909,834.909,834.909,6.34698e+06,6.34698e+06,6.34698e+06,3.58029e+06,3.58029e+06,3.58029e+06,223.464,223.464,223.464,17878,17878,17878,410559,410559,410559,15383.2,15383.2,15383.2,192947,192947,192947,9.12006e+06,9.12006e+06,9.12006e+06,0.0462862,0.0462862,0.0462862,3.50298,3.50298,3.50298,4.54997,4.54997,4.54997
1191,219604,219604,219604,18.485,18.485,18.485,834.909,834.909,834.909,6.34698e+06,6.34698e+06,6.34698e+06,3.58029e+06,3.58029e+06,3.58029e+06,223.464,223.464,223.464,17878,17878,17878,410559,410559,410559,15383.2,15383.2,15383.2,192947,192947,192947,9.12006e+06,9.12006e+06,9.12006e+06,0.0462862,0.0462862,0.0462862,3.50298,3.50298,3.50298,4.54997,4.54997,4.54997
1192,219604,219604,219604,18.485,18.485,18.485,834.909,834.909,834.909,6.34698e+06,6.34698e+06,6.34698e+06,3.58029e+06,3.58029e+06,3.58029e+06,223.464,223.464,223.464,17878,17878,17878,410559,410559,410559,15383.2,15383.2,15383.2,192947,192947,192947,9.12006e+06,9.12006e+06,9.12006e+06,0.0462862,0.0462862,0.0462862,3.50298,3.50298,3.50298,4.54997,4.54997,4.54997
1193,219604,219604,219604,18.485,18.485,18.485,834.909,834.909,834.909,6.34698e+06,6.34698e+06,6.34698e+06,3.58029e+06,3.58029e+06,3.58029e+06,223.464,223.464,223.464,17878,17878,17878,410559,410559,410559,15383.2,15383.2,15383.2,192947,192947,192947,9.12006e+06,9.12006e+06,9.12006e+06,0.0462862,0.0462862,0.0462862,3.50298,3.50298,3.50298,4.54997,4.54997,4.54997
1194,219604,219604,219604,18.485,18.485,18.485,834.909,834.909,834.909,6.34698e+06,6.34698e+06,6.34698e+06,3.58029e+06,3.58029e+06,3.58029e+06,223.464,223.464,223.464,17878,17878,17878,410559,410559,410559,15383.2,15383.2,15383.2,192947,192947,192947,9.12006e+06,9.12006e+06,9.12006e+06,0.0462862,0.0462862,0.0462862,3.50298,3.50298,3.50298,4.54997,4.54997,4.54997
1195,219604,219604,219604,18.485,18.485,18.485,834.909,834.909,834.909,6.34698e+06,6.34698e+06,6.34698e+06,3.58029e+06,3.58029e+06,3.58029e+06,223.464,223.464,223.464,17878,17878,17878,410559,410559,410559,15383.2,15383.2,15383.2,192947,192947,192947,9.12006e+06,9.12006e+06,9.12006e+06,0.0462862,0.0462862,0.0462862,3.50298,3.50298,3.50298,4.54997,4.54997,4.54997
1196,219604,219604,219604,18.485,18.485,18.485,834.909,834.909,834.909,6.34698e+06,6.34698e+06,6.34698e+06,3.58029e+06,3.58029e+06,3.58029e+06,223.464,223.464,223.464,17878,17878,17878,410559,410559,410559,15383.2,15383.2,15383.2,192947,192947,192947,9.12006e+06,9.12006e+06,9.12006e+06,0.0462862,0.0462862,0.0462862,3.50298,3.50298,3.50298,4.54997,4.54997,4.54997
1197,219604,219604,219604,18.485,18.485,18.485,834.909,834.909,834.909,6.34698e+06,6.34698e+06,6.34698e+06,3.58029e+06,3.58029e+06,3.58029e+06,223.464,223.464,223.464,17878,17878,17878,410559,410559,410559,15383.2,15383.2,15383.2,192947,192947,192947,9.12006e+06,9.12006e+06,9.12006e+06,0.0462862,0.0462862,0.0462862,3.50298,3.50298,3.50298,4.54997,4.54997,4.54997
1198,219604,219604,219604,18.485,18.485,18.485,834.909,834.909,834.909,6.34698e+06,6.34698e+06,6.34698e+06,3.58029e+06,3.58029e+06,3.58029e+06,223.464,223.464,223.464,17878,17878,17878,410559,410559,410559,15383.2,15383.2,15383.2,192947,192947,192947,9.12006e+06,9.12006e+06,9.12006e+06,0.0462862,0.0462862,0.0462862,3.50298,3.50298,3.50298,4.54997,4.54997,4.54997
1199,219604,219604,219604,18.485,18.485,18.485,834.909,834.909,834.909,6.34698e+06,6.34698e+06,6.34698e+06,3.58029e+06,3.58029e+06,3.58029e+06,223.464,223.464,223.464,17878,17878,17878,410559,410559,410559,15383.2,15383.2,15383.2,192947,192947,192947,9.12006e+06,9.12006e+06,9.12006e+06,0.0462862,0.0462862,0.0462862,3.50298,3.50298,3.50298,4.54997,4.54997,4.54997
1200,219604,219604,219604,18.485,18.485,18.485,834.909,834.909,834.909,6.34698e+06,6.34698e+06,6.34698e+06,3.58029e+06,3.58029e+06,3.58029e+06,223.464,223.464,223.464,17878,17878,17878,410559,410559,410559,15383.2,15383.2,15383.2,192947,192947,192947,9.12006e+06,9.12006e+06,9.12006e+06,0.0462862,0.0462862,0.0462862,3.50298,3.50298,3.50298,4.54997,4.54997,4.54997
1201,219604,219604,219604,18.485,18.485,18.485,834.909,834.909,834.909,6.34698e+06,6.34698e+06,6.34698e+06,3.58029e+06,3.58029e+06,3.58029e+06,223.464,223.464,223.464,17878,17878,17878,410559,410559,410559,15383.2,15383.2,15383.2,192947,192947,192947,9.12006e+06,9.12006e+06,9.12006e+06,0.0462862,0.0462862,0.0462862,3.50298,3.50298,3.50298,4.54997,4.54997,4.54997
1202,219604,219604,219604,18.485,18.485,18.485,834.909,834.909,834.909,6.34698e+06,6.34698e+06,6.34698e+06,3.58029e+06,3.58029e+06,3.58029e+06,223.464,223.464,223.464,17878,17878,17878,410559,410559,410559,15383.2,15383.2,15383.2,192947,192947,192947,9.12006e+06,9.12006e+06,9.12006e+06,0.0462862,0.0462862,0.0462862,3.50298,3.50298,3.50298,4.54997,4.54997,4.54997
1203,219604,219604,219604,18.485,18.485,18.485,834.909,834.909,834.909,6.34698e+06,6.34698e+06,6.34698e+06,3.58029e+06,3.58029e+06,3.58029e+06,223.464,223.464,223.464,17878,17878,17878,410559,410559,410559,15383.2,15383.2,15383.2,192947,192947,192947,9.12006e+06,9.12006e+06,9.12006e+06,0.0462862,0.0462862,0.0462862,3.50298,3.50298,3.50298,4.54997,4.54997,4.54997
1204,219604,219604,219604,18.485,18.485,18.485,834.909,834.909,834.909,6.34698e+06,6.34698e+06,6.34698e+06,3.58029e+06,3.58029e+06,3.58029e+06,223.464,223.464,223.464,17878,17878,17878,410559,410559,410559,15383.2,15383.2,15383.2,192947,192947,192947,9.12006e+06,9.12006e+06,9.12006e+06,0.0462862,0.0462862,0.0462862,3.50298,3.50298,3.50298,4.54997,4.54997,4.54997
1205,219604,219604,219604,18.485,18.485,18.485,834.909,834.909,834.909,6.34698e+06,6.34698e+06,6.34698e+06,3.58029e+06,3.58029e+06,3.58029e+06,223.464,223.464,223.464,17878,17878,17878,410559,410559,410559,15383.2,15383.2,15383.2,192947,192947,192947,9.12006e+06,9.12006e+06,9.12006e+06,0.0462862,0.0462862,0.0462862,3.50298,3.50298,3.50298,4.54997,4.54997,4.54997
1206,219604,219604,219604,18.485,18.485,18.485,834.909,834.909,834.909,6.34698e+06,6.34698e+06,6.34698e+06,3.58029e+06,3.58029e+06,3.58029e+06,223.464,223.464,223.464,17878,17878,17878,410559,410559,410559,15383.2,15383.2,15383.2,192947,192947,192947,9.12006e+06,9.12006e+06,9.12006e+06,0.0462862,0.0462862,0.0462862,3.50298,3.50298,3.50298,4.54997,4.54997,4.54997
1207,219604,219604,219604,18.485,18.485,18.485,834.909,834.909,834.909,6.34698e+06,6.34698e+06,6.34698e+06,3.58029e+06,3.58029e+06,3.58029e+06,223.464,223.464,223.464,17878,17878,17878,410559,410559,410559,15383.2,15383.2,15383.2,192947,192947,192947,9.12006e+06,9.12006e+06,9.12006e+06,0.0462862,0.0462862,0.0462862,3.50298,3.50298,3.50298,4.54997,4.54997,4.54997
1208,219604,219604,219604,18.485,18.485,18.485,834.909,834.909,834.909,6.34698e+06,6.34698e+06,6.34698e+06,3.58029e+06,3.58029e+06,3.58029e+06,223.464,223.464,223.464,17878,17878,17878,410559,410559,410559,15383.2,15383.2,15383.2,192947,192947,192947,9.12006e+06,9.12006e+06,9.12006e+06,0.0462862,0.0462862,0.0462862,3.50298,3.50298,3.50298,4.54997,4.54997,4.54997
1209,219604,219604,219604,18.485,18.485,18.485,834.909,834.909,834.909,6.34698e+06,6.34698e+06,6.34698e+06,3.58029e+06,3.58029e+06,3.58029e+06,223.464,223.464,223.464,17878,17878,17878,410559,410559,410559,15383.2,15383.2,15383.2,192947,192947,192947,9.12006e+06,9.12006e+06,9.12006e+06,0.0462862,0.0462862,0.0462862,3.50298,3.50298,3.50298,4.54997,4.54997,4.54997
1210,219604,219604,219604,18.485,18.485,18.485,834.909,834.909,834.909,6.34698e+06,6.34698e+06,6.34698e+06,3.58029e+06,3.58029e+06,3.58029e+06,223.464,223.464,223.464,17878,17878,17878,410559,410559,410559,15383.2,15383.2,15383.2,192947,192947,192947,9.12006e+06,9.12006e+06,9.12006e+06,0.0462862,0.0462862,0.0462862,3.50298,3.50298,3.50298,4.54997,4.54997,4.54997
1211,219604,219604,219604,18.485,18.485,18.485,834.909,834.909,834.909,6.34698e+06,6.34698e+06,6.34698e+06,3.58029e+06,3.58029e+06,3.58029e+06,223.464,223.464,223.464,17878,17878,17878,410559,410559,410559,15383.2,15383.2,15383.2,192947,192947,192947,9.12006e+06,9.12006e+06,9.12006e+06,0.0462862,0.0462862,0.0462862,3.50298,3.50298,3.50298,4.54997,4.54997,4.54997
1212,219604,219604,219604,18.485,18.485,18.485,834.909,834.909,834.909,6.34698e+06,6.34698e+06,6.34698e+06,3.58029e+06,3.58029e+06,3.58029e+06,223.464,223.464,223.464,17878,17878,17878,410559,410559,410559,15383.2,15383.2,15383.2,192947,192947,192947,9.12006e+06,9.12006e+06,9.12006e+06,0.0462862,0.0462862,0.0462862,3.50298,3.50298,3.50298,4.54997,4.54997,4.54997
1213,219604,219604,219604,18.485,18.485,18.485,834.909,834.909,834.909,6.34698e+06,6.34698e+06,6.34698e+06,3.58029e+06,3.58029e+06,3.58029e+06,223.464,223.464,223.464,17878,17878,17878,410559,410559,410559,15383.2,15383.2,15383.2,192947,192947,192947,9.12006e+06,9.12006e+06,9.12006e+06,0.0462862,0.0462862,0.0462862,3.50298,3.50298,3.50298,4.54997,4.54997,4.54997
1214,219604,219604,219604,18.485,18.485,18.485,834.909,834.909,834.909,6.34698e+06,6.34698e+06,6.34698e+06,3.58029e+06,3.58029e+06,3.58029e+06,223.464,223.464,223.464,17878,17878,17878,410559,410559,410559,15383.2,15383.2,15383.2,192947,192947,192947,9.12006e+06,9.12006e+06,9.12006e+06,0.0462862,0.0462862,0.0462862,3.50298,3.50298,3.50298,4.54997,4.54997,4.54997
1215,219604,219604,219604,18.485,18.485,18.485,834.909,834.909,834.909,6.34698e+06,6.34698e+06,6.34698e+06,3.58029e+06,3.58029e+06,3.58029e+06,223.464,223.464,223.464,17878,17878,17878,410559,410559,410559,15383.2,15383.2,15383.2,192947,192947,192947,9.12006e+06,9.12006e+06,9.12006e+06,0.0462862,0.0462862,0.0462862,3.50298,3.50298,3.50298,4.54997,4.54997,4.54997
1216,219604,219604,219604,18.485,18.485,18.485,834.909,834.909,834.909,6.34698e+06,6.34698e+06,6.34698e+06,3.58029e+06,3.58029e+06,3.58029e+06,223.464,223.464,223.464,17878,17878,17878,410559,410559,410559,15383.2,15383.2,15383.2,192947,192947,192947,9.12006e+06,9.12006e+06,9.12006e+06,0.0462862,0.0462862,0.0462862,3.50298,3.50298,3.50298,4.54997,4.54997,4.54997
1217,219604,219604,219604,18.485,18.485,18.485,834.909,834.909,834.909,6.34698e+06,6.34698e+06,6.34698e+06,3.58029e+06,3.58029e+06,3.58029e+06,223.464,223.464,223.464,17878,17878,17878,410559,410559,410559,15383.2,15383.2,15383.2,192947,192947,192947,9.12006e+06,9.12006e+06,9.12006e+06,0.0462862,0.0462862,0.0462862,3.50298,3.50298,3.50298,4.54997,4.54997,4.54997
1218,219604,219604,219604,18.485,18.485,18.485,834.909,834.909,834.909,6.34698e+06,6.34698e+06,6.34698e+06,3.58029e+06,3.58029e+06,3.58029e+06,223.464,223.464,223.464,17878,17878,17878,410559,410559,410559,15383.2,15383.2,15383.2,192947,192947,192947,9.12006e+06,9.12006e+06,9.12006e+06,0.0462862,0.0462862,0.0462862,3.50298,3.50298,3.50298,4.54997,4.54997,4.54997
1219,219604,219604,219604,18.485,18.485,18.485,834.909,834.909,834.909,6.34698e+06,6.34698e+06,6.34698e+06,3.58029e+06,3.58029e+06,3.58029e+06,223.464,223.464,223.464,17878,17878,17878,410559,410559,410559,15383.2,15383.2,15383.2,192947,192947,192947,9.12006e+06,9.12006e+06,9.12006e+06,0.0462862,0.0462862,0.0462862,3.50298,3.50298,3.50298,4.54997,4.54997,4.54997
1220,219604,219604,219604,18.485,18.485,18.485,834.909,834.909,834.909,6.34698e+06,6.34698e+06,6.34698e+06,3.58029e+06,3.58029e+06,3.58029e+06,223.464,223.464,223.464,17878,17878,17878,410559,410559,410559,15383.2,15383.2,15383.2,192947,192947,192947,9.12006e+06,9.12006e+06,9.12006e+06,0.0462862,0.0462862,0.0462862,3.50298,3.50298,3.50298,4.54997,4.54997,4.54997
1221,219604,219604,219604,18.485,18.485,18.485,834.909,834.909,834.909,6.34698e+06,6.34698e+06,6.34698e+06,3.58029e+06,3.58029e+06,3.58029e+06,223.464,223.464,223.464,17878,17878,17878,410559,410559,410559,15383.2,15383.2,15383.2,192947,192947,192947,9.12006e+06,9.12006e+06,9.12006e+06,0.0462862,0.0462862,0.0462862,3.50298,3.50298,3.50298,4.54997,4.54997,4.54997
1222,219604,219604,219604,18.485,18.485,18.485,834.909,834.909,834.909,6.34698e+06,6.34698e+06,6.34698e+06,3.58029e+06,3.58029e+06,3.58029e+06,223.464,223.464,223.464,17878,17878,17878,410559,410559,410559,15383.2,15383.2,15383.2,192947,192947,192947,9.12006e+06,9.12006e+06,9.12006e+06,0.0462862,0.0462862,0.0462862,3.50298,3.50298,3.50298,4.54997,4.54997,4.54997
1223,219604,219604,219604,18.485,18.485,18.485,834.909,834.909,834.909,6.34698e+06,6.34698e+06,6.34698e+06,3.58029e+06,3.58029e+06,3.58029e+06,223.464,223.464,223.464,17878,17878,17878,410559,410559,410559,15383.2,15383.2,15383.2,192947,192947,192947,9.12006e+06,9.12006e+06,9.12006e+06,0.0462862,0.0462862,0.0462862,3.50298,3.50298,3.50298,4.54997,4.54997,4.54997
1224,219604,219604,219604,18.485,18.485,18.485,834.909,834.909,834.909,6.34698e+06,6.34698e+06,6.34698e+06,3.58029e+06,3.58029e+06,3.58029e+06,223.464,223.464,223.464,17878,17878,17878,410559,410559,410559,15383.2,15383.2,15383.2,192947,192947,192947,9.12006e+06,9.12006e+06,9.12006e+06,0.0462862,0.0462862,0.0462862,3.50298,3.50298,3.50298,4.54997,4.54997,4.54997
1225,219604,219604,219604,18.485,18.485,18.485,834.909,834.909,834.909,6.34698e+06,6.34698e+06,6.34698e+06,3.58029e+06,3.58029e+06,3.58029e+06,223.464,223.464,223.464,17878,17878,17878,410559,410559,410559,15383.2,15383.2,15383.2,192947,192947,192947,9.12006e+06,9.12006e+06,9.12006e+06,0.0462862,0.0462862,0.0462862,3.50298,3.50298,3.50298,4.54997,4.54997,4.54997
1226,219604,219604,219604,18.485,18.485,18.485,834.909,834.909,834.909,6.34698e+06,6.34698e+06,6.34698e+06,3.58029e+06,3.58029e+06,3.58029e+06,223.464,223.464,223.464,17878,17878,17878,410559,410559,410559,15383.2,15383.2,15383.2,192947,192947,192947,9.12006e+06,9.12006e+06,9.12006e+06,0.0462862,0.0462862,0.0462862,3.50298,3.50298,3.50298,4.54997,4.54997,4.54997
1227,219604,219604,219604,18.485,18.485,18.485,834.909,834.909,834.909,6.34698e+06,6.34698e+06,6.34698e+06,3.58029e+06,3.58029e+06,3.58029e+06,223.464,223.464,223.464,17878,17878,17878,410559,410559,410559,15383.2,15383.2,15383.2,192947,192947,192947,9.12006e+06,9.12006e+06,9.12006e+06,0.0462862,0.0462862,0.0462862,3.50298,3.50298,3.50298,4.54997,4.54997,4.54997
1228,219604,219604,219604,18.485,18.485,18.485,834.909,834.909,834.909,6.34698e+06,6.34698e+06,6.34698e+06,3.58029e+06,3.58029e+06,3.58029e+06,223.464,223.464,223.464,17878,17878,17878,410559,410559,410559,15383.2,15383.2,15383.2,192947,192947,192947,9.12006e+06,9.12006e+06,9.12006e+06,0.0462862,0.0462862,0.0462862,3.50298,3.50298,3.50298,4.54997,4.54997,4.54997
1229,219604,219604,219604,18.485,18.485,18.485,834.909,834.909,834.909,6.34698e+06,6.34698e+06,6.34698e+06,3.58029e+06,3.58029e+06,3.58029e+06,223.464,223.464,223.464,17878,17878,17878,410559,410559,410559,15383.2,15383.2,15383.2,192947,192947,192947,9.12006e+06,9.12006e+06,9.12006e+06,0.0462862,0.0462862,0.0462862,3.50298,3.50298,3.50298,4.54997,4.54997,4.54997
1230,219604,219604,219604,18.485,18.485,18.485,834.909,834.909,834.909,6.34698e+06,6.34698e+06,6.34698e+06,3.58029e+06,3.58029e+06,3.58029e+06,223.464,223.464,223.464,17878,17878,17878,410559,410559,410559,15383.2,15383.2,15383.2,192947,192947,192947,9.12006e+06,9.12006e+06,9.12006e+06,0.0462862,0.0462862,0.0462862,3.50298,3.50298,3.50298,4.54997,4.54997,4.54997
1231,219604,219604,219604,18.485,18.485,18.485,834.909,834.909,834.909,6.34698e+06,6.34698e+06,6.34698e+06,3.58029e+06,3.58029e+06,3.58029e+06,223.464,223.464,223.464,17878,17878,17878,410559,410559,410559,15383.2,15383.2,15383.2,192947,192947,192947,9.12006e+06,9.12006e+06,9.12006e+06,0.0462862,0.0462862,0.0462862,3.50298,3.50298,3.50298,4.54997,4.54997,4.54997
1232,219604,219604,219604,18.485,18.485,18.485,834.909,834.909,834.909,6.34698e+06,6.34698e+06,6.34698e+06,3.58029e+06,3.58029e+06,3.58029e+06,223.464,223.464,223.464,17878,17878,17878,410559,410559,410559,15383.2,15383.2,15383.2,192947,192947,192947,9.12006e+06,9.12006e+06,9.12006e+06,0.0462862,0.0462862,0.0462862,3.50298,3.50298,3.50298,4.54997,4.54997,4.54997
1233,219604,219604,219604,18.485,18.485,18.485,834.909,834.909,834.909,6.34698e+06,6.34698e+06,6.34698e+06,3.58029e+06,3.58029e+06,3.58029e+06,223.464,223.464,223.464,17878,17878,17878,410559,410559,410559,15383.2,15383.2,15383.2,192947,192947,192947,9.12006e+06,9.12006e+06,9.12006e+06,0.0462862,0.0462862,0.0462862,3.50298,3.50298,3.50298,4.54997,4.54997,4.54997
1234,219604,219604,219604,18.485,18.485,18.485,834.909,834.909,834.909,6.34698e+06,6.34698e+06,6.34698e+06,3.58029e+06,3.58029e+06,3.58029e+06,223.464,223.464,223.464,17878,17878,17878,410559,410559,410559,15383.2,15383.2,15383.2,192947,192947,192947,9.12006e+06,9.12006e+06,9.12006e+06,0.0462862,0.0462862,0.0462862,3.50298,3.50298,3.50298,4.54997,4.54997,4.54997
1235,219604,219604,219604,18.485,18.485,18.485,834.909,834.909,834.909,6.34698e+06,6.34698e+06,6.34698e+06,3.58029e+06,3.58029e+06,3.58029e+06,223.464,223.464,223.464,17878,17878,17878,410559,410559,410559,15383.2,15383.2,15383.2,192947,192947,192947,9.12006e+06,9.12006e+06,9.12006e+06,0.0462862,0.0462862,0.0462862,3.50298,3.50298,3.50298,4.54997,4.54997,4.54997
1236,219604,219604,219604,18.485,18.485,18.485,834.909,834.909,834.909,6.34698e+06,6.34698e+06,6.34698e+06,3.58029e+06,3.58029e+06,3.58029e+06,223.464,223.464,223.464,17878,17878,17878,410559,410559,410559,15383.2,15383.2,15383.2,192947,192947,192947,9.12006e+06,9.12006e+06,9.12006e+06,0.0462862,0.0462862,0.0462862,3.50298,3.50298,3.50298,4.54997,4.54997,4.54997
1237,219604,219604,219604,18.485,18.485,18.485,834.909,834.909,834.909,6.34698e+06,6.34698e+06,6.34698e+06,3.58029e+06,3.58029e+06,3.58029e+06,223.464,223.464,223.464,17878,17878,17878,410559,410559,410559,15383.2,15383.2,15383.2,192947,192947,192947,9.12006e+06,9.12006e+06,9.12006e+06,0.0462862,0.0462862,0.0462862,3.50298,3.50298,3.50298,4.54997,4.54997,4.54997
1238,219604,219604,219604,18.485,18.485,18.485,834.909,834.909,834.909,6.34698e+06,6.34698e+06,6.34698e+06,3.58029e+06,3.58029e+06,3.58029e+06,223.464,223.464,223.464,17878,17878,17878,410559,410559,410559,15383.2,15383.2,15383.2,192947,192947,192947,9.12006e+06,9.12006e+06,9.12006e+06,0.0462862,0.0462862,0.0462862,3.50298,3.50298,3.50298,4.54997,4.54997,4.54997
1239,219604,219604,219604,18.485,18.485,18.485,834.909,834.909,834.909,6.34698e+06,6.34698e+06,6.34698e+06,3.58029e+06,3.58029e+06,3.58029e+06,223.464,223.464,223.464,17878,17878,17878,410559,410559,410559,15383.2,15383.2,15383.2,192947,192947,192947,9.12006e+06,9.12006e+06,9.12006e+06,0.0462862,0.0462862,0.0462862,3.50298,3.50298,3.50298,4.54997,4.54997,4.54997
1240,219604,219604,219604,18.485,18.485,18.485,834.909,834.909,834.909,6.34698e+06,6.34698e+06,6.34698e+06,3.58029e+06,3.58029e+06,3.58029e+06,223.464,223.464,223.464,17878,17878,17878,410559,410559,410559,15383.2,15383.2,15383.2,192947,192947,192947,9.12006e+06,9.12006e+06,9.12006e+06,0.0462862,0.0462862,0.0462862,3.50298,3.50298,3.50298,4.54997,4.54997,4.54997
1241,219604,219604,219604,18.485,18.485,18.485,834.909,834.909,834.909,6.34698e+06,6.34698e+06,6.34698e+06,3.58029e+06,3.58029e+06,3.58029e+06,223.464,223.464,223.464,17878,17878,17878,410559,410559,410559,15383.2,15383.2,15383.2,192947,192947,192947,9.12006e+06,9.12006e+06,9.12006e+06,0.0462862,0.0462862,0.0462862,3.50298,3.50298,3.50298,4.54997,4.54997,4.54997
1242,219604,219604,219604,18.485,18.485,18.485,834.909,834.909,834.909,6.34698e+06,6.34698e+06,6.34698e+06,3.58029e+06,3.58029e+06,3.58029e+06,223.464,223.464,223.464,17878,17878,17878,410559,410559,410559,15383.2,15383.2,15383.2,192947,192947,192947,9.12006e+06,9.12006e+06,9.12006e+06,0.0462862,0.0462862,0.0462862,3.50298,3.50298,3.50298,4.54997,4.54997,4.54997
1243,219604,219604,219604,18.485,18.485,18.485,834.909,834.909,834.909,6.34698e+06,6.34698e+06,6.34698e+06,3.58029e+06,3.58029e+06,3.58029e+06,223.464,223.464,223.464,17878,17878,17878,410559,410559,410559,15383.2,15383.2,15383.2,192947,192947,192947,9.12006e+06,9.12006e+06,9.12006e+06,0.0462862,0.0462862,0.0462862,3.50298,3.50298,3.50298,4.54997,4.54997,4.54997
1244,219604,219604,219604,18.485,18.485,18.485,834.909,834.909,834.909,6.34698e+06,6.34698e+06,6.34698e+06,3.58029e+06,3.58029e+06,3.58029e+06,223.464,223.464,223.464,17878,17878,17878,410559,410559,410559,15383.2,15383.2,15383.2,192947,192947,192947,9.12006e+06,9.12006e+06,9.12006e+06,0.0462862,0.0462862,0.0462862,3.50298,3.50298,3.50298,4.54997,4.54997,4.54997
1245,219604,219604,219604,18.485,18.485,18.485,834.909,834.909,834.909,6.34698e+06,6.34698e+06,6.34698e+06,3.58029e+06,3.58029e+06,3.58029e+06,223.464,223.464,223.464,17878,17878,17878,410559,410559,410559,15383.2,15383.2,15383.2,192947,192947,192947,9.12006e+06,9.12006e+06,9.12006e+06,0.0462862,0.0462862,0.0462862,3.50298,3.50298,3.50298,4.54997,4.54997,4.54997
1246,219604,219604,219604,18.485,18.485,18.485,834.909,834.909,834.909,6.34698e+06,6.34698e+06,6.34698e+06,3.58029e+06,3.58029e+06,3.58029e+06,223.464,223.464,223.464,17878,17878,17878,410559,410559,410559,15383.2,15383.2,15383.2,192947,192947,192947,9.12006e+06,9.12006e+06,9.12006e+06,0.0462862,0.0462862,0.0462862,3.50298,3.50298,3.50298,4.54997,4.54997,4.54997
1247,219604,219604,219604,18.485,18.485,18.485,834.909,834.909,834.909,6.34698e+06,6.34698e+06,6.34698e+06,3.58029e+06,3.58029e+06,3.58029e+06,223.464,223.464,223.464,17878,17878,17878,410559,410559,410559,15383.2,15383.2,15383.2,192947,192947,192947,9.12006e+06,9.12006e+06,9.12006e+06,0.0462862,0.0462862,0.0462862,3.50298,3.50298,3.50298,4.54997,4.54997,4.54997
1248,219604,219604,219604,18.485,18.485,18.485,834.909,834.909,834.909,6.34698e+06,6.34698e+06,6.34698e+06,3.58029e+06,3.58029e+06,3.58029e+06,223.464,223.464,223.464,17878,17878,17878,410559,410559,410559,15383.2,15383.2,15383.2,192947,192947,192947,9.12006e+06,9.12006e+06,9.12006e+06,0.0462862,0.0462862,0.0462862,3.50298,3.50298,3.50298,4.54997,4.54997,4.54997
1249,219604,219604,219604,18.485,18.485,18.485,834.909,834.909,834.909,6.34698e+06,6.34698e+06,6.34698e+06,3.58029e+06,3.58029e+06,3.58029e+06,223.464,223.464,223.464,17878,17878,17878,410559,410559,410559,15383.2,15383.2,15383.2,192947,192947,192947,9.12006e+06,9.12006e+06,9.12006e+06,0.0462862,0.0462862,0.0462862,3.50298,3.50298,3.50298,4.54997,4.54997,4.54997
1250,219604,219604,219604,18.485,18.485,18.485,834.909,834.909,834.909,6.34698e+06,6.34698e+06,6.34698e+06,3.58029e+06,3.58029e+06,3.58029e+06,223.464,223.464,223.464,17878,17878,17878,410559,410559,410559,15383.2,15383.2,15383.2,192947,192947,192947,9.12006e+06,9.12006e+06,9.12006e+06,0.0462862,0.0462862,0.0462862,3.50298,3.50298,3.50298,4.54997,4.54997,4.54997
1251,219604,219604,219604,18.485,18.485,18.485,834.909,834.909,834.909,6.34698e+06,6.34698e+06,6.34698e+06,3.58029e+06,3.58029e+06,3.58029e+06,223.464,223.464,223.464,17878,17878,17878,410559,410559,410559,15383.2,15383.2,15383.2,192947,192947,192947,9.12006e+06,9.12006e+06,9.12006e+06,0.0462862,0.0462862,0.0462862,3.50298,3.50298,3.50298,4.54997,4.54997,4.54997
1252,219604,219604,219604,18.485,18.485,18.485,834.909,834.909,834.909,6.34698e+06,6.34698e+06,6.34698e+06,3.58029e+06,3.58029e+06,3.58029e+06,223.464,223.464,223.464,17878,17878,17878,410559,410559,410559,15383.2,15383.2,15383.2,192947,192947,192947,9.12006e+06,9.12006e+06,9.12006e+06,0.0462862,0.0462862,0.0462862,3.50298,3.50298,3.50298,4.54997,4.54997,4.54997
1253,219604,219604,219604,18.485,18.485,18.485,834.909,834.909,834.909,6.34698e+06,6.34698e+06,6.34698e+06,3.58029e+06,3.58029e+06,3.58029e+06,223.464,223.464,223.464,17878,17878,17878,410559,410559,410559,15383.2,15383.2,15383.2,192947,192947,192947,9.12006e+06,9.12006e+06,9.12006e+06,0.0462862,0.0462862,0.0462862,3.50298,3.50298,3.50298,4.54997,4.54997,4.54997
1254,219604,219604,219604,18.485,18.485,18.485,834.909,834.909,834.909,6.34698e+06,6.34698e+06,6.34698e+06,3.58029e+06,3.58029e+06,3.58029e+06,223.464,223.464,223.464,17878,17878,17878,410559,410559,410559,15383.2,15383.2,15383.2,192947,192947,192947,9.12006e+06,9.12006e+06,9.12006e+06,0.0462862,0.0462862,0.0462862,3.50298,3.50298,3.50298,4.54997,4.54997,4.54997
1255,219604,219604,219604,18.485,18.485,18.485,834.909,834.909,834.909,6.34698e+06,6.34698e+06,6.34698e+06,3.58029e+06,3.58029e+06,3.58029e+06,223.464,223.464,223.464,17878,17878,17878,410559,410559,410559,15383.2,15383.2,15383.2,192947,192947,192947,9.12006e+06,9.12006e+06,9.12006e+06,0.0462862,0.0462862,0.0462862,3.50298,3.50298,3.50298,4.54997,4.54997,4.54997
1256,219604,219604,219604,18.485,18.485,18.485,834.909,834.909,834.909,6.34698e+06,6.34698e+06,6.34698e+06,3.58029e+06,3.58029e+06,3.58029e+06,223.464,223.464,223.464,17878,17878,17878,410559,410559,410559,15383.2,15383.2,15383.2,192947,192947,192947,9.12006e+06,9.12006e+06,9.12006e+06,0.0462862,0.0462862,0.0462862,3.50298,3.50298,3.50298,4.54997,4.54997,4.54997
1257,219604,219604,219604,18.485,18.485,18.485,834.909,834.909,834.909,6.34698e+06,6.34698e+06,6.34698e+06,3.58029e+06,3.58029e+06,3.58029e+06,223.464,223.464,223.464,17878,17878,17878,410559,410559,410559,15383.2,15383.2,15383.2,192947,192947,192947,9.12006e+06,9.12006e+06,9.12006e+06,0.0462862,0.0462862,0.0462862,3.50298,3.50298,3.50298,4.54997,4.54997,4.54997
1258,219604,219604,219604,18.485,18.485,18.485,834.909,834.909,834.909,6.34698e+06,6.34698e+06,6.34698e+06,3.58029e+06,3.58029e+06,3.58029e+06,223.464,223.464,223.464,17878,17878,17878,410559,410559,410559,15383.2,15383.2,15383.2,192947,192947,192947,9.12006e+06,9.12006e+06,9.12006e+06,0.0462862,0.0462862,0.0462862,3.50298,3.50298,3.50298,4.54997,4.54997,4.54997
1259,219604,219604,219604,18.485,18.485,18.485,834.909,834.909,834.909,6.34698e+06,6.34698e+06,6.34698e+06,3.58029e+06,3.58029e+06,3.58029e+06,223.464,223.464,223.464,17878,17878,17878,410559,410559,410559,15383.2,15383.2,15383.2,192947,192947,192947,9.12006e+06,9.12006e+06,9.12006e+06,0.0462862,0.0462862,0.0462862,3.50298,3.50298,3.50298,4.54997,4.54997,4.54997
1260,219604,219604,219604,18.485,18.485,18.485,834.909,834.909,834.909,6.34698e+06,6.34698e+06,6.34698e+06,3.58029e+06,3.58029e+06,3.58029e+06,223.464,223.464,223.464,17878,17878,17878,410559,410559,410559,15383.2,15383.2,15383.2,192947,192947,192947,9.12006e+06,9.12006e+06,9.12006e+06,0.0462862,0.0462862,0.0462862,3.50298,3.50298,3.50298,4.54997,4.54997,4.54997
1261,219604,219604,219604,18.485,18.485,18.485,834.909,834.909,834.909,6.34698e+06,6.34698e+06,6.34698e+06,3.58029e+06,3.58029e+06,3.58029e+06,223.464,223.464,223.464,17878,17878,17878,410559,410559,410559,15383.2,15383.2,15383.2,192947,192947,192947,9.12006e+06,9.12006e+06,9.12006e+06,0.0462862,0.0462862,0.0462862,3.50298,3.50298,3.50298,4.54997,4.54997,4.54997
1262,219604,219604,219604,18.485,18.485,18.485,834.909,834.909,834.909,6.34698e+06,6.34698e+06,6.34698e+06,3.58029e+06,3.58029e+06,3.58029e+06,223.464,223.464,223.464,17878,17878,17878,410559,410559,410559,15383.2,15383.2,15383.2,192947,192947,192947,9.12006e+06,9.12006e+06,9.12006e+06,0.0462862,0.0462862,0.0462862,3.50298,3.50298,3.50298,4.54997,4.54997,4.54997
1263,219604,219604,219604,18.485,18.485,18.485,834.909,834.909,834.909,6.34698e+06,6.34698e+06,6.34698e+06,3.58029e+06,3.58029e+06,3.58029e+06,223.464,223.464,223.464,17878,17878,17878,410559,410559,410559,15383.2,15383.2,15383.2,192947,192947,192947,9.12006e+06,9.12006e+06,9.12006e+06,0.0462862,0.0462862,0.0462862,3.50298,3.50298,3.50298,4.54997,4.54997,4.54997
1264,219604,219604,219604,18.485,18.485,18.485,834.909,834.909,834.909,6.34698e+06,6.34698e+06,6.34698e+06,3.58029e+06,3.58029e+06,3.58029e+06,223.464,223.464,223.464,17878,17878,17878,410559,410559,410559,15383.2,15383.2,15383.2,192947,192947,192947,9.12006e+06,9.12006e+06,9.12006e+06,0.0462862,0.0462862,0.0462862,3.50298,3.50298,3.50298,4.54997,4.54997,4.54997
1265,219604,219604,219604,18.485,18.485,18.485,834.909,834.909,834.909,6.34698e+06,6.34698e+06,6.34698e+06,3.58029e+06,3.58029e+06,3.58029e+06,223.464,223.464,223.464,17878,17878,17878,410559,410559,410559,15383.2,15383.2,15383.2,192947,192947,192947,9.12006e+06,9.12006e+06,9.12006e+06,0.0462862,0.0462862,0.0462862,3.50298,3.50298,3.50298,4.54997,4.54997,4.54997
1266,219604,219604,219604,18.485,18.485,18.485,834.909,834.909,834.909,6.34698e+06,6.34698e+06,6.34698e+06,3.58029e+06,3.58029e+06,3.58029e+06,223.464,223.464,223.464,17878,17878,17878,410559,410559,410559,15383.2,15383.2,15383.2,192947,192947,192947,9.12006e+06,9.12006e+06,9.12006e+06,0.0462862,0.0462862,0.0462862,3.50298,3.50298,3.50298,4.54997,4.54997,4.54997
1267,219604,219604,219604,18.485,18.485,18.485,834.909,834.909,834.909,6.34698e+06,6.34698e+06,6.34698e+06,3.58029e+06,3.58029e+06,3.58029e+06,223.464,223.464,223.464,17878,17878,17878,410559,410559,410559,15383.2,15383.2,15383.2,192947,192947,192947,9.12006e+06,9.12006e+06,9.12006e+06,0.0462862,0.0462862,0.0462862,3.50298,3.50298,3.50298,4.54997,4.54997,4.54997
1268,219604,219604,219604,18.485,18.485,18.485,834.909,834.909,834.909,6.34698e+06,6.34698e+06,6.34698e+06,3.58029e+06,3.58029e+06,3.58029e+06,223.464,223.464,223.464,17878,17878,17878,410559,410559,410559,15383.2,15383.2,15383.2,192947,192947,192947,9.12006e+06,9.12006e+06,9.12006e+06,0.0462862,0.0462862,0.0462862,3.50298,3.50298,3.50298,4.54997,4.54997,4.54997
1269,219604,219604,219604,18.485,18.485,18.485,834.909,834.909,834.909,6.34698e+06,6.34698e+06,6.34698e+06,3.58029e+06,3.58029e+06,3.58029e+06,223.464,223.464,223.464,17878,17878,17878,410559,410559,410559,15383.2,15383.2,15383.2,192947,192947,192947,9.12006e+06,9.12006e+06,9.12006e+06,0.0462862,0.0462862,0.0462862,3.50298,3.50298,3.50298,4.54997,4.54997,4.54997
1270,219604,219604,219604,18.485,18.485,18.485,834.909,834.909,834.909,6.34698e+06,6.34698e+06,6.34698e+06,3.58029e+06,3.58029e+06,3.58029e+06,223.464,223.464,223.464,17878,17878,17878,410559,410559,410559,15383.2,15383.2,15383.2,192947,192947,192947,9.12006e+06,9.12006e+06,9.12006e+06,0.0462862,0.0462862,0.0462862,3.50298,3.50298,3.50298,4.54997,4.54997,4.54997
1271,219604,219604,219604,18.485,18.485,18.485,834.909,834.909,834.909,6.34698e+06,6.34698e+06,6.34698e+06,3.58029e+06,3.58029e+06,3.58029e+06,223.464,223.464,223.464,17878,17878,17878,410559,410559,410559,15383.2,15383.2,15383.2,192947,192947,192947,9.12006e+06,9.12006e+06,9.12006e+06,0.0462862,0.0462862,0.0462862,3.50298,3.50298,3.50298,4.54997,4.54997,4.54997
1272,219604,219604,219604,18.485,18.485,18.485,834.909,834.909,834.909,6.34698e+06,6.34698e+06,6.34698e+06,3.58029e+06,3.58029e+06,3.58029e+06,223.464,223.464,223.464,17878,17878,17878,410559,410559,410559,15383.2,15383.2,15383.2,192947,192947,192947,9.12006e+06,9.12006e+06,9.12006e+06,0.0462862,0.0462862,0.0462862,3.50298,3.50298,3.50298,4.54997,4.54997,4.54997
1273,219604,219604,219604,18.485,18.485,18.485,834.909,834.909,834.909,6.34698e+06,6.34698e+06,6.34698e+06,3.58029e+06,3.58029e+06,3.58029e+06,223.464,223.464,223.464,17878,17878,17878,410559,410559,410559,15383.2,15383.2,15383.2,192947,192947,192947,9.12006e+06,9.12006e+06,9.12006e+06,0.0462862,0.0462862,0.0462862,3.50298,3.50298,3.50298,4.54997,4.54997,4.54997
1274,219604,219604,219604,18.485,18.485,18.485,834.909,834.909,834.909,6.34698e+06,6.34698e+06,6.34698e+06,3.58029e+06,3.58029e+06,3.58029e+06,223.464,223.464,223.464,17878,17878,17878,410559,410559,410559,15383.2,15383.2,15383.2,192947,192947,192947,9.12006e+06,9.12006e+06,9.12006e+06,0.0462862,0.0462862,0.0462862,3.50298,3.50298,3.50298,4.54997,4.54997,4.54997
1275,219604,219604,219604,18.485,18.485,18.485,834.909,834.909,834.909,6.34698e+06,6.34698e+06,6.34698e+06,3.58029e+06,3.58029e+06,3.58029e+06,223.464,223.464,223.464,17878,17878,17878,410559,410559,410559,15383.2,15383.2,15383.2,192947,192947,192947,9.12006e+06,9.12006e+06,9.12006e+06,0.0462862,0.0462862,0.0462862,3.50298,3.50298,3.50298,4.54997,4.54997,4.54997
1276,219604,219604,219604,18.485,18.485,18.485,834.909,834.909,834.909,6.34698e+06,6.34698e+06,6.34698e+06,3.58029e+06,3.58029e+06,3.58029e+06,223.464,223.464,223.464,17878,17878,17878,410559,410559,410559,15383.2,15383.2,15383.2,192947,192947,192947,9.12006e+06,9.12006e+06,9.12006e+06,0.0462862,0.0462862,0.0462862,3.50298,3.50298,3.50298,4.54997,4.54997,4.54997
1277,219604,219604,219604,18.485,18.485,18.485,834.909,834.909,834.909,6.34698e+06,6.34698e+06,6.34698e+06,3.58029e+06,3.58029e+06,3.58029e+06,223.464,223.464,223.464,17878,17878,17878,410559,410559,410559,15383.2,15383.2,15383.2,192947,192947,192947,9.12006e+06,9.12006e+06,9.12006e+06,0.0462862,0.0462862,0.0462862,3.50298,3.50298,3.50298,4.54997,4.54997,4.54997
1278,219604,219604,219604,18.485,18.485,18.485,834.909,834.909,834.909,6.34698e+06,6.34698e+06,6.34698e+06,3.58029e+06,3.58029e+06,3.58029e+06,223.464,223.464,223.464,17878,17878,17878,410559,410559,410559,15383.2,15383.2,15383.2,192947,192947,192947,9.12006e+06,9.12006e+06,9.12006e+06,0.0462862,0.0462862,0.0462862,3.50298,3.50298,3.50298,4.54997,4.54997,4.54997
1279,219604,219604,219604,18.485,18.485,18.485,834.909,834.909,834.909,6.34698e+06,6.34698e+06,6.34698e+06,3.58029e+06,3.58029e+06,3.58029e+06,223.464,223.464,223.464,17878,17878,17878,410559,410559,410559,15383.2,15383.2,15383.2,192947,192947,192947,9.12006e+06,9.12006e+06,9.12006e+06,0.0462862,0.0462862,0.0462862,3.50298,3.50298,3.50298,4.54997,4.54997,4.54997
1280,219604,219604,219604,18.485,18.485,18.485,834.909,834.909,834.909,6.34698e+06,6.34698e+06,6.34698e+06,3.58029e+06,3.58029e+06,3.58029e+06,223.464,223.464,223.464,17878,17878,17878,410559,410559,410559,15383.2,15383.2,15383.2,192947,192947,192947,9.12006e+06,9.12006e+06,9.12006e+06,0.0462862,0.0462862,0.0462862,3.50298,3.50298,3.50298,4.54997,4.54997,4.54997
1281,219604,219604,219604,18.485,18.485,18.485,834.909,834.909,834.909,6.34698e+06,6.34698e+06,6.34698e+06,3.58029e+06,3.58029e+06,3.58029e+06,223.464,223.464,223.464,17878,17878,17878,410559,410559,410559,15383.2,15383.2,15383.2,192947,192947,192947,9.12006e+06,9.12006e+06,9.12006e+06,0.0462862,0.0462862,0.0462862,3.50298,3.50298,3.50298,4.54997,4.54997,4.54997
1282,219604,219604,219604,18.485,18.485,18.485,834.909,834.909,834.909,6.34698e+06,6.34698e+06,6.34698e+06,3.58029e+06,3.58029e+06,3.58029e+06,223.464,223.464,223.464,17878,17878,17878,410559,410559,410559,15383.2,15383.2,15383.2,192947,192947,192947,9.12006e+06,9.12006e+06,9.12006e+06,0.0462862,0.0462862,0.0462862,3.50298,3.50298,3.50298,4.54997,4.54997,4.54997
1283,219604,219604,219604,18.485,18.485,18.485,834.909,834.909,834.909,6.34698e+06,6.34698e+06,6.34698e+06,3.58029e+06,3.58029e+06,3.58029e+06,223.464,223.464,223.464,17878,17878,17878,410559,410559,410559,15383.2,15383.2,15383.2,192947,192947,192947,9.12006e+06,9.12006e+06,9.12006e+06,0.0462862,0.0462862,0.0462862,3.50298,3.50298,3.50298,4.54997,4.54997,4.54997
1284,219604,219604,219604,18.485,18.485,18.485,834.909,834.909,834.909,6.34698e+06,6.34698e+06,6.34698e+06,3.58029e+06,3.58029e+06,3.58029e+06,223.464,223.464,223.464,17878,17878,17878,410559,410559,410559,15383.2,15383.2,15383.2,192947,192947,192947,9.12006e+06,9.12006e+06,9.12006e+06,0.0462862,0.0462862,0.0462862,3.50298,3.50298,3.50298,4.54997,4.54997,4.54997
1285,219604,219604,219604,18.485,18.485,18.485,834.909,834.909,834.909,6.34698e+06,6.34698e+06,6.34698e+06,3.58029e+06,3.58029e+06,3.58029e+06,223.464,223.464,223.464,17878,17878,17878,410559,410559,410559,15383.2,15383.2,15383.2,192947,192947,192947,9.12006e+06,9.12006e+06,9.12006e+06,0.0462862,0.0462862,0.0462862,3.50298,3.50298,3.50298,4.54997,4.54997,4.54997
1286,219604,219604,219604,18.485,18.485,18.485,834.909,834.909,834.909,6.34698e+06,6.34698e+06,6.34698e+06,3.58029e+06,3.58029e+06,3.58029e+06,223.464,223.464,223.464,17878,17878,17878,410559,410559,410559,15383.2,15383.2,15383.2,192947,192947,192947,9.12006e+06,9.12006e+06,9.12006e+06,0.0462862,0.0462862,0.0462862,3.50298,3.50298,3.50298,4.54997,4.54997,4.54997
1287,219604,219604,219604,18.485,18.485,18.485,834.909,834.909,834.909,6.34698e+06,6.34698e+06,6.34698e+06,3.58029e+06,3.58029e+06,3.58029e+06,223.464,223.464,223.464,17878,17878,17878,410559,410559,410559,15383.2,15383.2,15383.2,192947,192947,192947,9.12006e+06,9.12006e+06,9.12006e+06,0.0462862,0.0462862,0.0462862,3.50298,3.50298,3.50298,4.54997,4.54997,4.54997
1288,219604,219604,219604,18.485,18.485,18.485,834.909,834.909,834.909,6.34698e+06,6.34698e+06,6.34698e+06,3.58029e+06,3.58029e+06,3.58029e+06,223.464,223.464,223.464,17878,17878,17878,410559,410559,410559,15383.2,15383.2,15383.2,192947,192947,192947,9.12006e+06,9.12006e+06,9.12006e+06,0.0462862,0.0462862,0.0462862,3.50298,3.50298,3.50298,4.54997,4.54997,4.54997
1289,219604,219604,219604,18.485,18.485,18.485,834.909,834.909,834.909,6.34698e+06,6.34698e+06,6.34698e+06,3.58029e+06,3.58029e+06,3.58029e+06,223.464,223.464,223.464,17878,17878,17878,410559,410559,410559,15383.2,15383.2,15383.2,192947,192947,192947,9.12006e+06,9.12006e+06,9.12006e+06,0.0462862,0.0462862,0.0462862,3.50298,3.50298,3.50298,4.54997,4.54997,4.54997
1290,219604,219604,219604,18.485,18.485,18.485,834.909,834.909,834.909,6.34698e+06,6.34698e+06,6.34698e+06,3.58029e+06,3.58029e+06,3.58029e+06,223.464,223.464,223.464,17878,17878,17878,410559,410559,410559,15383.2,15383.2,15383.2,192947,192947,192947,9.12006e+06,9.12006e+06,9.12006e+06,0.0462862,0.0462862,0.0462862,3.50298,3.50298,3.50298,4.54997,4.54997,4.54997
1291,219604,219604,219604,18.485,18.485,18.485,834.909,834.909,834.909,6.34698e+06,6.34698e+06,6.34698e+06,3.58029e+06,3.58029e+06,3.58029e+06,223.464,223.464,223.464,17878,17878,17878,410559,410559,410559,15383.2,15383.2,15383.2,192947,192947,192947,9.12006e+06,9.12006e+06,9.12006e+06,0.0462862,0.0462862,0.0462862,3.50298,3.50298,3.50298,4.54997,4.54997,4.54997
1292,219604,219604,219604,18.485,18.485,18.485,834.909,834.909,834.909,6.34698e+06,6.34698e+06,6.34698e+06,3.58029e+06,3.58029e+06,3.58029e+06,223.464,223.464,223.464,17878,17878,17878,410559,410559,410559,15383.2,15383.2,15383.2,192947,192947,192947,9.12006e+06,9.12006e+06,9.12006e+06,0.0462862,0.0462862,0.0462862,3.50298,3.50298,3.50298,4.54997,4.54997,4.54997
1293,219604,219604,219604,18.485,18.485,18.485,834.909,834.909,834.909,6.34698e+06,6.34698e+06,6.34698e+06,3.58029e+06,3.58029e+06,3.58029e+06,223.464,223.464,223.464,17878,17878,17878,410559,410559,410559,15383.2,15383.2,15383.2,192947,192947,192947,9.12006e+06,9.12006e+06,9.12006e+06,0.0462862,0.0462862,0.0462862,3.50298,3.50298,3.50298,4.54997,4.54997,4.54997
1294,219604,219604,219604,18.485,18.485,18.485,834.909,834.909,834.909,6.34698e+06,6.34698e+06,6.34698e+06,3.58029e+06,3.58029e+06,3.58029e+06,223.464,223.464,223.464,17878,17878,17878,410559,410559,410559,15383.2,15383.2,15383.2,192947,192947,192947,9.12006e+06,9.12006e+06,9.12006e+06,0.0462862,0.0462862,0.0462862,3.50298,3.50298,3.50298,4.54997,4.54997,4.54997
1295,219604,219604,219604,18.485,18.485,18.485,834.909,834.909,834.909,6.34698e+06,6.34698e+06,6.34698e+06,3.58029e+06,3.58029e+06,3.58029e+06,223.464,223.464,223.464,17878,17878,17878,410559,410559,410559,15383.2,15383.2,15383.2,192947,192947,192947,9.12006e+06,9.12006e+06,9.12006e+06,0.0462862,0.0462862,0.0462862,3.50298,3.50298,3.50298,4.54997,4.54997,4.54997
1296,219604,219604,219604,18.485,18.485,18.485,834.909,834.909,834.909,6.34698e+06,6.34698e+06,6.34698e+06,3.58029e+06,3.58029e+06,3.58029e+06,223.464,223.464,223.464,17878,17878,17878,410559,410559,410559,15383.2,15383.2,15383.2,192947,192947,192947,9.12006e+06,9.12006e+06,9.12006e+06,0.0462862,0.0462862,0.0462862,3.50298,3.50298,3.50298,4.54997,4.54997,4.54997
1297,219604,219604,219604,18.485,18.485,18.485,834.909,834.909,834.909,6.34698e+06,6.34698e+06,6.34698e+06,3.58029e+06,3.58029e+06,3.58029e+06,223.464,223.464,223.464,17878,17878,17878,410559,410559,410559,15383.2,15383.2,15383.2,192947,192947,192947,9.12006e+06,9.12006e+06,9.12006e+06,0.0462862,0.0462862,0.0462862,3.50298,3.50298,3.50298,4.54997,4.54997,4.54997
1298,219604,219604,219604,18.485,18.485,18.485,834.909,834.909,834.909,6.34698e+06,6.34698e+06,6.34698e+06,3.58029e+06,3.58029e+06,3.58029e+06,223.464,223.464,223.464,17878,17878,17878,410559,410559,410559,15383.2,15383.2,15383.2,192947,192947,192947,9.12006e+06,9.12006e+06,9.12006e+06,0.0462862,0.0462862,0.0462862,3.50298,3.50298,3.50298,4.54997,4.54997,4.54997
1299,219604,219604,219604,18.485,18.485,18.485,834.909,834.909,834.909,6.34698e+06,6.34698e+06,6.34698e+06,3.58029e+06,3.58029e+06,3.58029e+06,223.464,223.464,223.464,17878,17878,17878,410559,410559,410559,15383.2,15383.2,15383.2,192947,192947,192947,9.12006e+06,9.12006e+06,9.12006e+06,0.0462862,0.0462862,0.0462862,3.50298,3.50298,3.50298,4.54997,4.54997,4.54997
1300,219604,219604,219604,18.485,18.485,18.485,834.909,834.909,834.909,6.34698e+06,6.34698e+06,6.34698e+06,3.58029e+06,3.58029e+06,3.58029e+06,223.464,223.464,223.464,17878,17878,17878,410559,410559,410559,15383.2,15383.2,15383.2,192947,192947,192947,9.12006e+06,9.12006e+06,9.12006e+06,0.0462862,0.0462862,0.0462862,3.50298,3.50298,3.50298,4.54997,4.54997,4.54997
1301,219604,219604,219604,18.485,18.485,18.485,834.909,834.909,834.909,6.34698e+06,6.34698e+06,6.34698e+06,3.58029e+06,3.58029e+06,3.58029e+06,223.464,223.464,223.464,17878,17878,17878,410559,410559,410559,15383.2,15383.2,15383.2,192947,192947,192947,9.12006e+06,9.12006e+06,9.12006e+06,0.0462862,0.0462862,0.0462862,3.50298,3.50298,3.50298,4.54997,4.54997,4.54997
1302,219604,219604,219604,18.485,18.485,18.485,834.909,834.909,834.909,6.34698e+06,6.34698e+06,6.34698e+06,3.58029e+06,3.58029e+06,3.58029e+06,223.464,223.464,223.464,17878,17878,17878,410559,410559,410559,15383.2,15383.2,15383.2,192947,192947,192947,9.12006e+06,9.12006e+06,9.12006e+06,0.0462862,0.0462862,0.0462862,3.50298,3.50298,3.50298,4.54997,4.54997,4.54997
1303,219604,219604,219604,18.485,18.485,18.485,834.909,834.909,834.909,6.34698e+06,6.34698e+06,6.34698e+06,3.58029e+06,3.58029e+06,3.58029e+06,223.464,223.464,223.464,17878,17878,17878,410559,410559,410559,15383.2,15383.2,15383.2,192947,192947,192947,9.12006e+06,9.12006e+06,9.12006e+06,0.0462862,0.0462862,0.0462862,3.50298,3.50298,3.50298,4.54997,4.54997,4.54997
1304,219604,219604,219604,18.485,18.485,18.485,834.909,834.909,834.909,6.34698e+06,6.34698e+06,6.34698e+06,3.58029e+06,3.58029e+06,3.58029e+06,223.464,223.464,223.464,17878,17878,17878,410559,410559,410559,15383.2,15383.2,15383.2,192947,192947,192947,9.12006e+06,9.12006e+06,9.12006e+06,0.0462862,0.0462862,0.0462862,3.50298,3.50298,3.50298,4.54997,4.54997,4.54997
1305,219604,219604,219604,18.485,18.485,18.485,834.909,834.909,834.909,6.34698e+06,6.34698e+06,6.34698e+06,3.58029e+06,3.58029e+06,3.58029e+06,223.464,223.464,223.464,17878,17878,17878,410559,410559,410559,15383.2,15383.2,15383.2,192947,192947,192947,9.12006e+06,9.12006e+06,9.12006e+06,0.0462862,0.0462862,0.0462862,3.50298,3.50298,3.50298,4.54997,4.54997,4.54997
1306,219604,219604,219604,18.485,18.485,18.485,834.909,834.909,834.909,6.34698e+06,6.34698e+06,6.34698e+06,3.58029e+06,3.58029e+06,3.58029e+06,223.464,223.464,223.464,17878,17878,17878,410559,410559,410559,15383.2,15383.2,15383.2,192947,192947,192947,9.12006e+06,9.12006e+06,9.12006e+06,0.0462862,0.0462862,0.0462862,3.50298,3.50298,3.50298,4.54997,4.54997,4.54997
1307,219604,219604,219604,18.485,18.485,18.485,834.909,834.909,834.909,6.34698e+06,6.34698e+06,6.34698e+06,3.58029e+06,3.58029e+06,3.58029e+06,223.464,223.464,223.464,17878,17878,17878,410559,410559,410559,15383.2,15383.2,15383.2,192947,192947,192947,9.12006e+06,9.12006e+06,9.12006e+06,0.0462862,0.0462862,0.0462862,3.50298,3.50298,3.50298,4.54997,4.54997,4.54997
1308,219604,219604,219604,18.485,18.485,18.485,834.909,834.909,834.909,6.34698e+06,6.34698e+06,6.34698e+06,3.58029e+06,3.58029e+06,3.58029e+06,223.464,223.464,223.464,17878,17878,17878,410559,410559,410559,15383.2,15383.2,15383.2,192947,192947,192947,9.12006e+06,9.12006e+06,9.12006e+06,0.0462862,0.0462862,0.0462862,3.50298,3.50298,3.50298,4.54997,4.54997,4.54997
1309,219604,219604,219604,18.485,18.485,18.485,834.909,834.909,834.909,6.34698e+06,6.34698e+06,6.34698e+06,3.58029e+06,3.58029e+06,3.58029e+06,223.464,223.464,223.464,17878,17878,17878,410559,410559,410559,15383.2,15383.2,15383.2,192947,192947,192947,9.12006e+06,9.12006e+06,9.12006e+06,0.0462862,0.0462862,0.0462862,3.50298,3.50298,3.50298,4.54997,4.54997,4.54997
1310,219604,219604,219604,18.485,18.485,18.485,834.909,834.909,834.909,6.34698e+06,6.34698e+06,6.34698e+06,3.58029e+06,3.58029e+06,3.58029e+06,223.464,223.464,223.464,17878,17878,17878,410559,410559,410559,15383.2,15383.2,15383.2,192947,192947,192947,9.12006e+06,9.12006e+06,9.12006e+06,0.0462862,0.0462862,0.0462862,3.50298,3.50298,3.50298,4.54997,4.54997,4.54997
1311,219604,219604,219604,18.485,18.485,18.485,834.909,834.909,834.909,6.34698e+06,6.34698e+06,6.34698e+06,3.58029e+06,3.58029e+06,3.58029e+06,223.464,223.464,223.464,17878,17878,17878,410559,410559,410559,15383.2,15383.2,15383.2,192947,192947,192947,9.12006e+06,9.12006e+06,9.12006e+06,0.0462862,0.0462862,0.0462862,3.50298,3.50298,3.50298,4.54997,4.54997,4.54997
1312,219604,219604,219604,18.485,18.485,18.485,834.909,834.909,834.909,6.34698e+06,6.34698e+06,6.34698e+06,3.58029e+06,3.58029e+06,3.58029e+06,223.464,223.464,223.464,17878,17878,17878,410559,410559,410559,15383.2,15383.2,15383.2,192947,192947,192947,9.12006e+06,9.12006e+06,9.12006e+06,0.0462862,0.0462862,0.0462862,3.50298,3.50298,3.50298,4.54997,4.54997,4.54997
1313,219604,219604,219604,18.485,18.485,18.485,834.909,834.909,834.909,6.34698e+06,6.34698e+06,6.34698e+06,3.58029e+06,3.58029e+06,3.58029e+06,223.464,223.464,223.464,17878,17878,17878,410559,410559,410559,15383.2,15383.2,15383.2,192947,192947,192947,9.12006e+06,9.12006e+06,9.12006e+06,0.0462862,0.0462862,0.0462862,3.50298,3.50298,3.50298,4.54997,4.54997,4.54997
1314,219604,219604,219604,18.485,18.485,18.485,834.909,834.909,834.909,6.34698e+06,6.34698e+06,6.34698e+06,3.58029e+06,3.58029e+06,3.58029e+06,223.464,223.464,223.464,17878,17878,17878,410559,410559,410559,15383.2,15383.2,15383.2,192947,192947,192947,9.12006e+06,9.12006e+06,9.12006e+06,0.0462862,0.0462862,0.0462862,3.50298,3.50298,3.50298,4.54997,4.54997,4.54997
1315,219604,219604,219604,18.485,18.485,18.485,834.909,834.909,834.909,6.34698e+06,6.34698e+06,6.34698e+06,3.58029e+06,3.58029e+06,3.58029e+06,223.464,223.464,223.464,17878,17878,17878,410559,410559,410559,15383.2,15383.2,15383.2,192947,192947,192947,9.12006e+06,9.12006e+06,9.12006e+06,0.0462862,0.0462862,0.0462862,3.50298,3.50298,3.50298,4.54997,4.54997,4.54997
1316,219604,219604,219604,18.485,18.485,18.485,834.909,834.909,834.909,6.34698e+06,6.34698e+06,6.34698e+06,3.58029e+06,3.58029e+06,3.58029e+06,223.464,223.464,223.464,17878,17878,17878,410559,410559,410559,15383.2,15383.2,15383.2,192947,192947,192947,9.12006e+06,9.12006e+06,9.12006e+06,0.0462862,0.0462862,0.0462862,3.50298,3.50298,3.50298,4.54997,4.54997,4.54997
1317,219604,219604,219604,18.485,18.485,18.485,834.909,834.909,834.909,6.34698e+06,6.34698e+06,6.34698e+06,3.58029e+06,3.58029e+06,3.58029e+06,223.464,223.464,223.464,17878,17878,17878,410559,410559,410559,15383.2,15383.2,15383.2,192947,192947,192947,9.12006e+06,9.12006e+06,9.12006e+06,0.0462862,0.0462862,0.0462862,3.50298,3.50298,3.50298,4.54997,4.54997,4.54997
1318,219604,219604,219604,18.485,18.485,18.485,834.909,834.909,834.909,6.34698e+06,6.34698e+06,6.34698e+06,3.58029e+06,3.58029e+06,3.58029e+06,223.464,223.464,223.464,17878,17878,17878,410559,410559,410559,15383.2,15383.2,15383.2,192947,192947,192947,9.12006e+06,9.12006e+06,9.12006e+06,0.0462862,0.0462862,0.0462862,3.50298,3.50298,3.50298,4.54997,4.54997,4.54997
1319,219604,219604,219604,18.485,18.485,18.485,834.909,834.909,834.909,6.34698e+06,6.34698e+06,6.34698e+06,3.58029e+06,3.58029e+06,3.58029e+06,223.464,223.464,223.464,17878,17878,17878,410559,410559,410559,15383.2,15383.2,15383.2,192947,192947,192947,9.12006e+06,9.12006e+06,9.12006e+06,0.0462862,0.0462862,0.0462862,3.50298,3.50298,3.50298,4.54997,4.54997,4.54997
1320,219604,219604,219604,18.485,18.485,18.485,834.909,834.909,834.909,6.34698e+06,6.34698e+06,6.34698e+06,3.58029e+06,3.58029e+06,3.58029e+06,223.464,223.464,223.464,17878,17878,17878,410559,410559,410559,15383.2,15383.2,15383.2,192947,192947,192947,9.12006e+06,9.12006e+06,9.12006e+06,0.0462862,0.0462862,0.0462862,3.50298,3.50298,3.50298,4.54997,4.54997,4.54997
1321,219604,219604,219604,18.485,18.485,18.485,834.909,834.909,834.909,6.34698e+06,6.34698e+06,6.34698e+06,3.58029e+06,3.58029e+06,3.58029e+06,223.464,223.464,223.464,17878,17878,17878,410559,410559,410559,15383.2,15383.2,15383.2,192947,192947,192947,9.12006e+06,9.12006e+06,9.12006e+06,0.0462862,0.0462862,0.0462862,3.50298,3.50298,3.50298,4.54997,4.54997,4.54997
1322,219604,219604,219604,18.485,18.485,18.485,834.909,834.909,834.909,6.34698e+06,6.34698e+06,6.34698e+06,3.58029e+06,3.58029e+06,3.58029e+06,223.464,223.464,223.464,17878,17878,17878,410559,410559,410559,15383.2,15383.2,15383.2,192947,192947,192947,9.12006e+06,9.12006e+06,9.12006e+06,0.0462862,0.0462862,0.0462862,3.50298,3.50298,3.50298,4.54997,4.54997,4.54997
1323,219604,219604,219604,18.485,18.485,18.485,834.909,834.909,834.909,6.34698e+06,6.34698e+06,6.34698e+06,3.58029e+06,3.58029e+06,3.58029e+06,223.464,223.464,223.464,17878,17878,17878,410559,410559,410559,15383.2,15383.2,15383.2,192947,192947,192947,9.12006e+06,9.12006e+06,9.12006e+06,0.0462862,0.0462862,0.0462862,3.50298,3.50298,3.50298,4.54997,4.54997,4.54997
1324,219604,219604,219604,18.485,18.485,18.485,834.909,834.909,834.909,6.34698e+06,6.34698e+06,6.34698e+06,3.58029e+06,3.58029e+06,3.58029e+06,223.464,223.464,223.464,17878,17878,17878,410559,410559,410559,15383.2,15383.2,15383.2,192947,192947,192947,9.12006e+06,9.12006e+06,9.12006e+06,0.0462862,0.0462862,0.0462862,3.50298,3.50298,3.50298,4.54997,4.54997,4.54997
1325,219604,219604,219604,18.485,18.485,18.485,834.909,834.909,834.909,6.34698e+06,6.34698e+06,6.34698e+06,3.58029e+06,3.58029e+06,3.58029e+06,223.464,223.464,223.464,17878,17878,17878,410559,410559,410559,15383.2,15383.2,15383.2,192947,192947,192947,9.12006e+06,9.12006e+06,9.12006e+06,0.0462862,0.0462862,0.0462862,3.50298,3.50298,3.50298,4.54997,4.54997,4.54997
1326,219604,219604,219604,18.485,18.485,18.485,834.909,834.909,834.909,6.34698e+06,6.34698e+06,6.34698e+06,3.58029e+06,3.58029e+06,3.58029e+06,223.464,223.464,223.464,17878,17878,17878,410559,410559,410559,15383.2,15383.2,15383.2,192947,192947,192947,9.12006e+06,9.12006e+06,9.12006e+06,0.0462862,0.0462862,0.0462862,3.50298,3.50298,3.50298,4.54997,4.54997,4.54997
1327,219604,219604,219604,18.485,18.485,18.485,834.909,834.909,834.909,6.34698e+06,6.34698e+06,6.34698e+06,3.58029e+06,3.58029e+06,3.58029e+06,223.464,223.464,223.464,17878,17878,17878,410559,410559,410559,15383.2,15383.2,15383.2,192947,192947,192947,9.12006e+06,9.12006e+06,9.12006e+06,0.0462862,0.0462862,0.0462862,3.50298,3.50298,3.50298,4.54997,4.54997,4.54997
1328,219604,219604,219604,18.485,18.485,18.485,834.909,834.909,834.909,6.34698e+06,6.34698e+06,6.34698e+06,3.58029e+06,3.58029e+06,3.58029e+06,223.464,223.464,223.464,17878,17878,17878,410559,410559,410559,15383.2,15383.2,15383.2,192947,192947,192947,9.12006e+06,9.12006e+06,9.12006e+06,0.0462862,0.0462862,0.0462862,3.50298,3.50298,3.50298,4.54997,4.54997,4.54997
1329,219604,219604,219604,18.485,18.485,18.485,834.909,834.909,834.909,6.34698e+06,6.34698e+06,6.34698e+06,3.58029e+06,3.58029e+06,3.58029e+06,223.464,223.464,223.464,17878,17878,17878,410559,410559,410559,15383.2,15383.2,15383.2,192947,192947,192947,9.12006e+06,9.12006e+06,9.12006e+06,0.0462862,0.0462862,0.0462862,3.50298,3.50298,3.50298,4.54997,4.54997,4.54997
1330,219604,219604,219604,18.485,18.485,18.485,834.909,834.909,834.909,6.34698e+06,6.34698e+06,6.34698e+06,3.58029e+06,3.58029e+06,3.58029e+06,223.464,223.464,223.464,17878,17878,17878,410559,410559,410559,15383.2,15383.2,15383.2,192947,192947,192947,9.12006e+06,9.12006e+06,9.12006e+06,0.0462862,0.0462862,0.0462862,3.50298,3.50298,3.50298,4.54997,4.54997,4.54997
1331,219604,219604,219604,18.485,18.485,18.485,834.909,834.909,834.909,6.34698e+06,6.34698e+06,6.34698e+06,3.58029e+06,3.58029e+06,3.58029e+06,223.464,223.464,223.464,17878,17878,17878,410559,410559,410559,15383.2,15383.2,15383.2,192947,192947,192947,9.12006e+06,9.12006e+06,9.12006e+06,0.0462862,0.0462862,0.0462862,3.50298,3.50298,3.50298,4.54997,4.54997,4.54997
1332,219604,219604,219604,18.485,18.485,18.485,834.909,834.909,834.909,6.34698e+06,6.34698e+06,6.34698e+06,3.58029e+06,3.58029e+06,3.58029e+06,223.464,223.464,223.464,17878,17878,17878,410559,410559,410559,15383.2,15383.2,15383.2,192947,192947,192947,9.12006e+06,9.12006e+06,9.12006e+06,0.0462862,0.0462862,0.0462862,3.50298,3.50298,3.50298,4.54997,4.54997,4.54997
1333,219604,219604,219604,18.485,18.485,18.485,834.909,834.909,834.909,6.34698e+06,6.34698e+06,6.34698e+06,3.58029e+06,3.58029e+06,3.58029e+06,223.464,223.464,223.464,17878,17878,17878,410559,410559,410559,15383.2,15383.2,15383.2,192947,192947,192947,9.12006e+06,9.12006e+06,9.12006e+06,0.0462862,0.0462862,0.0462862,3.50298,3.50298,3.50298,4.54997,4.54997,4.54997
1334,219604,219604,219604,18.485,18.485,18.485,834.909,834.909,834.909,6.34698e+06,6.34698e+06,6.34698e+06,3.58029e+06,3.58029e+06,3.58029e+06,223.464,223.464,223.464,17878,17878,17878,410559,410559,410559,15383.2,15383.2,15383.2,192947,192947,192947,9.12006e+06,9.12006e+06,9.12006e+06,0.0462862,0.0462862,0.0462862,3.50298,3.50298,3.50298,4.54997,4.54997,4.54997
1335,219604,219604,219604,18.485,18.485,18.485,834.909,834.909,834.909,6.34698e+06,6.34698e+06,6.34698e+06,3.58029e+06,3.58029e+06,3.58029e+06,223.464,223.464,223.464,17878,17878,17878,410559,410559,410559,15383.2,15383.2,15383.2,192947,192947,192947,9.12006e+06,9.12006e+06,9.12006e+06,0.0462862,0.0462862,0.0462862,3.50298,3.50298,3.50298,4.54997,4.54997,4.54997
1336,219604,219604,219604,18.485,18.485,18.485,834.909,834.909,834.909,6.34698e+06,6.34698e+06,6.34698e+06,3.58029e+06,3.58029e+06,3.58029e+06,223.464,223.464,223.464,17878,17878,17878,410559,410559,410559,15383.2,15383.2,15383.2,192947,192947,192947,9.12006e+06,9.12006e+06,9.12006e+06,0.0462862,0.0462862,0.0462862,3.50298,3.50298,3.50298,4.54997,4.54997,4.54997
1337,219604,219604,219604,18.485,18.485,18.485,834.909,834.909,834.909,6.34698e+06,6.34698e+06,6.34698e+06,3.58029e+06,3.58029e+06,3.58029e+06,223.464,223.464,223.464,17878,17878,17878,410559,410559,410559,15383.2,15383.2,15383.2,192947,192947,192947,9.12006e+06,9.12006e+06,9.12006e+06,0.0462862,0.0462862,0.0462862,3.50298,3.50298,3.50298,4.54997,4.54997,4.54997
1338,219604,219604,219604,18.485,18.485,18.485,834.909,834.909,834.909,6.34698e+06,6.34698e+06,6.34698e+06,3.58029e+06,3.58029e+06,3.58029e+06,223.464,223.464,223.464,17878,17878,17878,410559,410559,410559,15383.2,15383.2,15383.2,192947,192947,192947,9.12006e+06,9.12006e+06,9.12006e+06,0.0462862,0.0462862,0.0462862,3.50298,3.50298,3.50298,4.54997,4.54997,4.54997
1339,219604,219604,219604,18.485,18.485,18.485,834.909,834.909,834.909,6.34698e+06,6.34698e+06,6.34698e+06,3.58029e+06,3.58029e+06,3.58029e+06,223.464,223.464,223.464,17878,17878,17878,410559,410559,410559,15383.2,15383.2,15383.2,192947,192947,192947,9.12006e+06,9.12006e+06,9.12006e+06,0.0462862,0.0462862,0.0462862,3.50298,3.50298,3.50298,4.54997,4.54997,4.54997
1340,219604,219604,219604,18.485,18.485,18.485,834.909,834.909,834.909,6.34698e+06,6.34698e+06,6.34698e+06,3.58029e+06,3.58029e+06,3.58029e+06,223.464,223.464,223.464,17878,17878,17878,410559,410559,410559,15383.2,15383.2,15383.2,192947,192947,192947,9.12006e+06,9.12006e+06,9.12006e+06,0.0462862,0.0462862,0.0462862,3.50298,3.50298,3.50298,4.54997,4.54997,4.54997
1341,219604,219604,219604,18.485,18.485,18.485,834.909,834.909,834.909,6.34698e+06,6.34698e+06,6.34698e+06,3.58029e+06,3.58029e+06,3.58029e+06,223.464,223.464,223.464,17878,17878,17878,410559,410559,410559,15383.2,15383.2,15383.2,192947,192947,192947,9.12006e+06,9.12006e+06,9.12006e+06,0.0462862,0.0462862,0.0462862,3.50298,3.50298,3.50298,4.54997,4.54997,4.54997
1342,219604,219604,219604,18.485,18.485,18.485,834.909,834.909,834.909,6.34698e+06,6.34698e+06,6.34698e+06,3.58029e+06,3.58029e+06,3.58029e+06,223.464,223.464,223.464,17878,17878,17878,410559,410559,410559,15383.2,15383.2,15383.2,192947,192947,192947,9.12006e+06,9.12006e+06,9.12006e+06,0.0462862,0.0462862,0.0462862,3.50298,3.50298,3.50298,4.54997,4.54997,4.54997
1343,219604,219604,219604,18.485,18.485,18.485,834.909,834.909,834.909,6.34698e+06,6.34698e+06,6.34698e+06,3.58029e+06,3.58029e+06,3.58029e+06,223.464,223.464,223.464,17878,17878,17878,410559,410559,410559,15383.2,15383.2,15383.2,192947,192947,192947,9.12006e+06,9.12006e+06,9.12006e+06,0.0462862,0.0462862,0.0462862,3.50298,3.50298,3.50298,4.54997,4.54997,4.54997
1344,219604,219604,219604,18.485,18.485,18.485,834.909,834.909,834.909,6.34698e+06,6.34698e+06,6.34698e+06,3.58029e+06,3.58029e+06,3.58029e+06,223.464,223.464,223.464,17878,17878,17878,410559,410559,410559,15383.2,15383.2,15383.2,192947,192947,192947,9.12006e+06,9.12006e+06,9.12006e+06,0.0462862,0.0462862,0.0462862,3.50298,3.50298,3.50298,4.54997,4.54997,4.54997
1345,219604,219604,219604,18.485,18.485,18.485,834.909,834.909,834.909,6.34698e+06,6.34698e+06,6.34698e+06,3.58029e+06,3.58029e+06,3.58029e+06,223.464,223.464,223.464,17878,17878,17878,410559,410559,410559,15383.2,15383.2,15383.2,192947,192947,192947,9.12006e+06,9.12006e+06,9.12006e+06,0.0462862,0.0462862,0.0462862,3.50298,3.50298,3.50298,4.54997,4.54997,4.54997
1346,219604,219604,219604,18.485,18.485,18.485,834.909,834.909,834.909,6.34698e+06,6.34698e+06,6.34698e+06,3.58029e+06,3.58029e+06,3.58029e+06,223.464,223.464,223.464,17878,17878,17878,410559,410559,410559,15383.2,15383.2,15383.2,192947,192947,192947,9.12006e+06,9.12006e+06,9.12006e+06,0.0462862,0.0462862,0.0462862,3.50298,3.50298,3.50298,4.54997,4.54997,4.54997
1347,219604,219604,219604,18.485,18.485,18.485,834.909,834.909,834.909,6.34698e+06,6.34698e+06,6.34698e+06,3.58029e+06,3.58029e+06,3.58029e+06,223.464,223.464,223.464,17878,17878,17878,410559,410559,410559,15383.2,15383.2,15383.2,192947,192947,192947,9.12006e+06,9.12006e+06,9.12006e+06,0.0462862,0.0462862,0.0462862,3.50298,3.50298,3.50298,4.54997,4.54997,4.54997
1348,219604,219604,219604,18.485,18.485,18.485,834.909,834.909,834.909,6.34698e+06,6.34698e+06,6.34698e+06,3.58029e+06,3.58029e+06,3.58029e+06,223.464,223.464,223.464,17878,17878,17878,410559,410559,410559,15383.2,15383.2,15383.2,192947,192947,192947,9.12006e+06,9.12006e+06,9.12006e+06,0.0462862,0.0462862,0.0462862,3.50298,3.50298,3.50298,4.54997,4.54997,4.54997
1349,219604,219604,219604,18.485,18.485,18.485,834.909,834.909,834.909,6.34698e+06,6.34698e+06,6.34698e+06,3.58029e+06,3.58029e+06,3.58029e+06,223.464,223.464,223.464,17878,17878,17878,410559,410559,410559,15383.2,15383.2,15383.2,192947,192947,192947,9.12006e+06,9.12006e+06,9.12006e+06,0.0462862,0.0462862,0.0462862,3.50298,3.50298,3.50298,4.54997,4.54997,4.54997
1350,219604,219604,219604,18.485,18.485,18.485,834.909,834.909,834.909,6.34698e+06,6.34698e+06,6.34698e+06,3.58029e+06,3.58029e+06,3.58029e+06,223.464,223.464,223.464,17878,17878,17878,410559,410559,410559,15383.2,15383.2,15383.2,192947,192947,192947,9.12006e+06,9.12006e+06,9.12006e+06,0.0462862,0.0462862,0.0462862,3.50298,3.50298,3.50298,4.54997,4.54997,4.54997
1351,219604,219604,219604,18.485,18.485,18.485,834.909,834.909,834.909,6.34698e+06,6.34698e+06,6.34698e+06,3.58029e+06,3.58029e+06,3.58029e+06,223.464,223.464,223.464,17878,17878,17878,410559,410559,410559,15383.2,15383.2,15383.2,192947,192947,192947,9.12006e+06,9.12006e+06,9.12006e+06,0.0462862,0.0462862,0.0462862,3.50298,3.50298,3.50298,4.54997,4.54997,4.54997
1352,219604,219604,219604,18.485,18.485,18.485,834.909,834.909,834.909,6.34698e+06,6.34698e+06,6.34698e+06,3.58029e+06,3.58029e+06,3.58029e+06,223.464,223.464,223.464,17878,17878,17878,410559,410559,410559,15383.2,15383.2,15383.2,192947,192947,192947,9.12006e+06,9.12006e+06,9.12006e+06,0.0462862,0.0462862,0.0462862,3.50298,3.50298,3.50298,4.54997,4.54997,4.54997
1353,219604,219604,219604,18.485,18.485,18.485,834.909,834.909,834.909,6.34698e+06,6.34698e+06,6.34698e+06,3.58029e+06,3.58029e+06,3.58029e+06,223.464,223.464,223.464,17878,17878,17878,410559,410559,410559,15383.2,15383.2,15383.2,192947,192947,192947,9.12006e+06,9.12006e+06,9.12006e+06,0.0462862,0.0462862,0.0462862,3.50298,3.50298,3.50298,4.54997,4.54997,4.54997
1354,219604,219604,219604,18.485,18.485,18.485,834.909,834.909,834.909,6.34698e+06,6.34698e+06,6.34698e+06,3.58029e+06,3.58029e+06,3.58029e+06,223.464,223.464,223.464,17878,17878,17878,410559,410559,410559,15383.2,15383.2,15383.2,192947,192947,192947,9.12006e+06,9.12006e+06,9.12006e+06,0.0462862,0.0462862,0.0462862,3.50298,3.50298,3.50298,4.54997,4.54997,4.54997
1355,219604,219604,219604,18.485,18.485,18.485,834.909,834.909,834.909,6.34698e+06,6.34698e+06,6.34698e+06,3.58029e+06,3.58029e+06,3.58029e+06,223.464,223.464,223.464,17878,17878,17878,410559,410559,410559,15383.2,15383.2,15383.2,192947,192947,192947,9.12006e+06,9.12006e+06,9.12006e+06,0.0462862,0.0462862,0.0462862,3.50298,3.50298,3.50298,4.54997,4.54997,4.54997
1356,219604,219604,219604,18.485,18.485,18.485,834.909,834.909,834.909,6.34698e+06,6.34698e+06,6.34698e+06,3.58029e+06,3.58029e+06,3.58029e+06,223.464,223.464,223.464,17878,17878,17878,410559,410559,410559,15383.2,15383.2,15383.2,192947,192947,192947,9.12006e+06,9.12006e+06,9.12006e+06,0.0462862,0.0462862,0.0462862,3.50298,3.50298,3.50298,4.54997,4.54997,4.54997
1357,219604,219604,219604,18.485,18.485,18.485,834.909,834.909,834.909,6.34698e+06,6.34698e+06,6.34698e+06,3.58029e+06,3.58029e+06,3.58029e+06,223.464,223.464,223.464,17878,17878,17878,410559,410559,410559,15383.2,15383.2,15383.2,192947,192947,192947,9.12006e+06,9.12006e+06,9.12006e+06,0.0462862,0.0462862,0.0462862,3.50298,3.50298,3.50298,4.54997,4.54997,4.54997
1358,219604,219604,219604,18.485,18.485,18.485,834.909,834.909,834.909,6.34698e+06,6.34698e+06,6.34698e+06,3.58029e+06,3.58029e+06,3.58029e+06,223.464,223.464,223.464,17878,17878,17878,410559,410559,410559,15383.2,15383.2,15383.2,192947,192947,192947,9.12006e+06,9.12006e+06,9.12006e+06,0.0462862,0.0462862,0.0462862,3.50298,3.50298,3.50298,4.54997,4.54997,4.54997
1359,219604,219604,219604,18.485,18.485,18.485,834.909,834.909,834.909,6.34698e+06,6.34698e+06,6.34698e+06,3.58029e+06,3.58029e+06,3.58029e+06,223.464,223.464,223.464,17878,17878,17878,410559,410559,410559,15383.2,15383.2,15383.2,192947,192947,192947,9.12006e+06,9.12006e+06,9.12006e+06,0.0462862,0.0462862,0.0462862,3.50298,3.50298,3.50298,4.54997,4.54997,4.54997
1360,219604,219604,219604,18.485,18.485,18.485,834.909,834.909,834.909,6.34698e+06,6.34698e+06,6.34698e+06,3.58029e+06,3.58029e+06,3.58029e+06,223.464,223.464,223.464,17878,17878,17878,410559,410559,410559,15383.2,15383.2,15383.2,192947,192947,192947,9.12006e+06,9.12006e+06,9.12006e+06,0.0462862,0.0462862,0.0462862,3.50298,3.50298,3.50298,4.54997,4.54997,4.54997
1361,219604,219604,219604,18.485,18.485,18.485,834.909,834.909,834.909,6.34698e+06,6.34698e+06,6.34698e+06,3.58029e+06,3.58029e+06,3.58029e+06,223.464,223.464,223.464,17878,17878,17878,410559,410559,410559,15383.2,15383.2,15383.2,192947,192947,192947,9.12006e+06,9.12006e+06,9.12006e+06,0.0462862,0.0462862,0.0462862,3.50298,3.50298,3.50298,4.54997,4.54997,4.54997
1362,219604,219604,219604,18.485,18.485,18.485,834.909,834.909,834.909,6.34698e+06,6.34698e+06,6.34698e+06,3.58029e+06,3.58029e+06,3.58029e+06,223.464,223.464,223.464,17878,17878,17878,410559,410559,410559,15383.2,15383.2,15383.2,192947,192947,192947,9.12006e+06,9.12006e+06,9.12006e+06,0.0462862,0.0462862,0.0462862,3.50298,3.50298,3.50298,4.54997,4.54997,4.54997
1363,219604,219604,219604,18.485,18.485,18.485,834.909,834.909,834.909,6.34698e+06,6.34698e+06,6.34698e+06,3.58029e+06,3.58029e+06,3.58029e+06,223.464,223.464,223.464,17878,17878,17878,410559,410559,410559,15383.2,15383.2,15383.2,192947,192947,192947,9.12006e+06,9.12006e+06,9.12006e+06,0.0462862,0.0462862,0.0462862,3.50298,3.50298,3.50298,4.54997,4.54997,4.54997
1364,219604,219604,219604,18.485,18.485,18.485,834.909,834.909,834.909,6.34698e+06,6.34698e+06,6.34698e+06,3.58029e+06,3.58029e+06,3.58029e+06,223.464,223.464,223.464,17878,17878,17878,410559,410559,410559,15383.2,15383.2,15383.2,192947,192947,192947,9.12006e+06,9.12006e+06,9.12006e+06,0.0462862,0.0462862,0.0462862,3.50298,3.50298,3.50298,4.54997,4.54997,4.54997
1365,219604,219604,219604,18.485,18.485,18.485,834.909,834.909,834.909,6.34698e+06,6.34698e+06,6.34698e+06,3.58029e+06,3.58029e+06,3.58029e+06,223.464,223.464,223.464,17878,17878,17878,410559,410559,410559,15383.2,15383.2,15383.2,192947,192947,192947,9.12006e+06,9.12006e+06,9.12006e+06,0.0462862,0.0462862,0.0462862,3.50298,3.50298,3.50298,4.54997,4.54997,4.54997
1366,219604,219604,219604,18.485,18.485,18.485,834.909,834.909,834.909,6.34698e+06,6.34698e+06,6.34698e+06,3.58029e+06,3.58029e+06,3.58029e+06,223.464,223.464,223.464,17878,17878,17878,410559,410559,410559,15383.2,15383.2,15383.2,192947,192947,192947,9.12006e+06,9.12006e+06,9.12006e+06,0.0462862,0.0462862,0.0462862,3.50298,3.50298,3.50298,4.54997,4.54997,4.54997
1367,219604,219604,219604,18.485,18.485,18.485,834.909,834.909,834.909,6.34698e+06,6.34698e+06,6.34698e+06,3.58029e+06,3.58029e+06,3.58029e+06,223.464,223.464,223.464,17878,17878,17878,410559,410559,410559,15383.2,15383.2,15383.2,192947,192947,192947,9.12006e+06,9.12006e+06,9.12006e+06,0.0462862,0.0462862,0.0462862,3.50298,3.50298,3.50298,4.54997,4.54997,4.54997
1368,219604,219604,219604,18.485,18.485,18.485,834.909,834.909,834.909,6.34698e+06,6.34698e+06,6.34698e+06,3.58029e+06,3.58029e+06,3.58029e+06,223.464,223.464,223.464,17878,17878,17878,410559,410559,410559,15383.2,15383.2,15383.2,192947,192947,192947,9.12006e+06,9.12006e+06,9.12006e+06,0.0462862,0.0462862,0.0462862,3.50298,3.50298,3.50298,4.54997,4.54997,4.54997
1369,219604,219604,219604,18.485,18.485,18.485,834.909,834.909,834.909,6.34698e+06,6.34698e+06,6.34698e+06,3.58029e+06,3.58029e+06,3.58029e+06,223.464,223.464,223.464,17878,17878,17878,410559,410559,410559,15383.2,15383.2,15383.2,192947,192947,192947,9.12006e+06,9.12006e+06,9.12006e+06,0.0462862,0.0462862,0.0462862,3.50298,3.50298,3.50298,4.54997,4.54997,4.54997
1370,219604,219604,219604,18.485,18.485,18.485,834.909,834.909,834.909,6.34698e+06,6.34698e+06,6.34698e+06,3.58029e+06,3.58029e+06,3.58029e+06,223.464,223.464,223.464,17878,17878,17878,410559,410559,410559,15383.2,15383.2,15383.2,192947,192947,192947,9.12006e+06,9.12006e+06,9.12006e+06,0.0462862,0.0462862,0.0462862,3.50298,3.50298,3.50298,4.54997,4.54997,4.54997
1371,219604,219604,219604,18.485,18.485,18.485,834.909,834.909,834.909,6.34698e+06,6.34698e+06,6.34698e+06,3.58029e+06,3.58029e+06,3.58029e+06,223.464,223.464,223.464,17878,17878,17878,410559,410559,410559,15383.2,15383.2,15383.2,192947,192947,192947,9.12006e+06,9.12006e+06,9.12006e+06,0.0462862,0.0462862,0.0462862,3.50298,3.50298,3.50298,4.54997,4.54997,4.54997
1372,219604,219604,219604,18.485,18.485,18.485,834.909,834.909,834.909,6.34698e+06,6.34698e+06,6.34698e+06,3.58029e+06,3.58029e+06,3.58029e+06,223.464,223.464,223.464,17878,17878,17878,410559,410559,410559,15383.2,15383.2,15383.2,192947,192947,192947,9.12006e+06,9.12006e+06,9.12006e+06,0.0462862,0.0462862,0.0462862,3.50298,3.50298,3.50298,4.54997,4.54997,4.54997
1373,219604,219604,219604,18.485,18.485,18.485,834.909,834.909,834.909,6.34698e+06,6.34698e+06,6.34698e+06,3.58029e+06,3.58029e+06,3.58029e+06,223.464,223.464,223.464,17878,17878,17878,410559,410559,410559,15383.2,15383.2,15383.2,192947,192947,192947,9.12006e+06,9.12006e+06,9.12006e+06,0.0462862,0.0462862,0.0462862,3.50298,3.50298,3.50298,4.54997,4.54997,4.54997
1374,219604,219604,219604,18.485,18.485,18.485,834.909,834.909,834.909,6.34698e+06,6.34698e+06,6.34698e+06,3.58029e+06,3.58029e+06,3.58029e+06,223.464,223.464,223.464,17878,17878,17878,410559,410559,410559,15383.2,15383.2,15383.2,192947,192947,192947,9.12006e+06,9.12006e+06,9.12006e+06,0.0462862,0.0462862,0.0462862,3.50298,3.50298,3.50298,4.54997,4.54997,4.54997
1375,219604,219604,219604,18.485,18.485,18.485,834.909,834.909,834.909,6.34698e+06,6.34698e+06,6.34698e+06,3.58029e+06,3.58029e+06,3.58029e+06,223.464,223.464,223.464,17878,17878,17878,410559,410559,410559,15383.2,15383.2,15383.2,192947,192947,192947,9.12006e+06,9.12006e+06,9.12006e+06,0.0462862,0.0462862,0.0462862,3.50298,3.50298,3.50298,4.54997,4.54997,4.54997
1376,219604,219604,219604,18.485,18.485,18.485,834.909,834.909,834.909,6.34698e+06,6.34698e+06,6.34698e+06,3.58029e+06,3.58029e+06,3.58029e+06,223.464,223.464,223.464,17878,17878,17878,410559,410559,410559,15383.2,15383.2,15383.2,192947,192947,192947,9.12006e+06,9.12006e+06,9.12006e+06,0.0462862,0.0462862,0.0462862,3.50298,3.50298,3.50298,4.54997,4.54997,4.54997
1377,219604,219604,219604,18.485,18.485,18.485,834.909,834.909,834.909,6.34698e+06,6.34698e+06,6.34698e+06,3.58029e+06,3.58029e+06,3.58029e+06,223.464,223.464,223.464,17878,17878,17878,410559,410559,410559,15383.2,15383.2,15383.2,192947,192947,192947,9.12006e+06,9.12006e+06,9.12006e+06,0.0462862,0.0462862,0.0462862,3.50298,3.50298,3.50298,4.54997,4.54997,4.54997
1378,219604,219604,219604,18.485,18.485,18.485,834.909,834.909,834.909,6.34698e+06,6.34698e+06,6.34698e+06,3.58029e+06,3.58029e+06,3.58029e+06,223.464,223.464,223.464,17878,17878,17878,410559,410559,410559,15383.2,15383.2,15383.2,192947,192947,192947,9.12006e+06,9.12006e+06,9.12006e+06,0.0462862,0.0462862,0.0462862,3.50298,3.50298,3.50298,4.54997,4.54997,4.54997
1379,219604,219604,219604,18.485,18.485,18.485,834.909,834.909,834.909,6.34698e+06,6.34698e+06,6.34698e+06,3.58029e+06,3.58029e+06,3.58029e+06,223.464,223.464,223.464,17878,17878,17878,410559,410559,410559,15383.2,15383.2,15383.2,192947,192947,192947,9.12006e+06,9.12006e+06,9.12006e+06,0.0462862,0.0462862,0.0462862,3.50298,3.50298,3.50298,4.54997,4.54997,4.54997
1380,219604,219604,219604,18.485,18.485,18.485,834.909,834.909,834.909,6.34698e+06,6.34698e+06,6.34698e+06,3.58029e+06,3.58029e+06,3.58029e+06,223.464,223.464,223.464,17878,17878,17878,410559,410559,410559,15383.2,15383.2,15383.2,192947,192947,192947,9.12006e+06,9.12006e+06,9.12006e+06,0.0462862,0.0462862,0.0462862,3.50298,3.50298,3.50298,4.54997,4.54997,4.54997
1381,219604,219604,219604,18.485,18.485,18.485,834.909,834.909,834.909,6.34698e+06,6.34698e+06,6.34698e+06,3.58029e+06,3.58029e+06,3.58029e+06,223.464,223.464,223.464,17878,17878,17878,410559,410559,410559,15383.2,15383.2,15383.2,192947,192947,192947,9.12006e+06,9.12006e+06,9.12006e+06,0.0462862,0.0462862,0.0462862,3.50298,3.50298,3.50298,4.54997,4.54997,4.54997
1382,219604,219604,219604,18.485,18.485,18.485,834.909,834.909,834.909,6.34698e+06,6.34698e+06,6.34698e+06,3.58029e+06,3.58029e+06,3.58029e+06,223.464,223.464,223.464,17878,17878,17878,410559,410559,410559,15383.2,15383.2,15383.2,192947,192947,192947,9.12006e+06,9.12006e+06,9.12006e+06,0.0462862,0.0462862,0.0462862,3.50298,3.50298,3.50298,4.54997,4.54997,4.54997
1383,219604,219604,219604,18.485,18.485,18.485,834.909,834.909,834.909,6.34698e+06,6.34698e+06,6.34698e+06,3.58029e+06,3.58029e+06,3.58029e+06,223.464,223.464,223.464,17878,17878,17878,410559,410559,410559,15383.2,15383.2,15383.2,192947,192947,192947,9.12006e+06,9.12006e+06,9.12006e+06,0.0462862,0.0462862,0.0462862,3.50298,3.50298,3.50298,4.54997,4.54997,4.54997
1384,219604,219604,219604,18.485,18.485,18.485,834.909,834.909,834.909,6.34698e+06,6.34698e+06,6.34698e+06,3.58029e+06,3.58029e+06,3.58029e+06,223.464,223.464,223.464,17878,17878,17878,410559,410559,410559,15383.2,15383.2,15383.2,192947,192947,192947,9.12006e+06,9.12006e+06,9.12006e+06,0.0462862,0.0462862,0.0462862,3.50298,3.50298,3.50298,4.54997,4.54997,4.54997
1385,219604,219604,219604,18.485,18.485,18.485,834.909,834.909,834.909,6.34698e+06,6.34698e+06,6.34698e+06,3.58029e+06,3.58029e+06,3.58029e+06,223.464,223.464,223.464,17878,17878,17878,410559,410559,410559,15383.2,15383.2,15383.2,192947,192947,192947,9.12006e+06,9.12006e+06,9.12006e+06,0.0462862,0.0462862,0.0462862,3.50298,3.50298,3.50298,4.54997,4.54997,4.54997
1386,219604,219604,219604,18.485,18.485,18.485,834.909,834.909,834.909,6.34698e+06,6.34698e+06,6.34698e+06,3.58029e+06,3.58029e+06,3.58029e+06,223.464,223.464,223.464,17878,17878,17878,410559,410559,410559,15383.2,15383.2,15383.2,192947,192947,192947,9.12006e+06,9.12006e+06,9.12006e+06,0.0462862,0.0462862,0.0462862,3.50298,3.50298,3.50298,4.54997,4.54997,4.54997
1387,219604,219604,219604,18.485,18.485,18.485,834.909,834.909,834.909,6.34698e+06,6.34698e+06,6.34698e+06,3.58029e+06,3.58029e+06,3.58029e+06,223.464,223.464,223.464,17878,17878,17878,410559,410559,410559,15383.2,15383.2,15383.2,192947,192947,192947,9.12006e+06,9.12006e+06,9.12006e+06,0.0462862,0.0462862,0.0462862,3.50298,3.50298,3.50298,4.54997,4.54997,4.54997
1388,219604,219604,219604,18.485,18.485,18.485,834.909,834.909,834.909,6.34698e+06,6.34698e+06,6.34698e+06,3.58029e+06,3.58029e+06,3.58029e+06,223.464,223.464,223.464,17878,17878,17878,410559,410559,410559,15383.2,15383.2,15383.2,192947,192947,192947,9.12006e+06,9.12006e+06,9.12006e+06,0.0462862,0.0462862,0.0462862,3.50298,3.50298,3.50298,4.54997,4.54997,4.54997
1389,219604,219604,219604,18.485,18.485,18.485,834.909,834.909,834.909,6.34698e+06,6.34698e+06,6.34698e+06,3.58029e+06,3.58029e+06,3.58029e+06,223.464,223.464,223.464,17878,17878,17878,410559,410559,410559,15383.2,15383.2,15383.2,192947,192947,192947,9.12006e+06,9.12006e+06,9.12006e+06,0.0462862,0.0462862,0.0462862,3.50298,3.50298,3.50298,4.54997,4.54997,4.54997
1390,219604,219604,219604,18.485,18.485,18.485,834.909,834.909,834.909,6.34698e+06,6.34698e+06,6.34698e+06,3.58029e+06,3.58029e+06,3.58029e+06,223.464,223.464,223.464,17878,17878,17878,410559,410559,410559,15383.2,15383.2,15383.2,192947,192947,192947,9.12006e+06,9.12006e+06,9.12006e+06,0.0462862,0.0462862,0.0462862,3.50298,3.50298,3.50298,4.54997,4.54997,4.54997
1391,219604,219604,219604,18.485,18.485,18.485,834.909,834.909,834.909,6.34698e+06,6.34698e+06,6.34698e+06,3.58029e+06,3.58029e+06,3.58029e+06,223.464,223.464,223.464,17878,17878,17878,410559,410559,410559,15383.2,15383.2,15383.2,192947,192947,192947,9.12006e+06,9.12006e+06,9.12006e+06,0.0462862,0.0462862,0.0462862,3.50298,3.50298,3.50298,4.54997,4.54997,4.54997
1392,219604,219604,219604,18.485,18.485,18.485,834.909,834.909,834.909,6.34698e+06,6.34698e+06,6.34698e+06,3.58029e+06,3.58029e+06,3.58029e+06,223.464,223.464,223.464,17878,17878,17878,410559,410559,410559,15383.2,15383.2,15383.2,192947,192947,192947,9.12006e+06,9.12006e+06,9.12006e+06,0.0462862,0.0462862,0.0462862,3.50298,3.50298,3.50298,4.54997,4.54997,4.54997
1393,219604,219604,219604,18.485,18.485,18.485,834.909,834.909,834.909,6.34698e+06,6.34698e+06,6.34698e+06,3.58029e+06,3.58029e+06,3.58029e+06,223.464,223.464,223.464,17878,17878,17878,410559,410559,410559,15383.2,15383.2,15383.2,192947,192947,192947,9.12006e+06,9.12006e+06,9.12006e+06,0.0462862,0.0462862,0.0462862,3.50298,3.50298,3.50298,4.54997,4.54997,4.54997
1394,219604,219604,219604,18.485,18.485,18.485,834.909,834.909,834.909,6.34698e+06,6.34698e+06,6.34698e+06,3.58029e+06,3.58029e+06,3.58029e+06,223.464,223.464,223.464,17878,17878,17878,410559,410559,410559,15383.2,15383.2,15383.2,192947,192947,192947,9.12006e+06,9.12006e+06,9.12006e+06,0.0462862,0.0462862,0.0462862,3.50298,3.50298,3.50298,4.54997,4.54997,4.54997
1395,219604,219604,219604,18.485,18.485,18.485,834.909,834.909,834.909,6.34698e+06,6.34698e+06,6.34698e+06,3.58029e+06,3.58029e+06,3.58029e+06,223.464,223.464,223.464,17878,17878,17878,410559,410559,410559,15383.2,15383.2,15383.2,192947,192947,192947,9.12006e+06,9.12006e+06,9.12006e+06,0.0462862,0.0462862,0.0462862,3.50298,3.50298,3.50298,4.54997,4.54997,4.54997
1396,219604,219604,219604,18.485,18.485,18.485,834.909,834.909,834.909,6.34698e+06,6.34698e+06,6.34698e+06,3.58029e+06,3.58029e+06,3.58029e+06,223.464,223.464,223.464,17878,17878,17878,410559,410559,410559,15383.2,15383.2,15383.2,192947,192947,192947,9.12006e+06,9.12006e+06,9.12006e+06,0.0462862,0.0462862,0.0462862,3.50298,3.50298,3.50298,4.54997,4.54997,4.54997
1397,219604,219604,219604,18.485,18.485,18.485,834.909,834.909,834.909,6.34698e+06,6.34698e+06,6.34698e+06,3.58029e+06,3.58029e+06,3.58029e+06,223.464,223.464,223.464,17878,17878,17878,410559,410559,410559,15383.2,15383.2,15383.2,192947,192947,192947,9.12006e+06,9.12006e+06,9.12006e+06,0.0462862,0.0462862,0.0462862,3.50298,3.50298,3.50298,4.54997,4.54997,4.54997
1398,219604,219604,219604,18.485,18.485,18.485,834.909,834.909,834.909,6.34698e+06,6.34698e+06,6.34698e+06,3.58029e+06,3.58029e+06,3.58029e+06,223.464,223.464,223.464,17878,17878,17878,410559,410559,410559,15383.2,15383.2,15383.2,192947,192947,192947,9.12006e+06,9.12006e+06,9.12006e+06,0.0462862,0.0462862,0.0462862,3.50298,3.50298,3.50298,4.54997,4.54997,4.54997
1399,219604,219604,219604,18.485,18.485,18.485,834.909,834.909,834.909,6.34698e+06,6.34698e+06,6.34698e+06,3.58029e+06,3.58029e+06,3.58029e+06,223.464,223.464,223.464,17878,17878,17878,410559,410559,410559,15383.2,15383.2,15383.2,192947,192947,192947,9.12006e+06,9.12006e+06,9.12006e+06,0.0462862,0.0462862,0.0462862,3.50298,3.50298,3.50298,4.54997,4.54997,4.54997
1400,219604,219604,219604,18.485,18.485,18.485,834.909,834.909,834.909,6.34698e+06,6.34698e+06,6.34698e+06,3.58029e+06,3.58029e+06,3.58029e+06,223.464,223.464,223.464,17878,17878,17878,410559,410559,410559,15383.2,15383.2,15383.2,192947,192947,192947,9.12006e+06,9.12006e+06,9.12006e+06,0.0462862,0.0462862,0.0462862,3.50298,3.50298,3.50298,4.54997,4.54997,4.54997
1401,219604,219604,219604,18.485,18.485,18.485,834.909,834.909,834.909,6.34698e+06,6.34698e+06,6.34698e+06,3.58029e+06,3.58029e+06,3.58029e+06,223.464,223.464,223.464,17878,17878,17878,410559,410559,410559,15383.2,15383.2,15383.2,192947,192947,192947,9.12006e+06,9.12006e+06,9.12006e+06,0.0462862,0.0462862,0.0462862,3.50298,3.50298,3.50298,4.54997,4.54997,4.54997
1402,219604,219604,219604,18.485,18.485,18.485,834.909,834.909,834.909,6.34698e+06,6.34698e+06,6.34698e+06,3.58029e+06,3.58029e+06,3.58029e+06,223.464,223.464,223.464,17878,17878,17878,410559,410559,410559,15383.2,15383.2,15383.2,192947,192947,192947,9.12006e+06,9.12006e+06,9.12006e+06,0.0462862,0.0462862,0.0462862,3.50298,3.50298,3.50298,4.54997,4.54997,4.54997
1403,219604,219604,219604,18.485,18.485,18.485,834.909,834.909,834.909,6.34698e+06,6.34698e+06,6.34698e+06,3.58029e+06,3.58029e+06,3.58029e+06,223.464,223.464,223.464,17878,17878,17878,410559,410559,410559,15383.2,15383.2,15383.2,192947,192947,192947,9.12006e+06,9.12006e+06,9.12006e+06,0.0462862,0.0462862,0.0462862,3.50298,3.50298,3.50298,4.54997,4.54997,4.54997
1404,219604,219604,219604,18.485,18.485,18.485,834.909,834.909,834.909,6.34698e+06,6.34698e+06,6.34698e+06,3.58029e+06,3.58029e+06,3.58029e+06,223.464,223.464,223.464,17878,17878,17878,410559,410559,410559,15383.2,15383.2,15383.2,192947,192947,192947,9.12006e+06,9.12006e+06,9.12006e+06,0.0462862,0.0462862,0.0462862,3.50298,3.50298,3.50298,4.54997,4.54997,4.54997
1405,219604,219604,219604,18.485,18.485,18.485,834.909,834.909,834.909,6.34698e+06,6.34698e+06,6.34698e+06,3.58029e+06,3.58029e+06,3.58029e+06,223.464,223.464,223.464,17878,17878,17878,410559,410559,410559,15383.2,15383.2,15383.2,192947,192947,192947,9.12006e+06,9.12006e+06,9.12006e+06,0.0462862,0.0462862,0.0462862,3.50298,3.50298,3.50298,4.54997,4.54997,4.54997
1406,219604,219604,219604,18.485,18.485,18.485,834.909,834.909,834.909,6.34698e+06,6.34698e+06,6.34698e+06,3.58029e+06,3.58029e+06,3.58029e+06,223.464,223.464,223.464,17878,17878,17878,410559,410559,410559,15383.2,15383.2,15383.2,192947,192947,192947,9.12006e+06,9.12006e+06,9.12006e+06,0.0462862,0.0462862,0.0462862,3.50298,3.50298,3.50298,4.54997,4.54997,4.54997
1407,219604,219604,219604,18.485,18.485,18.485,834.909,834.909,834.909,6.34698e+06,6.34698e+06,6.34698e+06,3.58029e+06,3.58029e+06,3.58029e+06,223.464,223.464,223.464,17878,17878,17878,410559,410559,410559,15383.2,15383.2,15383.2,192947,192947,192947,9.12006e+06,9.12006e+06,9.12006e+06,0.0462862,0.0462862,0.0462862,3.50298,3.50298,3.50298,4.54997,4.54997,4.54997
1408,219604,219604,219604,18.485,18.485,18.485,834.909,834.909,834.909,6.34698e+06,6.34698e+06,6.34698e+06,3.58029e+06,3.58029e+06,3.58029e+06,223.464,223.464,223.464,17878,17878,17878,410559,410559,410559,15383.2,15383.2,15383.2,192947,192947,192947,9.12006e+06,9.12006e+06,9.12006e+06,0.0462862,0.0462862,0.0462862,3.50298,3.50298,3.50298,4.54997,4.54997,4.54997
1409,219604,219604,219604,18.485,18.485,18.485,834.909,834.909,834.909,6.34698e+06,6.34698e+06,6.34698e+06,3.58029e+06,3.58029e+06,3.58029e+06,223.464,223.464,223.464,17878,17878,17878,410559,410559,410559,15383.2,15383.2,15383.2,192947,192947,192947,9.12006e+06,9.12006e+06,9.12006e+06,0.0462862,0.0462862,0.0462862,3.50298,3.50298,3.50298,4.54997,4.54997,4.54997
1410,219604,219604,219604,18.485,18.485,18.485,834.909,834.909,834.909,6.34698e+06,6.34698e+06,6.34698e+06,3.58029e+06,3.58029e+06,3.58029e+06,223.464,223.464,223.464,17878,17878,17878,410559,410559,410559,15383.2,15383.2,15383.2,192947,192947,192947,9.12006e+06,9.12006e+06,9.12006e+06,0.0462862,0.0462862,0.0462862,3.50298,3.50298,3.50298,4.54997,4.54997,4.54997
1411,219604,219604,219604,18.485,18.485,18.485,834.909,834.909,834.909,6.34698e+06,6.34698e+06,6.34698e+06,3.58029e+06,3.58029e+06,3.58029e+06,223.464,223.464,223.464,17878,17878,17878,410559,410559,410559,15383.2,15383.2,15383.2,192947,192947,192947,9.12006e+06,9.12006e+06,9.12006e+06,0.0462862,0.0462862,0.0462862,3.50298,3.50298,3.50298,4.54997,4.54997,4.54997
1412,219604,219604,219604,18.485,18.485,18.485,834.909,834.909,834.909,6.34698e+06,6.34698e+06,6.34698e+06,3.58029e+06,3.58029e+06,3.58029e+06,223.464,223.464,223.464,17878,17878,17878,410559,410559,410559,15383.2,15383.2,15383.2,192947,192947,192947,9.12006e+06,9.12006e+06,9.12006e+06,0.0462862,0.0462862,0.0462862,3.50298,3.50298,3.50298,4.54997,4.54997,4.54997
1413,219604,219604,219604,18.485,18.485,18.485,834.909,834.909,834.909,6.34698e+06,6.34698e+06,6.34698e+06,3.58029e+06,3.58029e+06,3.58029e+06,223.464,223.464,223.464,17878,17878,17878,410559,410559,410559,15383.2,15383.2,15383.2,192947,192947,192947,9.12006e+06,9.12006e+06,9.12006e+06,0.0462862,0.0462862,0.0462862,3.50298,3.50298,3.50298,4.54997,4.54997,4.54997
1414,219604,219604,219604,18.485,18.485,18.485,834.909,834.909,834.909,6.34698e+06,6.34698e+06,6.34698e+06,3.58029e+06,3.58029e+06,3.58029e+06,223.464,223.464,223.464,17878,17878,17878,410559,410559,410559,15383.2,15383.2,15383.2,192947,192947,192947,9.12006e+06,9.12006e+06,9.12006e+06,0.0462862,0.0462862,0.0462862,3.50298,3.50298,3.50298,4.54997,4.54997,4.54997
1415,219604,219604,219604,18.485,18.485,18.485,834.909,834.909,834.909,6.34698e+06,6.34698e+06,6.34698e+06,3.58029e+06,3.58029e+06,3.58029e+06,223.464,223.464,223.464,17878,17878,17878,410559,410559,410559,15383.2,15383.2,15383.2,192947,192947,192947,9.12006e+06,9.12006e+06,9.12006e+06,0.0462862,0.0462862,0.0462862,3.50298,3.50298,3.50298,4.54997,4.54997,4.54997
1416,219604,219604,219604,18.485,18.485,18.485,834.909,834.909,834.909,6.34698e+06,6.34698e+06,6.34698e+06,3.58029e+06,3.58029e+06,3.58029e+06,223.464,223.464,223.464,17878,17878,17878,410559,410559,410559,15383.2,15383.2,15383.2,192947,192947,192947,9.12006e+06,9.12006e+06,9.12006e+06,0.0462862,0.0462862,0.0462862,3.50298,3.50298,3.50298,4.54997,4.54997,4.54997
1417,219604,219604,219604,18.485,18.485,18.485,834.909,834.909,834.909,6.34698e+06,6.34698e+06,6.34698e+06,3.58029e+06,3.58029e+06,3.58029e+06,223.464,223.464,223.464,17878,17878,17878,410559,410559,410559,15383.2,15383.2,15383.2,192947,192947,192947,9.12006e+06,9.12006e+06,9.12006e+06,0.0462862,0.0462862,0.0462862,3.50298,3.50298,3.50298,4.54997,4.54997,4.54997
1418,219604,219604,219604,18.485,18.485,18.485,834.909,834.909,834.909,6.34698e+06,6.34698e+06,6.34698e+06,3.58029e+06,3.58029e+06,3.58029e+06,223.464,223.464,223.464,17878,17878,17878,410559,410559,410559,15383.2,15383.2,15383.2,192947,192947,192947,9.12006e+06,9.12006e+06,9.12006e+06,0.0462862,0.0462862,0.0462862,3.50298,3.50298,3.50298,4.54997,4.54997,4.54997
1419,219604,219604,219604,18.485,18.485,18.485,834.909,834.909,834.909,6.34698e+06,6.34698e+06,6.34698e+06,3.58029e+06,3.58029e+06,3.58029e+06,223.464,223.464,223.464,17878,17878,17878,410559,410559,410559,15383.2,15383.2,15383.2,192947,192947,192947,9.12006e+06,9.12006e+06,9.12006e+06,0.0462862,0.0462862,0.0462862,3.50298,3.50298,3.50298,4.54997,4.54997,4.54997
1420,219604,219604,219604,18.485,18.485,18.485,834.909,834.909,834.909,6.34698e+06,6.34698e+06,6.34698e+06,3.58029e+06,3.58029e+06,3.58029e+06,223.464,223.464,223.464,17878,17878,17878,410559,410559,410559,15383.2,15383.2,15383.2,192947,192947,192947,9.12006e+06,9.12006e+06,9.12006e+06,0.0462862,0.0462862,0.0462862,3.50298,3.50298,3.50298,4.54997,4.54997,4.54997
1421,219604,219604,219604,18.485,18.485,18.485,834.909,834.909,834.909,6.34698e+06,6.34698e+06,6.34698e+06,3.58029e+06,3.58029e+06,3.58029e+06,223.464,223.464,223.464,17878,17878,17878,410559,410559,410559,15383.2,15383.2,15383.2,192947,192947,192947,9.12006e+06,9.12006e+06,9.12006e+06,0.0462862,0.0462862,0.0462862,3.50298,3.50298,3.50298,4.54997,4.54997,4.54997
1422,219604,219604,219604,18.485,18.485,18.485,834.909,834.909,834.909,6.34698e+06,6.34698e+06,6.34698e+06,3.58029e+06,3.58029e+06,3.58029e+06,223.464,223.464,223.464,17878,17878,17878,410559,410559,410559,15383.2,15383.2,15383.2,192947,192947,192947,9.12006e+06,9.12006e+06,9.12006e+06,0.0462862,0.0462862,0.0462862,3.50298,3.50298,3.50298,4.54997,4.54997,4.54997
1423,219604,219604,219604,18.485,18.485,18.485,834.909,834.909,834.909,6.34698e+06,6.34698e+06,6.34698e+06,3.58029e+06,3.58029e+06,3.58029e+06,223.464,223.464,223.464,17878,17878,17878,410559,410559,410559,15383.2,15383.2,15383.2,192947,192947,192947,9.12006e+06,9.12006e+06,9.12006e+06,0.0462862,0.0462862,0.0462862,3.50298,3.50298,3.50298,4.54997,4.54997,4.54997
1424,219604,219604,219604,18.485,18.485,18.485,834.909,834.909,834.909,6.34698e+06,6.34698e+06,6.34698e+06,3.58029e+06,3.58029e+06,3.58029e+06,223.464,223.464,223.464,17878,17878,17878,410559,410559,410559,15383.2,15383.2,15383.2,192947,192947,192947,9.12006e+06,9.12006e+06,9.12006e+06,0.0462862,0.0462862,0.0462862,3.50298,3.50298,3.50298,4.54997,4.54997,4.54997
1425,219604,219604,219604,18.485,18.485,18.485,834.909,834.909,834.909,6.34698e+06,6.34698e+06,6.34698e+06,3.58029e+06,3.58029e+06,3.58029e+06,223.464,223.464,223.464,17878,17878,17878,410559,410559,410559,15383.2,15383.2,15383.2,192947,192947,192947,9.12006e+06,9.12006e+06,9.12006e+06,0.0462862,0.0462862,0.0462862,3.50298,3.50298,3.50298,4.54997,4.54997,4.54997
1426,219604,219604,219604,18.485,18.485,18.485,834.909,834.909,834.909,6.34698e+06,6.34698e+06,6.34698e+06,3.58029e+06,3.58029e+06,3.58029e+06,223.464,223.464,223.464,17878,17878,17878,410559,410559,410559,15383.2,15383.2,15383.2,192947,192947,192947,9.12006e+06,9.12006e+06,9.12006e+06,0.0462862,0.0462862,0.0462862,3.50298,3.50298,3.50298,4.54997,4.54997,4.54997
1427,219604,219604,219604,18.485,18.485,18.485,834.909,834.909,834.909,6.34698e+06,6.34698e+06,6.34698e+06,3.58029e+06,3.58029e+06,3.58029e+06,223.464,223.464,223.464,17878,17878,17878,410559,410559,410559,15383.2,15383.2,15383.2,192947,192947,192947,9.12006e+06,9.12006e+06,9.12006e+06,0.0462862,0.0462862,0.0462862,3.50298,3.50298,3.50298,4.54997,4.54997,4.54997
1428,219604,219604,219604,18.485,18.485,18.485,834.909,834.909,834.909,6.34698e+06,6.34698e+06,6.34698e+06,3.58029e+06,3.58029e+06,3.58029e+06,223.464,223.464,223.464,17878,17878,17878,410559,410559,410559,15383.2,15383.2,15383.2,192947,192947,192947,9.12006e+06,9.12006e+06,9.12006e+06,0.0462862,0.0462862,0.0462862,3.50298,3.50298,3.50298,4.54997,4.54997,4.54997
1429,219604,219604,219604,18.485,18.485,18.485,834.909,834.909,834.909,6.34698e+06,6.34698e+06,6.34698e+06,3.58029e+06,3.58029e+06,3.58029e+06,223.464,223.464,223.464,17878,17878,17878,410559,410559,410559,15383.2,15383.2,15383.2,192947,192947,192947,9.12006e+06,9.12006e+06,9.12006e+06,0.0462862,0.0462862,0.0462862,3.50298,3.50298,3.50298,4.54997,4.54997,4.54997
1430,219604,219604,219604,18.485,18.485,18.485,834.909,834.909,834.909,6.34698e+06,6.34698e+06,6.34698e+06,3.58029e+06,3.58029e+06,3.58029e+06,223.464,223.464,223.464,17878,17878,17878,410559,410559,410559,15383.2,15383.2,15383.2,192947,192947,192947,9.12006e+06,9.12006e+06,9.12006e+06,0.0462862,0.0462862,0.0462862,3.50298,3.50298,3.50298,4.54997,4.54997,4.54997
1431,219604,219604,219604,18.485,18.485,18.485,834.909,834.909,834.909,6.34698e+06,6.34698e+06,6.34698e+06,3.58029e+06,3.58029e+06,3.58029e+06,223.464,223.464,223.464,17878,17878,17878,410559,410559,410559,15383.2,15383.2,15383.2,192947,192947,192947,9.12006e+06,9.12006e+06,9.12006e+06,0.0462862,0.0462862,0.0462862,3.50298,3.50298,3.50298,4.54997,4.54997,4.54997
1432,219604,219604,219604,18.485,18.485,18.485,834.909,834.909,834.909,6.34698e+06,6.34698e+06,6.34698e+06,3.58029e+06,3.58029e+06,3.58029e+06,223.464,223.464,223.464,17878,17878,17878,410559,410559,410559,15383.2,15383.2,15383.2,192947,192947,192947,9.12006e+06,9.12006e+06,9.12006e+06,0.0462862,0.0462862,0.0462862,3.50298,3.50298,3.50298,4.54997,4.54997,4.54997
1433,219604,219604,219604,18.485,18.485,18.485,834.909,834.909,834.909,6.34698e+06,6.34698e+06,6.34698e+06,3.58029e+06,3.58029e+06,3.58029e+06,223.464,223.464,223.464,17878,17878,17878,410559,410559,410559,15383.2,15383.2,15383.2,192947,192947,192947,9.12006e+06,9.12006e+06,9.12006e+06,0.0462862,0.0462862,0.0462862,3.50298,3.50298,3.50298,4.54997,4.54997,4.54997
1434,219604,219604,219604,18.485,18.485,18.485,834.909,834.909,834.909,6.34698e+06,6.34698e+06,6.34698e+06,3.58029e+06,3.58029e+06,3.58029e+06,223.464,223.464,223.464,17878,17878,17878,410559,410559,410559,15383.2,15383.2,15383.2,192947,192947,192947,9.12006e+06,9.12006e+06,9.12006e+06,0.0462862,0.0462862,0.0462862,3.50298,3.50298,3.50298,4.54997,4.54997,4.54997
1435,219604,219604,219604,18.485,18.485,18.485,834.909,834.909,834.909,6.34698e+06,6.34698e+06,6.34698e+06,3.58029e+06,3.58029e+06,3.58029e+06,223.464,223.464,223.464,17878,17878,17878,410559,410559,410559,15383.2,15383.2,15383.2,192947,192947,192947,9.12006e+06,9.12006e+06,9.12006e+06,0.0462862,0.0462862,0.0462862,3.50298,3.50298,3.50298,4.54997,4.54997,4.54997
1436,219604,219604,219604,18.485,18.485,18.485,834.909,834.909,834.909,6.34698e+06,6.34698e+06,6.34698e+06,3.58029e+06,3.58029e+06,3.58029e+06,223.464,223.464,223.464,17878,17878,17878,410559,410559,410559,15383.2,15383.2,15383.2,192947,192947,192947,9.12006e+06,9.12006e+06,9.12006e+06,0.0462862,0.0462862,0.0462862,3.50298,3.50298,3.50298,4.54997,4.54997,4.54997
1437,219604,219604,219604,18.485,18.485,18.485,834.909,834.909,834.909,6.34698e+06,6.34698e+06,6.34698e+06,3.58029e+06,3.58029e+06,3.58029e+06,223.464,223.464,223.464,17878,17878,17878,410559,410559,410559,15383.2,15383.2,15383.2,192947,192947,192947,9.12006e+06,9.12006e+06,9.12006e+06,0.0462862,0.0462862,0.0462862,3.50298,3.50298,3.50298,4.54997,4.54997,4.54997
1438,219604,219604,219604,18.485,18.485,18.485,834.909,834.909,834.909,6.34698e+06,6.34698e+06,6.34698e+06,3.58029e+06,3.58029e+06,3.58029e+06,223.464,223.464,223.464,17878,17878,17878,410559,410559,410559,15383.2,15383.2,15383.2,192947,192947,192947,9.12006e+06,9.12006e+06,9.12006e+06,0.0462862,0.0462862,0.0462862,3.50298,3.50298,3.50298,4.54997,4.54997,4.54997
1439,219604,219604,219604,18.485,18.485,18.485,834.909,834.909,834.909,6.34698e+06,6.34698e+06,6.34698e+06,3.58029e+06,3.58029e+06,3.58029e+06,223.464,223.464,223.464,17878,17878,17878,410559,410559,410559,15383.2,15383.2,15383.2,192947,192947,192947,9.12006e+06,9.12006e+06,9.12006e+06,0.0462862,0.0462862,0.0462862,3.50298,3.50298,3.50298,4.54997,4.54997,4.54997
1440,219604,219604,219604,18.485,18.485,18.485,834.909,834.909,834.909,6.34698e+06,6.34698e+06,6.34698e+06,3.58029e+06,3.58029e+06,3.58029e+06,223.464,223.464,223.464,17878,17878,17878,410559,410559,410559,15383.2,15383.2,15383.2,192947,192947,192947,9.12006e+06,9.12006e+06,9.12006e+06,0.0462862,0.0462862,0.0462862,3.50298,3.50298,3.50298,4.54997,4.54997,4.54997
1441,219604,219604,219604,18.485,18.485,18.485,834.909,834.909,834.909,6.34698e+06,6.34698e+06,6.34698e+06,3.58029e+06,3.58029e+06,3.58029e+06,223.464,223.464,223.464,17878,17878,17878,410559,410559,410559,15383.2,15383.2,15383.2,192947,192947,192947,9.12006e+06,9.12006e+06,9.12006e+06,0.0462862,0.0462862,0.0462862,3.50298,3.50298,3.50298,4.54997,4.54997,4.54997
1442,219604,219604,219604,18.485,18.485,18.485,834.909,834.909,834.909,6.34698e+06,6.34698e+06,6.34698e+06,3.58029e+06,3.58029e+06,3.58029e+06,223.464,223.464,223.464,17878,17878,17878,410559,410559,410559,15383.2,15383.2,15383.2,192947,192947,192947,9.12006e+06,9.12006e+06,9.12006e+06,0.0462862,0.0462862,0.0462862,3.50298,3.50298,3.50298,4.54997,4.54997,4.54997
1443,219604,219604,219604,18.485,18.485,18.485,834.909,834.909,834.909,6.34698e+06,6.34698e+06,6.34698e+06,3.58029e+06,3.58029e+06,3.58029e+06,223.464,223.464,223.464,17878,17878,17878,410559,410559,410559,15383.2,15383.2,15383.2,192947,192947,192947,9.12006e+06,9.12006e+06,9.12006e+06,0.0462862,0.0462862,0.0462862,3.50298,3.50298,3.50298,4.54997,4.54997,4.54997
1444,219604,219604,219604,18.485,18.485,18.485,834.909,834.909,834.909,6.34698e+06,6.34698e+06,6.34698e+06,3.58029e+06,3.58029e+06,3.58029e+06,223.464,223.464,223.464,17878,17878,17878,410559,410559,410559,15383.2,15383.2,15383.2,192947,192947,192947,9.12006e+06,9.12006e+06,9.12006e+06,0.0462862,0.0462862,0.0462862,3.50298,3.50298,3.50298,4.54997,4.54997,4.54997
1445,219604,219604,219604,18.485,18.485,18.485,834.909,834.909,834.909,6.34698e+06,6.34698e+06,6.34698e+06,3.58029e+06,3.58029e+06,3.58029e+06,223.464,223.464,223.464,17878,17878,17878,410559,410559,410559,15383.2,15383.2,15383.2,192947,192947,192947,9.12006e+06,9.12006e+06,9.12006e+06,0.0462862,0.0462862,0.0462862,3.50298,3.50298,3.50298,4.54997,4.54997,4.54997
1446,219604,219604,219604,18.485,18.485,18.485,834.909,834.909,834.909,6.34698e+06,6.34698e+06,6.34698e+06,3.58029e+06,3.58029e+06,3.58029e+06,223.464,223.464,223.464,17878,17878,17878,410559,410559,410559,15383.2,15383.2,15383.2,192947,192947,192947,9.12006e+06,9.12006e+06,9.12006e+06,0.0462862,0.0462862,0.0462862,3.50298,3.50298,3.50298,4.54997,4.54997,4.54997
1447,219604,219604,219604,18.485,18.485,18.485,834.909,834.909,834.909,6.34698e+06,6.34698e+06,6.34698e+06,3.58029e+06,3.58029e+06,3.58029e+06,223.464,223.464,223.464,17878,17878,17878,410559,410559,410559,15383.2,15383.2,15383.2,192947,192947,192947,9.12006e+06,9.12006e+06,9.12006e+06,0.0462862,0.0462862,0.0462862,3.50298,3.50298,3.50298,4.54997,4.54997,4.54997
1448,219604,219604,219604,18.485,18.485,18.485,834.909,834.909,834.909,6.34698e+06,6.34698e+06,6.34698e+06,3.58029e+06,3.58029e+06,3.58029e+06,223.464,223.464,223.464,17878,17878,17878,410559,410559,410559,15383.2,15383.2,15383.2,192947,192947,192947,9.12006e+06,9.12006e+06,9.12006e+06,0.0462862,0.0462862,0.0462862,3.50298,3.50298,3.50298,4.54997,4.54997,4.54997
1449,219604,219604,219604,18.485,18.485,18.485,834.909,834.909,834.909,6.34698e+06,6.34698e+06,6.34698e+06,3.58029e+06,3.58029e+06,3.58029e+06,223.464,223.464,223.464,17878,17878,17878,410559,410559,410559,15383.2,15383.2,15383.2,192947,192947,192947,9.12006e+06,9.12006e+06,9.12006e+06,0.0462862,0.0462862,0.0462862,3.50298,3.50298,3.50298,4.54997,4.54997,4.54997
1450,219604,219604,219604,18.485,18.485,18.485,834.909,834.909,834.909,6.34698e+06,6.34698e+06,6.34698e+06,3.58029e+06,3.58029e+06,3.58029e+06,223.464,223.464,223.464,17878,17878,17878,410559,410559,410559,15383.2,15383.2,15383.2,192947,192947,192947,9.12006e+06,9.12006e+06,9.12006e+06,0.0462862,0.0462862,0.0462862,3.50298,3.50298,3.50298,4.54997,4.54997,4.54997
1451,219604,219604,219604,18.485,18.485,18.485,834.909,834.909,834.909,6.34698e+06,6.34698e+06,6.34698e+06,3.58029e+06,3.58029e+06,3.58029e+06,223.464,223.464,223.464,17878,17878,17878,410559,410559,410559,15383.2,15383.2,15383.2,192947,192947,192947,9.12006e+06,9.12006e+06,9.12006e+06,0.0462862,0.0462862,0.0462862,3.50298,3.50298,3.50298,4.54997,4.54997,4.54997
1452,219604,219604,219604,18.485,18.485,18.485,834.909,834.909,834.909,6.34698e+06,6.34698e+06,6.34698e+06,3.58029e+06,3.58029e+06,3.58029e+06,223.464,223.464,223.464,17878,17878,17878,410559,410559,410559,15383.2,15383.2,15383.2,192947,192947,192947,9.12006e+06,9.12006e+06,9.12006e+06,0.0462862,0.0462862,0.0462862,3.50298,3.50298,3.50298,4.54997,4.54997,4.54997
1453,219604,219604,219604,18.485,18.485,18.485,834.909,834.909,834.909,6.34698e+06,6.34698e+06,6.34698e+06,3.58029e+06,3.58029e+06,3.58029e+06,223.464,223.464,223.464,17878,17878,17878,410559,410559,410559,15383.2,15383.2,15383.2,192947,192947,192947,9.12006e+06,9.12006e+06,9.12006e+06,0.0462862,0.0462862,0.0462862,3.50298,3.50298,3.50298,4.54997,4.54997,4.54997
1454,219604,219604,219604,18.485,18.485,18.485,834.909,834.909,834.909,6.34698e+06,6.34698e+06,6.34698e+06,3.58029e+06,3.58029e+06,3.58029e+06,223.464,223.464,223.464,17878,17878,17878,410559,410559,410559,15383.2,15383.2,15383.2,192947,192947,192947,9.12006e+06,9.12006e+06,9.12006e+06,0.0462862,0.0462862,0.0462862,3.50298,3.50298,3.50298,4.54997,4.54997,4.54997
1455,219604,219604,219604,18.485,18.485,18.485,834.909,834.909,834.909,6.34698e+06,6.34698e+06,6.34698e+06,3.58029e+06,3.58029e+06,3.58029e+06,223.464,223.464,223.464,17878,17878,17878,410559,410559,410559,15383.2,15383.2,15383.2,192947,192947,192947,9.12006e+06,9.12006e+06,9.12006e+06,0.0462862,0.0462862,0.0462862,3.50298,3.50298,3.50298,4.54997,4.54997,4.54997
1456,219604,219604,219604,18.485,18.485,18.485,834.909,834.909,834.909,6.34698e+06,6.34698e+06,6.34698e+06,3.58029e+06,3.58029e+06,3.58029e+06,223.464,223.464,223.464,17878,17878,17878,410559,410559,410559,15383.2,15383.2,15383.2,192947,192947,192947,9.12006e+06,9.12006e+06,9.12006e+06,0.0462862,0.0462862,0.0462862,3.50298,3.50298,3.50298,4.54997,4.54997,4.54997
1457,219604,219604,219604,18.485,18.485,18.485,834.909,834.909,834.909,6.34698e+06,6.34698e+06,6.34698e+06,3.58029e+06,3.58029e+06,3.58029e+06,223.464,223.464,223.464,17878,17878,17878,410559,410559,410559,15383.2,15383.2,15383.2,192947,192947,192947,9.12006e+06,9.12006e+06,9.12006e+06,0.0462862,0.0462862,0.0462862,3.50298,3.50298,3.50298,4.54997,4.54997,4.54997
1458,219604,219604,219604,18.485,18.485,18.485,834.909,834.909,834.909,6.34698e+06,6.34698e+06,6.34698e+06,3.58029e+06,3.58029e+06,3.58029e+06,223.464,223.464,223.464,17878,17878,17878,410559,410559,410559,15383.2,15383.2,15383.2,192947,192947,192947,9.12006e+06,9.12006e+06,9.12006e+06,0.0462862,0.0462862,0.0462862,3.50298,3.50298,3.50298,4.54997,4.54997,4.54997
1459,219604,219604,219604,18.485,18.485,18.485,834.909,834.909,834.909,6.34698e+06,6.34698e+06,6.34698e+06,3.58029e+06,3.58029e+06,3.58029e+06,223.464,223.464,223.464,17878,17878,17878,410559,410559,410559,15383.2,15383.2,15383.2,192947,192947,192947,9.12006e+06,9.12006e+06,9.12006e+06,0.0462862,0.0462862,0.0462862,3.50298,3.50298,3.50298,4.54997,4.54997,4.54997
1460,219604,219604,219604,18.485,18.485,18.485,834.909,834.909,834.909,6.34698e+06,6.34698e+06,6.34698e+06,3.58029e+06,3.58029e+06,3.58029e+06,223.464,223.464,223.464,17878,17878,17878,410559,410559,410559,15383.2,15383.2,15383.2,192947,192947,192947,9.12006e+06,9.12006e+06,9.12006e+06,0.0462862,0.0462862,0.0462862,3.50298,3.50298,3.50298,4.54997,4.54997,4.54997
1461,219604,219604,219604,18.485,18.485,18.485,834.909,834.909,834.909,6.34698e+06,6.34698e+06,6.34698e+06,3.58029e+06,3.58029e+06,3.58029e+06,223.464,223.464,223.464,17878,17878,17878,410559,410559,410559,15383.2,15383.2,15383.2,192947,192947,192947,9.12006e+06,9.12006e+06,9.12006e+06,0.0462862,0.0462862,0.0462862,3.50298,3.50298,3.50298,4.54997,4.54997,4.54997
1462,219604,219604,219604,18.485,18.485,18.485,834.909,834.909,834.909,6.34698e+06,6.34698e+06,6.34698e+06,3.58029e+06,3.58029e+06,3.58029e+06,223.464,223.464,223.464,17878,17878,17878,410559,410559,410559,15383.2,15383.2,15383.2,192947,192947,192947,9.12006e+06,9.12006e+06,9.12006e+06,0.0462862,0.0462862,0.0462862,3.50298,3.50298,3.50298,4.54997,4.54997,4.54997
1463,219604,219604,219604,18.485,18.485,18.485,834.909,834.909,834.909,6.34698e+06,6.34698e+06,6.34698e+06,3.58029e+06,3.58029e+06,3.58029e+06,223.464,223.464,223.464,17878,17878,17878,410559,410559,410559,15383.2,15383.2,15383.2,192947,192947,192947,9.12006e+06,9.12006e+06,9.12006e+06,0.0462862,0.0462862,0.0462862,3.50298,3.50298,3.50298,4.54997,4.54997,4.54997
1464,219604,219604,219604,18.485,18.485,18.485,834.909,834.909,834.909,6.34698e+06,6.34698e+06,6.34698e+06,3.58029e+06,3.58029e+06,3.58029e+06,223.464,223.464,223.464,17878,17878,17878,410559,410559,410559,15383.2,15383.2,15383.2,192947,192947,192947,9.12006e+06,9.12006e+06,9.12006e+06,0.0462862,0.0462862,0.0462862,3.50298,3.50298,3.50298,4.54997,4.54997,4.54997
1465,219604,219604,219604,18.485,18.485,18.485,834.909,834.909,834.909,6.34698e+06,6.34698e+06,6.34698e+06,3.58029e+06,3.58029e+06,3.58029e+06,223.464,223.464,223.464,17878,17878,17878,410559,410559,410559,15383.2,15383.2,15383.2,192947,192947,192947,9.12006e+06,9.12006e+06,9.12006e+06,0.0462862,0.0462862,0.0462862,3.50298,3.50298,3.50298,4.54997,4.54997,4.54997
1466,219604,219604,219604,18.485,18.485,18.485,834.909,834.909,834.909,6.34698e+06,6.34698e+06,6.34698e+06,3.58029e+06,3.58029e+06,3.58029e+06,223.464,223.464,223.464,17878,17878,17878,410559,410559,410559,15383.2,15383.2,15383.2,192947,192947,192947,9.12006e+06,9.12006e+06,9.12006e+06,0.0462862,0.0462862,0.0462862,3.50298,3.50298,3.50298,4.54997,4.54997,4.54997
1467,219604,219604,219604,18.485,18.485,18.485,834.909,834.909,834.909,6.34698e+06,6.34698e+06,6.34698e+06,3.58029e+06,3.58029e+06,3.58029e+06,223.464,223.464,223.464,17878,17878,17878,410559,410559,410559,15383.2,15383.2,15383.2,192947,192947,192947,9.12006e+06,9.12006e+06,9.12006e+06,0.0462862,0.0462862,0.0462862,3.50298,3.50298,3.50298,4.54997,4.54997,4.54997
1468,219604,219604,219604,18.485,18.485,18.485,834.909,834.909,834.909,6.34698e+06,6.34698e+06,6.34698e+06,3.58029e+06,3.58029e+06,3.58029e+06,223.464,223.464,223.464,17878,17878,17878,410559,410559,410559,15383.2,15383.2,15383.2,192947,192947,192947,9.12006e+06,9.12006e+06,9.12006e+06,0.0462862,0.0462862,0.0462862,3.50298,3.50298,3.50298,4.54997,4.54997,4.54997
1469,219604,219604,219604,18.485,18.485,18.485,834.909,834.909,834.909,6.34698e+06,6.34698e+06,6.34698e+06,3.58029e+06,3.58029e+06,3.58029e+06,223.464,223.464,223.464,17878,17878,17878,410559,410559,410559,15383.2,15383.2,15383.2,192947,192947,192947,9.12006e+06,9.12006e+06,9.12006e+06,0.0462862,0.0462862,0.0462862,3.50298,3.50298,3.50298,4.54997,4.54997,4.54997
1470,219604,219604,219604,18.485,18.485,18.485,834.909,834.909,834.909,6.34698e+06,6.34698e+06,6.34698e+06,3.58029e+06,3.58029e+06,3.58029e+06,223.464,223.464,223.464,17878,17878,17878,410559,410559,410559,15383.2,15383.2,15383.2,192947,192947,192947,9.12006e+06,9.12006e+06,9.12006e+06,0.0462862,0.0462862,0.0462862,3.50298,3.50298,3.50298,4.54997,4.54997,4.54997
1471,219604,219604,219604,18.485,18.485,18.485,834.909,834.909,834.909,6.34698e+06,6.34698e+06,6.34698e+06,3.58029e+06,3.58029e+06,3.58029e+06,223.464,223.464,223.464,17878,17878,17878,410559,410559,410559,15383.2,15383.2,15383.2,192947,192947,192947,9.12006e+06,9.12006e+06,9.12006e+06,0.0462862,0.0462862,0.0462862,3.50298,3.50298,3.50298,4.54997,4.54997,4.54997
1472,219604,219604,219604,18.485,18.485,18.485,834.909,834.909,834.909,6.34698e+06,6.34698e+06,6.34698e+06,3.58029e+06,3.58029e+06,3.58029e+06,223.464,223.464,223.464,17878,17878,17878,410559,410559,410559,15383.2,15383.2,15383.2,192947,192947,192947,9.12006e+06,9.12006e+06,9.12006e+06,0.0462862,0.0462862,0.0462862,3.50298,3.50298,3.50298,4.54997,4.54997,4.54997
1473,219604,219604,219604,18.485,18.485,18.485,834.909,834.909,834.909,6.34698e+06,6.34698e+06,6.34698e+06,3.58029e+06,3.58029e+06,3.58029e+06,223.464,223.464,223.464,17878,17878,17878,410559,410559,410559,15383.2,15383.2,15383.2,192947,192947,192947,9.12006e+06,9.12006e+06,9.12006e+06,0.0462862,0.0462862,0.0462862,3.50298,3.50298,3.50298,4.54997,4.54997,4.54997
1474,219604,219604,219604,18.485,18.485,18.485,834.909,834.909,834.909,6.34698e+06,6.34698e+06,6.34698e+06,3.58029e+06,3.58029e+06,3.58029e+06,223.464,223.464,223.464,17878,17878,17878,410559,410559,410559,15383.2,15383.2,15383.2,192947,192947,192947,9.12006e+06,9.12006e+06,9.12006e+06,0.0462862,0.0462862,0.0462862,3.50298,3.50298,3.50298,4.54997,4.54997,4.54997
1475,219604,219604,219604,18.485,18.485,18.485,834.909,834.909,834.909,6.34698e+06,6.34698e+06,6.34698e+06,3.58029e+06,3.58029e+06,3.58029e+06,223.464,223.464,223.464,17878,17878,17878,410559,410559,410559,15383.2,15383.2,15383.2,192947,192947,192947,9.12006e+06,9.12006e+06,9.12006e+06,0.0462862,0.0462862,0.0462862,3.50298,3.50298,3.50298,4.54997,4.54997,4.54997
1476,219604,219604,219604,18.485,18.485,18.485,834.909,834.909,834.909,6.34698e+06,6.34698e+06,6.34698e+06,3.58029e+06,3.58029e+06,3.58029e+06,223.464,223.464,223.464,17878,17878,17878,410559,410559,410559,15383.2,15383.2,15383.2,192947,192947,192947,9.12006e+06,9.12006e+06,9.12006e+06,0.0462862,0.0462862,0.0462862,3.50298,3.50298,3.50298,4.54997,4.54997,4.54997
1477,219604,219604,219604,18.485,18.485,18.485,834.909,834.909,834.909,6.34698e+06,6.34698e+06,6.34698e+06,3.58029e+06,3.58029e+06,3.58029e+06,223.464,223.464,223.464,17878,17878,17878,410559,410559,410559,15383.2,15383.2,15383.2,192947,192947,192947,9.12006e+06,9.12006e+06,9.12006e+06,0.0462862,0.0462862,0.0462862,3.50298,3.50298,3.50298,4.54997,4.54997,4.54997
1478,219604,219604,219604,18.485,18.485,18.485,834.909,834.909,834.909,6.34698e+06,6.34698e+06,6.34698e+06,3.58029e+06,3.58029e+06,3.58029e+06,223.464,223.464,223.464,17878,17878,17878,410559,410559,410559,15383.2,15383.2,15383.2,192947,192947,192947,9.12006e+06,9.12006e+06,9.12006e+06,0.0462862,0.0462862,0.0462862,3.50298,3.50298,3.50298,4.54997,4.54997,4.54997
1479,219604,219604,219604,18.485,18.485,18.485,834.909,834.909,834.909,6.34698e+06,6.34698e+06,6.34698e+06,3.58029e+06,3.58029e+06,3.58029e+06,223.464,223.464,223.464,17878,17878,17878,410559,410559,410559,15383.2,15383.2,15383.2,192947,192947,192947,9.12006e+06,9.12006e+06,9.12006e+06,0.0462862,0.0462862,0.0462862,3.50298,3.50298,3.50298,4.54997,4.54997,4.54997
1480,219604,219604,219604,18.485,18.485,18.485,834.909,834.909,834.909,6.34698e+06,6.34698e+06,6.34698e+06,3.58029e+06,3.58029e+06,3.58029e+06,223.464,223.464,223.464,17878,17878,17878,410559,410559,410559,15383.2,15383.2,15383.2,192947,192947,192947,9.12006e+06,9.12006e+06,9.12006e+06,0.0462862,0.0462862,0.0462862,3.50298,3.50298,3.50298,4.54997,4.54997,4.54997
1481,219604,219604,219604,18.485,18.485,18.485,834.909,834.909,834.909,6.34698e+06,6.34698e+06,6.34698e+06,3.58029e+06,3.58029e+06,3.58029e+06,223.464,223.464,223.464,17878,17878,17878,410559,410559,410559,15383.2,15383.2,15383.2,192947,192947,192947,9.12006e+06,9.12006e+06,9.12006e+06,0.0462862,0.0462862,0.0462862,3.50298,3.50298,3.50298,4.54997,4.54997,4.54997
1482,219604,219604,219604,18.485,18.485,18.485,834.909,834.909,834.909,6.34698e+06,6.34698e+06,6.34698e+06,3.58029e+06,3.58029e+06,3.58029e+06,223.464,223.464,223.464,17878,17878,17878,410559,410559,410559,15383.2,15383.2,15383.2,192947,192947,192947,9.12006e+06,9.12006e+06,9.12006e+06,0.0462862,0.0462862,0.0462862,3.50298,3.50298,3.50298,4.54997,4.54997,4.54997
1483,219604,219604,219604,18.485,18.485,18.485,834.909,834.909,834.909,6.34698e+06,6.34698e+06,6.34698e+06,3.58029e+06,3.58029e+06,3.58029e+06,223.464,223.464,223.464,17878,17878,17878,410559,410559,410559,15383.2,15383.2,15383.2,192947,192947,192947,9.12006e+06,9.12006e+06,9.12006e+06,0.0462862,0.0462862,0.0462862,3.50298,3.50298,3.50298,4.54997,4.54997,4.54997
1484,219604,219604,219604,18.485,18.485,18.485,834.909,834.909,834.909,6.34698e+06,6.34698e+06,6.34698e+06,3.58029e+06,3.58029e+06,3.58029e+06,223.464,223.464,223.464,17878,17878,17878,410559,410559,410559,15383.2,15383.2,15383.2,192947,192947,192947,9.12006e+06,9.12006e+06,9.12006e+06,0.0462862,0.0462862,0.0462862,3.50298,3.50298,3.50298,4.54997,4.54997,4.54997
1485,219604,219604,219604,18.485,18.485,18.485,834.909,834.909,834.909,6.34698e+06,6.34698e+06,6.34698e+06,3.58029e+06,3.58029e+06,3.58029e+06,223.464,223.464,223.464,17878,17878,17878,410559,410559,410559,15383.2,15383.2,15383.2,192947,192947,192947,9.12006e+06,9.12006e+06,9.12006e+06,0.0462862,0.0462862,0.0462862,3.50298,3.50298,3.50298,4.54997,4.54997,4.54997
1486,219604,219604,219604,18.485,18.485,18.485,834.909,834.909,834.909,6.34698e+06,6.34698e+06,6.34698e+06,3.58029e+06,3.58029e+06,3.58029e+06,223.464,223.464,223.464,17878,17878,17878,410559,410559,410559,15383.2,15383.2,15383.2,192947,192947,192947,9.12006e+06,9.12006e+06,9.12006e+06,0.0462862,0.0462862,0.0462862,3.50298,3.50298,3.50298,4.54997,4.54997,4.54997
1487,219604,219604,219604,18.485,18.485,18.485,834.909,834.909,834.909,6.34698e+06,6.34698e+06,6.34698e+06,3.58029e+06,3.58029e+06,3.58029e+06,223.464,223.464,223.464,17878,17878,17878,410559,410559,410559,15383.2,15383.2,15383.2,192947,192947,192947,9.12006e+06,9.12006e+06,9.12006e+06,0.0462862,0.0462862,0.0462862,3.50298,3.50298,3.50298,4.54997,4.54997,4.54997
1488,219604,219604,219604,18.485,18.485,18.485,834.909,834.909,834.909,6.34698e+06,6.34698e+06,6.34698e+06,3.58029e+06,3.58029e+06,3.58029e+06,223.464,223.464,223.464,17878,17878,17878,410559,410559,410559,15383.2,15383.2,15383.2,192947,192947,192947,9.12006e+06,9.12006e+06,9.12006e+06,0.0462862,0.0462862,0.0462862,3.50298,3.50298,3.50298,4.54997,4.54997,4.54997
1489,219604,219604,219604,18.485,18.485,18.485,834.909,834.909,834.909,6.34698e+06,6.34698e+06,6.34698e+06,3.58029e+06,3.58029e+06,3.58029e+06,223.464,223.464,223.464,17878,17878,17878,410559,410559,410559,15383.2,15383.2,15383.2,192947,192947,192947,9.12006e+06,9.12006e+06,9.12006e+06,0.0462862,0.0462862,0.0462862,3.50298,3.50298,3.50298,4.54997,4.54997,4.54997
1490,219604,219604,219604,18.485,18.485,18.485,834.909,834.909,834.909,6.34698e+06,6.34698e+06,6.34698e+06,3.58029e+06,3.58029e+06,3.58029e+06,223.464,223.464,223.464,17878,17878,17878,410559,410559,410559,15383.2,15383.2,15383.2,192947,192947,192947,9.12006e+06,9.12006e+06,9.12006e+06,0.0462862,0.0462862,0.0462862,3.50298,3.50298,3.50298,4.54997,4.54997,4.54997
1491,219604,219604,219604,18.485,18.485,18.485,834.909,834.909,834.909,6.34698e+06,6.34698e+06,6.34698e+06,3.58029e+06,3.58029e+06,3.58029e+06,223.464,223.464,223.464,17878,17878,17878,410559,410559,410559,15383.2,15383.2,15383.2,192947,192947,192947,9.12006e+06,9.12006e+06,9.12006e+06,0.0462862,0.0462862,0.0462862,3.50298,3.50298,3.50298,4.54997,4.54997,4.54997
1492,219604,219604,219604,18.485,18.485,18.485,834.909,834.909,834.909,6.34698e+06,6.34698e+06,6.34698e+06,3.58029e+06,3.58029e+06,3.58029e+06,223.464,223.464,223.464,17878,17878,17878,410559,410559,410559,15383.2,15383.2,15383.2,192947,192947,192947,9.12006e+06,9.12006e+06,9.12006e+06,0.0462862,0.0462862,0.0462862,3.50298,3.50298,3.50298,4.54997,4.54997,4.54997
1493,219604,219604,219604,18.485,18.485,18.485,834.909,834.909,834.909,6.34698e+06,6.34698e+06,6.34698e+06,3.58029e+06,3.58029e+06,3.58029e+06,223.464,223.464,223.464,17878,17878,17878,410559,410559,410559,15383.2,15383.2,15383.2,192947,192947,192947,9.12006e+06,9.12006e+06,9.12006e+06,0.0462862,0.0462862,0.0462862,3.50298,3.50298,3.50298,4.54997,4.54997,4.54997
1494,219604,219604,219604,18.485,18.485,18.485,834.909,834.909,834.909,6.34698e+06,6.34698e+06,6.34698e+06,3.58029e+06,3.58029e+06,3.58029e+06,223.464,223.464,223.464,17878,17878,17878,410559,410559,410559,15383.2,15383.2,15383.2,192947,192947,192947,9.12006e+06,9.12006e+06,9.12006e+06,0.0462862,0.0462862,0.0462862,3.50298,3.50298,3.50298,4.54997,4.54997,4.54997
1495,219604,219604,219604,18.485,18.485,18.485,834.909,834.909,834.909,6.34698e+06,6.34698e+06,6.34698e+06,3.58029e+06,3.58029e+06,3.58029e+06,223.464,223.464,223.464,17878,17878,17878,410559,410559,410559,15383.2,15383.2,15383.2,192947,192947,192947,9.12006e+06,9.12006e+06,9.12006e+06,0.0462862,0.0462862,0.0462862,3.50298,3.50298,3.50298,4.54997,4.54997,4.54997
1496,219604,219604,219604,18.485,18.485,18.485,834.909,834.909,834.909,6.34698e+06,6.34698e+06,6.34698e+06,3.58029e+06,3.58029e+06,3.58029e+06,223.464,223.464,223.464,17878,17878,17878,410559,410559,410559,15383.2,15383.2,15383.2,192947,192947,192947,9.12006e+06,9.12006e+06,9.12006e+06,0.0462862,0.0462862,0.0462862,3.50298,3.50298,3.50298,4.54997,4.54997,4.54997
1497,219604,219604,219604,18.485,18.485,18.485,834.909,834.909,834.909,6.34698e+06,6.34698e+06,6.34698e+06,3.58029e+06,3.58029e+06,3.58029e+06,223.464,223.464,223.464,17878,17878,17878,410559,410559,410559,15383.2,15383.2,15383.2,192947,192947,192947,9.12006e+06,9.12006e+06,9.12006e+06,0.0462862,0.0462862,0.0462862,3.50298,3.50298,3.50298,4.54997,4.54997,4.54997
1498,219604,219604,219604,18.485,18.485,18.485,834.909,834.909,834.909,6.34698e+06,6.34698e+06,6.34698e+06,3.58029e+06,3.58029e+06,3.58029e+06,223.464,223.464,223.464,17878,17878,17878,410559,410559,410559,15383.2,15383.2,15383.2,192947,192947,192947,9.12006e+06,9.12006e+06,9.12006e+06,0.0462862,0.0462862,0.0462862,3.50298,3.50298,3.50298,4.54997,4.54997,4.54997
1499,219604,219604,219604,18.485,18.485,18.485,834.909,834.909,834.909,6.34698e+06,6.34698e+06,6.34698e+06,3.58029e+06,3.58029e+06,3.58029e+06,223.464,223.464,223.464,17878,17878,17878,410559,410559,410559,15383.2,15383.2,15383.2,192947,192947,192947,9.12006e+06,9.12006e+06,9.12006e+06,0.0462862,0.0462862,0.0462862,3.50298,3.50298,3.50298,4.54997,4.54997,4.54997
1500,219604,219604,219604,18.485,18.485,18.485,834.909,834.909,834.909,6.34698e+06,6.34698e+06,6.34698e+06,3.58029e+06,3.58029e+06,3.58029e+06,223.464,223.464,223.464,17878,17878,17878,410559,410559,410559,15383.2,15383.2,15383.2,192947,192947,192947,9.12006e+06,9.12006e+06,9.12006e+06,0.0462862,0.0462862,0.0462862,3.50298,3.50298,3.50298,4.54997,4.54997,4.54997
1501,219604,219604,219604,18.485,18.485,18.485,834.909,834.909,834.909,6.34698e+06,6.34698e+06,6.34698e+06,3.58029e+06,3.58029e+06,3.58029e+06,223.464,223.464,223.464,17878,17878,17878,410559,410559,410559,15383.2,15383.2,15383.2,192947,192947,192947,9.12006e+06,9.12006e+06,9.12006e+06,0.0462862,0.0462862,0.0462862,3.50298,3.50298,3.50298,4.54997,4.54997,4.54997
1502,219604,219604,219604,18.485,18.485,18.485,834.909,834.909,834.909,6.34698e+06,6.34698e+06,6.34698e+06,3.58029e+06,3.58029e+06,3.58029e+06,223.464,223.464,223.464,17878,17878,17878,410559,410559,410559,15383.2,15383.2,15383.2,192947,192947,192947,9.12006e+06,9.12006e+06,9.12006e+06,0.0462862,0.0462862,0.0462862,3.50298,3.50298,3.50298,4.54997,4.54997,4.54997
1503,219604,219604,219604,18.485,18.485,18.485,834.909,834.909,834.909,6.34698e+06,6.34698e+06,6.34698e+06,3.58029e+06,3.58029e+06,3.58029e+06,223.464,223.464,223.464,17878,17878,17878,410559,410559,410559,15383.2,15383.2,15383.2,192947,192947,192947,9.12006e+06,9.12006e+06,9.12006e+06,0.0462862,0.0462862,0.0462862,3.50298,3.50298,3.50298,4.54997,4.54997,4.54997
1504,219604,219604,219604,18.485,18.485,18.485,834.909,834.909,834.909,6.34698e+06,6.34698e+06,6.34698e+06,3.58029e+06,3.58029e+06,3.58029e+06,223.464,223.464,223.464,17878,17878,17878,410559,410559,410559,15383.2,15383.2,15383.2,192947,192947,192947,9.12006e+06,9.12006e+06,9.12006e+06,0.0462862,0.0462862,0.0462862,3.50298,3.50298,3.50298,4.54997,4.54997,4.54997
1505,219604,219604,219604,18.485,18.485,18.485,834.909,834.909,834.909,6.34698e+06,6.34698e+06,6.34698e+06,3.58029e+06,3.58029e+06,3.58029e+06,223.464,223.464,223.464,17878,17878,17878,410559,410559,410559,15383.2,15383.2,15383.2,192947,192947,192947,9.12006e+06,9.12006e+06,9.12006e+06,0.0462862,0.0462862,0.0462862,3.50298,3.50298,3.50298,4.54997,4.54997,4.54997
1506,219604,219604,219604,18.485,18.485,18.485,834.909,834.909,834.909,6.34698e+06,6.34698e+06,6.34698e+06,3.58029e+06,3.58029e+06,3.58029e+06,223.464,223.464,223.464,17878,17878,17878,410559,410559,410559,15383.2,15383.2,15383.2,192947,192947,192947,9.12006e+06,9.12006e+06,9.12006e+06,0.0462862,0.0462862,0.0462862,3.50298,3.50298,3.50298,4.54997,4.54997,4.54997
1507,219604,219604,219604,18.485,18.485,18.485,834.909,834.909,834.909,6.34698e+06,6.34698e+06,6.34698e+06,3.58029e+06,3.58029e+06,3.58029e+06,223.464,223.464,223.464,17878,17878,17878,410559,410559,410559,15383.2,15383.2,15383.2,192947,192947,192947,9.12006e+06,9.12006e+06,9.12006e+06,0.0462862,0.0462862,0.0462862,3.50298,3.50298,3.50298,4.54997,4.54997,4.54997
1508,219604,219604,219604,18.485,18.485,18.485,834.909,834.909,834.909,6.34698e+06,6.34698e+06,6.34698e+06,3.58029e+06,3.58029e+06,3.58029e+06,223.464,223.464,223.464,17878,17878,17878,410559,410559,410559,15383.2,15383.2,15383.2,192947,192947,192947,9.12006e+06,9.12006e+06,9.12006e+06,0.0462862,0.0462862,0.0462862,3.50298,3.50298,3.50298,4.54997,4.54997,4.54997
1509,219604,219604,219604,18.485,18.485,18.485,834.909,834.909,834.909,6.34698e+06,6.34698e+06,6.34698e+06,3.58029e+06,3.58029e+06,3.58029e+06,223.464,223.464,223.464,17878,17878,17878,410559,410559,410559,15383.2,15383.2,15383.2,192947,192947,192947,9.12006e+06,9.12006e+06,9.12006e+06,0.0462862,0.0462862,0.0462862,3.50298,3.50298,3.50298,4.54997,4.54997,4.54997
1510,219604,219604,219604,18.485,18.485,18.485,834.909,834.909,834.909,6.34698e+06,6.34698e+06,6.34698e+06,3.58029e+06,3.58029e+06,3.58029e+06,223.464,223.464,223.464,17878,17878,17878,410559,410559,410559,15383.2,15383.2,15383.2,192947,192947,192947,9.12006e+06,9.12006e+06,9.12006e+06,0.0462862,0.0462862,0.0462862,3.50298,3.50298,3.50298,4.54997,4.54997,4.54997
1511,219604,219604,219604,18.485,18.485,18.485,834.909,834.909,834.909,6.34698e+06,6.34698e+06,6.34698e+06,3.58029e+06,3.58029e+06,3.58029e+06,223.464,223.464,223.464,17878,17878,17878,410559,410559,410559,15383.2,15383.2,15383.2,192947,192947,192947,9.12006e+06,9.12006e+06,9.12006e+06,0.0462862,0.0462862,0.0462862,3.50298,3.50298,3.50298,4.54997,4.54997,4.54997
1512,219604,219604,219604,18.485,18.485,18.485,834.909,834.909,834.909,6.34698e+06,6.34698e+06,6.34698e+06,3.58029e+06,3.58029e+06,3.58029e+06,223.464,223.464,223.464,17878,17878,17878,410559,410559,410559,15383.2,15383.2,15383.2,192947,192947,192947,9.12006e+06,9.12006e+06,9.12006e+06,0.0462862,0.0462862,0.0462862,3.50298,3.50298,3.50298,4.54997,4.54997,4.54997
1513,219604,219604,219604,18.485,18.485,18.485,834.909,834.909,834.909,6.34698e+06,6.34698e+06,6.34698e+06,3.58029e+06,3.58029e+06,3.58029e+06,223.464,223.464,223.464,17878,17878,17878,410559,410559,410559,15383.2,15383.2,15383.2,192947,192947,192947,9.12006e+06,9.12006e+06,9.12006e+06,0.0462862,0.0462862,0.0462862,3.50298,3.50298,3.50298,4.54997,4.54997,4.54997
1514,219604,219604,219604,18.485,18.485,18.485,834.909,834.909,834.909,6.34698e+06,6.34698e+06,6.34698e+06,3.58029e+06,3.58029e+06,3.58029e+06,223.464,223.464,223.464,17878,17878,17878,410559,410559,410559,15383.2,15383.2,15383.2,192947,192947,192947,9.12006e+06,9.12006e+06,9.12006e+06,0.0462862,0.0462862,0.0462862,3.50298,3.50298,3.50298,4.54997,4.54997,4.54997
1515,219604,219604,219604,18.485,18.485,18.485,834.909,834.909,834.909,6.34698e+06,6.34698e+06,6.34698e+06,3.58029e+06,3.58029e+06,3.58029e+06,223.464,223.464,223.464,17878,17878,17878,410559,410559,410559,15383.2,15383.2,15383.2,192947,192947,192947,9.12006e+06,9.12006e+06,9.12006e+06,0.0462862,0.0462862,0.0462862,3.50298,3.50298,3.50298,4.54997,4.54997,4.54997
1516,219604,219604,219604,18.485,18.485,18.485,834.909,834.909,834.909,6.34698e+06,6.34698e+06,6.34698e+06,3.58029e+06,3.58029e+06,3.58029e+06,223.464,223.464,223.464,17878,17878,17878,410559,410559,410559,15383.2,15383.2,15383.2,192947,192947,192947,9.12006e+06,9.12006e+06,9.12006e+06,0.0462862,0.0462862,0.0462862,3.50298,3.50298,3.50298,4.54997,4.54997,4.54997
1517,219604,219604,219604,18.485,18.485,18.485,834.909,834.909,834.909,6.34698e+06,6.34698e+06,6.34698e+06,3.58029e+06,3.58029e+06,3.58029e+06,223.464,223.464,223.464,17878,17878,17878,410559,410559,410559,15383.2,15383.2,15383.2,192947,192947,192947,9.12006e+06,9.12006e+06,9.12006e+06,0.0462862,0.0462862,0.0462862,3.50298,3.50298,3.50298,4.54997,4.54997,4.54997
1518,219604,219604,219604,18.485,18.485,18.485,834.909,834.909,834.909,6.34698e+06,6.34698e+06,6.34698e+06,3.58029e+06,3.58029e+06,3.58029e+06,223.464,223.464,223.464,17878,17878,17878,410559,410559,410559,15383.2,15383.2,15383.2,192947,192947,192947,9.12006e+06,9.12006e+06,9.12006e+06,0.0462862,0.0462862,0.0462862,3.50298,3.50298,3.50298,4.54997,4.54997,4.54997
1519,219604,219604,219604,18.485,18.485,18.485,834.909,834.909,834.909,6.34698e+06,6.34698e+06,6.34698e+06,3.58029e+06,3.58029e+06,3.58029e+06,223.464,223.464,223.464,17878,17878,17878,410559,410559,410559,15383.2,15383.2,15383.2,192947,192947,192947,9.12006e+06,9.12006e+06,9.12006e+06,0.0462862,0.0462862,0.0462862,3.50298,3.50298,3.50298,4.54997,4.54997,4.54997
1520,219604,219604,219604,18.485,18.485,18.485,834.909,834.909,834.909,6.34698e+06,6.34698e+06,6.34698e+06,3.58029e+06,3.58029e+06,3.58029e+06,223.464,223.464,223.464,17878,17878,17878,410559,410559,410559,15383.2,15383.2,15383.2,192947,192947,192947,9.12006e+06,9.12006e+06,9.12006e+06,0.0462862,0.0462862,0.0462862,3.50298,3.50298,3.50298,4.54997,4.54997,4.54997
1521,219604,219604,219604,18.485,18.485,18.485,834.909,834.909,834.909,6.34698e+06,6.34698e+06,6.34698e+06,3.58029e+06,3.58029e+06,3.58029e+06,223.464,223.464,223.464,17878,17878,17878,410559,410559,410559,15383.2,15383.2,15383.2,192947,192947,192947,9.12006e+06,9.12006e+06,9.12006e+06,0.0462862,0.0462862,0.0462862,3.50298,3.50298,3.50298,4.54997,4.54997,4.54997
1522,219604,219604,219604,18.485,18.485,18.485,834.909,834.909,834.909,6.34698e+06,6.34698e+06,6.34698e+06,3.58029e+06,3.58029e+06,3.58029e+06,223.464,223.464,223.464,17878,17878,17878,410559,410559,410559,15383.2,15383.2,15383.2,192947,192947,192947,9.12006e+06,9.12006e+06,9.12006e+06,0.0462862,0.0462862,0.0462862,3.50298,3.50298,3.50298,4.54997,4.54997,4.54997
1523,219604,219604,219604,18.485,18.485,18.485,834.909,834.909,834.909,6.34698e+06,6.34698e+06,6.34698e+06,3.58029e+06,3.58029e+06,3.58029e+06,223.464,223.464,223.464,17878,17878,17878,410559,410559,410559,15383.2,15383.2,15383.2,192947,192947,192947,9.12006e+06,9.12006e+06,9.12006e+06,0.0462862,0.0462862,0.0462862,3.50298,3.50298,3.50298,4.54997,4.54997,4.54997
1524,219604,219604,219604,18.485,18.485,18.485,834.909,834.909,834.909,6.34698e+06,6.34698e+06,6.34698e+06,3.58029e+06,3.58029e+06,3.58029e+06,223.464,223.464,223.464,17878,17878,17878,410559,410559,410559,15383.2,15383.2,15383.2,192947,192947,192947,9.12006e+06,9.12006e+06,9.12006e+06,0.0462862,0.0462862,0.0462862,3.50298,3.50298,3.50298,4.54997,4.54997,4.54997
1525,219604,219604,219604,18.485,18.485,18.485,834.909,834.909,834.909,6.34698e+06,6.34698e+06,6.34698e+06,3.58029e+06,3.58029e+06,3.58029e+06,223.464,223.464,223.464,17878,17878,17878,410559,410559,410559,15383.2,15383.2,15383.2,192947,192947,192947,9.12006e+06,9.12006e+06,9.12006e+06,0.0462862,0.0462862,0.0462862,3.50298,3.50298,3.50298,4.54997,4.54997,4.54997
1526,219604,219604,219604,18.485,18.485,18.485,834.909,834.909,834.909,6.34698e+06,6.34698e+06,6.34698e+06,3.58029e+06,3.58029e+06,3.58029e+06,223.464,223.464,223.464,17878,17878,17878,410559,410559,410559,15383.2,15383.2,15383.2,192947,192947,192947,9.12006e+06,9.12006e+06,9.12006e+06,0.0462862,0.0462862,0.0462862,3.50298,3.50298,3.50298,4.54997,4.54997,4.54997
1527,219604,219604,219604,18.485,18.485,18.485,834.909,834.909,834.909,6.34698e+06,6.34698e+06,6.34698e+06,3.58029e+06,3.58029e+06,3.58029e+06,223.464,223.464,223.464,17878,17878,17878,410559,410559,410559,15383.2,15383.2,15383.2,192947,192947,192947,9.12006e+06,9.12006e+06,9.12006e+06,0.0462862,0.0462862,0.0462862,3.50298,3.50298,3.50298,4.54997,4.54997,4.54997
1528,219604,219604,219604,18.485,18.485,18.485,834.909,834.909,834.909,6.34698e+06,6.34698e+06,6.34698e+06,3.58029e+06,3.58029e+06,3.58029e+06,223.464,223.464,223.464,17878,17878,17878,410559,410559,410559,15383.2,15383.2,15383.2,192947,192947,192947,9.12006e+06,9.12006e+06,9.12006e+06,0.0462862,0.0462862,0.0462862,3.50298,3.50298,3.50298,4.54997,4.54997,4.54997
1529,219604,219604,219604,18.485,18.485,18.485,834.909,834.909,834.909,6.34698e+06,6.34698e+06,6.34698e+06,3.58029e+06,3.58029e+06,3.58029e+06,223.464,223.464,223.464,17878,17878,17878,410559,410559,410559,15383.2,15383.2,15383.2,192947,192947,192947,9.12006e+06,9.12006e+06,9.12006e+06,0.0462862,0.0462862,0.0462862,3.50298,3.50298,3.50298,4.54997,4.54997,4.54997
1530,219604,219604,219604,18.485,18.485,18.485,834.909,834.909,834.909,6.34698e+06,6.34698e+06,6.34698e+06,3.58029e+06,3.58029e+06,3.58029e+06,223.464,223.464,223.464,17878,17878,17878,410559,410559,410559,15383.2,15383.2,15383.2,192947,192947,192947,9.12006e+06,9.12006e+06,9.12006e+06,0.0462862,0.0462862,0.0462862,3.50298,3.50298,3.50298,4.54997,4.54997,4.54997
1531,219604,219604,219604,18.485,18.485,18.485,834.909,834.909,834.909,6.34698e+06,6.34698e+06,6.34698e+06,3.58029e+06,3.58029e+06,3.58029e+06,223.464,223.464,223.464,17878,17878,17878,410559,410559,410559,15383.2,15383.2,15383.2,192947,192947,192947,9.12006e+06,9.12006e+06,9.12006e+06,0.0462862,0.0462862,0.0462862,3.50298,3.50298,3.50298,4.54997,4.54997,4.54997
1532,219604,219604,219604,18.485,18.485,18.485,834.909,834.909,834.909,6.34698e+06,6.34698e+06,6.34698e+06,3.58029e+06,3.58029e+06,3.58029e+06,223.464,223.464,223.464,17878,17878,17878,410559,410559,410559,15383.2,15383.2,15383.2,192947,192947,192947,9.12006e+06,9.12006e+06,9.12006e+06,0.0462862,0.0462862,0.0462862,3.50298,3.50298,3.50298,4.54997,4.54997,4.54997
1533,219604,219604,219604,18.485,18.485,18.485,834.909,834.909,834.909,6.34698e+06,6.34698e+06,6.34698e+06,3.58029e+06,3.58029e+06,3.58029e+06,223.464,223.464,223.464,17878,17878,17878,410559,410559,410559,15383.2,15383.2,15383.2,192947,192947,192947,9.12006e+06,9.12006e+06,9.12006e+06,0.0462862,0.0462862,0.0462862,3.50298,3.50298,3.50298,4.54997,4.54997,4.54997
1534,219604,219604,219604,18.485,18.485,18.485,834.909,834.909,834.909,6.34698e+06,6.34698e+06,6.34698e+06,3.58029e+06,3.58029e+06,3.58029e+06,223.464,223.464,223.464,17878,17878,17878,410559,410559,410559,15383.2,15383.2,15383.2,192947,192947,192947,9.12006e+06,9.12006e+06,9.12006e+06,0.0462862,0.0462862,0.0462862,3.50298,3.50298,3.50298,4.54997,4.54997,4.54997
1535,219604,219604,219604,18.485,18.485,18.485,834.909,834.909,834.909,6.34698e+06,6.34698e+06,6.34698e+06,3.58029e+06,3.58029e+06,3.58029e+06,223.464,223.464,223.464,17878,17878,17878,410559,410559,410559,15383.2,15383.2,15383.2,192947,192947,192947,9.12006e+06,9.12006e+06,9.12006e+06,0.0462862,0.0462862,0.0462862,3.50298,3.50298,3.50298,4.54997,4.54997,4.54997
1536,219604,219604,219604,18.485,18.485,18.485,834.909,834.909,834.909,6.34698e+06,6.34698e+06,6.34698e+06,3.58029e+06,3.58029e+06,3.58029e+06,223.464,223.464,223.464,17878,17878,17878,410559,410559,410559,15383.2,15383.2,15383.2,192947,192947,192947,9.12006e+06,9.12006e+06,9.12006e+06,0.0462862,0.0462862,0.0462862,3.50298,3.50298,3.50298,4.54997,4.54997,4.54997
1537,219604,219604,219604,18.485,18.485,18.485,834.909,834.909,834.909,6.34698e+06,6.34698e+06,6.34698e+06,3.58029e+06,3.58029e+06,3.58029e+06,223.464,223.464,223.464,17878,17878,17878,410559,410559,410559,15383.2,15383.2,15383.2,192947,192947,192947,9.12006e+06,9.12006e+06,9.12006e+06,0.0462862,0.0462862,0.0462862,3.50298,3.50298,3.50298,4.54997,4.54997,4.54997
1538,219604,219604,219604,18.485,18.485,18.485,834.909,834.909,834.909,6.34698e+06,6.34698e+06,6.34698e+06,3.58029e+06,3.58029e+06,3.58029e+06,223.464,223.464,223.464,17878,17878,17878,410559,410559,410559,15383.2,15383.2,15383.2,192947,192947,192947,9.12006e+06,9.12006e+06,9.12006e+06,0.0462862,0.0462862,0.0462862,3.50298,3.50298,3.50298,4.54997,4.54997,4.54997
1539,219604,219604,219604,18.485,18.485,18.485,834.909,834.909,834.909,6.34698e+06,6.34698e+06,6.34698e+06,3.58029e+06,3.58029e+06,3.58029e+06,223.464,223.464,223.464,17878,17878,17878,410559,410559,410559,15383.2,15383.2,15383.2,192947,192947,192947,9.12006e+06,9.12006e+06,9.12006e+06,0.0462862,0.0462862,0.0462862,3.50298,3.50298,3.50298,4.54997,4.54997,4.54997
1540,219604,219604,219604,18.485,18.485,18.485,834.909,834.909,834.909,6.34698e+06,6.34698e+06,6.34698e+06,3.58029e+06,3.58029e+06,3.58029e+06,223.464,223.464,223.464,17878,17878,17878,410559,410559,410559,15383.2,15383.2,15383.2,192947,192947,192947,9.12006e+06,9.12006e+06,9.12006e+06,0.0462862,0.0462862,0.0462862,3.50298,3.50298,3.50298,4.54997,4.54997,4.54997
1541,219604,219604,219604,18.485,18.485,18.485,834.909,834.909,834.909,6.34698e+06,6.34698e+06,6.34698e+06,3.58029e+06,3.58029e+06,3.58029e+06,223.464,223.464,223.464,17878,17878,17878,410559,410559,410559,15383.2,15383.2,15383.2,192947,192947,192947,9.12006e+06,9.12006e+06,9.12006e+06,0.0462862,0.0462862,0.0462862,3.50298,3.50298,3.50298,4.54997,4.54997,4.54997
1542,219604,219604,219604,18.485,18.485,18.485,834.909,834.909,834.909,6.34698e+06,6.34698e+06,6.34698e+06,3.58029e+06,3.58029e+06,3.58029e+06,223.464,223.464,223.464,17878,17878,17878,410559,410559,410559,15383.2,15383.2,15383.2,192947,192947,192947,9.12006e+06,9.12006e+06,9.12006e+06,0.0462862,0.0462862,0.0462862,3.50298,3.50298,3.50298,4.54997,4.54997,4.54997
1543,219604,219604,219604,18.485,18.485,18.485,834.909,834.909,834.909,6.34698e+06,6.34698e+06,6.34698e+06,3.58029e+06,3.58029e+06,3.58029e+06,223.464,223.464,223.464,17878,17878,17878,410559,410559,410559,15383.2,15383.2,15383.2,192947,192947,192947,9.12006e+06,9.12006e+06,9.12006e+06,0.0462862,0.0462862,0.0462862,3.50298,3.50298,3.50298,4.54997,4.54997,4.54997
1544,219604,219604,219604,18.485,18.485,18.485,834.909,834.909,834.909,6.34698e+06,6.34698e+06,6.34698e+06,3.58029e+06,3.58029e+06,3.58029e+06,223.464,223.464,223.464,17878,17878,17878,410559,410559,410559,15383.2,15383.2,15383.2,192947,192947,192947,9.12006e+06,9.12006e+06,9.12006e+06,0.0462862,0.0462862,0.0462862,3.50298,3.50298,3.50298,4.54997,4.54997,4.54997
1545,219604,219604,219604,18.485,18.485,18.485,834.909,834.909,834.909,6.34698e+06,6.34698e+06,6.34698e+06,3.58029e+06,3.58029e+06,3.58029e+06,223.464,223.464,223.464,17878,17878,17878,410559,410559,410559,15383.2,15383.2,15383.2,192947,192947,192947,9.12006e+06,9.12006e+06,9.12006e+06,0.0462862,0.0462862,0.0462862,3.50298,3.50298,3.50298,4.54997,4.54997,4.54997
1546,219604,219604,219604,18.485,18.485,18.485,834.909,834.909,834.909,6.34698e+06,6.34698e+06,6.34698e+06,3.58029e+06,3.58029e+06,3.58029e+06,223.464,223.464,223.464,17878,17878,17878,410559,410559,410559,15383.2,15383.2,15383.2,192947,192947,192947,9.12006e+06,9.12006e+06,9.12006e+06,0.0462862,0.0462862,0.0462862,3.50298,3.50298,3.50298,4.54997,4.54997,4.54997
1547,219604,219604,219604,18.485,18.485,18.485,834.909,834.909,834.909,6.34698e+06,6.34698e+06,6.34698e+06,3.58029e+06,3.58029e+06,3.58029e+06,223.464,223.464,223.464,17878,17878,17878,410559,410559,410559,15383.2,15383.2,15383.2,192947,192947,192947,9.12006e+06,9.12006e+06,9.12006e+06,0.0462862,0.0462862,0.0462862,3.50298,3.50298,3.50298,4.54997,4.54997,4.54997
1548,219604,219604,219604,18.485,18.485,18.485,834.909,834.909,834.909,6.34698e+06,6.34698e+06,6.34698e+06,3.58029e+06,3.58029e+06,3.58029e+06,223.464,223.464,223.464,17878,17878,17878,410559,410559,410559,15383.2,15383.2,15383.2,192947,192947,192947,9.12006e+06,9.12006e+06,9.12006e+06,0.0462862,0.0462862,0.0462862,3.50298,3.50298,3.50298,4.54997,4.54997,4.54997
1549,219604,219604,219604,18.485,18.485,18.485,834.909,834.909,834.909,6.34698e+06,6.34698e+06,6.34698e+06,3.58029e+06,3.58029e+06,3.58029e+06,223.464,223.464,223.464,17878,17878,17878,410559,410559,410559,15383.2,15383.2,15383.2,192947,192947,192947,9.12006e+06,9.12006e+06,9.12006e+06,0.0462862,0.0462862,0.0462862,3.50298,3.50298,3.50298,4.54997,4.54997,4.54997
1550,219604,219604,219604,18.485,18.485,18.485,834.909,834.909,834.909,6.34698e+06,6.34698e+06,6.34698e+06,3.58029e+06,3.58029e+06,3.58029e+06,223.464,223.464,223.464,17878,17878,17878,410559,410559,410559,15383.2,15383.2,15383.2,192947,192947,192947,9.12006e+06,9.12006e+06,9.12006e+06,0.0462862,0.0462862,0.0462862,3.50298,3.50298,3.50298,4.54997,4.54997,4.54997
1551,219604,219604,219604,18.485,18.485,18.485,834.909,834.909,834.909,6.34698e+06,6.34698e+06,6.34698e+06,3.58029e+06,3.58029e+06,3.58029e+06,223.464,223.464,223.464,17878,17878,17878,410559,410559,410559,15383.2,15383.2,15383.2,192947,192947,192947,9.12006e+06,9.12006e+06,9.12006e+06,0.0462862,0.0462862,0.0462862,3.50298,3.50298,3.50298,4.54997,4.54997,4.54997
1552,219604,219604,219604,18.485,18.485,18.485,834.909,834.909,834.909,6.34698e+06,6.34698e+06,6.34698e+06,3.58029e+06,3.58029e+06,3.58029e+06,223.464,223.464,223.464,17878,17878,17878,410559,410559,410559,15383.2,15383.2,15383.2,192947,192947,192947,9.12006e+06,9.12006e+06,9.12006e+06,0.0462862,0.0462862,0.0462862,3.50298,3.50298,3.50298,4.54997,4.54997,4.54997
1553,219604,219604,219604,18.485,18.485,18.485,834.909,834.909,834.909,6.34698e+06,6.34698e+06,6.34698e+06,3.58029e+06,3.58029e+06,3.58029e+06,223.464,223.464,223.464,17878,17878,17878,410559,410559,410559,15383.2,15383.2,15383.2,192947,192947,192947,9.12006e+06,9.12006e+06,9.12006e+06,0.0462862,0.0462862,0.0462862,3.50298,3.50298,3.50298,4.54997,4.54997,4.54997
1554,219604,219604,219604,18.485,18.485,18.485,834.909,834.909,834.909,6.34698e+06,6.34698e+06,6.34698e+06,3.58029e+06,3.58029e+06,3.58029e+06,223.464,223.464,223.464,17878,17878,17878,410559,410559,410559,15383.2,15383.2,15383.2,192947,192947,192947,9.12006e+06,9.12006e+06,9.12006e+06,0.0462862,0.0462862,0.0462862,3.50298,3.50298,3.50298,4.54997,4.54997,4.54997
1555,219604,219604,219604,18.485,18.485,18.485,834.909,834.909,834.909,6.34698e+06,6.34698e+06,6.34698e+06,3.58029e+06,3.58029e+06,3.58029e+06,223.464,223.464,223.464,17878,17878,17878,410559,410559,410559,15383.2,15383.2,15383.2,192947,192947,192947,9.12006e+06,9.12006e+06,9.12006e+06,0.0462862,0.0462862,0.0462862,3.50298,3.50298,3.50298,4.54997,4.54997,4.54997
1556,219604,219604,219604,18.485,18.485,18.485,834.909,834.909,834.909,6.34698e+06,6.34698e+06,6.34698e+06,3.58029e+06,3.58029e+06,3.58029e+06,223.464,223.464,223.464,17878,17878,17878,410559,410559,410559,15383.2,15383.2,15383.2,192947,192947,192947,9.12006e+06,9.12006e+06,9.12006e+06,0.0462862,0.0462862,0.0462862,3.50298,3.50298,3.50298,4.54997,4.54997,4.54997
1557,219604,219604,219604,18.485,18.485,18.485,834.909,834.909,834.909,6.34698e+06,6.34698e+06,6.34698e+06,3.58029e+06,3.58029e+06,3.58029e+06,223.464,223.464,223.464,17878,17878,17878,410559,410559,410559,15383.2,15383.2,15383.2,192947,192947,192947,9.12006e+06,9.12006e+06,9.12006e+06,0.0462862,0.0462862,0.0462862,3.50298,3.50298,3.50298,4.54997,4.54997,4.54997
1558,219604,219604,219604,18.485,18.485,18.485,834.909,834.909,834.909,6.34698e+06,6.34698e+06,6.34698e+06,3.58029e+06,3.58029e+06,3.58029e+06,223.464,223.464,223.464,17878,17878,17878,410559,410559,410559,15383.2,15383.2,15383.2,192947,192947,192947,9.12006e+06,9.12006e+06,9.12006e+06,0.0462862,0.0462862,0.0462862,3.50298,3.50298,3.50298,4.54997,4.54997,4.54997
1559,219604,219604,219604,18.485,18.485,18.485,834.909,834.909,834.909,6.34698e+06,6.34698e+06,6.34698e+06,3.58029e+06,3.58029e+06,3.58029e+06,223.464,223.464,223.464,17878,17878,17878,410559,410559,410559,15383.2,15383.2,15383.2,192947,192947,192947,9.12006e+06,9.12006e+06,9.12006e+06,0.0462862,0.0462862,0.0462862,3.50298,3.50298,3.50298,4.54997,4.54997,4.54997
1560,219604,219604,219604,18.485,18.485,18.485,834.909,834.909,834.909,6.34698e+06,6.34698e+06,6.34698e+06,3.58029e+06,3.58029e+06,3.58029e+06,223.464,223.464,223.464,17878,17878,17878,410559,410559,410559,15383.2,15383.2,15383.2,192947,192947,192947,9.12006e+06,9.12006e+06,9.12006e+06,0.0462862,0.0462862,0.0462862,3.50298,3.50298,3.50298,4.54997,4.54997,4.54997
1561,219604,219604,219604,18.485,18.485,18.485,834.909,834.909,834.909,6.34698e+06,6.34698e+06,6.34698e+06,3.58029e+06,3.58029e+06,3.58029e+06,223.464,223.464,223.464,17878,17878,17878,410559,410559,410559,15383.2,15383.2,15383.2,192947,192947,192947,9.12006e+06,9.12006e+06,9.12006e+06,0.0462862,0.0462862,0.0462862,3.50298,3.50298,3.50298,4.54997,4.54997,4.54997
1562,219604,219604,219604,18.485,18.485,18.485,834.909,834.909,834.909,6.34698e+06,6.34698e+06,6.34698e+06,3.58029e+06,3.58029e+06,3.58029e+06,223.464,223.464,223.464,17878,17878,17878,410559,410559,410559,15383.2,15383.2,15383.2,192947,192947,192947,9.12006e+06,9.12006e+06,9.12006e+06,0.0462862,0.0462862,0.0462862,3.50298,3.50298,3.50298,4.54997,4.54997,4.54997
1563,219604,219604,219604,18.485,18.485,18.485,834.909,834.909,834.909,6.34698e+06,6.34698e+06,6.34698e+06,3.58029e+06,3.58029e+06,3.58029e+06,223.464,223.464,223.464,17878,17878,17878,410559,410559,410559,15383.2,15383.2,15383.2,192947,192947,192947,9.12006e+06,9.12006e+06,9.12006e+06,0.0462862,0.0462862,0.0462862,3.50298,3.50298,3.50298,4.54997,4.54997,4.54997
1564,219604,219604,219604,18.485,18.485,18.485,834.909,834.909,834.909,6.34698e+06,6.34698e+06,6.34698e+06,3.58029e+06,3.58029e+06,3.58029e+06,223.464,223.464,223.464,17878,17878,17878,410559,410559,410559,15383.2,15383.2,15383.2,192947,192947,192947,9.12006e+06,9.12006e+06,9.12006e+06,0.0462862,0.0462862,0.0462862,3.50298,3.50298,3.50298,4.54997,4.54997,4.54997
1565,219604,219604,219604,18.485,18.485,18.485,834.909,834.909,834.909,6.34698e+06,6.34698e+06,6.34698e+06,3.58029e+06,3.58029e+06,3.58029e+06,223.464,223.464,223.464,17878,17878,17878,410559,410559,410559,15383.2,15383.2,15383.2,192947,192947,192947,9.12006e+06,9.12006e+06,9.12006e+06,0.0462862,0.0462862,0.0462862,3.50298,3.50298,3.50298,4.54997,4.54997,4.54997
1566,219604,219604,219604,18.485,18.485,18.485,834.909,834.909,834.909,6.34698e+06,6.34698e+06,6.34698e+06,3.58029e+06,3.58029e+06,3.58029e+06,223.464,223.464,223.464,17878,17878,17878,410559,410559,410559,15383.2,15383.2,15383.2,192947,192947,192947,9.12006e+06,9.12006e+06,9.12006e+06,0.0462862,0.0462862,0.0462862,3.50298,3.50298,3.50298,4.54997,4.54997,4.54997
1567,219604,219604,219604,18.485,18.485,18.485,834.909,834.909,834.909,6.34698e+06,6.34698e+06,6.34698e+06,3.58029e+06,3.58029e+06,3.58029e+06,223.464,223.464,223.464,17878,17878,17878,410559,410559,410559,15383.2,15383.2,15383.2,192947,192947,192947,9.12006e+06,9.12006e+06,9.12006e+06,0.0462862,0.0462862,0.0462862,3.50298,3.50298,3.50298,4.54997,4.54997,4.54997
1568,219604,219604,219604,18.485,18.485,18.485,834.909,834.909,834.909,6.34698e+06,6.34698e+06,6.34698e+06,3.58029e+06,3.58029e+06,3.58029e+06,223.464,223.464,223.464,17878,17878,17878,410559,410559,410559,15383.2,15383.2,15383.2,192947,192947,192947,9.12006e+06,9.12006e+06,9.12006e+06,0.0462862,0.0462862,0.0462862,3.50298,3.50298,3.50298,4.54997,4.54997,4.54997
1569,219604,219604,219604,18.485,18.485,18.485,834.909,834.909,834.909,6.34698e+06,6.34698e+06,6.34698e+06,3.58029e+06,3.58029e+06,3.58029e+06,223.464,223.464,223.464,17878,17878,17878,410559,410559,410559,15383.2,15383.2,15383.2,192947,192947,192947,9.12006e+06,9.12006e+06,9.12006e+06,0.0462862,0.0462862,0.0462862,3.50298,3.50298,3.50298,4.54997,4.54997,4.54997
1570,219604,219604,219604,18.485,18.485,18.485,834.909,834.909,834.909,6.34698e+06,6.34698e+06,6.34698e+06,3.58029e+06,3.58029e+06,3.58029e+06,223.464,223.464,223.464,17878,17878,17878,410559,410559,410559,15383.2,15383.2,15383.2,192947,192947,192947,9.12006e+06,9.12006e+06,9.12006e+06,0.0462862,0.0462862,0.0462862,3.50298,3.50298,3.50298,4.54997,4.54997,4.54997
1571,219604,219604,219604,18.485,18.485,18.485,834.909,834.909,834.909,6.34698e+06,6.34698e+06,6.34698e+06,3.58029e+06,3.58029e+06,3.58029e+06,223.464,223.464,223.464,17878,17878,17878,410559,410559,410559,15383.2,15383.2,15383.2,192947,192947,192947,9.12006e+06,9.12006e+06,9.12006e+06,0.0462862,0.0462862,0.0462862,3.50298,3.50298,3.50298,4.54997,4.54997,4.54997
1572,219604,219604,219604,18.485,18.485,18.485,834.909,834.909,834.909,6.34698e+06,6.34698e+06,6.34698e+06,3.58029e+06,3.58029e+06,3.58029e+06,223.464,223.464,223.464,17878,17878,17878,410559,410559,410559,15383.2,15383.2,15383.2,192947,192947,192947,9.12006e+06,9.12006e+06,9.12006e+06,0.0462862,0.0462862,0.0462862,3.50298,3.50298,3.50298,4.54997,4.54997,4.54997
1573,219604,219604,219604,18.485,18.485,18.485,834.909,834.909,834.909,6.34698e+06,6.34698e+06,6.34698e+06,3.58029e+06,3.58029e+06,3.58029e+06,223.464,223.464,223.464,17878,17878,17878,410559,410559,410559,15383.2,15383.2,15383.2,192947,192947,192947,9.12006e+06,9.12006e+06,9.12006e+06,0.0462862,0.0462862,0.0462862,3.50298,3.50298,3.50298,4.54997,4.54997,4.54997
1574,219604,219604,219604,18.485,18.485,18.485,834.909,834.909,834.909,6.34698e+06,6.34698e+06,6.34698e+06,3.58029e+06,3.58029e+06,3.58029e+06,223.464,223.464,223.464,17878,17878,17878,410559,410559,410559,15383.2,15383.2,15383.2,192947,192947,192947,9.12006e+06,9.12006e+06,9.12006e+06,0.0462862,0.0462862,0.0462862,3.50298,3.50298,3.50298,4.54997,4.54997,4.54997
1575,219604,219604,219604,18.485,18.485,18.485,834.909,834.909,834.909,6.34698e+06,6.34698e+06,6.34698e+06,3.58029e+06,3.58029e+06,3.58029e+06,223.464,223.464,223.464,17878,17878,17878,410559,410559,410559,15383.2,15383.2,15383.2,192947,192947,192947,9.12006e+06,9.12006e+06,9.12006e+06,0.0462862,0.0462862,0.0462862,3.50298,3.50298,3.50298,4.54997,4.54997,4.54997
1576,219604,219604,219604,18.485,18.485,18.485,834.909,834.909,834.909,6.34698e+06,6.34698e+06,6.34698e+06,3.58029e+06,3.58029e+06,3.58029e+06,223.464,223.464,223.464,17878,17878,17878,410559,410559,410559,15383.2,15383.2,15383.2,192947,192947,192947,9.12006e+06,9.12006e+06,9.12006e+06,0.0462862,0.0462862,0.0462862,3.50298,3.50298,3.50298,4.54997,4.54997,4.54997
1577,219604,219604,219604,18.485,18.485,18.485,834.909,834.909,834.909,6.34698e+06,6.34698e+06,6.34698e+06,3.58029e+06,3.58029e+06,3.58029e+06,223.464,223.464,223.464,17878,17878,17878,410559,410559,410559,15383.2,15383.2,15383.2,192947,192947,192947,9.12006e+06,9.12006e+06,9.12006e+06,0.0462862,0.0462862,0.0462862,3.50298,3.50298,3.50298,4.54997,4.54997,4.54997
1578,219604,219604,219604,18.485,18.485,18.485,834.909,834.909,834.909,6.34698e+06,6.34698e+06,6.34698e+06,3.58029e+06,3.58029e+06,3.58029e+06,223.464,223.464,223.464,17878,17878,17878,410559,410559,410559,15383.2,15383.2,15383.2,192947,192947,192947,9.12006e+06,9.12006e+06,9.12006e+06,0.0462862,0.0462862,0.0462862,3.50298,3.50298,3.50298,4.54997,4.54997,4.54997
1579,219604,219604,219604,18.485,18.485,18.485,834.909,834.909,834.909,6.34698e+06,6.34698e+06,6.34698e+06,3.58029e+06,3.58029e+06,3.58029e+06,223.464,223.464,223.464,17878,17878,17878,410559,410559,410559,15383.2,15383.2,15383.2,192947,192947,192947,9.12006e+06,9.12006e+06,9.12006e+06,0.0462862,0.0462862,0.0462862,3.50298,3.50298,3.50298,4.54997,4.54997,4.54997
1580,219604,219604,219604,18.485,18.485,18.485,834.909,834.909,834.909,6.34698e+06,6.34698e+06,6.34698e+06,3.58029e+06,3.58029e+06,3.58029e+06,223.464,223.464,223.464,17878,17878,17878,410559,410559,410559,15383.2,15383.2,15383.2,192947,192947,192947,9.12006e+06,9.12006e+06,9.12006e+06,0.0462862,0.0462862,0.0462862,3.50298,3.50298,3.50298,4.54997,4.54997,4.54997
1581,219604,219604,219604,18.485,18.485,18.485,834.909,834.909,834.909,6.34698e+06,6.34698e+06,6.34698e+06,3.58029e+06,3.58029e+06,3.58029e+06,223.464,223.464,223.464,17878,17878,17878,410559,410559,410559,15383.2,15383.2,15383.2,192947,192947,192947,9.12006e+06,9.12006e+06,9.12006e+06,0.0462862,0.0462862,0.0462862,3.50298,3.50298,3.50298,4.54997,4.54997,4.54997
1582,219604,219604,219604,18.485,18.485,18.485,834.909,834.909,834.909,6.34698e+06,6.34698e+06,6.34698e+06,3.58029e+06,3.58029e+06,3.58029e+06,223.464,223.464,223.464,17878,17878,17878,410559,410559,410559,15383.2,15383.2,15383.2,192947,192947,192947,9.12006e+06,9.12006e+06,9.12006e+06,0.0462862,0.0462862,0.0462862,3.50298,3.50298,3.50298,4.54997,4.54997,4.54997
1583,219604,219604,219604,18.485,18.485,18.485,834.909,834.909,834.909,6.34698e+06,6.34698e+06,6.34698e+06,3.58029e+06,3.58029e+06,3.58029e+06,223.464,223.464,223.464,17878,17878,17878,410559,410559,410559,15383.2,15383.2,15383.2,192947,192947,192947,9.12006e+06,9.12006e+06,9.12006e+06,0.0462862,0.0462862,0.0462862,3.50298,3.50298,3.50298,4.54997,4.54997,4.54997
1584,219604,219604,219604,18.485,18.485,18.485,834.909,834.909,834.909,6.34698e+06,6.34698e+06,6.34698e+06,3.58029e+06,3.58029e+06,3.58029e+06,223.464,223.464,223.464,17878,17878,17878,410559,410559,410559,15383.2,15383.2,15383.2,192947,192947,192947,9.12006e+06,9.12006e+06,9.12006e+06,0.0462862,0.0462862,0.0462862,3.50298,3.50298,3.50298,4.54997,4.54997,4.54997
1585,219604,219604,219604,18.485,18.485,18.485,834.909,834.909,834.909,6.34698e+06,6.34698e+06,6.34698e+06,3.58029e+06,3.58029e+06,3.58029e+06,223.464,223.464,223.464,17878,17878,17878,410559,410559,410559,15383.2,15383.2,15383.2,192947,192947,192947,9.12006e+06,9.12006e+06,9.12006e+06,0.0462862,0.0462862,0.0462862,3.50298,3.50298,3.50298,4.54997,4.54997,4.54997
1586,219604,219604,219604,18.485,18.485,18.485,834.909,834.909,834.909,6.34698e+06,6.34698e+06,6.34698e+06,3.58029e+06,3.58029e+06,3.58029e+06,223.464,223.464,223.464,17878,17878,17878,410559,410559,410559,15383.2,15383.2,15383.2,192947,192947,192947,9.12006e+06,9.12006e+06,9.12006e+06,0.0462862,0.0462862,0.0462862,3.50298,3.50298,3.50298,4.54997,4.54997,4.54997
1587,219604,219604,219604,18.485,18.485,18.485,834.909,834.909,834.909,6.34698e+06,6.34698e+06,6.34698e+06,3.58029e+06,3.58029e+06,3.58029e+06,223.464,223.464,223.464,17878,17878,17878,410559,410559,410559,15383.2,15383.2,15383.2,192947,192947,192947,9.12006e+06,9.12006e+06,9.12006e+06,0.0462862,0.0462862,0.0462862,3.50298,3.50298,3.50298,4.54997,4.54997,4.54997
1588,219604,219604,219604,18.485,18.485,18.485,834.909,834.909,834.909,6.34698e+06,6.34698e+06,6.34698e+06,3.58029e+06,3.58029e+06,3.58029e+06,223.464,223.464,223.464,17878,17878,17878,410559,410559,410559,15383.2,15383.2,15383.2,192947,192947,192947,9.12006e+06,9.12006e+06,9.12006e+06,0.0462862,0.0462862,0.0462862,3.50298,3.50298,3.50298,4.54997,4.54997,4.54997
1589,219604,219604,219604,18.485,18.485,18.485,834.909,834.909,834.909,6.34698e+06,6.34698e+06,6.34698e+06,3.58029e+06,3.58029e+06,3.58029e+06,223.464,223.464,223.464,17878,17878,17878,410559,410559,410559,15383.2,15383.2,15383.2,192947,192947,192947,9.12006e+06,9.12006e+06,9.12006e+06,0.0462862,0.0462862,0.0462862,3.50298,3.50298,3.50298,4.54997,4.54997,4.54997
1590,219604,219604,219604,18.485,18.485,18.485,834.909,834.909,834.909,6.34698e+06,6.34698e+06,6.34698e+06,3.58029e+06,3.58029e+06,3.58029e+06,223.464,223.464,223.464,17878,17878,17878,410559,410559,410559,15383.2,15383.2,15383.2,192947,192947,192947,9.12006e+06,9.12006e+06,9.12006e+06,0.0462862,0.0462862,0.0462862,3.50298,3.50298,3.50298,4.54997,4.54997,4.54997
1591,219604,219604,219604,18.485,18.485,18.485,834.909,834.909,834.909,6.34698e+06,6.34698e+06,6.34698e+06,3.58029e+06,3.58029e+06,3.58029e+06,223.464,223.464,223.464,17878,17878,17878,410559,410559,410559,15383.2,15383.2,15383.2,192947,192947,192947,9.12006e+06,9.12006e+06,9.12006e+06,0.0462862,0.0462862,0.0462862,3.50298,3.50298,3.50298,4.54997,4.54997,4.54997
1592,219604,219604,219604,18.485,18.485,18.485,834.909,834.909,834.909,6.34698e+06,6.34698e+06,6.34698e+06,3.58029e+06,3.58029e+06,3.58029e+06,223.464,223.464,223.464,17878,17878,17878,410559,410559,410559,15383.2,15383.2,15383.2,192947,192947,192947,9.12006e+06,9.12006e+06,9.12006e+06,0.0462862,0.0462862,0.0462862,3.50298,3.50298,3.50298,4.54997,4.54997,4.54997
1593,219604,219604,219604,18.485,18.485,18.485,834.909,834.909,834.909,6.34698e+06,6.34698e+06,6.34698e+06,3.58029e+06,3.58029e+06,3.58029e+06,223.464,223.464,223.464,17878,17878,17878,410559,410559,410559,15383.2,15383.2,15383.2,192947,192947,192947,9.12006e+06,9.12006e+06,9.12006e+06,0.0462862,0.0462862,0.0462862,3.50298,3.50298,3.50298,4.54997,4.54997,4.54997
1594,219604,219604,219604,18.485,18.485,18.485,834.909,834.909,834.909,6.34698e+06,6.34698e+06,6.34698e+06,3.58029e+06,3.58029e+06,3.58029e+06,223.464,223.464,223.464,17878,17878,17878,410559,410559,410559,15383.2,15383.2,15383.2,192947,192947,192947,9.12006e+06,9.12006e+06,9.12006e+06,0.0462862,0.0462862,0.0462862,3.50298,3.50298,3.50298,4.54997,4.54997,4.54997
1595,219604,219604,219604,18.485,18.485,18.485,834.909,834.909,834.909,6.34698e+06,6.34698e+06,6.34698e+06,3.58029e+06,3.58029e+06,3.58029e+06,223.464,223.464,223.464,17878,17878,17878,410559,410559,410559,15383.2,15383.2,15383.2,192947,192947,192947,9.12006e+06,9.12006e+06,9.12006e+06,0.0462862,0.0462862,0.0462862,3.50298,3.50298,3.50298,4.54997,4.54997,4.54997
1596,219604,219604,219604,18.485,18.485,18.485,834.909,834.909,834.909,6.34698e+06,6.34698e+06,6.34698e+06,3.58029e+06,3.58029e+06,3.58029e+06,223.464,223.464,223.464,17878,17878,17878,410559,410559,410559,15383.2,15383.2,15383.2,192947,192947,192947,9.12006e+06,9.12006e+06,9.12006e+06,0.0462862,0.0462862,0.0462862,3.50298,3.50298,3.50298,4.54997,4.54997,4.54997
1597,219604,219604,219604,18.485,18.485,18.485,834.909,834.909,834.909,6.34698e+06,6.34698e+06,6.34698e+06,3.58029e+06,3.58029e+06,3.58029e+06,223.464,223.464,223.464,17878,17878,17878,410559,410559,410559,15383.2,15383.2,15383.2,192947,192947,192947,9.12006e+06,9.12006e+06,9.12006e+06,0.0462862,0.0462862,0.0462862,3.50298,3.50298,3.50298,4.54997,4.54997,4.54997
1598,219604,219604,219604,18.485,18.485,18.485,834.909,834.909,834.909,6.34698e+06,6.34698e+06,6.34698e+06,3.58029e+06,3.58029e+06,3.58029e+06,223.464,223.464,223.464,17878,17878,17878,410559,410559,410559,15383.2,15383.2,15383.2,192947,192947,192947,9.12006e+06,9.12006e+06,9.12006e+06,0.0462862,0.0462862,0.0462862,3.50298,3.50298,3.50298,4.54997,4.54997,4.54997
1599,219604,219604,219604,18.485,18.485,18.485,834.909,834.909,834.909,6.34698e+06,6.34698e+06,6.34698e+06,3.58029e+06,3.58029e+06,3.58029e+06,223.464,223.464,223.464,17878,17878,17878,410559,410559,410559,15383.2,15383.2,15383.2,192947,192947,192947,9.12006e+06,9.12006e+06,9.12006e+06,0.0462862,0.0462862,0.0462862,3.50298,3.50298,3.50298,4.54997,4.54997,4.54997
1600,219604,219604,219604,18.485,18.485,18.485,834.909,834.909,834.909,6.34698e+06,6.34698e+06,6.34698e+06,3.58029e+06,3.58029e+06,3.58029e+06,223.464,223.464,223.464,17878,17878,17878,410559,410559,410559,15383.2,15383.2,15383.2,192947,192947,192947,9.12006e+06,9.12006e+06,9.12006e+06,0.0462862,0.0462862,0.0462862,3.50298,3.50298,3.50298,4.54997,4.54997,4.54997
1601,219604,219604,219604,18.485,18.485,18.485,834.909,834.909,834.909,6.34698e+06,6.34698e+06,6.34698e+06,3.58029e+06,3.58029e+06,3.58029e+06,223.464,223.464,223.464,17878,17878,17878,410559,410559,410559,15383.2,15383.2,15383.2,192947,192947,192947,9.12006e+06,9.12006e+06,9.12006e+06,0.0462862,0.0462862,0.0462862,3.50298,3.50298,3.50298,4.54997,4.54997,4.54997
1602,219604,219604,219604,18.485,18.485,18.485,834.909,834.909,834.909,6.34698e+06,6.34698e+06,6.34698e+06,3.58029e+06,3.58029e+06,3.58029e+06,223.464,223.464,223.464,17878,17878,17878,410559,410559,410559,15383.2,15383.2,15383.2,192947,192947,192947,9.12006e+06,9.12006e+06,9.12006e+06,0.0462862,0.0462862,0.0462862,3.50298,3.50298,3.50298,4.54997,4.54997,4.54997
1603,219604,219604,219604,18.485,18.485,18.485,834.909,834.909,834.909,6.34698e+06,6.34698e+06,6.34698e+06,3.58029e+06,3.58029e+06,3.58029e+06,223.464,223.464,223.464,17878,17878,17878,410559,410559,410559,15383.2,15383.2,15383.2,192947,192947,192947,9.12006e+06,9.12006e+06,9.12006e+06,0.0462862,0.0462862,0.0462862,3.50298,3.50298,3.50298,4.54997,4.54997,4.54997
1604,219604,219604,219604,18.485,18.485,18.485,834.909,834.909,834.909,6.34698e+06,6.34698e+06,6.34698e+06,3.58029e+06,3.58029e+06,3.58029e+06,223.464,223.464,223.464,17878,17878,17878,410559,410559,410559,15383.2,15383.2,15383.2,192947,192947,192947,9.12006e+06,9.12006e+06,9.12006e+06,0.0462862,0.0462862,0.0462862,3.50298,3.50298,3.50298,4.54997,4.54997,4.54997
1605,219604,219604,219604,18.485,18.485,18.485,834.909,834.909,834.909,6.34698e+06,6.34698e+06,6.34698e+06,3.58029e+06,3.58029e+06,3.58029e+06,223.464,223.464,223.464,17878,17878,17878,410559,410559,410559,15383.2,15383.2,15383.2,192947,192947,192947,9.12006e+06,9.12006e+06,9.12006e+06,0.0462862,0.0462862,0.0462862,3.50298,3.50298,3.50298,4.54997,4.54997,4.54997
1606,219604,219604,219604,18.485,18.485,18.485,834.909,834.909,834.909,6.34698e+06,6.34698e+06,6.34698e+06,3.58029e+06,3.58029e+06,3.58029e+06,223.464,223.464,223.464,17878,17878,17878,410559,410559,410559,15383.2,15383.2,15383.2,192947,192947,192947,9.12006e+06,9.12006e+06,9.12006e+06,0.0462862,0.0462862,0.0462862,3.50298,3.50298,3.50298,4.54997,4.54997,4.54997
1607,219604,219604,219604,18.485,18.485,18.485,834.909,834.909,834.909,6.34698e+06,6.34698e+06,6.34698e+06,3.58029e+06,3.58029e+06,3.58029e+06,223.464,223.464,223.464,17878,17878,17878,410559,410559,410559,15383.2,15383.2,15383.2,192947,192947,192947,9.12006e+06,9.12006e+06,9.12006e+06,0.0462862,0.0462862,0.0462862,3.50298,3.50298,3.50298,4.54997,4.54997,4.54997
1608,219604,219604,219604,18.485,18.485,18.485,834.909,834.909,834.909,6.34698e+06,6.34698e+06,6.34698e+06,3.58029e+06,3.58029e+06,3.58029e+06,223.464,223.464,223.464,17878,17878,17878,410559,410559,410559,15383.2,15383.2,15383.2,192947,192947,192947,9.12006e+06,9.12006e+06,9.12006e+06,0.0462862,0.0462862,0.0462862,3.50298,3.50298,3.50298,4.54997,4.54997,4.54997
1609,219604,219604,219604,18.485,18.485,18.485,834.909,834.909,834.909,6.34698e+06,6.34698e+06,6.34698e+06,3.58029e+06,3.58029e+06,3.58029e+06,223.464,223.464,223.464,17878,17878,17878,410559,410559,410559,15383.2,15383.2,15383.2,192947,192947,192947,9.12006e+06,9.12006e+06,9.12006e+06,0.0462862,0.0462862,0.0462862,3.50298,3.50298,3.50298,4.54997,4.54997,4.54997
1610,219604,219604,219604,18.485,18.485,18.485,834.909,834.909,834.909,6.34698e+06,6.34698e+06,6.34698e+06,3.58029e+06,3.58029e+06,3.58029e+06,223.464,223.464,223.464,17878,17878,17878,410559,410559,410559,15383.2,15383.2,15383.2,192947,192947,192947,9.12006e+06,9.12006e+06,9.12006e+06,0.0462862,0.0462862,0.0462862,3.50298,3.50298,3.50298,4.54997,4.54997,4.54997
1611,219604,219604,219604,18.485,18.485,18.485,834.909,834.909,834.909,6.34698e+06,6.34698e+06,6.34698e+06,3.58029e+06,3.58029e+06,3.58029e+06,223.464,223.464,223.464,17878,17878,17878,410559,410559,410559,15383.2,15383.2,15383.2,192947,192947,192947,9.12006e+06,9.12006e+06,9.12006e+06,0.0462862,0.0462862,0.0462862,3.50298,3.50298,3.50298,4.54997,4.54997,4.54997
1612,219604,219604,219604,18.485,18.485,18.485,834.909,834.909,834.909,6.34698e+06,6.34698e+06,6.34698e+06,3.58029e+06,3.58029e+06,3.58029e+06,223.464,223.464,223.464,17878,17878,17878,410559,410559,410559,15383.2,15383.2,15383.2,192947,192947,192947,9.12006e+06,9.12006e+06,9.12006e+06,0.0462862,0.0462862,0.0462862,3.50298,3.50298,3.50298,4.54997,4.54997,4.54997
1613,219604,219604,219604,18.485,18.485,18.485,834.909,834.909,834.909,6.34698e+06,6.34698e+06,6.34698e+06,3.58029e+06,3.58029e+06,3.58029e+06,223.464,223.464,223.464,17878,17878,17878,410559,410559,410559,15383.2,15383.2,15383.2,192947,192947,192947,9.12006e+06,9.12006e+06,9.12006e+06,0.0462862,0.0462862,0.0462862,3.50298,3.50298,3.50298,4.54997,4.54997,4.54997
1614,219604,219604,219604,18.485,18.485,18.485,834.909,834.909,834.909,6.34698e+06,6.34698e+06,6.34698e+06,3.58029e+06,3.58029e+06,3.58029e+06,223.464,223.464,223.464,17878,17878,17878,410559,410559,410559,15383.2,15383.2,15383.2,192947,192947,192947,9.12006e+06,9.12006e+06,9.12006e+06,0.0462862,0.0462862,0.0462862,3.50298,3.50298,3.50298,4.54997,4.54997,4.54997
1615,219604,219604,219604,18.485,18.485,18.485,834.909,834.909,834.909,6.34698e+06,6.34698e+06,6.34698e+06,3.58029e+06,3.58029e+06,3.58029e+06,223.464,223.464,223.464,17878,17878,17878,410559,410559,410559,15383.2,15383.2,15383.2,192947,192947,192947,9.12006e+06,9.12006e+06,9.12006e+06,0.0462862,0.0462862,0.0462862,3.50298,3.50298,3.50298,4.54997,4.54997,4.54997
1616,219604,219604,219604,18.485,18.485,18.485,834.909,834.909,834.909,6.34698e+06,6.34698e+06,6.34698e+06,3.58029e+06,3.58029e+06,3.58029e+06,223.464,223.464,223.464,17878,17878,17878,410559,410559,410559,15383.2,15383.2,15383.2,192947,192947,192947,9.12006e+06,9.12006e+06,9.12006e+06,0.0462862,0.0462862,0.0462862,3.50298,3.50298,3.50298,4.54997,4.54997,4.54997
1617,219604,219604,219604,18.485,18.485,18.485,834.909,834.909,834.909,6.34698e+06,6.34698e+06,6.34698e+06,3.58029e+06,3.58029e+06,3.58029e+06,223.464,223.464,223.464,17878,17878,17878,410559,410559,410559,15383.2,15383.2,15383.2,192947,192947,192947,9.12006e+06,9.12006e+06,9.12006e+06,0.0462862,0.0462862,0.0462862,3.50298,3.50298,3.50298,4.54997,4.54997,4.54997
1618,219604,219604,219604,18.485,18.485,18.485,834.909,834.909,834.909,6.34698e+06,6.34698e+06,6.34698e+06,3.58029e+06,3.58029e+06,3.58029e+06,223.464,223.464,223.464,17878,17878,17878,410559,410559,410559,15383.2,15383.2,15383.2,192947,192947,192947,9.12006e+06,9.12006e+06,9.12006e+06,0.0462862,0.0462862,0.0462862,3.50298,3.50298,3.50298,4.54997,4.54997,4.54997
1619,219604,219604,219604,18.485,18.485,18.485,834.909,834.909,834.909,6.34698e+06,6.34698e+06,6.34698e+06,3.58029e+06,3.58029e+06,3.58029e+06,223.464,223.464,223.464,17878,17878,17878,410559,410559,410559,15383.2,15383.2,15383.2,192947,192947,192947,9.12006e+06,9.12006e+06,9.12006e+06,0.0462862,0.0462862,0.0462862,3.50298,3.50298,3.50298,4.54997,4.54997,4.54997
1620,219604,219604,219604,18.485,18.485,18.485,834.909,834.909,834.909,6.34698e+06,6.34698e+06,6.34698e+06,3.58029e+06,3.58029e+06,3.58029e+06,223.464,223.464,223.464,17878,17878,17878,410559,410559,410559,15383.2,15383.2,15383.2,192947,192947,192947,9.12006e+06,9.12006e+06,9.12006e+06,0.0462862,0.0462862,0.0462862,3.50298,3.50298,3.50298,4.54997,4.54997,4.54997
1621,219604,219604,219604,18.485,18.485,18.485,834.909,834.909,834.909,6.34698e+06,6.34698e+06,6.34698e+06,3.58029e+06,3.58029e+06,3.58029e+06,223.464,223.464,223.464,17878,17878,17878,410559,410559,410559,15383.2,15383.2,15383.2,192947,192947,192947,9.12006e+06,9.12006e+06,9.12006e+06,0.0462862,0.0462862,0.0462862,3.50298,3.50298,3.50298,4.54997,4.54997,4.54997
1622,219604,219604,219604,18.485,18.485,18.485,834.909,834.909,834.909,6.34698e+06,6.34698e+06,6.34698e+06,3.58029e+06,3.58029e+06,3.58029e+06,223.464,223.464,223.464,17878,17878,17878,410559,410559,410559,15383.2,15383.2,15383.2,192947,192947,192947,9.12006e+06,9.12006e+06,9.12006e+06,0.0462862,0.0462862,0.0462862,3.50298,3.50298,3.50298,4.54997,4.54997,4.54997
1623,219604,219604,219604,18.485,18.485,18.485,834.909,834.909,834.909,6.34698e+06,6.34698e+06,6.34698e+06,3.58029e+06,3.58029e+06,3.58029e+06,223.464,223.464,223.464,17878,17878,17878,410559,410559,410559,15383.2,15383.2,15383.2,192947,192947,192947,9.12006e+06,9.12006e+06,9.12006e+06,0.0462862,0.0462862,0.0462862,3.50298,3.50298,3.50298,4.54997,4.54997,4.54997
1624,219604,219604,219604,18.485,18.485,18.485,834.909,834.909,834.909,6.34698e+06,6.34698e+06,6.34698e+06,3.58029e+06,3.58029e+06,3.58029e+06,223.464,223.464,223.464,17878,17878,17878,410559,410559,410559,15383.2,15383.2,15383.2,192947,192947,192947,9.12006e+06,9.12006e+06,9.12006e+06,0.0462862,0.0462862,0.0462862,3.50298,3.50298,3.50298,4.54997,4.54997,4.54997
1625,219604,219604,219604,18.485,18.485,18.485,834.909,834.909,834.909,6.34698e+06,6.34698e+06,6.34698e+06,3.58029e+06,3.58029e+06,3.58029e+06,223.464,223.464,223.464,17878,17878,17878,410559,410559,410559,15383.2,15383.2,15383.2,192947,192947,192947,9.12006e+06,9.12006e+06,9.12006e+06,0.0462862,0.0462862,0.0462862,3.50298,3.50298,3.50298,4.54997,4.54997,4.54997
1626,219604,219604,219604,18.485,18.485,18.485,834.909,834.909,834.909,6.34698e+06,6.34698e+06,6.34698e+06,3.58029e+06,3.58029e+06,3.58029e+06,223.464,223.464,223.464,17878,17878,17878,410559,410559,410559,15383.2,15383.2,15383.2,192947,192947,192947,9.12006e+06,9.12006e+06,9.12006e+06,0.0462862,0.0462862,0.0462862,3.50298,3.50298,3.50298,4.54997,4.54997,4.54997
1627,219604,219604,219604,18.485,18.485,18.485,834.909,834.909,834.909,6.34698e+06,6.34698e+06,6.34698e+06,3.58029e+06,3.58029e+06,3.58029e+06,223.464,223.464,223.464,17878,17878,17878,410559,410559,410559,15383.2,15383.2,15383.2,192947,192947,192947,9.12006e+06,9.12006e+06,9.12006e+06,0.0462862,0.0462862,0.0462862,3.50298,3.50298,3.50298,4.54997,4.54997,4.54997
1628,219604,219604,219604,18.485,18.485,18.485,834.909,834.909,834.909,6.34698e+06,6.34698e+06,6.34698e+06,3.58029e+06,3.58029e+06,3.58029e+06,223.464,223.464,223.464,17878,17878,17878,410559,410559,410559,15383.2,15383.2,15383.2,192947,192947,192947,9.12006e+06,9.12006e+06,9.12006e+06,0.0462862,0.0462862,0.0462862,3.50298,3.50298,3.50298,4.54997,4.54997,4.54997
1629,219604,219604,219604,18.485,18.485,18.485,834.909,834.909,834.909,6.34698e+06,6.34698e+06,6.34698e+06,3.58029e+06,3.58029e+06,3.58029e+06,223.464,223.464,223.464,17878,17878,17878,410559,410559,410559,15383.2,15383.2,15383.2,192947,192947,192947,9.12006e+06,9.12006e+06,9.12006e+06,0.0462862,0.0462862,0.0462862,3.50298,3.50298,3.50298,4.54997,4.54997,4.54997
1630,219604,219604,219604,18.485,18.485,18.485,834.909,834.909,834.909,6.34698e+06,6.34698e+06,6.34698e+06,3.58029e+06,3.58029e+06,3.58029e+06,223.464,223.464,223.464,17878,17878,17878,410559,410559,410559,15383.2,15383.2,15383.2,192947,192947,192947,9.12006e+06,9.12006e+06,9.12006e+06,0.0462862,0.0462862,0.0462862,3.50298,3.50298,3.50298,4.54997,4.54997,4.54997
1631,219604,219604,219604,18.485,18.485,18.485,834.909,834.909,834.909,6.34698e+06,6.34698e+06,6.34698e+06,3.58029e+06,3.58029e+06,3.58029e+06,223.464,223.464,223.464,17878,17878,17878,410559,410559,410559,15383.2,15383.2,15383.2,192947,192947,192947,9.12006e+06,9.12006e+06,9.12006e+06,0.0462862,0.0462862,0.0462862,3.50298,3.50298,3.50298,4.54997,4.54997,4.54997
1632,219604,219604,219604,18.485,18.485,18.485,834.909,834.909,834.909,6.34698e+06,6.34698e+06,6.34698e+06,3.58029e+06,3.58029e+06,3.58029e+06,223.464,223.464,223.464,17878,17878,17878,410559,410559,410559,15383.2,15383.2,15383.2,192947,192947,192947,9.12006e+06,9.12006e+06,9.12006e+06,0.0462862,0.0462862,0.0462862,3.50298,3.50298,3.50298,4.54997,4.54997,4.54997
1633,219604,219604,219604,18.485,18.485,18.485,834.909,834.909,834.909,6.34698e+06,6.34698e+06,6.34698e+06,3.58029e+06,3.58029e+06,3.58029e+06,223.464,223.464,223.464,17878,17878,17878,410559,410559,410559,15383.2,15383.2,15383.2,192947,192947,192947,9.12006e+06,9.12006e+06,9.12006e+06,0.0462862,0.0462862,0.0462862,3.50298,3.50298,3.50298,4.54997,4.54997,4.54997
1634,219604,219604,219604,18.485,18.485,18.485,834.909,834.909,834.909,6.34698e+06,6.34698e+06,6.34698e+06,3.58029e+06,3.58029e+06,3.58029e+06,223.464,223.464,223.464,17878,17878,17878,410559,410559,410559,15383.2,15383.2,15383.2,192947,192947,192947,9.12006e+06,9.12006e+06,9.12006e+06,0.0462862,0.0462862,0.0462862,3.50298,3.50298,3.50298,4.54997,4.54997,4.54997
1635,219604,219604,219604,18.485,18.485,18.485,834.909,834.909,834.909,6.34698e+06,6.34698e+06,6.34698e+06,3.58029e+06,3.58029e+06,3.58029e+06,223.464,223.464,223.464,17878,17878,17878,410559,410559,410559,15383.2,15383.2,15383.2,192947,192947,192947,9.12006e+06,9.12006e+06,9.12006e+06,0.0462862,0.0462862,0.0462862,3.50298,3.50298,3.50298,4.54997,4.54997,4.54997
1636,219604,219604,219604,18.485,18.485,18.485,834.909,834.909,834.909,6.34698e+06,6.34698e+06,6.34698e+06,3.58029e+06,3.58029e+06,3.58029e+06,223.464,223.464,223.464,17878,17878,17878,410559,410559,410559,15383.2,15383.2,15383.2,192947,192947,192947,9.12006e+06,9.12006e+06,9.12006e+06,0.0462862,0.0462862,0.0462862,3.50298,3.50298,3.50298,4.54997,4.54997,4.54997
1637,219604,219604,219604,18.485,18.485,18.485,834.909,834.909,834.909,6.34698e+06,6.34698e+06,6.34698e+06,3.58029e+06,3.58029e+06,3.58029e+06,223.464,223.464,223.464,17878,17878,17878,410559,410559,410559,15383.2,15383.2,15383.2,192947,192947,192947,9.12006e+06,9.12006e+06,9.12006e+06,0.0462862,0.0462862,0.0462862,3.50298,3.50298,3.50298,4.54997,4.54997,4.54997
1638,219604,219604,219604,18.485,18.485,18.485,834.909,834.909,834.909,6.34698e+06,6.34698e+06,6.34698e+06,3.58029e+06,3.58029e+06,3.58029e+06,223.464,223.464,223.464,17878,17878,17878,410559,410559,410559,15383.2,15383.2,15383.2,192947,192947,192947,9.12006e+06,9.12006e+06,9.12006e+06,0.0462862,0.0462862,0.0462862,3.50298,3.50298,3.50298,4.54997,4.54997,4.54997
1639,219604,219604,219604,18.485,18.485,18.485,834.909,834.909,834.909,6.34698e+06,6.34698e+06,6.34698e+06,3.58029e+06,3.58029e+06,3.58029e+06,223.464,223.464,223.464,17878,17878,17878,410559,410559,410559,15383.2,15383.2,15383.2,192947,192947,192947,9.12006e+06,9.12006e+06,9.12006e+06,0.0462862,0.0462862,0.0462862,3.50298,3.50298,3.50298,4.54997,4.54997,4.54997
1640,219604,219604,219604,18.485,18.485,18.485,834.909,834.909,834.909,6.34698e+06,6.34698e+06,6.34698e+06,3.58029e+06,3.58029e+06,3.58029e+06,223.464,223.464,223.464,17878,17878,17878,410559,410559,410559,15383.2,15383.2,15383.2,192947,192947,192947,9.12006e+06,9.12006e+06,9.12006e+06,0.0462862,0.0462862,0.0462862,3.50298,3.50298,3.50298,4.54997,4.54997,4.54997
1641,219604,219604,219604,18.485,18.485,18.485,834.909,834.909,834.909,6.34698e+06,6.34698e+06,6.34698e+06,3.58029e+06,3.58029e+06,3.58029e+06,223.464,223.464,223.464,17878,17878,17878,410559,410559,410559,15383.2,15383.2,15383.2,192947,192947,192947,9.12006e+06,9.12006e+06,9.12006e+06,0.0462862,0.0462862,0.0462862,3.50298,3.50298,3.50298,4.54997,4.54997,4.54997
1642,219604,219604,219604,18.485,18.485,18.485,834.909,834.909,834.909,6.34698e+06,6.34698e+06,6.34698e+06,3.58029e+06,3.58029e+06,3.58029e+06,223.464,223.464,223.464,17878,17878,17878,410559,410559,410559,15383.2,15383.2,15383.2,192947,192947,192947,9.12006e+06,9.12006e+06,9.12006e+06,0.0462862,0.0462862,0.0462862,3.50298,3.50298,3.50298,4.54997,4.54997,4.54997
1643,219604,219604,219604,18.485,18.485,18.485,834.909,834.909,834.909,6.34698e+06,6.34698e+06,6.34698e+06,3.58029e+06,3.58029e+06,3.58029e+06,223.464,223.464,223.464,17878,17878,17878,410559,410559,410559,15383.2,15383.2,15383.2,192947,192947,192947,9.12006e+06,9.12006e+06,9.12006e+06,0.0462862,0.0462862,0.0462862,3.50298,3.50298,3.50298,4.54997,4.54997,4.54997
1644,219604,219604,219604,18.485,18.485,18.485,834.909,834.909,834.909,6.34698e+06,6.34698e+06,6.34698e+06,3.58029e+06,3.58029e+06,3.58029e+06,223.464,223.464,223.464,17878,17878,17878,410559,410559,410559,15383.2,15383.2,15383.2,192947,192947,192947,9.12006e+06,9.12006e+06,9.12006e+06,0.0462862,0.0462862,0.0462862,3.50298,3.50298,3.50298,4.54997,4.54997,4.54997
1645,219604,219604,219604,18.485,18.485,18.485,834.909,834.909,834.909,6.34698e+06,6.34698e+06,6.34698e+06,3.58029e+06,3.58029e+06,3.58029e+06,223.464,223.464,223.464,17878,17878,17878,410559,410559,410559,15383.2,15383.2,15383.2,192947,192947,192947,9.12006e+06,9.12006e+06,9.12006e+06,0.0462862,0.0462862,0.0462862,3.50298,3.50298,3.50298,4.54997,4.54997,4.54997
1646,219604,219604,219604,18.485,18.485,18.485,834.909,834.909,834.909,6.34698e+06,6.34698e+06,6.34698e+06,3.58029e+06,3.58029e+06,3.58029e+06,223.464,223.464,223.464,17878,17878,17878,410559,410559,410559,15383.2,15383.2,15383.2,192947,192947,192947,9.12006e+06,9.12006e+06,9.12006e+06,0.0462862,0.0462862,0.0462862,3.50298,3.50298,3.50298,4.54997,4.54997,4.54997
1647,219604,219604,219604,18.485,18.485,18.485,834.909,834.909,834.909,6.34698e+06,6.34698e+06,6.34698e+06,3.58029e+06,3.58029e+06,3.58029e+06,223.464,223.464,223.464,17878,17878,17878,410559,410559,410559,15383.2,15383.2,15383.2,192947,192947,192947,9.12006e+06,9.12006e+06,9.12006e+06,0.0462862,0.0462862,0.0462862,3.50298,3.50298,3.50298,4.54997,4.54997,4.54997
1648,219604,219604,219604,18.485,18.485,18.485,834.909,834.909,834.909,6.34698e+06,6.34698e+06,6.34698e+06,3.58029e+06,3.58029e+06,3.58029e+06,223.464,223.464,223.464,17878,17878,17878,410559,410559,410559,15383.2,15383.2,15383.2,192947,192947,192947,9.12006e+06,9.12006e+06,9.12006e+06,0.0462862,0.0462862,0.0462862,3.50298,3.50298,3.50298,4.54997,4.54997,4.54997
1649,219604,219604,219604,18.485,18.485,18.485,834.909,834.909,834.909,6.34698e+06,6.34698e+06,6.34698e+06,3.58029e+06,3.58029e+06,3.58029e+06,223.464,223.464,223.464,17878,17878,17878,410559,410559,410559,15383.2,15383.2,15383.2,192947,192947,192947,9.12006e+06,9.12006e+06,9.12006e+06,0.0462862,0.0462862,0.0462862,3.50298,3.50298,3.50298,4.54997,4.54997,4.54997
1650,219604,219604,219604,18.485,18.485,18.485,834.909,834.909,834.909,6.34698e+06,6.34698e+06,6.34698e+06,3.58029e+06,3.58029e+06,3.58029e+06,223.464,223.464,223.464,17878,17878,17878,410559,410559,410559,15383.2,15383.2,15383.2,192947,192947,192947,9.12006e+06,9.12006e+06,9.12006e+06,0.0462862,0.0462862,0.0462862,3.50298,3.50298,3.50298,4.54997,4.54997,4.54997
1651,219604,219604,219604,18.485,18.485,18.485,834.909,834.909,834.909,6.34698e+06,6.34698e+06,6.34698e+06,3.58029e+06,3.58029e+06,3.58029e+06,223.464,223.464,223.464,17878,17878,17878,410559,410559,410559,15383.2,15383.2,15383.2,192947,192947,192947,9.12006e+06,9.12006e+06,9.12006e+06,0.0462862,0.0462862,0.0462862,3.50298,3.50298,3.50298,4.54997,4.54997,4.54997
1652,219604,219604,219604,18.485,18.485,18.485,834.909,834.909,834.909,6.34698e+06,6.34698e+06,6.34698e+06,3.58029e+06,3.58029e+06,3.58029e+06,223.464,223.464,223.464,17878,17878,17878,410559,410559,410559,15383.2,15383.2,15383.2,192947,192947,192947,9.12006e+06,9.12006e+06,9.12006e+06,0.0462862,0.0462862,0.0462862,3.50298,3.50298,3.50298,4.54997,4.54997,4.54997
1653,219604,219604,219604,18.485,18.485,18.485,834.909,834.909,834.909,6.34698e+06,6.34698e+06,6.34698e+06,3.58029e+06,3.58029e+06,3.58029e+06,223.464,223.464,223.464,17878,17878,17878,410559,410559,410559,15383.2,15383.2,15383.2,192947,192947,192947,9.12006e+06,9.12006e+06,9.12006e+06,0.0462862,0.0462862,0.0462862,3.50298,3.50298,3.50298,4.54997,4.54997,4.54997
1654,219604,219604,219604,18.485,18.485,18.485,834.909,834.909,834.909,6.34698e+06,6.34698e+06,6.34698e+06,3.58029e+06,3.58029e+06,3.58029e+06,223.464,223.464,223.464,17878,17878,17878,410559,410559,410559,15383.2,15383.2,15383.2,192947,192947,192947,9.12006e+06,9.12006e+06,9.12006e+06,0.0462862,0.0462862,0.0462862,3.50298,3.50298,3.50298,4.54997,4.54997,4.54997
1655,219604,219604,219604,18.485,18.485,18.485,834.909,834.909,834.909,6.34698e+06,6.34698e+06,6.34698e+06,3.58029e+06,3.58029e+06,3.58029e+06,223.464,223.464,223.464,17878,17878,17878,410559,410559,410559,15383.2,15383.2,15383.2,192947,192947,192947,9.12006e+06,9.12006e+06,9.12006e+06,0.0462862,0.0462862,0.0462862,3.50298,3.50298,3.50298,4.54997,4.54997,4.54997
1656,219604,219604,219604,18.485,18.485,18.485,834.909,834.909,834.909,6.34698e+06,6.34698e+06,6.34698e+06,3.58029e+06,3.58029e+06,3.58029e+06,223.464,223.464,223.464,17878,17878,17878,410559,410559,410559,15383.2,15383.2,15383.2,192947,192947,192947,9.12006e+06,9.12006e+06,9.12006e+06,0.0462862,0.0462862,0.0462862,3.50298,3.50298,3.50298,4.54997,4.54997,4.54997
1657,219604,219604,219604,18.485,18.485,18.485,834.909,834.909,834.909,6.34698e+06,6.34698e+06,6.34698e+06,3.58029e+06,3.58029e+06,3.58029e+06,223.464,223.464,223.464,17878,17878,17878,410559,410559,410559,15383.2,15383.2,15383.2,192947,192947,192947,9.12006e+06,9.12006e+06,9.12006e+06,0.0462862,0.0462862,0.0462862,3.50298,3.50298,3.50298,4.54997,4.54997,4.54997
1658,219604,219604,219604,18.485,18.485,18.485,834.909,834.909,834.909,6.34698e+06,6.34698e+06,6.34698e+06,3.58029e+06,3.58029e+06,3.58029e+06,223.464,223.464,223.464,17878,17878,17878,410559,410559,410559,15383.2,15383.2,15383.2,192947,192947,192947,9.12006e+06,9.12006e+06,9.12006e+06,0.0462862,0.0462862,0.0462862,3.50298,3.50298,3.50298,4.54997,4.54997,4.54997
1659,219604,219604,219604,18.485,18.485,18.485,834.909,834.909,834.909,6.34698e+06,6.34698e+06,6.34698e+06,3.58029e+06,3.58029e+06,3.58029e+06,223.464,223.464,223.464,17878,17878,17878,410559,410559,410559,15383.2,15383.2,15383.2,192947,192947,192947,9.12006e+06,9.12006e+06,9.12006e+06,0.0462862,0.0462862,0.0462862,3.50298,3.50298,3.50298,4.54997,4.54997,4.54997
1660,219604,219604,219604,18.485,18.485,18.485,834.909,834.909,834.909,6.34698e+06,6.34698e+06,6.34698e+06,3.58029e+06,3.58029e+06,3.58029e+06,223.464,223.464,223.464,17878,17878,17878,410559,410559,410559,15383.2,15383.2,15383.2,192947,192947,192947,9.12006e+06,9.12006e+06,9.12006e+06,0.0462862,0.0462862,0.0462862,3.50298,3.50298,3.50298,4.54997,4.54997,4.54997
1661,219604,219604,219604,18.485,18.485,18.485,834.909,834.909,834.909,6.34698e+06,6.34698e+06,6.34698e+06,3.58029e+06,3.58029e+06,3.58029e+06,223.464,223.464,223.464,17878,17878,17878,410559,410559,410559,15383.2,15383.2,15383.2,192947,192947,192947,9.12006e+06,9.12006e+06,9.12006e+06,0.0462862,0.0462862,0.0462862,3.50298,3.50298,3.50298,4.54997,4.54997,4.54997
1662,219604,219604,219604,18.485,18.485,18.485,834.909,834.909,834.909,6.34698e+06,6.34698e+06,6.34698e+06,3.58029e+06,3.58029e+06,3.58029e+06,223.464,223.464,223.464,17878,17878,17878,410559,410559,410559,15383.2,15383.2,15383.2,192947,192947,192947,9.12006e+06,9.12006e+06,9.12006e+06,0.0462862,0.0462862,0.0462862,3.50298,3.50298,3.50298,4.54997,4.54997,4.54997
1663,219604,219604,219604,18.485,18.485,18.485,834.909,834.909,834.909,6.34698e+06,6.34698e+06,6.34698e+06,3.58029e+06,3.58029e+06,3.58029e+06,223.464,223.464,223.464,17878,17878,17878,410559,410559,410559,15383.2,15383.2,15383.2,192947,192947,192947,9.12006e+06,9.12006e+06,9.12006e+06,0.0462862,0.0462862,0.0462862,3.50298,3.50298,3.50298,4.54997,4.54997,4.54997
1664,219604,219604,219604,18.485,18.485,18.485,834.909,834.909,834.909,6.34698e+06,6.34698e+06,6.34698e+06,3.58029e+06,3.58029e+06,3.58029e+06,223.464,223.464,223.464,17878,17878,17878,410559,410559,410559,15383.2,15383.2,15383.2,192947,192947,192947,9.12006e+06,9.12006e+06,9.12006e+06,0.0462862,0.0462862,0.0462862,3.50298,3.50298,3.50298,4.54997,4.54997,4.54997
1665,219604,219604,219604,18.485,18.485,18.485,834.909,834.909,834.909,6.34698e+06,6.34698e+06,6.34698e+06,3.58029e+06,3.58029e+06,3.58029e+06,223.464,223.464,223.464,17878,17878,17878,410559,410559,410559,15383.2,15383.2,15383.2,192947,192947,192947,9.12006e+06,9.12006e+06,9.12006e+06,0.0462862,0.0462862,0.0462862,3.50298,3.50298,3.50298,4.54997,4.54997,4.54997
1666,219604,219604,219604,18.485,18.485,18.485,834.909,834.909,834.909,6.34698e+06,6.34698e+06,6.34698e+06,3.58029e+06,3.58029e+06,3.58029e+06,223.464,223.464,223.464,17878,17878,17878,410559,410559,410559,15383.2,15383.2,15383.2,192947,192947,192947,9.12006e+06,9.12006e+06,9.12006e+06,0.0462862,0.0462862,0.0462862,3.50298,3.50298,3.50298,4.54997,4.54997,4.54997
1667,219604,219604,219604,18.485,18.485,18.485,834.909,834.909,834.909,6.34698e+06,6.34698e+06,6.34698e+06,3.58029e+06,3.58029e+06,3.58029e+06,223.464,223.464,223.464,17878,17878,17878,410559,410559,410559,15383.2,15383.2,15383.2,192947,192947,192947,9.12006e+06,9.12006e+06,9.12006e+06,0.0462862,0.0462862,0.0462862,3.50298,3.50298,3.50298,4.54997,4.54997,4.54997
1668,219604,219604,219604,18.485,18.485,18.485,834.909,834.909,834.909,6.34698e+06,6.34698e+06,6.34698e+06,3.58029e+06,3.58029e+06,3.58029e+06,223.464,223.464,223.464,17878,17878,17878,410559,410559,410559,15383.2,15383.2,15383.2,192947,192947,192947,9.12006e+06,9.12006e+06,9.12006e+06,0.0462862,0.0462862,0.0462862,3.50298,3.50298,3.50298,4.54997,4.54997,4.54997
1669,219604,219604,219604,18.485,18.485,18.485,834.909,834.909,834.909,6.34698e+06,6.34698e+06,6.34698e+06,3.58029e+06,3.58029e+06,3.58029e+06,223.464,223.464,223.464,17878,17878,17878,410559,410559,410559,15383.2,15383.2,15383.2,192947,192947,192947,9.12006e+06,9.12006e+06,9.12006e+06,0.0462862,0.0462862,0.0462862,3.50298,3.50298,3.50298,4.54997,4.54997,4.54997
1670,219604,219604,219604,18.485,18.485,18.485,834.909,834.909,834.909,6.34698e+06,6.34698e+06,6.34698e+06,3.58029e+06,3.58029e+06,3.58029e+06,223.464,223.464,223.464,17878,17878,17878,410559,410559,410559,15383.2,15383.2,15383.2,192947,192947,192947,9.12006e+06,9.12006e+06,9.12006e+06,0.0462862,0.0462862,0.0462862,3.50298,3.50298,3.50298,4.54997,4.54997,4.54997
1671,219604,219604,219604,18.485,18.485,18.485,834.909,834.909,834.909,6.34698e+06,6.34698e+06,6.34698e+06,3.58029e+06,3.58029e+06,3.58029e+06,223.464,223.464,223.464,17878,17878,17878,410559,410559,410559,15383.2,15383.2,15383.2,192947,192947,192947,9.12006e+06,9.12006e+06,9.12006e+06,0.0462862,0.0462862,0.0462862,3.50298,3.50298,3.50298,4.54997,4.54997,4.54997
1672,219604,219604,219604,18.485,18.485,18.485,834.909,834.909,834.909,6.34698e+06,6.34698e+06,6.34698e+06,3.58029e+06,3.58029e+06,3.58029e+06,223.464,223.464,223.464,17878,17878,17878,410559,410559,410559,15383.2,15383.2,15383.2,192947,192947,192947,9.12006e+06,9.12006e+06,9.12006e+06,0.0462862,0.0462862,0.0462862,3.50298,3.50298,3.50298,4.54997,4.54997,4.54997
1673,219604,219604,219604,18.485,18.485,18.485,834.909,834.909,834.909,6.34698e+06,6.34698e+06,6.34698e+06,3.58029e+06,3.58029e+06,3.58029e+06,223.464,223.464,223.464,17878,17878,17878,410559,410559,410559,15383.2,15383.2,15383.2,192947,192947,192947,9.12006e+06,9.12006e+06,9.12006e+06,0.0462862,0.0462862,0.0462862,3.50298,3.50298,3.50298,4.54997,4.54997,4.54997
1674,219604,219604,219604,18.485,18.485,18.485,834.909,834.909,834.909,6.34698e+06,6.34698e+06,6.34698e+06,3.58029e+06,3.58029e+06,3.58029e+06,223.464,223.464,223.464,17878,17878,17878,410559,410559,410559,15383.2,15383.2,15383.2,192947,192947,192947,9.12006e+06,9.12006e+06,9.12006e+06,0.0462862,0.0462862,0.0462862,3.50298,3.50298,3.50298,4.54997,4.54997,4.54997
1675,219604,219604,219604,18.485,18.485,18.485,834.909,834.909,834.909,6.34698e+06,6.34698e+06,6.34698e+06,3.58029e+06,3.58029e+06,3.58029e+06,223.464,223.464,223.464,17878,17878,17878,410559,410559,410559,15383.2,15383.2,15383.2,192947,192947,192947,9.12006e+06,9.12006e+06,9.12006e+06,0.0462862,0.0462862,0.0462862,3.50298,3.50298,3.50298,4.54997,4.54997,4.54997
1676,219604,219604,219604,18.485,18.485,18.485,834.909,834.909,834.909,6.34698e+06,6.34698e+06,6.34698e+06,3.58029e+06,3.58029e+06,3.58029e+06,223.464,223.464,223.464,17878,17878,17878,410559,410559,410559,15383.2,15383.2,15383.2,192947,192947,192947,9.12006e+06,9.12006e+06,9.12006e+06,0.0462862,0.0462862,0.0462862,3.50298,3.50298,3.50298,4.54997,4.54997,4.54997
1677,219604,219604,219604,18.485,18.485,18.485,834.909,834.909,834.909,6.34698e+06,6.34698e+06,6.34698e+06,3.58029e+06,3.58029e+06,3.58029e+06,223.464,223.464,223.464,17878,17878,17878,410559,410559,410559,15383.2,15383.2,15383.2,192947,192947,192947,9.12006e+06,9.12006e+06,9.12006e+06,0.0462862,0.0462862,0.0462862,3.50298,3.50298,3.50298,4.54997,4.54997,4.54997
1678,219604,219604,219604,18.485,18.485,18.485,834.909,834.909,834.909,6.34698e+06,6.34698e+06,6.34698e+06,3.58029e+06,3.58029e+06,3.58029e+06,223.464,223.464,223.464,17878,17878,17878,410559,410559,410559,15383.2,15383.2,15383.2,192947,192947,192947,9.12006e+06,9.12006e+06,9.12006e+06,0.0462862,0.0462862,0.0462862,3.50298,3.50298,3.50298,4.54997,4.54997,4.54997
1679,219604,219604,219604,18.485,18.485,18.485,834.909,834.909,834.909,6.34698e+06,6.34698e+06,6.34698e+06,3.58029e+06,3.58029e+06,3.58029e+06,223.464,223.464,223.464,17878,17878,17878,410559,410559,410559,15383.2,15383.2,15383.2,192947,192947,192947,9.12006e+06,9.12006e+06,9.12006e+06,0.0462862,0.0462862,0.0462862,3.50298,3.50298,3.50298,4.54997,4.54997,4.54997
1680,219604,219604,219604,18.485,18.485,18.485,834.909,834.909,834.909,6.34698e+06,6.34698e+06,6.34698e+06,3.58029e+06,3.58029e+06,3.58029e+06,223.464,223.464,223.464,17878,17878,17878,410559,410559,410559,15383.2,15383.2,15383.2,192947,192947,192947,9.12006e+06,9.12006e+06,9.12006e+06,0.0462862,0.0462862,0.0462862,3.50298,3.50298,3.50298,4.54997,4.54997,4.54997
1681,219604,219604,219604,18.485,18.485,18.485,834.909,834.909,834.909,6.34698e+06,6.34698e+06,6.34698e+06,3.58029e+06,3.58029e+06,3.58029e+06,223.464,223.464,223.464,17878,17878,17878,410559,410559,410559,15383.2,15383.2,15383.2,192947,192947,192947,9.12006e+06,9.12006e+06,9.12006e+06,0.0462862,0.0462862,0.0462862,3.50298,3.50298,3.50298,4.54997,4.54997,4.54997
1682,219604,219604,219604,18.485,18.485,18.485,834.909,834.909,834.909,6.34698e+06,6.34698e+06,6.34698e+06,3.58029e+06,3.58029e+06,3.58029e+06,223.464,223.464,223.464,17878,17878,17878,410559,410559,410559,15383.2,15383.2,15383.2,192947,192947,192947,9.12006e+06,9.12006e+06,9.12006e+06,0.0462862,0.0462862,0.0462862,3.50298,3.50298,3.50298,4.54997,4.54997,4.54997
1683,219604,219604,219604,18.485,18.485,18.485,834.909,834.909,834.909,6.34698e+06,6.34698e+06,6.34698e+06,3.58029e+06,3.58029e+06,3.58029e+06,223.464,223.464,223.464,17878,17878,17878,410559,410559,410559,15383.2,15383.2,15383.2,192947,192947,192947,9.12006e+06,9.12006e+06,9.12006e+06,0.0462862,0.0462862,0.0462862,3.50298,3.50298,3.50298,4.54997,4.54997,4.54997
1684,219604,219604,219604,18.485,18.485,18.485,834.909,834.909,834.909,6.34698e+06,6.34698e+06,6.34698e+06,3.58029e+06,3.58029e+06,3.58029e+06,223.464,223.464,223.464,17878,17878,17878,410559,410559,410559,15383.2,15383.2,15383.2,192947,192947,192947,9.12006e+06,9.12006e+06,9.12006e+06,0.0462862,0.0462862,0.0462862,3.50298,3.50298,3.50298,4.54997,4.54997,4.54997
1685,219604,219604,219604,18.485,18.485,18.485,834.909,834.909,834.909,6.34698e+06,6.34698e+06,6.34698e+06,3.58029e+06,3.58029e+06,3.58029e+06,223.464,223.464,223.464,17878,17878,17878,410559,410559,410559,15383.2,15383.2,15383.2,192947,192947,192947,9.12006e+06,9.12006e+06,9.12006e+06,0.0462862,0.0462862,0.0462862,3.50298,3.50298,3.50298,4.54997,4.54997,4.54997
1686,219604,219604,219604,18.485,18.485,18.485,834.909,834.909,834.909,6.34698e+06,6.34698e+06,6.34698e+06,3.58029e+06,3.58029e+06,3.58029e+06,223.464,223.464,223.464,17878,17878,17878,410559,410559,410559,15383.2,15383.2,15383.2,192947,192947,192947,9.12006e+06,9.12006e+06,9.12006e+06,0.0462862,0.0462862,0.0462862,3.50298,3.50298,3.50298,4.54997,4.54997,4.54997
1687,219604,219604,219604,18.485,18.485,18.485,834.909,834.909,834.909,6.34698e+06,6.34698e+06,6.34698e+06,3.58029e+06,3.58029e+06,3.58029e+06,223.464,223.464,223.464,17878,17878,17878,410559,410559,410559,15383.2,15383.2,15383.2,192947,192947,192947,9.12006e+06,9.12006e+06,9.12006e+06,0.0462862,0.0462862,0.0462862,3.50298,3.50298,3.50298,4.54997,4.54997,4.54997
1688,219604,219604,219604,18.485,18.485,18.485,834.909,834.909,834.909,6.34698e+06,6.34698e+06,6.34698e+06,3.58029e+06,3.58029e+06,3.58029e+06,223.464,223.464,223.464,17878,17878,17878,410559,410559,410559,15383.2,15383.2,15383.2,192947,192947,192947,9.12006e+06,9.12006e+06,9.12006e+06,0.0462862,0.0462862,0.0462862,3.50298,3.50298,3.50298,4.54997,4.54997,4.54997
1689,219604,219604,219604,18.485,18.485,18.485,834.909,834.909,834.909,6.34698e+06,6.34698e+06,6.34698e+06,3.58029e+06,3.58029e+06,3.58029e+06,223.464,223.464,223.464,17878,17878,17878,410559,410559,410559,15383.2,15383.2,15383.2,192947,192947,192947,9.12006e+06,9.12006e+06,9.12006e+06,0.0462862,0.0462862,0.0462862,3.50298,3.50298,3.50298,4.54997,4.54997,4.54997
1690,219604,219604,219604,18.485,18.485,18.485,834.909,834.909,834.909,6.34698e+06,6.34698e+06,6.34698e+06,3.58029e+06,3.58029e+06,3.58029e+06,223.464,223.464,223.464,17878,17878,17878,410559,410559,410559,15383.2,15383.2,15383.2,192947,192947,192947,9.12006e+06,9.12006e+06,9.12006e+06,0.0462862,0.0462862,0.0462862,3.50298,3.50298,3.50298,4.54997,4.54997,4.54997
1691,219604,219604,219604,18.485,18.485,18.485,834.909,834.909,834.909,6.34698e+06,6.34698e+06,6.34698e+06,3.58029e+06,3.58029e+06,3.58029e+06,223.464,223.464,223.464,17878,17878,17878,410559,410559,410559,15383.2,15383.2,15383.2,192947,192947,192947,9.12006e+06,9.12006e+06,9.12006e+06,0.0462862,0.0462862,0.0462862,3.50298,3.50298,3.50298,4.54997,4.54997,4.54997
1692,219604,219604,219604,18.485,18.485,18.485,834.909,834.909,834.909,6.34698e+06,6.34698e+06,6.34698e+06,3.58029e+06,3.58029e+06,3.58029e+06,223.464,223.464,223.464,17878,17878,17878,410559,410559,410559,15383.2,15383.2,15383.2,192947,192947,192947,9.12006e+06,9.12006e+06,9.12006e+06,0.0462862,0.0462862,0.0462862,3.50298,3.50298,3.50298,4.54997,4.54997,4.54997
1693,219604,219604,219604,18.485,18.485,18.485,834.909,834.909,834.909,6.34698e+06,6.34698e+06,6.34698e+06,3.58029e+06,3.58029e+06,3.58029e+06,223.464,223.464,223.464,17878,17878,17878,410559,410559,410559,15383.2,15383.2,15383.2,192947,192947,192947,9.12006e+06,9.12006e+06,9.12006e+06,0.0462862,0.0462862,0.0462862,3.50298,3.50298,3.50298,4.54997,4.54997,4.54997
1694,219604,219604,219604,18.485,18.485,18.485,834.909,834.909,834.909,6.34698e+06,6.34698e+06,6.34698e+06,3.58029e+06,3.58029e+06,3.58029e+06,223.464,223.464,223.464,17878,17878,17878,410559,410559,410559,15383.2,15383.2,15383.2,192947,192947,192947,9.12006e+06,9.12006e+06,9.12006e+06,0.0462862,0.0462862,0.0462862,3.50298,3.50298,3.50298,4.54997,4.54997,4.54997
1695,219604,219604,219604,18.485,18.485,18.485,834.909,834.909,834.909,6.34698e+06,6.34698e+06,6.34698e+06,3.58029e+06,3.58029e+06,3.58029e+06,223.464,223.464,223.464,17878,17878,17878,410559,410559,410559,15383.2,15383.2,15383.2,192947,192947,192947,9.12006e+06,9.12006e+06,9.12006e+06,0.0462862,0.0462862,0.0462862,3.50298,3.50298,3.50298,4.54997,4.54997,4.54997
1696,219604,219604,219604,18.485,18.485,18.485,834.909,834.909,834.909,6.34698e+06,6.34698e+06,6.34698e+06,3.58029e+06,3.58029e+06,3.58029e+06,223.464,223.464,223.464,17878,17878,17878,410559,410559,410559,15383.2,15383.2,15383.2,192947,192947,192947,9.12006e+06,9.12006e+06,9.12006e+06,0.0462862,0.0462862,0.0462862,3.50298,3.50298,3.50298,4.54997,4.54997,4.54997
1697,219604,219604,219604,18.485,18.485,18.485,834.909,834.909,834.909,6.34698e+06,6.34698e+06,6.34698e+06,3.58029e+06,3.58029e+06,3.58029e+06,223.464,223.464,223.464,17878,17878,17878,410559,410559,410559,15383.2,15383.2,15383.2,192947,192947,192947,9.12006e+06,9.12006e+06,9.12006e+06,0.0462862,0.0462862,0.0462862,3.50298,3.50298,3.50298,4.54997,4.54997,4.54997
1698,219604,219604,219604,18.485,18.485,18.485,834.909,834.909,834.909,6.34698e+06,6.34698e+06,6.34698e+06,3.58029e+06,3.58029e+06,3.58029e+06,223.464,223.464,223.464,17878,17878,17878,410559,410559,410559,15383.2,15383.2,15383.2,192947,192947,192947,9.12006e+06,9.12006e+06,9.12006e+06,0.0462862,0.0462862,0.0462862,3.50298,3.50298,3.50298,4.54997,4.54997,4.54997
1699,219604,219604,219604,18.485,18.485,18.485,834.909,834.909,834.909,6.34698e+06,6.34698e+06,6.34698e+06,3.58029e+06,3.58029e+06,3.58029e+06,223.464,223.464,223.464,17878,17878,17878,410559,410559,410559,15383.2,15383.2,15383.2,192947,192947,192947,9.12006e+06,9.12006e+06,9.12006e+06,0.0462862,0.0462862,0.0462862,3.50298,3.50298,3.50298,4.54997,4.54997,4.54997
1700,219604,219604,219604,18.485,18.485,18.485,834.909,834.909,834.909,6.34698e+06,6.34698e+06,6.34698e+06,3.58029e+06,3.58029e+06,3.58029e+06,223.464,223.464,223.464,17878,17878,17878,410559,410559,410559,15383.2,15383.2,15383.2,192947,192947,192947,9.12006e+06,9.12006e+06,9.12006e+06,0.0462862,0.0462862,0.0462862,3.50298,3.50298,3.50298,4.54997,4.54997,4.54997
1701,219604,219604,219604,18.485,18.485,18.485,834.909,834.909,834.909,6.34698e+06,6.34698e+06,6.34698e+06,3.58029e+06,3.58029e+06,3.58029e+06,223.464,223.464,223.464,17878,17878,17878,410559,410559,410559,15383.2,15383.2,15383.2,192947,192947,192947,9.12006e+06,9.12006e+06,9.12006e+06,0.0462862,0.0462862,0.0462862,3.50298,3.50298,3.50298,4.54997,4.54997,4.54997
1702,219604,219604,219604,18.485,18.485,18.485,834.909,834.909,834.909,6.34698e+06,6.34698e+06,6.34698e+06,3.58029e+06,3.58029e+06,3.58029e+06,223.464,223.464,223.464,17878,17878,17878,410559,410559,410559,15383.2,15383.2,15383.2,192947,192947,192947,9.12006e+06,9.12006e+06,9.12006e+06,0.0462862,0.0462862,0.0462862,3.50298,3.50298,3.50298,4.54997,4.54997,4.54997
1703,219604,219604,219604,18.485,18.485,18.485,834.909,834.909,834.909,6.34698e+06,6.34698e+06,6.34698e+06,3.58029e+06,3.58029e+06,3.58029e+06,223.464,223.464,223.464,17878,17878,17878,410559,410559,410559,15383.2,15383.2,15383.2,192947,192947,192947,9.12006e+06,9.12006e+06,9.12006e+06,0.0462862,0.0462862,0.0462862,3.50298,3.50298,3.50298,4.54997,4.54997,4.54997
1704,219604,219604,219604,18.485,18.485,18.485,834.909,834.909,834.909,6.34698e+06,6.34698e+06,6.34698e+06,3.58029e+06,3.58029e+06,3.58029e+06,223.464,223.464,223.464,17878,17878,17878,410559,410559,410559,15383.2,15383.2,15383.2,192947,192947,192947,9.12006e+06,9.12006e+06,9.12006e+06,0.0462862,0.0462862,0.0462862,3.50298,3.50298,3.50298,4.54997,4.54997,4.54997
1705,219604,219604,219604,18.485,18.485,18.485,834.909,834.909,834.909,6.34698e+06,6.34698e+06,6.34698e+06,3.58029e+06,3.58029e+06,3.58029e+06,223.464,223.464,223.464,17878,17878,17878,410559,410559,410559,15383.2,15383.2,15383.2,192947,192947,192947,9.12006e+06,9.12006e+06,9.12006e+06,0.0462862,0.0462862,0.0462862,3.50298,3.50298,3.50298,4.54997,4.54997,4.54997
1706,219604,219604,219604,18.485,18.485,18.485,834.909,834.909,834.909,6.34698e+06,6.34698e+06,6.34698e+06,3.58029e+06,3.58029e+06,3.58029e+06,223.464,223.464,223.464,17878,17878,17878,410559,410559,410559,15383.2,15383.2,15383.2,192947,192947,192947,9.12006e+06,9.12006e+06,9.12006e+06,0.0462862,0.0462862,0.0462862,3.50298,3.50298,3.50298,4.54997,4.54997,4.54997
1707,219604,219604,219604,18.485,18.485,18.485,834.909,834.909,834.909,6.34698e+06,6.34698e+06,6.34698e+06,3.58029e+06,3.58029e+06,3.58029e+06,223.464,223.464,223.464,17878,17878,17878,410559,410559,410559,15383.2,15383.2,15383.2,192947,192947,192947,9.12006e+06,9.12006e+06,9.12006e+06,0.0462862,0.0462862,0.0462862,3.50298,3.50298,3.50298,4.54997,4.54997,4.54997
1708,219604,219604,219604,18.485,18.485,18.485,834.909,834.909,834.909,6.34698e+06,6.34698e+06,6.34698e+06,3.58029e+06,3.58029e+06,3.58029e+06,223.464,223.464,223.464,17878,17878,17878,410559,410559,410559,15383.2,15383.2,15383.2,192947,192947,192947,9.12006e+06,9.12006e+06,9.12006e+06,0.0462862,0.0462862,0.0462862,3.50298,3.50298,3.50298,4.54997,4.54997,4.54997
1709,219604,219604,219604,18.485,18.485,18.485,834.909,834.909,834.909,6.34698e+06,6.34698e+06,6.34698e+06,3.58029e+06,3.58029e+06,3.58029e+06,223.464,223.464,223.464,17878,17878,17878,410559,410559,410559,15383.2,15383.2,15383.2,192947,192947,192947,9.12006e+06,9.12006e+06,9.12006e+06,0.0462862,0.0462862,0.0462862,3.50298,3.50298,3.50298,4.54997,4.54997,4.54997
1710,219604,219604,219604,18.485,18.485,18.485,834.909,834.909,834.909,6.34698e+06,6.34698e+06,6.34698e+06,3.58029e+06,3.58029e+06,3.58029e+06,223.464,223.464,223.464,17878,17878,17878,410559,410559,410559,15383.2,15383.2,15383.2,192947,192947,192947,9.12006e+06,9.12006e+06,9.12006e+06,0.0462862,0.0462862,0.0462862,3.50298,3.50298,3.50298,4.54997,4.54997,4.54997
1711,219604,219604,219604,18.485,18.485,18.485,834.909,834.909,834.909,6.34698e+06,6.34698e+06,6.34698e+06,3.58029e+06,3.58029e+06,3.58029e+06,223.464,223.464,223.464,17878,17878,17878,410559,410559,410559,15383.2,15383.2,15383.2,192947,192947,192947,9.12006e+06,9.12006e+06,9.12006e+06,0.0462862,0.0462862,0.0462862,3.50298,3.50298,3.50298,4.54997,4.54997,4.54997
1712,219604,219604,219604,18.485,18.485,18.485,834.909,834.909,834.909,6.34698e+06,6.34698e+06,6.34698e+06,3.58029e+06,3.58029e+06,3.58029e+06,223.464,223.464,223.464,17878,17878,17878,410559,410559,410559,15383.2,15383.2,15383.2,192947,192947,192947,9.12006e+06,9.12006e+06,9.12006e+06,0.0462862,0.0462862,0.0462862,3.50298,3.50298,3.50298,4.54997,4.54997,4.54997
1713,219604,219604,219604,18.485,18.485,18.485,834.909,834.909,834.909,6.34698e+06,6.34698e+06,6.34698e+06,3.58029e+06,3.58029e+06,3.58029e+06,223.464,223.464,223.464,17878,17878,17878,410559,410559,410559,15383.2,15383.2,15383.2,192947,192947,192947,9.12006e+06,9.12006e+06,9.12006e+06,0.0462862,0.0462862,0.0462862,3.50298,3.50298,3.50298,4.54997,4.54997,4.54997
1714,219604,219604,219604,18.485,18.485,18.485,834.909,834.909,834.909,6.34698e+06,6.34698e+06,6.34698e+06,3.58029e+06,3.58029e+06,3.58029e+06,223.464,223.464,223.464,17878,17878,17878,410559,410559,410559,15383.2,15383.2,15383.2,192947,192947,192947,9.12006e+06,9.12006e+06,9.12006e+06,0.0462862,0.0462862,0.0462862,3.50298,3.50298,3.50298,4.54997,4.54997,4.54997
1715,219604,219604,219604,18.485,18.485,18.485,834.909,834.909,834.909,6.34698e+06,6.34698e+06,6.34698e+06,3.58029e+06,3.58029e+06,3.58029e+06,223.464,223.464,223.464,17878,17878,17878,410559,410559,410559,15383.2,15383.2,15383.2,192947,192947,192947,9.12006e+06,9.12006e+06,9.12006e+06,0.0462862,0.0462862,0.0462862,3.50298,3.50298,3.50298,4.54997,4.54997,4.54997
1716,219604,219604,219604,18.485,18.485,18.485,834.909,834.909,834.909,6.34698e+06,6.34698e+06,6.34698e+06,3.58029e+06,3.58029e+06,3.58029e+06,223.464,223.464,223.464,17878,17878,17878,410559,410559,410559,15383.2,15383.2,15383.2,192947,192947,192947,9.12006e+06,9.12006e+06,9.12006e+06,0.0462862,0.0462862,0.0462862,3.50298,3.50298,3.50298,4.54997,4.54997,4.54997
1717,219604,219604,219604,18.485,18.485,18.485,834.909,834.909,834.909,6.34698e+06,6.34698e+06,6.34698e+06,3.58029e+06,3.58029e+06,3.58029e+06,223.464,223.464,223.464,17878,17878,17878,410559,410559,410559,15383.2,15383.2,15383.2,192947,192947,192947,9.12006e+06,9.12006e+06,9.12006e+06,0.0462862,0.0462862,0.0462862,3.50298,3.50298,3.50298,4.54997,4.54997,4.54997
1718,219604,219604,219604,18.485,18.485,18.485,834.909,834.909,834.909,6.34698e+06,6.34698e+06,6.34698e+06,3.58029e+06,3.58029e+06,3.58029e+06,223.464,223.464,223.464,17878,17878,17878,410559,410559,410559,15383.2,15383.2,15383.2,192947,192947,192947,9.12006e+06,9.12006e+06,9.12006e+06,0.0462862,0.0462862,0.0462862,3.50298,3.50298,3.50298,4.54997,4.54997,4.54997
1719,219604,219604,219604,18.485,18.485,18.485,834.909,834.909,834.909,6.34698e+06,6.34698e+06,6.34698e+06,3.58029e+06,3.58029e+06,3.58029e+06,223.464,223.464,223.464,17878,17878,17878,410559,410559,410559,15383.2,15383.2,15383.2,192947,192947,192947,9.12006e+06,9.12006e+06,9.12006e+06,0.0462862,0.0462862,0.0462862,3.50298,3.50298,3.50298,4.54997,4.54997,4.54997
1720,219604,219604,219604,18.485,18.485,18.485,834.909,834.909,834.909,6.34698e+06,6.34698e+06,6.34698e+06,3.58029e+06,3.58029e+06,3.58029e+06,223.464,223.464,223.464,17878,17878,17878,410559,410559,410559,15383.2,15383.2,15383.2,192947,192947,192947,9.12006e+06,9.12006e+06,9.12006e+06,0.0462862,0.0462862,0.0462862,3.50298,3.50298,3.50298,4.54997,4.54997,4.54997
1721,219604,219604,219604,18.485,18.485,18.485,834.909,834.909,834.909,6.34698e+06,6.34698e+06,6.34698e+06,3.58029e+06,3.58029e+06,3.58029e+06,223.464,223.464,223.464,17878,17878,17878,410559,410559,410559,15383.2,15383.2,15383.2,192947,192947,192947,9.12006e+06,9.12006e+06,9.12006e+06,0.0462862,0.0462862,0.0462862,3.50298,3.50298,3.50298,4.54997,4.54997,4.54997
1722,219604,219604,219604,18.485,18.485,18.485,834.909,834.909,834.909,6.34698e+06,6.34698e+06,6.34698e+06,3.58029e+06,3.58029e+06,3.58029e+06,223.464,223.464,223.464,17878,17878,17878,410559,410559,410559,15383.2,15383.2,15383.2,192947,192947,192947,9.12006e+06,9.12006e+06,9.12006e+06,0.0462862,0.0462862,0.0462862,3.50298,3.50298,3.50298,4.54997,4.54997,4.54997
1723,219604,219604,219604,18.485,18.485,18.485,834.909,834.909,834.909,6.34698e+06,6.34698e+06,6.34698e+06,3.58029e+06,3.58029e+06,3.58029e+06,223.464,223.464,223.464,17878,17878,17878,410559,410559,410559,15383.2,15383.2,15383.2,192947,192947,192947,9.12006e+06,9.12006e+06,9.12006e+06,0.0462862,0.0462862,0.0462862,3.50298,3.50298,3.50298,4.54997,4.54997,4.54997
1724,219604,219604,219604,18.485,18.485,18.485,834.909,834.909,834.909,6.34698e+06,6.34698e+06,6.34698e+06,3.58029e+06,3.58029e+06,3.58029e+06,223.464,223.464,223.464,17878,17878,17878,410559,410559,410559,15383.2,15383.2,15383.2,192947,192947,192947,9.12006e+06,9.12006e+06,9.12006e+06,0.0462862,0.0462862,0.0462862,3.50298,3.50298,3.50298,4.54997,4.54997,4.54997
1725,219604,219604,219604,18.485,18.485,18.485,834.909,834.909,834.909,6.34698e+06,6.34698e+06,6.34698e+06,3.58029e+06,3.58029e+06,3.58029e+06,223.464,223.464,223.464,17878,17878,17878,410559,410559,410559,15383.2,15383.2,15383.2,192947,192947,192947,9.12006e+06,9.12006e+06,9.12006e+06,0.0462862,0.0462862,0.0462862,3.50298,3.50298,3.50298,4.54997,4.54997,4.54997
1726,219604,219604,219604,18.485,18.485,18.485,834.909,834.909,834.909,6.34698e+06,6.34698e+06,6.34698e+06,3.58029e+06,3.58029e+06,3.58029e+06,223.464,223.464,223.464,17878,17878,17878,410559,410559,410559,15383.2,15383.2,15383.2,192947,192947,192947,9.12006e+06,9.12006e+06,9.12006e+06,0.0462862,0.0462862,0.0462862,3.50298,3.50298,3.50298,4.54997,4.54997,4.54997
1727,219604,219604,219604,18.485,18.485,18.485,834.909,834.909,834.909,6.34698e+06,6.34698e+06,6.34698e+06,3.58029e+06,3.58029e+06,3.58029e+06,223.464,223.464,223.464,17878,17878,17878,410559,410559,410559,15383.2,15383.2,15383.2,192947,192947,192947,9.12006e+06,9.12006e+06,9.12006e+06,0.0462862,0.0462862,0.0462862,3.50298,3.50298,3.50298,4.54997,4.54997,4.54997
1728,219604,219604,219604,18.485,18.485,18.485,834.909,834.909,834.909,6.34698e+06,6.34698e+06,6.34698e+06,3.58029e+06,3.58029e+06,3.58029e+06,223.464,223.464,223.464,17878,17878,17878,410559,410559,410559,15383.2,15383.2,15383.2,192947,192947,192947,9.12006e+06,9.12006e+06,9.12006e+06,0.0462862,0.0462862,0.0462862,3.50298,3.50298,3.50298,4.54997,4.54997,4.54997
1729,219604,219604,219604,18.485,18.485,18.485,834.909,834.909,834.909,6.34698e+06,6.34698e+06,6.34698e+06,3.58029e+06,3.58029e+06,3.58029e+06,223.464,223.464,223.464,17878,17878,17878,410559,410559,410559,15383.2,15383.2,15383.2,192947,192947,192947,9.12006e+06,9.12006e+06,9.12006e+06,0.0462862,0.0462862,0.0462862,3.50298,3.50298,3.50298,4.54997,4.54997,4.54997
1730,219604,219604,219604,18.485,18.485,18.485,834.909,834.909,834.909,6.34698e+06,6.34698e+06,6.34698e+06,3.58029e+06,3.58029e+06,3.58029e+06,223.464,223.464,223.464,17878,17878,17878,410559,410559,410559,15383.2,15383.2,15383.2,192947,192947,192947,9.12006e+06,9.12006e+06,9.12006e+06,0.0462862,0.0462862,0.0462862,3.50298,3.50298,3.50298,4.54997,4.54997,4.54997
1731,219604,219604,219604,18.485,18.485,18.485,834.909,834.909,834.909,6.34698e+06,6.34698e+06,6.34698e+06,3.58029e+06,3.58029e+06,3.58029e+06,223.464,223.464,223.464,17878,17878,17878,410559,410559,410559,15383.2,15383.2,15383.2,192947,192947,192947,9.12006e+06,9.12006e+06,9.12006e+06,0.0462862,0.0462862,0.0462862,3.50298,3.50298,3.50298,4.54997,4.54997,4.54997
1732,219604,219604,219604,18.485,18.485,18.485,834.909,834.909,834.909,6.34698e+06,6.34698e+06,6.34698e+06,3.58029e+06,3.58029e+06,3.58029e+06,223.464,223.464,223.464,17878,17878,17878,410559,410559,410559,15383.2,15383.2,15383.2,192947,192947,192947,9.12006e+06,9.12006e+06,9.12006e+06,0.0462862,0.0462862,0.0462862,3.50298,3.50298,3.50298,4.54997,4.54997,4.54997
1733,219604,219604,219604,18.485,18.485,18.485,834.909,834.909,834.909,6.34698e+06,6.34698e+06,6.34698e+06,3.58029e+06,3.58029e+06,3.58029e+06,223.464,223.464,223.464,17878,17878,17878,410559,410559,410559,15383.2,15383.2,15383.2,192947,192947,192947,9.12006e+06,9.12006e+06,9.12006e+06,0.0462862,0.0462862,0.0462862,3.50298,3.50298,3.50298,4.54997,4.54997,4.54997
1734,219604,219604,219604,18.485,18.485,18.485,834.909,834.909,834.909,6.34698e+06,6.34698e+06,6.34698e+06,3.58029e+06,3.58029e+06,3.58029e+06,223.464,223.464,223.464,17878,17878,17878,410559,410559,410559,15383.2,15383.2,15383.2,192947,192947,192947,9.12006e+06,9.12006e+06,9.12006e+06,0.0462862,0.0462862,0.0462862,3.50298,3.50298,3.50298,4.54997,4.54997,4.54997
1735,219604,219604,219604,18.485,18.485,18.485,834.909,834.909,834.909,6.34698e+06,6.34698e+06,6.34698e+06,3.58029e+06,3.58029e+06,3.58029e+06,223.464,223.464,223.464,17878,17878,17878,410559,410559,410559,15383.2,15383.2,15383.2,192947,192947,192947,9.12006e+06,9.12006e+06,9.12006e+06,0.0462862,0.0462862,0.0462862,3.50298,3.50298,3.50298,4.54997,4.54997,4.54997
1736,219604,219604,219604,18.485,18.485,18.485,834.909,834.909,834.909,6.34698e+06,6.34698e+06,6.34698e+06,3.58029e+06,3.58029e+06,3.58029e+06,223.464,223.464,223.464,17878,17878,17878,410559,410559,410559,15383.2,15383.2,15383.2,192947,192947,192947,9.12006e+06,9.12006e+06,9.12006e+06,0.0462862,0.0462862,0.0462862,3.50298,3.50298,3.50298,4.54997,4.54997,4.54997
1737,219604,219604,219604,18.485,18.485,18.485,834.909,834.909,834.909,6.34698e+06,6.34698e+06,6.34698e+06,3.58029e+06,3.58029e+06,3.58029e+06,223.464,223.464,223.464,17878,17878,17878,410559,410559,410559,15383.2,15383.2,15383.2,192947,192947,192947,9.12006e+06,9.12006e+06,9.12006e+06,0.0462862,0.0462862,0.0462862,3.50298,3.50298,3.50298,4.54997,4.54997,4.54997
1738,219604,219604,219604,18.485,18.485,18.485,834.909,834.909,834.909,6.34698e+06,6.34698e+06,6.34698e+06,3.58029e+06,3.58029e+06,3.58029e+06,223.464,223.464,223.464,17878,17878,17878,410559,410559,410559,15383.2,15383.2,15383.2,192947,192947,192947,9.12006e+06,9.12006e+06,9.12006e+06,0.0462862,0.0462862,0.0462862,3.50298,3.50298,3.50298,4.54997,4.54997,4.54997
1739,219604,219604,219604,18.485,18.485,18.485,834.909,834.909,834.909,6.34698e+06,6.34698e+06,6.34698e+06,3.58029e+06,3.58029e+06,3.58029e+06,223.464,223.464,223.464,17878,17878,17878,410559,410559,410559,15383.2,15383.2,15383.2,192947,192947,192947,9.12006e+06,9.12006e+06,9.12006e+06,0.0462862,0.0462862,0.0462862,3.50298,3.50298,3.50298,4.54997,4.54997,4.54997
1740,219604,219604,219604,18.485,18.485,18.485,834.909,834.909,834.909,6.34698e+06,6.34698e+06,6.34698e+06,3.58029e+06,3.58029e+06,3.58029e+06,223.464,223.464,223.464,17878,17878,17878,410559,410559,410559,15383.2,15383.2,15383.2,192947,192947,192947,9.12006e+06,9.12006e+06,9.12006e+06,0.0462862,0.0462862,0.0462862,3.50298,3.50298,3.50298,4.54997,4.54997,4.54997
1741,219604,219604,219604,18.485,18.485,18.485,834.909,834.909,834.909,6.34698e+06,6.34698e+06,6.34698e+06,3.58029e+06,3.58029e+06,3.58029e+06,223.464,223.464,223.464,17878,17878,17878,410559,410559,410559,15383.2,15383.2,15383.2,192947,192947,192947,9.12006e+06,9.12006e+06,9.12006e+06,0.0462862,0.0462862,0.0462862,3.50298,3.50298,3.50298,4.54997,4.54997,4.54997
1742,219604,219604,219604,18.485,18.485,18.485,834.909,834.909,834.909,6.34698e+06,6.34698e+06,6.34698e+06,3.58029e+06,3.58029e+06,3.58029e+06,223.464,223.464,223.464,17878,17878,17878,410559,410559,410559,15383.2,15383.2,15383.2,192947,192947,192947,9.12006e+06,9.12006e+06,9.12006e+06,0.0462862,0.0462862,0.0462862,3.50298,3.50298,3.50298,4.54997,4.54997,4.54997
1743,219604,219604,219604,18.485,18.485,18.485,834.909,834.909,834.909,6.34698e+06,6.34698e+06,6.34698e+06,3.58029e+06,3.58029e+06,3.58029e+06,223.464,223.464,223.464,17878,17878,17878,410559,410559,410559,15383.2,15383.2,15383.2,192947,192947,192947,9.12006e+06,9.12006e+06,9.12006e+06,0.0462862,0.0462862,0.0462862,3.50298,3.50298,3.50298,4.54997,4.54997,4.54997
1744,219604,219604,219604,18.485,18.485,18.485,834.909,834.909,834.909,6.34698e+06,6.34698e+06,6.34698e+06,3.58029e+06,3.58029e+06,3.58029e+06,223.464,223.464,223.464,17878,17878,17878,410559,410559,410559,15383.2,15383.2,15383.2,192947,192947,192947,9.12006e+06,9.12006e+06,9.12006e+06,0.0462862,0.0462862,0.0462862,3.50298,3.50298,3.50298,4.54997,4.54997,4.54997
1745,219604,219604,219604,18.485,18.485,18.485,834.909,834.909,834.909,6.34698e+06,6.34698e+06,6.34698e+06,3.58029e+06,3.58029e+06,3.58029e+06,223.464,223.464,223.464,17878,17878,17878,410559,410559,410559,15383.2,15383.2,15383.2,192947,192947,192947,9.12006e+06,9.12006e+06,9.12006e+06,0.0462862,0.0462862,0.0462862,3.50298,3.50298,3.50298,4.54997,4.54997,4.54997
1746,219604,219604,219604,18.485,18.485,18.485,834.909,834.909,834.909,6.34698e+06,6.34698e+06,6.34698e+06,3.58029e+06,3.58029e+06,3.58029e+06,223.464,223.464,223.464,17878,17878,17878,410559,410559,410559,15383.2,15383.2,15383.2,192947,192947,192947,9.12006e+06,9.12006e+06,9.12006e+06,0.0462862,0.0462862,0.0462862,3.50298,3.50298,3.50298,4.54997,4.54997,4.54997
1747,219604,219604,219604,18.485,18.485,18.485,834.909,834.909,834.909,6.34698e+06,6.34698e+06,6.34698e+06,3.58029e+06,3.58029e+06,3.58029e+06,223.464,223.464,223.464,17878,17878,17878,410559,410559,410559,15383.2,15383.2,15383.2,192947,192947,192947,9.12006e+06,9.12006e+06,9.12006e+06,0.0462862,0.0462862,0.0462862,3.50298,3.50298,3.50298,4.54997,4.54997,4.54997
1748,219604,219604,219604,18.485,18.485,18.485,834.909,834.909,834.909,6.34698e+06,6.34698e+06,6.34698e+06,3.58029e+06,3.58029e+06,3.58029e+06,223.464,223.464,223.464,17878,17878,17878,410559,410559,410559,15383.2,15383.2,15383.2,192947,192947,192947,9.12006e+06,9.12006e+06,9.12006e+06,0.0462862,0.0462862,0.0462862,3.50298,3.50298,3.50298,4.54997,4.54997,4.54997
1749,219604,219604,219604,18.485,18.485,18.485,834.909,834.909,834.909,6.34698e+06,6.34698e+06,6.34698e+06,3.58029e+06,3.58029e+06,3.58029e+06,223.464,223.464,223.464,17878,17878,17878,410559,410559,410559,15383.2,15383.2,15383.2,192947,192947,192947,9.12006e+06,9.12006e+06,9.12006e+06,0.0462862,0.0462862,0.0462862,3.50298,3.50298,3.50298,4.54997,4.54997,4.54997
1750,219604,219604,219604,18.485,18.485,18.485,834.909,834.909,834.909,6.34698e+06,6.34698e+06,6.34698e+06,3.58029e+06,3.58029e+06,3.58029e+06,223.464,223.464,223.464,17878,17878,17878,410559,410559,410559,15383.2,15383.2,15383.2,192947,192947,192947,9.12006e+06,9.12006e+06,9.12006e+06,0.0462862,0.0462862,0.0462862,3.50298,3.50298,3.50298,4.54997,4.54997,4.54997
1751,219604,219604,219604,18.485,18.485,18.485,834.909,834.909,834.909,6.34698e+06,6.34698e+06,6.34698e+06,3.58029e+06,3.58029e+06,3.58029e+06,223.464,223.464,223.464,17878,17878,17878,410559,410559,410559,15383.2,15383.2,15383.2,192947,192947,192947,9.12006e+06,9.12006e+06,9.12006e+06,0.0462862,0.0462862,0.0462862,3.50298,3.50298,3.50298,4.54997,4.54997,4.54997
1752,219604,219604,219604,18.485,18.485,18.485,834.909,834.909,834.909,6.34698e+06,6.34698e+06,6.34698e+06,3.58029e+06,3.58029e+06,3.58029e+06,223.464,223.464,223.464,17878,17878,17878,410559,410559,410559,15383.2,15383.2,15383.2,192947,192947,192947,9.12006e+06,9.12006e+06,9.12006e+06,0.0462862,0.0462862,0.0462862,3.50298,3.50298,3.50298,4.54997,4.54997,4.54997
1753,219604,219604,219604,18.485,18.485,18.485,834.909,834.909,834.909,6.34698e+06,6.34698e+06,6.34698e+06,3.58029e+06,3.58029e+06,3.58029e+06,223.464,223.464,223.464,17878,17878,17878,410559,410559,410559,15383.2,15383.2,15383.2,192947,192947,192947,9.12006e+06,9.12006e+06,9.12006e+06,0.0462862,0.0462862,0.0462862,3.50298,3.50298,3.50298,4.54997,4.54997,4.54997
1754,219604,219604,219604,18.485,18.485,18.485,834.909,834.909,834.909,6.34698e+06,6.34698e+06,6.34698e+06,3.58029e+06,3.58029e+06,3.58029e+06,223.464,223.464,223.464,17878,17878,17878,410559,410559,410559,15383.2,15383.2,15383.2,192947,192947,192947,9.12006e+06,9.12006e+06,9.12006e+06,0.0462862,0.0462862,0.0462862,3.50298,3.50298,3.50298,4.54997,4.54997,4.54997
1755,219604,219604,219604,18.485,18.485,18.485,834.909,834.909,834.909,6.34698e+06,6.34698e+06,6.34698e+06,3.58029e+06,3.58029e+06,3.58029e+06,223.464,223.464,223.464,17878,17878,17878,410559,410559,410559,15383.2,15383.2,15383.2,192947,192947,192947,9.12006e+06,9.12006e+06,9.12006e+06,0.0462862,0.0462862,0.0462862,3.50298,3.50298,3.50298,4.54997,4.54997,4.54997
1756,219604,219604,219604,18.485,18.485,18.485,834.909,834.909,834.909,6.34698e+06,6.34698e+06,6.34698e+06,3.58029e+06,3.58029e+06,3.58029e+06,223.464,223.464,223.464,17878,17878,17878,410559,410559,410559,15383.2,15383.2,15383.2,192947,192947,192947,9.12006e+06,9.12006e+06,9.12006e+06,0.0462862,0.0462862,0.0462862,3.50298,3.50298,3.50298,4.54997,4.54997,4.54997
1757,219604,219604,219604,18.485,18.485,18.485,834.909,834.909,834.909,6.34698e+06,6.34698e+06,6.34698e+06,3.58029e+06,3.58029e+06,3.58029e+06,223.464,223.464,223.464,17878,17878,17878,410559,410559,410559,15383.2,15383.2,15383.2,192947,192947,192947,9.12006e+06,9.12006e+06,9.12006e+06,0.0462862,0.0462862,0.0462862,3.50298,3.50298,3.50298,4.54997,4.54997,4.54997
1758,219604,219604,219604,18.485,18.485,18.485,834.909,834.909,834.909,6.34698e+06,6.34698e+06,6.34698e+06,3.58029e+06,3.58029e+06,3.58029e+06,223.464,223.464,223.464,17878,17878,17878,410559,410559,410559,15383.2,15383.2,15383.2,192947,192947,192947,9.12006e+06,9.12006e+06,9.12006e+06,0.0462862,0.0462862,0.0462862,3.50298,3.50298,3.50298,4.54997,4.54997,4.54997
1759,219604,219604,219604,18.485,18.485,18.485,834.909,834.909,834.909,6.34698e+06,6.34698e+06,6.34698e+06,3.58029e+06,3.58029e+06,3.58029e+06,223.464,223.464,223.464,17878,17878,17878,410559,410559,410559,15383.2,15383.2,15383.2,192947,192947,192947,9.12006e+06,9.12006e+06,9.12006e+06,0.0462862,0.0462862,0.0462862,3.50298,3.50298,3.50298,4.54997,4.54997,4.54997
1760,219604,219604,219604,18.485,18.485,18.485,834.909,834.909,834.909,6.34698e+06,6.34698e+06,6.34698e+06,3.58029e+06,3.58029e+06,3.58029e+06,223.464,223.464,223.464,17878,17878,17878,410559,410559,410559,15383.2,15383.2,15383.2,192947,192947,192947,9.12006e+06,9.12006e+06,9.12006e+06,0.0462862,0.0462862,0.0462862,3.50298,3.50298,3.50298,4.54997,4.54997,4.54997
1761,219604,219604,219604,18.485,18.485,18.485,834.909,834.909,834.909,6.34698e+06,6.34698e+06,6.34698e+06,3.58029e+06,3.58029e+06,3.58029e+06,223.464,223.464,223.464,17878,17878,17878,410559,410559,410559,15383.2,15383.2,15383.2,192947,192947,192947,9.12006e+06,9.12006e+06,9.12006e+06,0.0462862,0.0462862,0.0462862,3.50298,3.50298,3.50298,4.54997,4.54997,4.54997
1762,219604,219604,219604,18.485,18.485,18.485,834.909,834.909,834.909,6.34698e+06,6.34698e+06,6.34698e+06,3.58029e+06,3.58029e+06,3.58029e+06,223.464,223.464,223.464,17878,17878,17878,410559,410559,410559,15383.2,15383.2,15383.2,192947,192947,192947,9.12006e+06,9.12006e+06,9.12006e+06,0.0462862,0.0462862,0.0462862,3.50298,3.50298,3.50298,4.54997,4.54997,4.54997
1763,219604,219604,219604,18.485,18.485,18.485,834.909,834.909,834.909,6.34698e+06,6.34698e+06,6.34698e+06,3.58029e+06,3.58029e+06,3.58029e+06,223.464,223.464,223.464,17878,17878,17878,410559,410559,410559,15383.2,15383.2,15383.2,192947,192947,192947,9.12006e+06,9.12006e+06,9.12006e+06,0.0462862,0.0462862,0.0462862,3.50298,3.50298,3.50298,4.54997,4.54997,4.54997
1764,219604,219604,219604,18.485,18.485,18.485,834.909,834.909,834.909,6.34698e+06,6.34698e+06,6.34698e+06,3.58029e+06,3.58029e+06,3.58029e+06,223.464,223.464,223.464,17878,17878,17878,410559,410559,410559,15383.2,15383.2,15383.2,192947,192947,192947,9.12006e+06,9.12006e+06,9.12006e+06,0.0462862,0.0462862,0.0462862,3.50298,3.50298,3.50298,4.54997,4.54997,4.54997
1765,219604,219604,219604,18.485,18.485,18.485,834.909,834.909,834.909,6.34698e+06,6.34698e+06,6.34698e+06,3.58029e+06,3.58029e+06,3.58029e+06,223.464,223.464,223.464,17878,17878,17878,410559,410559,410559,15383.2,15383.2,15383.2,192947,192947,192947,9.12006e+06,9.12006e+06,9.12006e+06,0.0462862,0.0462862,0.0462862,3.50298,3.50298,3.50298,4.54997,4.54997,4.54997
1766,219604,219604,219604,18.485,18.485,18.485,834.909,834.909,834.909,6.34698e+06,6.34698e+06,6.34698e+06,3.58029e+06,3.58029e+06,3.58029e+06,223.464,223.464,223.464,17878,17878,17878,410559,410559,410559,15383.2,15383.2,15383.2,192947,192947,192947,9.12006e+06,9.12006e+06,9.12006e+06,0.0462862,0.0462862,0.0462862,3.50298,3.50298,3.50298,4.54997,4.54997,4.54997
1767,219604,219604,219604,18.485,18.485,18.485,834.909,834.909,834.909,6.34698e+06,6.34698e+06,6.34698e+06,3.58029e+06,3.58029e+06,3.58029e+06,223.464,223.464,223.464,17878,17878,17878,410559,410559,410559,15383.2,15383.2,15383.2,192947,192947,192947,9.12006e+06,9.12006e+06,9.12006e+06,0.0462862,0.0462862,0.0462862,3.50298,3.50298,3.50298,4.54997,4.54997,4.54997
1768,219604,219604,219604,18.485,18.485,18.485,834.909,834.909,834.909,6.34698e+06,6.34698e+06,6.34698e+06,3.58029e+06,3.58029e+06,3.58029e+06,223.464,223.464,223.464,17878,17878,17878,410559,410559,410559,15383.2,15383.2,15383.2,192947,192947,192947,9.12006e+06,9.12006e+06,9.12006e+06,0.0462862,0.0462862,0.0462862,3.50298,3.50298,3.50298,4.54997,4.54997,4.54997
1769,219604,219604,219604,18.485,18.485,18.485,834.909,834.909,834.909,6.34698e+06,6.34698e+06,6.34698e+06,3.58029e+06,3.58029e+06,3.58029e+06,223.464,223.464,223.464,17878,17878,17878,410559,410559,410559,15383.2,15383.2,15383.2,192947,192947,192947,9.12006e+06,9.12006e+06,9.12006e+06,0.0462862,0.0462862,0.0462862,3.50298,3.50298,3.50298,4.54997,4.54997,4.54997
1770,219604,219604,219604,18.485,18.485,18.485,834.909,834.909,834.909,6.34698e+06,6.34698e+06,6.34698e+06,3.58029e+06,3.58029e+06,3.58029e+06,223.464,223.464,223.464,17878,17878,17878,410559,410559,410559,15383.2,15383.2,15383.2,192947,192947,192947,9.12006e+06,9.12006e+06,9.12006e+06,0.0462862,0.0462862,0.0462862,3.50298,3.50298,3.50298,4.54997,4.54997,4.54997
1771,219604,219604,219604,18.485,18.485,18.485,834.909,834.909,834.909,6.34698e+06,6.34698e+06,6.34698e+06,3.58029e+06,3.58029e+06,3.58029e+06,223.464,223.464,223.464,17878,17878,17878,410559,410559,410559,15383.2,15383.2,15383.2,192947,192947,192947,9.12006e+06,9.12006e+06,9.12006e+06,0.0462862,0.0462862,0.0462862,3.50298,3.50298,3.50298,4.54997,4.54997,4.54997
1772,219604,219604,219604,18.485,18.485,18.485,834.909,834.909,834.909,6.34698e+06,6.34698e+06,6.34698e+06,3.58029e+06,3.58029e+06,3.58029e+06,223.464,223.464,223.464,17878,17878,17878,410559,410559,410559,15383.2,15383.2,15383.2,192947,192947,192947,9.12006e+06,9.12006e+06,9.12006e+06,0.0462862,0.0462862,0.0462862,3.50298,3.50298,3.50298,4.54997,4.54997,4.54997
1773,219604,219604,219604,18.485,18.485,18.485,834.909,834.909,834.909,6.34698e+06,6.34698e+06,6.34698e+06,3.58029e+06,3.58029e+06,3.58029e+06,223.464,223.464,223.464,17878,17878,17878,410559,410559,410559,15383.2,15383.2,15383.2,192947,192947,192947,9.12006e+06,9.12006e+06,9.12006e+06,0.0462862,0.0462862,0.0462862,3.50298,3.50298,3.50298,4.54997,4.54997,4.54997
1774,219604,219604,219604,18.485,18.485,18.485,834.909,834.909,834.909,6.34698e+06,6.34698e+06,6.34698e+06,3.58029e+06,3.58029e+06,3.58029e+06,223.464,223.464,223.464,17878,17878,17878,410559,410559,410559,15383.2,15383.2,15383.2,192947,192947,192947,9.12006e+06,9.12006e+06,9.12006e+06,0.0462862,0.0462862,0.0462862,3.50298,3.50298,3.50298,4.54997,4.54997,4.54997
1775,219604,219604,219604,18.485,18.485,18.485,834.909,834.909,834.909,6.34698e+06,6.34698e+06,6.34698e+06,3.58029e+06,3.58029e+06,3.58029e+06,223.464,223.464,223.464,17878,17878,17878,410559,410559,410559,15383.2,15383.2,15383.2,192947,192947,192947,9.12006e+06,9.12006e+06,9.12006e+06,0.0462862,0.0462862,0.0462862,3.50298,3.50298,3.50298,4.54997,4.54997,4.54997
1776,219604,219604,219604,18.485,18.485,18.485,834.909,834.909,834.909,6.34698e+06,6.34698e+06,6.34698e+06,3.58029e+06,3.58029e+06,3.58029e+06,223.464,223.464,223.464,17878,17878,17878,410559,410559,410559,15383.2,15383.2,15383.2,192947,192947,192947,9.12006e+06,9.12006e+06,9.12006e+06,0.0462862,0.0462862,0.0462862,3.50298,3.50298,3.50298,4.54997,4.54997,4.54997
1777,219604,219604,219604,18.485,18.485,18.485,834.909,834.909,834.909,6.34698e+06,6.34698e+06,6.34698e+06,3.58029e+06,3.58029e+06,3.58029e+06,223.464,223.464,223.464,17878,17878,17878,410559,410559,410559,15383.2,15383.2,15383.2,192947,192947,192947,9.12006e+06,9.12006e+06,9.12006e+06,0.0462862,0.0462862,0.0462862,3.50298,3.50298,3.50298,4.54997,4.54997,4.54997
1778,219604,219604,219604,18.485,18.485,18.485,834.909,834.909,834.909,6.34698e+06,6.34698e+06,6.34698e+06,3.58029e+06,3.58029e+06,3.58029e+06,223.464,223.464,223.464,17878,17878,17878,410559,410559,410559,15383.2,15383.2,15383.2,192947,192947,192947,9.12006e+06,9.12006e+06,9.12006e+06,0.0462862,0.0462862,0.0462862,3.50298,3.50298,3.50298,4.54997,4.54997,4.54997
1779,219604,219604,219604,18.485,18.485,18.485,834.909,834.909,834.909,6.34698e+06,6.34698e+06,6.34698e+06,3.58029e+06,3.58029e+06,3.58029e+06,223.464,223.464,223.464,17878,17878,17878,410559,410559,410559,15383.2,15383.2,15383.2,192947,192947,192947,9.12006e+06,9.12006e+06,9.12006e+06,0.0462862,0.0462862,0.0462862,3.50298,3.50298,3.50298,4.54997,4.54997,4.54997
1780,219604,219604,219604,18.485,18.485,18.485,834.909,834.909,834.909,6.34698e+06,6.34698e+06,6.34698e+06,3.58029e+06,3.58029e+06,3.58029e+06,223.464,223.464,223.464,17878,17878,17878,410559,410559,410559,15383.2,15383.2,15383.2,192947,192947,192947,9.12006e+06,9.12006e+06,9.12006e+06,0.0462862,0.0462862,0.0462862,3.50298,3.50298,3.50298,4.54997,4.54997,4.54997
1781,219604,219604,219604,18.485,18.485,18.485,834.909,834.909,834.909,6.34698e+06,6.34698e+06,6.34698e+06,3.58029e+06,3.58029e+06,3.58029e+06,223.464,223.464,223.464,17878,17878,17878,410559,410559,410559,15383.2,15383.2,15383.2,192947,192947,192947,9.12006e+06,9.12006e+06,9.12006e+06,0.0462862,0.0462862,0.0462862,3.50298,3.50298,3.50298,4.54997,4.54997,4.54997
