index,time,SS:Japan__all,IS:Japan__all,SI:Japan__all,RS:Japan__all,SR:Japan__all,IR:Japan__all,RI:Japan__all,SQ:Japan__all,QS:Japan__all,QR:Japan__all,RQ:Japan__all,obs_mean:EV71_JAP__IASR__inc,obs_mean:VAC_JAP__IASR__inc,obs_mean:CA16_JAP__IASR__inc,obs_real:EV71_JAP__IASR__inc,obs_real:VAC_JAP__IASR__inc,obs_real:CA16_JAP__IASR__inc
0,782,2.79396e+06,9387.78,6754.54,2.82127e+06,5.67452e+06,14535.9,5331.48,674850,552694,7.8787e+06,6.04371e+06,4.60975,0.403484,2.92696,7.58011,0,2.8557
0,783,2.79465e+06,9258.47,6807.45,2.82782e+06,5.66863e+06,14317.7,5383.54,672200,552352,7.86867e+06,6.0233e+06,4.54354,0.403484,2.95121,5.61003,0.0923744,2.76592
0,784,2.79542e+06,9128.23,6866.08,2.83442e+06,5.66276e+06,14098.6,5440.45,669814,551768,7.85513e+06,6.0054e+06,4.47687,0.403484,2.97802,4.3301,0.448675,1.65781
0,785,2.79626e+06,8997.38,6930.59,2.84105e+06,5.65692e+06,13878.7,5502.21,667700,550948,7.83818e+06,5.99008e+06,4.40989,0.403484,3.00741,7.6369,0.350935,2.36723
0,786,2.79716e+06,8866.18,7001.06,2.84769e+06,5.65109e+06,13658.7,5568.85,665868,549900,7.81793e+06,5.97744e+06,4.34274,0.403484,3.03943,5.41452,0.00157152,2.38977
0,787,2.79811e+06,8734.87,7077.58,2.85435e+06,5.64529e+06,13438.7,5640.43,664325,548631,7.7945e+06,5.96754e+06,4.27553,0.403484,3.0741,4.57846,0,3.2344
0,788,2.79912e+06,8603.65,7160.2,2.86099e+06,5.6395e+06,13219.2,5717.02,663080,547148,7.768e+06,5.96045e+06,4.20837,0.403484,3.11146,4.94254,0.481359,2.37958
0,789,2.80016e+06,8472.69,7249.01,2.86762e+06,5.63372e+06,13000.5,5798.67,662141,545458,7.73855e+06,5.95626e+06,4.14137,0.403484,3.15153,5.22896,0.513716,1.50141
0,790,2.80124e+06,8342.16,7344.04,2.87421e+06,5.62796e+06,12782.8,5885.45,661516,543570,7.70627e+06,5.95503e+06,4.07461,0.403484,3.19436,4.9741,0,0
0,791,2.80235e+06,8212.19,7445.38,2.88076e+06,5.6222e+06,12566.4,5977.42,661213,541490,7.67127e+06,5.95684e+06,4.00816,0.403484,3.23996,4.25057,0.682706,2.52059
0,792,2.80348e+06,8082.9,7553.06,2.88725e+06,5.61645e+06,12351.5,6074.62,661239,539227,7.63368e+06,5.96176e+06,3.9421,0.403484,3.28836,2.58441,0.385426,2.52574
0,793,2.80462e+06,7954.39,7667.12,2.89368e+06,5.6107e+06,12138.3,6177.12,661601,536787,7.5936e+06,5.96986e+06,3.87649,0.403484,3.3396,7.00736,0.235229,1.94632
0,794,2.80576e+06,7826.75,7787.62,2.90002e+06,5.60495e+06,11926.9,6284.94,662309,534179,7.55116e+06,5.9812e+06,3.81137,0.403484,3.39368,2.5666,0,3.47756
0,795,2.8069e+06,7700.05,7914.58,2.90628e+06,5.5992e+06,11717.4,6398.13,663367,531408,7.50645e+06,5.99586e+06,3.74678,0.403484,3.45064,5.88302,0.424597,2.92852
0,796,2.80803e+06,7574.34,8048.02,2.91243e+06,5.59344e+06,11510.1,6516.71,664784,528484,7.45961e+06,6.0139e+06,3.68277,0.403484,3.51047,5.80472,0.622724,3.7913
0,797,2.80914e+06,7449.67,8187.94,2.91846e+06,5.58768e+06,11304.9,6640.7,666566,525412,7.41072e+06,6.03539e+06,3.61936,0.403484,3.57319,2.70809,0.117135,5.38049
0,798,2.81022e+06,7326.07,8334.34,2.92437e+06,5.58191e+06,11101.9,6770.09,668720,522200,7.3599e+06,6.06037e+06,3.55656,0.403484,3.6388,3.05811,0.560342,2.2648
0,799,2.81127e+06,7203.54,8487.18,2.93014e+06,5.57613e+06,10901.2,6904.88,671251,518854,7.30726e+06,6.08892e+06,3.4944,0.403484,3.7073,0,0.851225,3.67717
0,800,2.81227e+06,7082.11,8646.43,2.93577e+06,5.57033e+06,10702.7,7045.03,674166,515381,7.25288e+06,6.12108e+06,3.43289,0.403484,3.77867,6.21969,0.155237,4.92472
0,801,2.81322e+06,6961.78,8812.03,2.94124e+06,5.56453e+06,10506.6,7190.5,677469,511786,7.19686e+06,6.1569e+06,3.37202,0.403484,3.85289,3.51303,0,3.49735
0,802,2.81411e+06,6842.53,8983.87,2.94654e+06,5.55871e+06,10312.8,7341.22,681166,508077,7.13931e+06,6.19644e+06,3.3118,0.403484,3.92993,3.4027,0.122734,4.00912
0,803,2.81493e+06,6724.36,9161.84,2.95166e+06,5.55287e+06,10121.2,7497.1,685260,504258,7.08029e+06,6.23973e+06,3.25223,0.403484,4.00973,0,0,1.08746
0,804,2.81568e+06,6607.25,9345.8,2.9566e+06,5.54702e+06,9931.98,7658.02,689756,500335,7.01991e+06,6.2868e+06,3.1933,0.403484,4.09225,4.74047,0.941621,1.96264
0,805,2.81635e+06,6491.19,9535.57,2.96133e+06,5.54117e+06,9745,7823.83,694657,496313,6.95824e+06,6.33769e+06,3.13501,0.403484,4.17742,2.50095,0.152576,5.8662
0,806,2.81693e+06,6376.14,9730.93,2.96587e+06,5.5353e+06,9560.25,7994.37,699964,492199,6.89536e+06,6.39241e+06,3.07735,0.403484,4.26514,3.33985,0.313924,3.53667
0,807,2.81741e+06,6262.1,9931.63,2.97019e+06,5.52942e+06,9377.71,8169.41,705680,487996,6.83135e+06,6.45099e+06,3.02031,0.403484,4.35531,2.30787,0.112979,3.9505
0,808,2.81779e+06,6149.03,10137.4,2.97429e+06,5.52353e+06,9197.35,8348.72,711805,483709,6.76628e+06,6.51341e+06,2.96387,0.403484,4.44782,0,1.10432,3.19127
0,809,2.81807e+06,6036.92,10347.8,2.97816e+06,5.51764e+06,9019.13,8532.01,718338,479343,6.70022e+06,6.57969e+06,2.90803,0.403484,4.54251,0.502522,0.162666,3.49151
0,810,2.81823e+06,5925.75,10562.6,2.9818e+06,5.51175e+06,8843.04,8718.96,725277,474902,6.63323e+06,6.6498e+06,2.85279,0.403484,4.63923,4.91365,0.0688924,5.3747
0,811,2.81828e+06,5815.5,10781.3,2.9852e+06,5.50587e+06,8669.04,8909.21,732621,470390,6.56538e+06,6.72371e+06,2.79812,0.403484,4.73781,0,0.247764,3.2753
0,812,2.8182e+06,5706.17,11003.4,2.98835e+06,5.5e+06,8497.12,9102.35,740364,465811,6.49673e+06,6.80139e+06,2.74403,0.403484,4.83802,4.10045,0,6.05941
0,813,2.818e+06,5597.74,11228.4,2.99125e+06,5.49415e+06,8327.26,9297.94,748502,461169,6.42733e+06,6.88278e+06,2.69051,0.403484,4.93965,1.70422,0.490822,3.74894
0,814,2.81766e+06,5490.22,11455.7,2.99389e+06,5.48833e+06,8159.46,9495.46,757027,456468,6.35725e+06,6.96781e+06,2.63755,0.403484,5.04245,2.91237,0.93471,9.06894
0,815,2.8172e+06,5383.61,11684.6,2.99627e+06,5.48254e+06,7993.72,9694.4,765931,451712,6.28655e+06,7.0564e+06,2.58517,0.403484,5.14615,2.05131,0.146285,1.60279
0,816,2.8166e+06,5277.93,11914.6,2.99839e+06,5.47679e+06,7830.05,9894.15,775203,446903,6.21526e+06,7.14844e+06,2.53335,0.403484,5.25044,1.88558,0,5.21759
0,817,2.81587e+06,5173.2,12144.9,3.00024e+06,5.4711e+06,7668.46,10094.1,784832,442046,6.14346e+06,7.24382e+06,2.48211,0.403484,5.35501,2.45038,0.828361,7.60364
0,818,2.81501e+06,5069.44,12374.6,3.00183e+06,5.46547e+06,7509,10293.6,794803,437144,6.07118e+06,7.3424e+06,2.43146,0.403484,5.45952,1.87157,0.641339,4.6435
0,819,2.81401e+06,4966.69,12603,3.00314e+06,5.45993e+06,7351.69,10491.9,805100,432199,5.99848e+06,7.44403e+06,2.3814,0.403484,5.56361,3.04095,0.306757,10.0734
0,820,2.81288e+06,4865,12829.3,3.00419e+06,5.45447e+06,7196.59,10688.3,815707,427217,5.9254e+06,7.54853e+06,2.33196,0.403484,5.66691,2.80887,0,5.60783
0,821,2.81162e+06,4764.42,13052.5,3.00498e+06,5.44913e+06,7043.76,10882,826602,422199,5.85201e+06,7.65571e+06,2.28316,0.403484,5.769,3.06988,1.2774,4.15442
0,822,2.81024e+06,4665,13271.7,3.00549e+06,5.4439e+06,6893.26,11072.2,837766,417150,5.77835e+06,7.76536e+06,2.23501,0.403484,5.86949,1.50944,0.208561,0.685557
0,823,2.80873e+06,4566.83,13486,3.00575e+06,5.43881e+06,6745.19,11258.1,849173,412072,5.70446e+06,7.87725e+06,2.18755,0.403484,5.96796,2.12163,0,0.983996
0,824,2.80711e+06,4469.96,13694.4,3.00575e+06,5.43388e+06,6599.62,11438.9,860798,406970,5.6304e+06,7.99113e+06,2.1408,0.403484,6.06397,1.42766,0,2.13169
0,825,2.80538e+06,4374.49,13896.1,3.00549e+06,5.42912e+06,6456.65,11613.7,872615,401846,5.55623e+06,8.10673e+06,2.0948,0.403484,6.1571,3.21406,0.199641,1.78339
0,826,2.80354e+06,4280.5,14090,3.00498e+06,5.42455e+06,6316.4,11781.8,884594,396705,5.48198e+06,8.22377e+06,2.04959,0.403484,6.24692,4.15534,0,10.4949
0,827,2.80161e+06,4188.07,14275.3,3.00423e+06,5.4202e+06,6178.96,11942.3,896703,391551,5.40771e+06,8.34194e+06,2.00519,0.403484,6.333,2.50937,0.0889141,4.2831
0,828,2.79959e+06,4097.32,14451,3.00324e+06,5.41607e+06,6044.46,12094.5,908912,386386,5.33349e+06,8.46094e+06,1.96165,0.403484,6.41493,0,0,4.76173
0,829,2.79749e+06,4008.33,14616.3,3.00202e+06,5.41219e+06,5913.01,12237.5,921186,381215,5.25935e+06,8.58044e+06,1.91902,0.403484,6.49232,4.08644,0.0168662,4.11474
0,830,2.79533e+06,3921.2,14770.5,3.00058e+06,5.40859e+06,5784.74,12370.7,933490,376042,5.18535e+06,8.70008e+06,1.87732,0.403484,6.56477,2.14621,0.729158,6.67088
0,831,2.79312e+06,3836.05,14912.7,2.99893e+06,5.40527e+06,5659.76,12493.5,945789,370871,5.11155e+06,8.81954e+06,1.83662,0.403484,6.63194,1.94617,0.578,9.46706
0,832,2.79085e+06,3752.96,15042.3,2.99708e+06,5.40226e+06,5538.21,12605.1,958046,365706,5.03801e+06,8.93845e+06,1.79694,0.403484,6.6935,0.827196,1.35022,6.66141
0,833,2.78856e+06,3672.04,15158.7,2.99503e+06,5.39958e+06,5420.21,12705.2,970225,360551,4.96478e+06,9.05646e+06,1.75834,0.403484,6.74917,0.982265,0.345484,6.82537
0,834,2.78625e+06,3593.39,15261.4,2.9928e+06,5.39725e+06,5305.87,12793.2,982288,355411,4.89193e+06,9.17319e+06,1.72084,0.403484,6.79869,2.8345,0.918723,11.6183
0,835,2.78393e+06,3517.1,15350,2.99041e+06,5.39529e+06,5195.31,12868.7,994198,350290,4.81949e+06,9.28831e+06,1.68451,0.403484,6.84185,0.606667,0.385857,13.1797
0,836,2.78161e+06,3443.27,15424.2,2.98785e+06,5.3937e+06,5088.63,12931.5,1.00592e+06,345193,4.74755e+06,9.40144e+06,1.64937,0.403484,6.87847,4.45285,1.20683,8.13655
0,837,2.77932e+06,3371.97,15483.8,2.98514e+06,5.39252e+06,4985.95,12981.4,1.01741e+06,340123,4.67614e+06,9.51225e+06,1.61546,0.403484,6.90845,0.90166,0.966241,0.759287
0,838,2.77705e+06,3303.3,15528.7,2.9823e+06,5.39175e+06,4887.34,13018.3,1.02865e+06,335086,4.60534e+06,9.62039e+06,1.58281,0.403484,6.93171,0.644743,0.23211,7.96656
0,839,2.77483e+06,3237.31,15558.9,2.97933e+06,5.39141e+06,4792.92,13042.2,1.03959e+06,330086,4.53521e+06,9.72555e+06,1.55146,0.403484,6.94822,0.625812,1.08184,7.5376
0,840,2.77267e+06,3174.08,15574.6,2.97624e+06,5.39151e+06,4702.74,13053.1,1.05021e+06,325127,4.46579e+06,9.8274e+06,1.52144,0.403484,6.95801,0.581296,0.635912,5.80399
0,841,2.77057e+06,3113.67,15575.8,2.97306e+06,5.39205e+06,4616.88,13051.2,1.06047e+06,320214,4.39714e+06,9.92565e+06,1.49278,0.403484,6.96115,0.268242,0,9.40989
0,842,2.76856e+06,3056.13,15563.1,2.96978e+06,5.39306e+06,4535.4,13036.9,1.07034e+06,315351,4.32933e+06,1.002e+07,1.46549,0.403484,6.95777,0.790086,0.376098,9.09721
0,843,2.76663e+06,3001.5,15536.7,2.96642e+06,5.39454e+06,4458.36,13010.4,1.07981e+06,310543,4.26241e+06,1.01103e+07,1.43959,0.403484,6.94803,0,0.358981,2.21094
0,844,2.76481e+06,2949.83,15497.1,2.963e+06,5.39648e+06,4385.78,12972.2,1.08883e+06,305793,4.19643e+06,1.01962e+07,1.41511,0.403484,6.93213,2.21724,1.71079,10.0456
0,845,2.7631e+06,2901.13,15445.1,2.95951e+06,5.39891e+06,4317.71,12922.8,1.0974e+06,301107,4.13145e+06,1.02776e+07,1.39206,0.403484,6.91033,0,0.894164,8.09375
0,846,2.76152e+06,2855.43,15381.1,2.95597e+06,5.4018e+06,4254.16,12862.7,1.1055e+06,296488,4.06752e+06,1.03542e+07,1.37044,0.403484,6.88289,1.7441,0.138945,9.87276
0,847,2.76006e+06,2812.75,15306,2.9524e+06,5.40517e+06,4195.16,12792.6,1.1131e+06,291940,4.00469e+06,1.04259e+07,1.35026,0.403484,6.85013,1.45522,0.528416,6.55925
0,848,2.75874e+06,2773.1,15220.5,2.94879e+06,5.40902e+06,4140.7,12713.1,1.1202e+06,287467,3.94301e+06,1.04926e+07,1.33153,0.403484,6.81239,0.073368,1.04215,5.09136
0,849,2.75756e+06,2736.48,15125.4,2.94515e+06,5.41333e+06,4090.79,12625,1.12678e+06,283073,3.88252e+06,1.05542e+07,1.31425,0.403484,6.77001,1.32292,0.226241,7.64794
0,850,2.75654e+06,2702.88,15021.5,2.9415e+06,5.4181e+06,4045.42,12528.9,1.13284e+06,278761,3.82327e+06,1.06106e+07,1.29842,0.403484,6.72338,1.77848,1.53372,8.09235
0,851,2.75566e+06,2672.31,14909.6,2.93784e+06,5.42332e+06,4004.58,12425.6,1.13837e+06,274535,3.76531e+06,1.06618e+07,1.28404,0.403484,6.67288,0,0,1.85779
0,852,2.75495e+06,2644.75,14790.7,2.93417e+06,5.42899e+06,3968.26,12315.9,1.14337e+06,270399,3.70868e+06,1.07078e+07,1.2711,0.403484,6.61891,1.62406,1.33363,4.25404
0,853,2.75439e+06,2620.18,14665.7,2.93051e+06,5.43509e+06,3936.42,12200.5,1.14783e+06,266354,3.65341e+06,1.07485e+07,1.25959,0.403484,6.56185,1.13634,0.744778,5.1797
0,854,2.754e+06,2598.6,14535.3,2.92685e+06,5.4416e+06,3909.06,12080.2,1.15177e+06,262405,3.59954e+06,1.0784e+07,1.24952,0.403484,6.5021,0.437129,0.540147,6.21681
0,855,2.75378e+06,2579.99,14400.4,2.9232e+06,5.44851e+06,3886.14,11955.7,1.15519e+06,258555,3.54711e+06,1.08143e+07,1.24086,0.403484,6.44005,0.512603,0,4.55938
0,856,2.75372e+06,2564.31,14261.8,2.91956e+06,5.45581e+06,3867.64,11827.7,1.15809e+06,254805,3.49616e+06,1.08396e+07,1.23362,0.403484,6.37608,0.505318,0.896639,8.89887
0,857,2.75382e+06,2551.57,14120.4,2.91594e+06,5.46348e+06,3853.54,11697,1.16048e+06,251159,3.44671e+06,1.08599e+07,1.22779,0.403484,6.31056,0.323405,0,7.82474
0,858,2.75408e+06,2541.73,13976.8,2.91234e+06,5.4715e+06,3843.8,11564.2,1.16238e+06,247618,3.3988e+06,1.08753e+07,1.22335,0.403484,6.24384,1.61033,0.533799,7.03554
0,859,2.75451e+06,2534.77,13831.8,2.90876e+06,5.47985e+06,3838.41,11429.9,1.1638e+06,244186,3.35246e+06,1.0886e+07,1.22029,0.403484,6.17627,1.65258,0,4.41914
0,860,2.7551e+06,2530.68,13686.2,2.9052e+06,5.48851e+06,3837.34,11294.8,1.16475e+06,240864,3.3077e+06,1.08921e+07,1.21862,0.403484,6.10817,2.7466,0.0359861,4.29909
0,861,2.75584e+06,2529.45,13540.4,2.90167e+06,5.49746e+06,3840.58,11159.4,1.16524e+06,237655,3.26456e+06,1.08938e+07,1.21832,0.403484,6.03983,0,1.04892,4.64672
0,862,2.75673e+06,2531.05,13395.2,2.89816e+06,5.50667e+06,3848.1,11024.2,1.1653e+06,234560,3.22307e+06,1.08912e+07,1.21938,0.403484,5.97154,0.603492,0.715283,2.19451
0,863,2.75777e+06,2535.47,13251,2.89467e+06,5.51614e+06,3859.9,10889.8,1.16495e+06,231581,3.18324e+06,1.08845e+07,1.22181,0.403484,5.90356,0.241871,0.793488,6.71221
0,864,2.75895e+06,2542.71,13108.4,2.89121e+06,5.52583e+06,3875.97,10756.5,1.1642e+06,228721,3.1451e+06,1.08739e+07,1.22559,0.403484,5.83612,1.57806,0.521554,6.37238
0,865,2.76027e+06,2552.76,12967.7,2.88778e+06,5.53572e+06,3896.3,10624.7,1.16307e+06,225979,3.10866e+06,1.08595e+07,1.23072,0.403484,5.76944,0.741009,0.475709,3.63178
0,866,2.76172e+06,2565.61,12829.5,2.88436e+06,5.54579e+06,3920.9,10494.9,1.16158e+06,223359,3.07396e+06,1.08417e+07,1.23721,0.403484,5.70372,0.738787,0.924632,5.77534
0,867,2.76329e+06,2581.26,12694,2.88097e+06,5.55602e+06,3949.77,10367.3,1.15975e+06,220862,3.041e+06,1.08206e+07,1.24505,0.403484,5.63913,3.88748,0,4.62269
0,868,2.76498e+06,2599.72,12561.6,2.8776e+06,5.56639e+06,3982.93,10242.1,1.15761e+06,218488,3.00981e+06,1.07963e+07,1.25425,0.403484,5.57582,0.663915,0.713955,3.44699
0,869,2.76678e+06,2620.99,12432.5,2.87425e+06,5.57687e+06,4020.4,10119.7,1.15517e+06,216240,2.98041e+06,1.07691e+07,1.2648,0.403484,5.51392,0,0.760605,3.0817
0,870,2.76869e+06,2645.09,12306.9,2.87091e+06,5.58744e+06,4062.19,10000.3,1.15245e+06,214119,2.95281e+06,1.07393e+07,1.27673,0.403484,5.45355,1.11198,0,7.94343
0,871,2.7707e+06,2672.03,12185.1,2.8676e+06,5.59809e+06,4108.34,9883.87,1.14948e+06,212126,2.92703e+06,1.07069e+07,1.29002,0.403484,5.39479,1.76563,1.12019,6.35692
0,872,2.77279e+06,2701.82,12067.2,2.8643e+06,5.60879e+06,4158.89,9770.71,1.14628e+06,210262,2.90309e+06,1.06722e+07,1.30469,0.403484,5.33773,0,0.516935,6.92598
0,873,2.77497e+06,2734.5,11953.2,2.86101e+06,5.61951e+06,4213.88,9660.89,1.14286e+06,208529,2.88101e+06,1.06354e+07,1.32076,0.403484,5.28243,1.53129,1.401,8.23937
0,874,2.77723e+06,2770.08,11843.3,2.85773e+06,5.63025e+06,4273.35,9554.46,1.13925e+06,206927,2.8608e+06,1.05966e+07,1.33824,0.403484,5.22892,2.57138,0,2.65876
0,875,2.77955e+06,2808.61,11737.5,2.85447e+06,5.64098e+06,4337.36,9451.48,1.13545e+06,205459,2.84249e+06,1.05561e+07,1.35714,0.403484,5.17724,2.06641,0,6.35905
0,876,2.78193e+06,2850.1,11635.9,2.85121e+06,5.65169e+06,4405.97,9351.98,1.13151e+06,204126,2.82609e+06,1.0514e+07,1.37748,0.403484,5.12741,2.50264,0.687263,4.53258
0,877,2.78437e+06,2894.61,11538.4,2.84796e+06,5.66235e+06,4479.25,9255.95,1.12742e+06,202929,2.81162e+06,1.04706e+07,1.39927,0.403484,5.07943,0.910298,0.557472,6.79513
0,878,2.78685e+06,2942.16,11445,2.84472e+06,5.67295e+06,4557.26,9163.36,1.1232e+06,201868,2.7991e+06,1.04258e+07,1.42255,0.403484,5.03328,3.67695,0.155026,3.66571
0,879,2.78937e+06,2992.82,11355.6,2.84148e+06,5.68347e+06,4640.08,9074.19,1.11888e+06,200947,2.78855e+06,1.038e+07,1.44732,0.403484,4.98896,3.51165,0.552213,4.59716
0,880,2.79192e+06,3046.61,11270.1,2.83824e+06,5.69389e+06,4727.8,8988.36,1.11447e+06,200165,2.77999e+06,1.03333e+07,1.47363,0.403484,4.94644,0.0498918,0,4.36474
0,881,2.79449e+06,3103.61,11188.6,2.835e+06,5.7042e+06,4820.49,8905.81,1.10998e+06,199525,2.77345e+06,1.02858e+07,1.50148,0.403484,4.90567,0,0,9.75965
0,882,2.79707e+06,3163.85,11110.7,2.83176e+06,5.71439e+06,4918.24,8826.46,1.10542e+06,199027,2.76894e+06,1.02376e+07,1.53091,0.403484,4.86661,1.43865,1.14176,4.41522
0,883,2.79967e+06,3227.4,11036.5,2.82852e+06,5.72444e+06,5021.15,8750.19,1.10082e+06,198675,2.76649e+06,1.01888e+07,1.56194,0.403484,4.82921,1.94038,0.401473,4.95682
0,884,2.80226e+06,3294.31,10965.8,2.82527e+06,5.73433e+06,5129.32,8676.9,1.09617e+06,198468,2.76612e+06,1.01397e+07,1.5946,0.403484,4.79341,2.17924,0.68492,4.39334
0,885,2.80485e+06,3364.64,10898.4,2.82202e+06,5.74406e+06,5242.84,8606.47,1.0915e+06,198409,2.76785e+06,1.00902e+07,1.62893,0.403484,4.75915,2.96884,0,3.99233
0,886,2.80742e+06,3438.46,10834.1,2.81877e+06,5.75361e+06,5361.8,8538.77,1.08681e+06,198500,2.77172e+06,1.00405e+07,1.66496,0.403484,4.72635,1.95029,0.467818,0.677932
0,887,2.80997e+06,3515.82,10772.8,2.81552e+06,5.76296e+06,5486.32,8473.66,1.08211e+06,198742,2.77775e+06,9.9907e+06,1.70271,0.403484,4.69495,3.35189,0,4.16557
0,888,2.81249e+06,3596.78,10714.3,2.81225e+06,5.77212e+06,5616.49,8411,1.07741e+06,199137,2.78597e+06,9.94084e+06,1.74221,0.403484,4.66486,3.61451,0.600371,7.39855
0,889,2.81499e+06,3681.41,10658.4,2.80898e+06,5.78106e+06,5752.42,8350.64,1.07271e+06,199686,2.79639e+06,9.891e+06,1.7835,0.403484,4.63599,1.10717,0.57406,0.977312
0,890,2.81744e+06,3769.77,10604.8,2.80571e+06,5.78979e+06,5894.19,8292.42,1.06803e+06,200393,2.80906e+06,9.84126e+06,1.82661,0.403484,4.60828,0,0.31016,5.75614
0,891,2.81984e+06,3861.91,10553.4,2.80243e+06,5.79828e+06,6041.91,8236.19,1.06337e+06,201259,2.82401e+06,9.79167e+06,1.87156,0.403484,4.58162,1.90211,0.835,0.704216
0,892,2.82219e+06,3957.9,10504.1,2.79914e+06,5.80653e+06,6195.67,8181.78,1.05873e+06,202285,2.84125e+06,9.74227e+06,1.91839,0.403484,4.55592,0,0.0939071,4.75369
0,893,2.82448e+06,4057.78,10456.4,2.79585e+06,5.81453e+06,6355.56,8129.04,1.05412e+06,203474,2.86082e+06,9.69312e+06,1.96712,0.403484,4.53111,0.796863,1.31577,3.52251
0,894,2.82671e+06,4161.6,10410.3,2.79256e+06,5.82227e+06,6521.65,8077.8,1.04955e+06,204828,2.88276e+06,9.64425e+06,2.01779,0.403484,4.50708,2.83999,0,5.14358
0,895,2.82887e+06,4269.4,10365.5,2.78926e+06,5.82975e+06,6694.02,8027.9,1.045e+06,206349,2.90709e+06,9.59567e+06,2.0704,0.403484,4.48374,3.39882,0.50208,1.60679
0,896,2.83095e+06,4381.23,10321.8,2.78596e+06,5.83696e+06,6872.73,7979.17,1.04049e+06,208039,2.93384e+06,9.54742e+06,2.12499,0.403484,4.46099,2.8071,0.340948,2.19988
0,897,2.83295e+06,4497.12,10278.9,2.78266e+06,5.84389e+06,7057.84,7931.45,1.03602e+06,209900,2.96305e+06,9.49951e+06,2.18157,0.403484,4.43875,0.942928,0,6.01262
0,898,2.83486e+06,4617.08,10236.7,2.77935e+06,5.85054e+06,7249.38,7884.58,1.03158e+06,211934,2.99474e+06,9.45193e+06,2.24016,0.403484,4.41692,0.470898,1.91354,1.60732
0,899,2.83669e+06,4741.13,10194.9,2.77605e+06,5.8569e+06,7447.39,7838.41,1.02718e+06,214143,3.02894e+06,9.4047e+06,2.30076,0.403484,4.3954,4.48356,0,6.23625
0,900,2.83842e+06,4869.27,10153.4,2.77276e+06,5.86296e+06,7651.85,7792.77,1.02281e+06,216529,3.06568e+06,9.35781e+06,2.36338,0.403484,4.37412,0,0,6.87652
0,901,2.84005e+06,5001.5,10111.8,2.76947e+06,5.86873e+06,7862.77,7747.51,1.01847e+06,219094,3.10499e+06,9.31124e+06,2.42802,0.403484,4.35296,0,0,5.33773
0,902,2.84158e+06,5137.78,10070,2.76618e+06,5.87419e+06,8080.12,7702.49,1.01417e+06,221839,3.1469e+06,9.26499e+06,2.49467,0.403484,4.33186,5.8764,0.929657,4.30848
0,903,2.843e+06,5278.09,10027.8,2.76291e+06,5.87934e+06,8303.84,7657.56,1.00989e+06,224766,3.19141e+06,9.21902e+06,2.56332,0.403484,4.31072,2.99931,1.06666,8.20571
0,904,2.84431e+06,5422.38,9984.98,2.75966e+06,5.88419e+06,8533.84,7612.59,1.00564e+06,227876,3.23857e+06,9.17332e+06,2.63394,0.403484,4.28946,1.32,0.25607,3.57408
0,905,2.84551e+06,5570.56,9941.35,2.75642e+06,5.88872e+06,8770.03,7567.44,1.00141e+06,231171,3.28838e+06,9.12785e+06,2.70651,0.403484,4.268,0.619291,0.825256,5.48672
0,906,2.8466e+06,5722.56,9896.75,2.7532e+06,5.89293e+06,9012.27,7522,997190,234652,3.34085e+06,9.08259e+06,2.78099,0.403484,4.24627,0,0,5.60239
0,907,2.84756e+06,5878.27,9851,2.75001e+06,5.89682e+06,9260.38,7476.15,992984,238319,3.39601e+06,9.03749e+06,2.85733,0.403484,4.22419,0.758797,0.513924,5.82328
0,908,2.8484e+06,6037.55,9803.94,2.74684e+06,5.90039e+06,9514.17,7429.77,988784,242174,3.45385e+06,8.99252e+06,2.93548,0.403484,4.2017,2.32001,0,4.83837
0,909,2.84912e+06,6200.25,9755.42,2.74371e+06,5.90364e+06,9773.39,7382.78,984584,246215,3.51438e+06,8.94764e+06,3.01536,0.403484,4.17873,3.36677,0.677483,3.90926
0,910,2.84972e+06,6366.21,9705.31,2.74061e+06,5.90657e+06,10037.8,7335.08,980380,250444,3.57759e+06,8.9028e+06,3.09689,0.403484,4.15523,0.849494,0.497909,2.9993
0,911,2.85019e+06,6535.21,9653.48,2.73755e+06,5.90917e+06,10307,7286.59,976166,254859,3.64348e+06,8.85795e+06,3.17998,0.403484,4.13115,5.40633,0.335942,5.20852
0,912,2.85053e+06,6707.04,9599.84,2.73454e+06,5.91144e+06,10580.7,7237.25,971936,259460,3.71203e+06,8.81306e+06,3.26452,0.403484,4.10644,2.2323,0,2.13142
0,913,2.85075e+06,6881.43,9544.29,2.73158e+06,5.91338e+06,10858.5,7187,967683,264245,3.78322e+06,8.76807e+06,3.35041,0.403484,4.08106,2.96874,0,2.71764
0,914,2.85083e+06,7058.12,9486.75,2.72868e+06,5.91501e+06,11140,7135.79,963403,269213,3.85702e+06,8.72294e+06,3.43749,0.403484,4.05498,5.16775,0.193881,1.54969
0,915,2.85079e+06,7236.78,9427.17,2.72584e+06,5.9163e+06,11424.6,7083.58,959088,274360,3.93339e+06,8.67763e+06,3.52564,0.403484,4.02817,2.18924,0.684649,0.0824548
0,916,2.85063e+06,7417.1,9365.51,2.72307e+06,5.91727e+06,11711.8,7030.37,954734,279685,4.01229e+06,8.63208e+06,3.61469,0.403484,4.00061,3.96882,0,1.89817
0,917,2.85034e+06,7598.7,9301.74,2.72037e+06,5.91792e+06,12001.1,6976.13,950335,285183,4.09366e+06,8.58625e+06,3.70447,0.403484,3.9723,2.87874,0.456813,4.42058
0,918,2.84992e+06,7781.19,9235.86,2.71775e+06,5.91825e+06,12291.7,6920.87,945885,290851,4.17744e+06,8.54011e+06,3.79478,0.403484,3.94323,5.46692,0.796191,5.71326
0,919,2.84939e+06,7964.16,9167.89,2.71522e+06,5.91827e+06,12583.2,6864.6,941380,296684,4.26355e+06,8.49361e+06,3.88544,0.403484,3.91339,6.49865,0,3.29263
0,920,2.84873e+06,8147.17,9097.86,2.71279e+06,5.91796e+06,12874.6,6807.37,936813,302676,4.35191e+06,8.44671e+06,3.97622,0.403484,3.88282,0,1.0982,3.22511
0,921,2.84796e+06,8329.74,9025.82,2.71045e+06,5.91735e+06,13165.4,6749.2,932182,308821,4.44243e+06,8.39938e+06,4.0669,0.403484,3.85151,5.11692,0.870402,2.64272
0,922,2.84707e+06,8511.4,8951.84,2.70822e+06,5.91643e+06,13454.6,6690.15,927481,315112,4.535e+06,8.35158e+06,4.15724,0.403484,3.81951,4.43624,0.755756,4.02339
0,923,2.84607e+06,8691.64,8876.02,2.7061e+06,5.91521e+06,13741.6,6630.28,922707,321541,4.6295e+06,8.3033e+06,4.24699,0.403484,3.78684,4.71239,0.307014,5.71178
0,924,2.84497e+06,8869.92,8798.46,2.70411e+06,5.91369e+06,14025.4,6569.68,917856,328101,4.72582e+06,8.2545e+06,4.3359,0.403484,3.75354,0.921585,0,1.85944
0,925,2.84377e+06,9045.71,8719.29,2.70225e+06,5.91188e+06,14305.1,6508.44,912927,334782,4.8238e+06,8.20518e+06,4.42369,0.403484,3.71967,2.97529,1.23302,3.8249
0,926,2.84247e+06,9218.46,8638.65,2.70052e+06,5.90978e+06,14579.9,6446.65,907916,341574,4.9233e+06,8.15531e+06,4.5101,0.403484,3.68528,8.26551,1.01462,3.3834
0,927,2.84107e+06,9387.6,8556.7,2.69893e+06,5.9074e+06,14848.9,6384.43,902823,348467,5.02417e+06,8.10488e+06,4.59484,0.403484,3.65043,7.49841,0,5.12029
0,928,2.8396e+06,9552.59,8473.62,2.6975e+06,5.90475e+06,15111.1,6321.9,897646,355449,5.12622e+06,8.0539e+06,4.67763,0.403484,3.61519,7.36859,1.66202,3.57579
0,929,2.83805e+06,9712.85,8389.58,2.69622e+06,5.90184e+06,15365.7,6259.18,892385,362509,5.22928e+06,8.00236e+06,4.7582,0.403484,3.57964,6.27749,0,3.80367
0,930,2.83642e+06,9867.82,8304.8,2.69511e+06,5.89867e+06,15611.7,6196.42,887041,369633,5.33316e+06,7.95027e+06,4.83626,0.403484,3.54386,5.5306,1.08372,5.49699
0,931,2.83473e+06,10017,8219.48,2.69417e+06,5.89525e+06,15848.2,6133.76,881613,376809,5.43766e+06,7.89764e+06,4.91153,0.403484,3.50792,2.09182,0.279997,0
0,932,2.83298e+06,10159.8,8133.85,2.69342e+06,5.89159e+06,16074.4,6071.34,876106,384022,5.54258e+06,7.8445e+06,4.98374,0.403484,3.47192,5.27216,0.287655,4.24525
0,933,2.83118e+06,10295.7,8048.13,2.69284e+06,5.88771e+06,16289.4,6009.33,870519,391259,5.64768e+06,7.79086e+06,5.05262,0.403484,3.43596,3.92483,0.354645,3.26336
0,934,2.82934e+06,10424.2,7962.55,2.69247e+06,5.8836e+06,16492.5,5947.89,864857,398504,5.75277e+06,7.73675e+06,5.11792,0.403484,3.40012,4.23754,0,4.21418
0,935,2.82746e+06,10545,7877.38,2.69229e+06,5.87929e+06,16682.8,5887.18,859124,405742,5.85759e+06,7.68221e+06,5.17941,0.403484,3.3645,4.97598,0,2.2853
0,936,2.82556e+06,10657.4,7792.83,2.69231e+06,5.87478e+06,16859.6,5827.36,853323,412957,5.96194e+06,7.62729e+06,5.23685,0.403484,3.3292,7.13658,0.311535,2.61842
0,937,2.82364e+06,10761.3,7709.17,2.69255e+06,5.87008e+06,17022.4,5768.6,847459,420135,6.06556e+06,7.57202e+06,5.29004,0.403484,3.29433,7.3719,1.38322,4.35129
0,938,2.82171e+06,10856.1,7626.65,2.693e+06,5.8652e+06,17170.4,5711.07,841539,427258,6.16823e+06,7.51645e+06,5.33878,0.403484,3.25998,5.46434,0.0773225,6.00867
0,939,2.81978e+06,10941.6,7545.5,2.69367e+06,5.86016e+06,17303.3,5654.94,835568,434311,6.2697e+06,7.46065e+06,5.38292,0.403484,3.22626,8.96832,1.17767,0.895659
0,940,2.81786e+06,11017.6,7465.97,2.69457e+06,5.85496e+06,17420.5,5600.37,829553,441278,6.36974e+06,7.40466e+06,5.4223,0.403484,3.19326,5.96388,0.522647,1.14787
0,941,2.81595e+06,11083.8,7388.31,2.69569e+06,5.84962e+06,17521.7,5547.53,823501,448143,6.46812e+06,7.34856e+06,5.4568,0.403484,3.16108,5.23724,0.305098,1.98402
0,942,2.81407e+06,11140,7312.74,2.69705e+06,5.84415e+06,17606.7,5496.56,817420,454890,6.5646e+06,7.29242e+06,5.48633,0.403484,3.12982,6.49887,1.24889,5.96907
0,943,2.81222e+06,11186.2,7239.51,2.69864e+06,5.83856e+06,17675.2,5447.64,811319,461505,6.65896e+06,7.2363e+06,5.51081,0.403484,3.09958,3.9214,0.0949924,1.33912
0,944,2.81041e+06,11222.3,7168.83,2.70047e+06,5.83286e+06,17727.2,5400.91,805206,467971,6.75099e+06,7.18028e+06,5.53021,0.403484,3.07045,5.5935,0,2.50604
0,945,2.80865e+06,11248.3,7100.91,2.70254e+06,5.82706e+06,17762.6,5356.52,799089,474274,6.84046e+06,7.12444e+06,5.5445,0.403484,3.04251,6.78038,0.331141,1.38846
0,946,2.80695e+06,11264.2,7035.97,2.70484e+06,5.82118e+06,17781.5,5314.61,792979,480400,6.92717e+06,7.06887e+06,5.5537,0.403484,3.01586,4.8771,0,1.33723
0,947,2.80531e+06,11270.2,6974.2,2.70739e+06,5.81522e+06,17784,5275.31,786885,486337,7.01094e+06,7.01363e+06,5.55783,0.403484,2.99058,3.2677,0.710694,2.6762
0,948,2.80373e+06,11266.3,6915.79,2.71017e+06,5.80919e+06,17770.4,5238.76,780817,492071,7.09157e+06,6.95883e+06,5.55697,0.403484,2.96674,5.91122,1.68347,5.67617
0,949,2.80224e+06,11252.8,6860.92,2.71318e+06,5.80311e+06,17741,5205.09,774784,497590,7.16891e+06,6.90454e+06,5.55119,0.403484,2.94443,1.28114,0.815171,0.532832
0,950,2.80082e+06,11229.9,6809.76,2.71643e+06,5.79698e+06,17696.2,5174.41,768797,502884,7.24278e+06,6.85086e+06,5.54061,0.403484,2.92371,6.22188,1.41335,3.44833
0,951,2.7995e+06,11198,6762.47,2.71991e+06,5.79081e+06,17636.5,5146.83,762867,507942,7.31306e+06,6.79787e+06,5.52535,0.403484,2.90465,4.57064,0.697605,0.671215
0,952,2.79826e+06,11157.2,6719.2,2.72362e+06,5.78462e+06,17562.2,5122.47,757004,512755,7.3796e+06,6.74567e+06,5.50555,0.403484,2.88732,0,0.610301,2.8947
0,953,2.79712e+06,11107.9,6680.09,2.72755e+06,5.7784e+06,17474.1,5101.43,751219,517314,7.4423e+06,6.69434e+06,5.4814,0.403484,2.87178,4.78248,0.518675,2.05797
0,954,2.79609e+06,11050.6,6645.28,2.7317e+06,5.77217e+06,17372.7,5083.8,745522,521613,7.50105e+06,6.64399e+06,5.45306,0.403484,2.85809,3.55607,0.0120538,5.43065
0,955,2.79515e+06,10985.5,6614.9,2.73607e+06,5.76593e+06,17258.7,5069.68,739923,525644,7.55577e+06,6.59469e+06,5.42074,0.403484,2.8463,4.22477,1.06232,2.72351
0,956,2.79432e+06,10913.3,6589.04,2.74063e+06,5.75969e+06,17132.8,5059.17,734434,529404,7.60639e+06,6.54655e+06,5.38463,0.403484,2.83646,0.492803,0.375794,2.44657
0,957,2.7936e+06,10834.1,6567.84,2.7454e+06,5.75346e+06,16995.7,5052.33,729064,532886,7.65285e+06,6.49965e+06,5.34497,0.403484,2.82863,6.07914,0,4.52448
0,958,2.79299e+06,10748.6,6551.39,2.75036e+06,5.74724e+06,16848.1,5049.26,723825,536089,7.69511e+06,6.45408e+06,5.30197,0.403484,2.82284,2.45314,1.0993,1.02697
0,959,2.79249e+06,10657.1,6539.78,2.75551e+06,5.74103e+06,16690.8,5050.02,718727,539009,7.73315e+06,6.40993e+06,5.25585,0.403484,2.81915,3.49146,0,2.23858
0,960,2.7921e+06,10560.2,6533.12,2.76083e+06,5.73484e+06,16524.5,5054.71,713779,541645,7.76696e+06,6.3673e+06,5.20686,0.403484,2.81759,5.82443,0.416752,4.52709
0,961,2.79182e+06,10458.2,6531.49,2.76631e+06,5.72867e+06,16350.1,5063.39,708993,543997,7.79653e+06,6.32627e+06,5.15523,0.403484,2.8182,3.9121,0,0.447918
0,962,2.79165e+06,10351.6,6534.97,2.77195e+06,5.72252e+06,16168.2,5076.12,704378,546065,7.82189e+06,6.28692e+06,5.10118,0.403484,2.82103,4.31941,0,3.72637
0,963,2.79159e+06,10240.9,6543.64,2.77774e+06,5.7164e+06,15979.6,5092.99,699944,547850,7.84306e+06,6.24936e+06,5.04494,0.403484,2.8261,7.57853,0,0.849777
0,964,2.79164e+06,10126.5,6557.58,2.78366e+06,5.71031e+06,15785.1,5114.06,695701,549355,7.86007e+06,6.21365e+06,4.98674,0.403484,2.83346,4.16652,0.768092,4.37189
0,965,2.79179e+06,10008.9,6576.87,2.78971e+06,5.70425e+06,15585.3,5139.4,691658,550581,7.87299e+06,6.17989e+06,4.92681,0.403484,2.84314,5.92907,0.948247,0.233785
0,966,2.79204e+06,9888.31,6601.57,2.79587e+06,5.69822e+06,15380.9,5169.07,687826,551534,7.88187e+06,6.14816e+06,4.86534,0.403484,2.85517,5.92563,0,3.99899
0,967,2.79239e+06,9765.27,6631.77,2.80214e+06,5.69221e+06,15172.6,5203.14,684213,552215,7.88678e+06,6.11854e+06,4.80255,0.403484,2.86959,4.52531,1.09244,1.61006
0,968,2.79283e+06,9640.11,6667.53,2.80849e+06,5.68624e+06,14961,5241.68,680828,552631,7.88779e+06,6.09112e+06,4.73863,0.403484,2.88643,4.61765,1.04838,4.14485
0,969,2.79336e+06,9513.19,6708.93,2.81493e+06,5.68029e+06,14746.8,5284.76,677682,552787,7.885e+06,6.06597e+06,4.67377,0.403484,2.90573,3.35629,0.276564,1.90221
0,970,2.79398e+06,9384.84,6756.03,2.82143e+06,5.67438e+06,14530.4,5332.44,674782,552688,7.8785e+06,6.04318e+06,4.60814,0.403484,2.92752,7.06818,0.499488,2.36522
0,971,2.79467e+06,9255.37,6808.9,2.82798e+06,5.66849e+06,14312.3,5384.79,672138,552340,7.86838e+06,6.02283e+06,4.54191,0.403484,2.95183,4.59307,1.34777,1.12281
0,972,2.79544e+06,9125.06,6867.62,2.83458e+06,5.66262e+06,14093.2,5441.87,669759,551751,7.85475e+06,6.00499e+06,4.47524,0.403484,2.9787,7.01677,0,3.6961
0,973,2.79628e+06,8994.19,6932.25,2.84121e+06,5.65677e+06,13873.4,5503.77,667652,550925,7.83772e+06,5.98974e+06,4.40825,0.403484,3.00816,7.58658,0.242919,1.615
0,974,2.79718e+06,8862.98,7002.86,2.84786e+06,5.65095e+06,13653.3,5570.53,665827,549872,7.81739e+06,5.97716e+06,4.3411,0.403484,3.04024,6.38749,0,0
0,975,2.79814e+06,8731.67,7079.52,2.85451e+06,5.64515e+06,13433.3,5642.24,664291,548597,7.79389e+06,5.96733e+06,4.27389,0.403484,3.07498,5.94709,0.892443,3.24198
0,976,2.79914e+06,8600.45,7162.3,2.86115e+06,5.63936e+06,13213.9,5718.95,663054,547109,7.76732e+06,5.96031e+06,4.20674,0.403484,3.1124,2.75567,0.742873,6.73292
0,977,2.80019e+06,8469.5,7251.25,2.86778e+06,5.63358e+06,12995.1,5800.73,662122,545415,7.7378e+06,5.95619e+06,4.13974,0.403484,3.15255,1.00942,0.0581638,6.00227
0,978,2.80127e+06,8338.98,7346.44,2.87437e+06,5.62782e+06,12777.5,5887.64,661505,543521,7.70545e+06,5.95504e+06,4.07298,0.403484,3.19544,7.45073,0.451171,2.61554
0,979,2.80238e+06,8209.02,7447.93,2.88092e+06,5.62206e+06,12561.1,5979.73,661209,541437,7.67039e+06,5.95692e+06,4.00654,0.403484,3.24111,0,0.0811823,4.22345
0,980,2.80351e+06,8079.75,7555.77,2.88741e+06,5.61631e+06,12346.3,6077.06,661243,539169,7.63273e+06,5.96192e+06,3.94049,0.403484,3.28958,2.86862,0.997572,0.542287
0,981,2.80465e+06,7951.26,7669.99,2.89383e+06,5.61056e+06,12133.1,6179.69,661615,536725,7.59259e+06,5.9701e+06,3.87489,0.403484,3.34089,1.17432,0.915769,3.56153
0,982,2.80579e+06,7823.65,7790.65,2.90018e+06,5.60481e+06,11921.7,6287.64,662330,534113,7.55009e+06,5.98152e+06,3.80978,0.403484,3.39504,5.96309,0.85678,5.975
0,983,2.80693e+06,7696.97,7917.77,2.90643e+06,5.59906e+06,11712.4,6400.96,663398,531339,7.50533e+06,5.99626e+06,3.74521,0.403484,3.45206,6.40825,0,3.41843
0,984,2.80806e+06,7571.29,8051.36,2.91258e+06,5.5933e+06,11505,6519.68,664824,528411,7.45844e+06,6.01439e+06,3.68122,0.403484,3.51197,0.0582191,1.26662,4.96811
0,985,2.80917e+06,7446.64,8191.44,2.91861e+06,5.58754e+06,11299.9,6643.79,666615,525336,7.4095e+06,6.03596e+06,3.61782,0.403484,3.57476,3.83699,0,5.75257
0,986,2.81025e+06,7323.06,8337.99,2.92451e+06,5.58177e+06,11097,6773.32,668777,522120,7.35864e+06,6.06103e+06,3.55504,0.403484,3.64044,3.69808,0,4.98242
0,987,2.81129e+06,7200.56,8491,2.93028e+06,5.57598e+06,10896.3,6908.24,671318,518771,7.30595e+06,6.08966e+06,3.49289,0.403484,3.70901,3.76587,0.304017,7.91136
0,988,2.81229e+06,7079.16,8650.4,2.93591e+06,5.57019e+06,10697.9,7048.52,674242,515295,7.25153e+06,6.12191e+06,3.43139,0.403484,3.78045,3.14344,0,4.58102
0,989,2.81324e+06,6958.85,8816.15,2.94137e+06,5.56438e+06,10501.8,7194.12,677555,511697,7.19548e+06,6.15783e+06,3.37054,0.403484,3.85474,5.09555,0.406249,6.28557
0,990,2.81413e+06,6839.63,8988.14,2.94666e+06,5.55856e+06,10308,7344.97,681261,507985,7.13788e+06,6.19745e+06,3.31034,0.403484,3.93184,0.715363,0.622793,2.60944
0,991,2.81495e+06,6721.49,9166.27,2.95178e+06,5.55273e+06,10116.6,7500.97,685365,504163,7.07883e+06,6.24083e+06,3.25078,0.403484,4.01172,2.06492,0.362448,4.37269
0,992,2.8157e+06,6604.4,9350.37,2.95671e+06,5.54688e+06,9927.38,7662.01,689871,500238,7.01842e+06,6.288e+06,3.19187,0.403484,4.0943,3.88682,1.19815,5.77469
0,993,2.81636e+06,6488.36,9540.28,2.96145e+06,5.54102e+06,9740.46,7827.94,694782,496214,6.95672e+06,6.33898e+06,3.1336,0.403484,4.17953,1.86641,0,4.88834
0,994,2.81694e+06,6373.35,9735.77,2.96598e+06,5.53515e+06,9555.76,7998.59,700099,492097,6.89381e+06,6.3938e+06,3.07595,0.403484,4.26731,2.15903,0,5.65225
0,995,2.81742e+06,6259.33,9936.6,2.97029e+06,5.52927e+06,9373.28,8173.74,705825,487892,6.82978e+06,6.45246e+06,3.01892,0.403484,4.35754,0,0.267228,5.36995
0,996,2.8178e+06,6146.28,10142.5,2.97439e+06,5.52339e+06,9192.97,8353.15,711959,483603,6.76468e+06,6.51499e+06,2.9625,0.403484,4.4501,1.86022,0.305895,4.9018
0,997,2.81807e+06,6034.2,10353,2.97826e+06,5.5175e+06,9014.8,8536.53,718502,479235,6.69859e+06,6.58136e+06,2.90668,0.403484,4.54485,3.80435,0.150896,3.76654
0,998,2.81823e+06,5923.05,10567.9,2.98189e+06,5.51161e+06,8838.76,8723.57,725452,474792,6.63158e+06,6.65156e+06,2.85144,0.403484,4.64162,2.28713,1.10644,2.44818
0,999,2.81827e+06,5812.82,10786.7,2.98528e+06,5.50573e+06,8664.81,8913.9,732805,470279,6.56371e+06,6.72557e+06,2.79679,0.403484,4.74024,5.58636,1.13179,7.09947
0,1000,2.81819e+06,5703.51,11008.9,2.98842e+06,5.49986e+06,8492.94,9107.1,740558,465698,6.49504e+06,6.80334e+06,2.74271,0.403484,4.84049,4.04756,1.07401,6.74437
0,1001,2.81799e+06,5595.1,11233.9,2.99131e+06,5.49401e+06,8323.14,9302.74,748706,461055,6.42563e+06,6.88482e+06,2.68921,0.403484,4.94215,0.380652,0,5.14975
0,1002,2.81765e+06,5487.6,11461.2,2.99395e+06,5.48818e+06,8155.38,9500.31,757240,456353,6.35553e+06,6.96993e+06,2.63626,0.403484,5.04498,1.50472,1.30318,8.18724
0,1003,2.81719e+06,5381.02,11690.3,2.99633e+06,5.4824e+06,7989.69,9699.27,766153,451595,6.28481e+06,7.05861e+06,2.58389,0.403484,5.14869,1.25092,0.135159,5.69674
0,1004,2.81659e+06,5275.36,11920.2,2.99844e+06,5.47665e+06,7826.07,9899.04,775434,446785,6.21352e+06,7.15073e+06,2.53209,0.403484,5.25299,2.55755,0.588565,6.07509
0,1005,2.81585e+06,5170.65,12150.5,3.00028e+06,5.47096e+06,7664.54,10099,785071,441927,6.1417e+06,7.24619e+06,2.48086,0.403484,5.35757,4.51403,0.346318,3.21356
0,1006,2.81499e+06,5066.91,12380.2,3.00186e+06,5.46534e+06,7505.13,10298.4,795050,437023,6.06941e+06,7.34485e+06,2.43023,0.403484,5.46207,0.56076,0,7.96189
0,1007,2.81399e+06,4964.19,12608.6,3.00317e+06,5.45979e+06,7347.87,10496.7,805356,432078,5.9967e+06,7.44654e+06,2.38019,0.403484,5.56615,1.23453,0.447255,3.2907
0,1008,2.81285e+06,4862.53,12834.8,3.00422e+06,5.45434e+06,7192.83,10693,815969,427095,5.92362e+06,7.55111e+06,2.33076,0.403484,5.66942,2.08351,0,2.25243
0,1009,2.81159e+06,4761.97,13057.9,3.00499e+06,5.449e+06,7040.05,10886.7,826872,422076,5.85021e+06,7.65836e+06,2.28197,0.403484,5.77148,0.768921,1.28262,0.477839
0,1010,2.8102e+06,4662.59,13277,3.0055e+06,5.44377e+06,6889.62,11076.8,838041,417026,5.77654e+06,7.76807e+06,2.23384,0.403484,5.87192,3.72423,0.248231,4.01145
0,1011,2.80869e+06,4564.44,13491.1,3.00575e+06,5.43869e+06,6741.6,11262.6,849454,411948,5.70265e+06,7.88001e+06,2.1864,0.403484,5.97033,0,0,7.87501
0,1012,2.80707e+06,4467.61,13699.4,3.00574e+06,5.43376e+06,6596.09,11443.2,861085,406845,5.62859e+06,7.99393e+06,2.13967,0.403484,6.06628,2.77168,0,4.34745
0,1013,2.80533e+06,4372.18,13900.9,3.00548e+06,5.42901e+06,6453.19,11617.9,872906,401721,5.55441e+06,8.10957e+06,2.09369,0.403484,6.15934,0.601451,0.561293,7.67387
0,1014,2.80349e+06,4278.22,14094.6,3.00496e+06,5.42445e+06,6313.01,11785.8,884888,396580,5.48016e+06,8.22664e+06,2.04849,0.403484,6.24907,3.66759,1.28368,9.10935
0,1015,2.80156e+06,4185.84,14279.7,3.00421e+06,5.42009e+06,6175.64,11946.2,897000,391424,5.4059e+06,8.34484e+06,2.00412,0.403484,6.33505,1.03251,1.35181,9.65436
0,1016,2.79954e+06,4095.12,14455.2,3.00321e+06,5.41597e+06,6041.21,12098.1,909211,386260,5.33167e+06,8.46386e+06,1.9606,0.403484,6.41688,0.879755,0,11.3158
0,1017,2.79744e+06,4006.18,14620.2,3.00199e+06,5.4121e+06,5909.84,12240.9,921486,381089,5.25754e+06,8.58336e+06,1.91799,0.403484,6.49415,2.83232,0.120094,7.23113
0,1018,2.79528e+06,3919.1,14774.1,3.00054e+06,5.4085e+06,5781.64,12373.9,933791,375916,5.18355e+06,8.70301e+06,1.87632,0.403484,6.56647,1.5567,0.68598,6.00079
0,1019,2.79306e+06,3833.99,14916,2.99889e+06,5.40519e+06,5656.75,12496.3,946089,370745,5.10975e+06,8.82245e+06,1.83564,0.403484,6.63351,0.541304,0.86956,0.356848
0,1020,2.7908e+06,3750.96,15045.3,2.99703e+06,5.40219e+06,5535.29,12607.7,958345,365580,5.03622e+06,8.94135e+06,1.79598,0.403484,6.69494,2.50094,0.480164,4.63993
0,1021,2.7885e+06,3670.09,15161.4,2.99498e+06,5.39952e+06,5417.37,12707.5,970521,360426,4.963e+06,9.05932e+06,1.75741,0.403484,6.75046,3.3557,0.567413,2.82699
0,1022,2.78619e+06,3591.5,15263.7,2.99275e+06,5.3972e+06,5303.12,12795.2,982580,355286,4.89015e+06,9.17603e+06,1.71994,0.403484,6.79982,0.727605,0.837133,7.3991
0,1023,2.78387e+06,3515.27,15352,2.99034e+06,5.39524e+06,5192.65,12870.4,994486,350166,4.81773e+06,9.2911e+06,1.68364,0.403484,6.84282,1.38449,0.74855,5.72611
0,1024,2.78156e+06,3441.5,15425.9,2.98778e+06,5.39367e+06,5086.07,12932.9,1.0062e+06,345069,4.7458e+06,9.40418e+06,1.64852,0.403484,6.87928,2.57708,1.2796,8.93844
0,1025,2.77926e+06,3370.26,15485.1,2.98507e+06,5.39249e+06,4983.49,12982.5,1.01769e+06,340000,4.67441e+06,9.51493e+06,1.61464,0.403484,6.9091,1.21074,1.17907,10.5211
0,1026,2.777e+06,3301.65,15529.7,2.98222e+06,5.39174e+06,4884.99,13019,1.02892e+06,334964,4.60362e+06,9.623e+06,1.58203,0.403484,6.93219,0.593381,0,6.31815
0,1027,2.77478e+06,3235.73,15559.5,2.97925e+06,5.3914e+06,4790.66,13042.6,1.03986e+06,329964,4.5335e+06,9.72807e+06,1.55071,0.403484,6.94854,1.05675,0.344055,6.53819
0,1028,2.77261e+06,3172.57,15574.8,2.97617e+06,5.39151e+06,4700.59,13053.2,1.05046e+06,325006,4.4641e+06,9.82984e+06,1.52073,0.403484,6.95817,2.44059,0.830473,7.37425
0,1029,2.77052e+06,3112.23,15575.7,2.97298e+06,5.39207e+06,4614.84,13051,1.06071e+06,320094,4.39548e+06,9.928e+06,1.49209,0.403484,6.96115,0,0.83511,6.61918
0,1030,2.76851e+06,3054.76,15562.6,2.9697e+06,5.39309e+06,4533.47,13036.4,1.07058e+06,315233,4.32769e+06,1.00223e+07,1.46484,0.403484,6.95761,0.298083,0,7.23601
0,1031,2.76659e+06,3000.21,15535.8,2.96634e+06,5.39458e+06,4456.53,13009.6,1.08003e+06,310426,4.26079e+06,1.01124e+07,1.43898,0.403484,6.94772,0.726563,0.461421,10.6475
0,1032,2.76477e+06,2948.6,15496,2.96291e+06,5.39654e+06,4384.07,12971.1,1.08905e+06,305678,4.19483e+06,1.01982e+07,1.41453,0.403484,6.93167,1.82158,0.417541,3.65017
0,1033,2.76306e+06,2899.98,15443.7,2.95943e+06,5.39897e+06,4316.1,12921.4,1.09761e+06,300993,4.12988e+06,1.02795e+07,1.39151,0.403484,6.90972,1.14415,0,5.22004
0,1034,2.76148e+06,2854.35,15379.4,2.95589e+06,5.40188e+06,4252.67,12861.1,1.10569e+06,296376,4.06597e+06,1.0356e+07,1.36993,0.403484,6.88215,1.39817,0.683888,9.80512
0,1035,2.76003e+06,2811.75,15304.1,2.95231e+06,5.40526e+06,4193.78,12790.8,1.11328e+06,291830,4.00317e+06,1.04276e+07,1.34979,0.403484,6.84927,2.11609,1.60081,10.8528
0,1036,2.75871e+06,2772.17,15218.3,2.9487e+06,5.40912e+06,4139.43,12711.1,1.12037e+06,287359,3.94151e+06,1.04942e+07,1.33109,0.403484,6.81141,0.705818,0.257095,6.11461
0,1037,2.75754e+06,2735.62,15122.9,2.94506e+06,5.41344e+06,4089.63,12622.7,1.12694e+06,282966,3.88106e+06,1.05557e+07,1.31385,0.403484,6.76892,2.64828,1.23024,4.86134
0,1038,2.75651e+06,2702.1,15018.8,2.94141e+06,5.41822e+06,4044.37,12526.5,1.13298e+06,278657,3.82184e+06,1.0612e+07,1.29805,0.403484,6.7222,0,0,3.53463
0,1039,2.75564e+06,2671.6,14906.8,2.93775e+06,5.42346e+06,4003.64,12423,1.1385e+06,274433,3.76391e+06,1.0663e+07,1.28371,0.403484,6.67161,1.05269,0,5.78496
0,1040,2.75493e+06,2644.11,14787.8,2.93408e+06,5.42913e+06,3967.43,12313.1,1.14348e+06,270299,3.70731e+06,1.07088e+07,1.2708,0.403484,6.61755,0.729195,0.645471,5.42961
0,1041,2.75438e+06,2619.62,14662.5,2.93042e+06,5.43524e+06,3935.7,12197.6,1.14794e+06,266257,3.65207e+06,1.07494e+07,1.25933,0.403484,6.56042,0.569193,0.162978,2.41122
0,1042,2.754e+06,2598.11,14532,2.92676e+06,5.44176e+06,3908.45,12077.2,1.15186e+06,262310,3.59824e+06,1.07848e+07,1.24929,0.403484,6.50061,2.95208,1.13308,11.5496
0,1043,2.75377e+06,2579.57,14397,2.92311e+06,5.44869e+06,3885.64,11952.6,1.15527e+06,258462,3.54585e+06,1.0815e+07,1.24067,0.403484,6.4385,0.967282,0,7.44208
0,1044,2.75372e+06,2563.97,14258.4,2.91947e+06,5.456e+06,3867.25,11824.5,1.15815e+06,254714,3.49494e+06,1.08402e+07,1.23346,0.403484,6.37449,0,0.0525835,8.55341
0,1045,2.75382e+06,2551.29,14116.9,2.91585e+06,5.46367e+06,3853.25,11693.8,1.16054e+06,251071,3.44553e+06,1.08603e+07,1.22766,0.403484,6.30894,1.93518,0,4.40497
0,1046,2.75409e+06,2541.52,13973.3,2.91225e+06,5.4717e+06,3843.62,11560.9,1.16242e+06,247533,3.39765e+06,1.08757e+07,1.22325,0.403484,6.2422,0.6243,0,10.0667
0,1047,2.75452e+06,2534.64,13828.3,2.90867e+06,5.48006e+06,3838.33,11426.6,1.16383e+06,244104,3.35134e+06,1.08862e+07,1.22024,0.403484,6.17461,0.0844307,0.968641,7.85762
0,1048,2.75511e+06,2530.62,13682.6,2.90512e+06,5.48872e+06,3837.37,11291.5,1.16476e+06,240785,3.30663e+06,1.08922e+07,1.2186,0.403484,6.1065,1.00671,0.0022611,9.86538
0,1049,2.75586e+06,2529.45,13536.9,2.90158e+06,5.49768e+06,3840.71,11156.1,1.16525e+06,237578,3.26353e+06,1.08938e+07,1.21833,0.403484,6.03816,0,0.0223974,9.45458
0,1050,2.75675e+06,2531.12,13391.7,2.89807e+06,5.5069e+06,3848.34,11020.9,1.1653e+06,234486,3.22208e+06,1.0891e+07,1.21943,0.403484,5.96987,1.43761,0.72376,5.50478
0,1051,2.7578e+06,2535.62,13247.5,2.89459e+06,5.51637e+06,3860.24,10886.5,1.16494e+06,231510,3.18229e+06,1.08842e+07,1.22188,0.403484,5.9019,2.12221,0.45507,6.24243
0,1052,2.75898e+06,2542.92,13104.9,2.89113e+06,5.52607e+06,3876.41,10753.3,1.16417e+06,228652,3.14419e+06,1.08735e+07,1.2257,0.403484,5.83448,0.31554,0.0546892,6.79393
0,1053,2.7603e+06,2553.04,12964.3,2.88769e+06,5.53596e+06,3896.85,10621.6,1.16303e+06,225914,3.1078e+06,1.08591e+07,1.23087,0.403484,5.76783,0.983219,0.546601,6.72964
0,1054,2.76175e+06,2565.96,12826.2,2.88428e+06,5.54604e+06,3921.55,10491.8,1.16154e+06,223297,3.07313e+06,1.08412e+07,1.23739,0.403484,5.70213,0,0,4.91562
0,1055,2.76333e+06,2581.68,12690.7,2.88089e+06,5.55627e+06,3950.53,10364.2,1.1597e+06,220802,3.04022e+06,1.082e+07,1.24526,0.403484,5.63757,0.878006,0.0185381,6.9442
0,1056,2.76502e+06,2600.21,12558.4,2.87752e+06,5.56664e+06,3983.79,10239.1,1.15755e+06,218432,3.00907e+06,1.07957e+07,1.25449,0.403484,5.57429,1.83151,0,5.04693
0,1057,2.76683e+06,2621.55,12429.4,2.87417e+06,5.57712e+06,4021.37,10116.8,1.1551e+06,216187,2.97971e+06,1.07684e+07,1.26508,0.403484,5.51243,0.996942,0.484713,8.88524
0,1058,2.76874e+06,2645.72,12303.9,2.87083e+06,5.5877e+06,4063.27,9997.37,1.15238e+06,214069,2.95216e+06,1.07385e+07,1.27703,0.403484,5.45209,1.16517,1.05265,2.29466
0,1059,2.77075e+06,2672.72,12182.2,2.86752e+06,5.59835e+06,4109.53,9881.07,1.14941e+06,212078,2.92642e+06,1.07061e+07,1.29036,0.403484,5.39338,0.638814,1.33751,3.30551
0,1060,2.77285e+06,2702.59,12064.3,2.86422e+06,5.60905e+06,4160.18,9767.99,1.1462e+06,210218,2.90253e+06,1.06713e+07,1.30507,0.403484,5.33636,0,1.94911,4.61108
0,1061,2.77503e+06,2735.33,11950.5,2.86093e+06,5.61978e+06,4215.28,9658.24,1.14277e+06,208488,2.88049e+06,1.06344e+07,1.32117,0.403484,5.2811,2.06151,0.447814,7.32526
0,1062,2.77728e+06,2770.99,11840.7,2.85765e+06,5.63052e+06,4274.86,9551.9,1.13916e+06,206890,2.86033e+06,1.05956e+07,1.33868,0.403484,5.22764,0.626621,0.487585,7.61255
0,1063,2.77961e+06,2809.58,11735,2.85439e+06,5.64125e+06,4338.98,9449.01,1.13536e+06,205425,2.84207e+06,1.05551e+07,1.35762,0.403484,5.176,2.48032,0,2.41563
0,1064,2.78199e+06,2851.15,11633.5,2.85113e+06,5.65195e+06,4407.71,9349.59,1.13141e+06,204095,2.82571e+06,1.0513e+07,1.37799,0.403484,5.12622,1.55815,0.947877,7.53257
0,1065,2.78443e+06,2895.73,11536.1,2.84788e+06,5.66261e+06,4481.1,9253.64,1.12731e+06,202901,2.81129e+06,1.04695e+07,1.39982,0.403484,5.07828,3.61,0.61609,6.99501
0,1066,2.78691e+06,2943.36,11442.7,2.84464e+06,5.6732e+06,4559.23,9161.14,1.1231e+06,201844,2.79882e+06,1.04247e+07,1.42313,0.403484,5.03218,0.439369,0.636178,4.85082
0,1067,2.78943e+06,2994.09,11353.4,2.8414e+06,5.68372e+06,4642.17,9072.05,1.11878e+06,200926,2.78832e+06,1.03789e+07,1.44795,0.403484,4.9879,1.39451,0.153338,7.36182
0,1068,2.79198e+06,3047.97,11268.1,2.83816e+06,5.69414e+06,4730,8986.3,1.11436e+06,200148,2.77981e+06,1.03321e+07,1.47429,0.403484,4.94542,2.241,0.182412,6.95346
0,1069,2.79455e+06,3105.04,11186.6,2.83492e+06,5.70445e+06,4822.81,8903.84,1.10987e+06,199511,2.77331e+06,1.02846e+07,1.50218,0.403484,4.90469,3.64256,0.0813741,2.14508
0,1070,2.79714e+06,3165.36,11108.9,2.83168e+06,5.71464e+06,4920.69,8824.56,1.10531e+06,199017,2.76885e+06,1.02364e+07,1.53164,0.403484,4.86568,2.76451,0.00726311,3.23812
0,1071,2.79973e+06,3228.99,11034.8,2.82844e+06,5.72468e+06,5023.73,8748.36,1.1007e+06,198668,2.76645e+06,1.01876e+07,1.56272,0.403484,4.82832,1.69425,0.489736,5.95883
0,1072,2.80232e+06,3295.99,10964.1,2.82519e+06,5.73457e+06,5132.03,8675.15,1.09606e+06,198465,2.76613e+06,1.01385e+07,1.59542,0.403484,4.79256,3.2306,0,7.76361
0,1073,2.80491e+06,3366.4,10896.8,2.82195e+06,5.74429e+06,5245.68,8604.79,1.09139e+06,198409,2.76792e+06,1.0089e+07,1.62979,0.403484,4.75833,1.95444,1.08527,4.86891
0,1074,2.80748e+06,3440.3,10832.6,2.81869e+06,5.75384e+06,5364.78,8537.15,1.08669e+06,198504,2.77185e+06,1.00393e+07,1.66586,0.403484,4.72557,3.69104,0.245367,5.5255
0,1075,2.81003e+06,3517.75,10771.3,2.81544e+06,5.76319e+06,5489.43,8472.1,1.08199e+06,198749,2.77793e+06,9.98948e+06,1.70365,0.403484,4.6942,3.30236,1.39615,0.749975
0,1076,2.81256e+06,3598.8,10712.9,2.81217e+06,5.77234e+06,5619.74,8409.5,1.07729e+06,199148,2.78619e+06,9.93962e+06,1.7432,0.403484,4.66414,1.70997,0.843475,8.1782
0,1077,2.81505e+06,3683.53,10657,2.8089e+06,5.78128e+06,5755.81,8349.19,1.0726e+06,199702,2.79668e+06,9.88978e+06,1.78453,0.403484,4.6353,3.37878,0,4.52774
0,1078,2.8175e+06,3771.98,10603.5,2.80563e+06,5.79e+06,5897.73,8291.02,1.06792e+06,200412,2.8094e+06,9.84004e+06,1.82768,0.403484,4.60761,1.56459,0.142417,8.61776
0,1079,2.8199e+06,3864.21,10552.2,2.80235e+06,5.79848e+06,6045.59,8234.84,1.06326e+06,201282,2.8244e+06,9.79046e+06,1.87268,0.403484,4.58098,2.31646,0.209593,3.95723
0,1080,2.82225e+06,3960.29,10502.9,2.79906e+06,5.80673e+06,6199.5,8180.47,1.05862e+06,202312,2.8417e+06,9.74107e+06,1.91956,0.403484,4.55531,1.1421,0.275596,5.29324
0,1081,2.82454e+06,4060.27,10455.3,2.79577e+06,5.81472e+06,6359.54,8127.77,1.05401e+06,203505,2.86133e+06,9.69192e+06,1.96834,0.403484,4.53051,3.60397,0.493335,4.36316
0,1082,2.82676e+06,4164.18,10409.2,2.79248e+06,5.82246e+06,6525.78,8076.57,1.04943e+06,204863,2.88333e+06,9.64306e+06,2.01905,0.403484,4.5065,3.30977,0.316804,4.11536
0,1083,2.82892e+06,4272.09,10364.4,2.78918e+06,5.82993e+06,6698.31,8026.69,1.04489e+06,206389,2.90771e+06,9.59449e+06,2.07171,0.403484,4.48317,0,0.566131,4.60731
0,1084,2.831e+06,4384.02,10320.7,2.78588e+06,5.83713e+06,6877.18,7977.99,1.04038e+06,208083,2.93453e+06,9.54625e+06,2.12635,0.403484,4.46044,3.92666,0.125981,7.50615
0,1085,2.833e+06,4500,10277.9,2.78257e+06,5.84406e+06,7062.44,7930.3,1.03591e+06,209948,2.96379e+06,9.49834e+06,2.18298,0.403484,4.43821,1.48802,1.12257,5.32293
0,1086,2.83491e+06,4620.06,10235.7,2.77927e+06,5.8507e+06,7254.14,7883.45,1.03147e+06,211986,2.99554e+06,9.45078e+06,2.24162,0.403484,4.41639,1.74143,0.480696,6.19427
0,1087,2.83673e+06,4744.21,10193.9,2.77597e+06,5.85705e+06,7452.3,7837.29,1.02707e+06,214199,3.02981e+06,9.40355e+06,2.30227,0.403484,4.39488,2.57644,0.941055,5.0396
0,1088,2.83846e+06,4872.45,10152.4,2.77268e+06,5.86311e+06,7656.93,7791.66,1.0227e+06,216590,3.06661e+06,9.35667e+06,2.36494,0.403484,4.3736,2.68468,0,7.9078
0,1089,2.84009e+06,5004.78,10110.8,2.76939e+06,5.86887e+06,7868.01,7746.41,1.01837e+06,219159,3.10599e+06,9.31011e+06,2.42962,0.403484,4.35245,3.81437,0,3.85063
0,1090,2.84162e+06,5141.16,10069,2.7661e+06,5.87432e+06,8085.51,7701.39,1.01407e+06,221908,3.14795e+06,9.26386e+06,2.49632,0.403484,4.33134,2.42796,0,5.68206
0,1091,2.84304e+06,5281.57,10026.8,2.76283e+06,5.87947e+06,8309.38,7656.46,1.00979e+06,224840,3.19253e+06,9.2179e+06,2.56502,0.403484,4.3102,1.15457,0.581291,3.58528
0,1092,2.84435e+06,5425.95,9983.92,2.75958e+06,5.8843e+06,8539.54,7611.49,1.00554e+06,227955,3.23975e+06,9.17221e+06,2.63569,0.403484,4.28894,0.817272,0,4.13384
0,1093,2.84554e+06,5574.23,9940.28,2.75634e+06,5.88882e+06,8775.88,7566.34,1.0013e+06,231254,3.28963e+06,9.12675e+06,2.70831,0.403484,4.26747,2.3642,0,5.31207
0,1094,2.84662e+06,5726.32,9895.65,2.75312e+06,5.89303e+06,9018.26,7520.89,997087,234740,3.34217e+06,9.08149e+06,2.78284,0.403484,4.24573,1.98104,0.224898,6.28494
0,1095,2.84758e+06,5882.11,9849.87,2.74993e+06,5.89691e+06,9266.51,7475.02,992881,238411,3.39739e+06,9.03639e+06,2.85922,0.403484,4.22364,0,0.170742,3.71774
0,1096,2.84842e+06,6041.48,9802.77,2.74676e+06,5.90048e+06,9520.44,7428.63,988681,242270,3.4553e+06,8.99143e+06,2.93741,0.403484,4.20114,0.166746,0.00298642,4.73712
0,1097,2.84914e+06,6204.27,9754.21,2.74363e+06,5.90372e+06,9779.79,7381.62,984482,246316,3.51589e+06,8.94654e+06,3.01733,0.403484,4.17816,3.09117,0.318424,3.46204
0,1098,2.84973e+06,6370.3,9704.06,2.74053e+06,5.90663e+06,10044.3,7333.9,980278,250549,3.57917e+06,8.9017e+06,3.0989,0.403484,4.15465,1.33664,0.119439,6.53712
0,1099,2.8502e+06,6539.37,9652.19,2.73748e+06,5.90922e+06,10313.6,7285.4,976063,254969,3.64513e+06,8.85686e+06,3.18202,0.403484,4.13055,4.832,0.790848,1.64835
0,1100,2.85054e+06,6711.27,9598.51,2.73447e+06,5.91149e+06,10587.5,7236.03,971832,259575,3.71374e+06,8.81196e+06,3.26661,0.403484,4.10583,3.53358,1.16475,2.95817
0,1101,2.85075e+06,6885.72,9542.91,2.73151e+06,5.91343e+06,10865.4,7185.76,967579,264364,3.78499e+06,8.76697e+06,3.35252,0.403484,4.08043,3.22903,0,5.72672
0,1102,2.85083e+06,7062.46,9485.32,2.72861e+06,5.91504e+06,11146.9,7134.52,963298,269336,3.85886e+06,8.72184e+06,3.43964,0.403484,4.05433,5.62896,0,4.14548
0,1103,2.85079e+06,7241.17,9425.69,2.72577e+06,5.91633e+06,11431.6,7082.29,958982,274488,3.93529e+06,8.67652e+06,3.52781,0.403484,4.0275,6.57473,0.105236,3.33975
0,1104,2.85062e+06,7421.52,9363.97,2.723e+06,5.91729e+06,11718.9,7029.05,954627,279817,4.01425e+06,8.63096e+06,3.61688,0.403484,3.99993,4.08479,1.22127,4.56395
0,1105,2.85033e+06,7603.14,9300.15,2.72031e+06,5.91794e+06,12008.2,6974.79,950227,285320,4.09568e+06,8.58513e+06,3.70667,0.403484,3.9716,3.35963,0.87894,7.54414
0,1106,2.84991e+06,7785.65,9234.23,2.71769e+06,5.91826e+06,12298.9,6919.5,945776,290992,4.17951e+06,8.53898e+06,3.79699,0.403484,3.94251,2.57652,0,3.86028
0,1107,2.84937e+06,7968.63,9166.2,2.71516e+06,5.91826e+06,12590.3,6863.22,941269,296828,4.26568e+06,8.49247e+06,3.88765,0.403484,3.91266,4.99464,1.50595,4.70771
0,1108,2.84871e+06,8151.63,9096.12,2.71273e+06,5.91795e+06,12881.7,6805.96,936701,302824,4.3541e+06,8.44556e+06,3.97843,0.403484,3.88206,0.442846,0,3.88211
0,1109,2.84794e+06,8334.19,9024.03,2.71039e+06,5.91733e+06,13172.5,6747.76,932068,308973,4.44467e+06,8.39821e+06,4.06911,0.403484,3.85074,1.18753,0.445869,2.90858
0,1110,2.84705e+06,8515.83,8950.01,2.70817e+06,5.91641e+06,13461.7,6688.69,927365,315267,4.53728e+06,8.35041e+06,4.15944,0.403484,3.81872,5.91892,0.532402,8.40431
0,1111,2.84605e+06,8696.02,8874.15,2.70605e+06,5.91518e+06,13748.6,6628.81,922589,321700,4.63184e+06,8.30211e+06,4.24917,0.403484,3.78603,6.77692,0.655726,4.51207
0,1112,2.84494e+06,8874.24,8796.55,2.70406e+06,5.91365e+06,14032.2,6568.2,917737,328263,4.72819e+06,8.25331e+06,4.33805,0.403484,3.75272,3.68739,0,2.44425
0,1113,2.84373e+06,9049.97,8717.34,2.7022e+06,5.91183e+06,14311.9,6506.94,912805,334947,4.82621e+06,8.20397e+06,4.42582,0.403484,3.71883,4.68081,0.37583,4.58657
0,1114,2.84243e+06,9222.63,8636.67,2.70048e+06,5.90972e+06,14586.6,6445.14,907793,341742,4.92575e+06,8.15408e+06,4.51219,0.403484,3.68443,6.63009,1.1566,6.13279
0,1115,2.84104e+06,9391.69,8554.69,2.6989e+06,5.90734e+06,14855.4,6382.91,902697,348637,5.02665e+06,8.10364e+06,4.59689,0.403484,3.64957,4.51467,0,4.14002
0,1116,2.83956e+06,9556.56,8471.58,2.69747e+06,5.90468e+06,15117.4,6320.37,897518,355621,5.12873e+06,8.05265e+06,4.67963,0.403484,3.61433,8.22258,0,3.33474
0,1117,2.83801e+06,9716.7,8387.52,2.69619e+06,5.90176e+06,15371.8,6257.65,892255,362682,5.23181e+06,8.00109e+06,4.76014,0.403484,3.57877,4.97862,0.469343,6.71504
0,1118,2.83638e+06,9871.54,8302.72,2.69509e+06,5.89859e+06,15617.6,6194.89,886909,369808,5.33571e+06,7.94899e+06,4.83813,0.403484,3.54298,3.56431,0.438075,4.62274
0,1119,2.83469e+06,10020.5,8217.39,2.69415e+06,5.89516e+06,15853.9,6132.23,881480,376985,5.44022e+06,7.89635e+06,4.91333,0.403484,3.50704,4.40212,1.12249,4.30145
0,1120,2.83294e+06,10163.2,8131.75,2.6934e+06,5.8915e+06,16079.8,6069.82,875970,384199,5.54514e+06,7.84319e+06,4.98546,0.403484,3.47104,5.27609,0.447639,1.50507
0,1121,2.83114e+06,10298.9,8046.03,2.69283e+06,5.88761e+06,16294.5,6007.82,870382,391436,5.65025e+06,7.78954e+06,5.05426,0.403484,3.43508,7.05986,2.15203,4.47469
0,1122,2.82929e+06,10427.3,7960.47,2.69246e+06,5.8835e+06,16497.3,5946.4,864718,398681,5.75533e+06,7.73542e+06,5.11947,0.403484,3.39924,5.50836,0.467307,6.79319
0,1123,2.82742e+06,10547.8,7875.3,2.69228e+06,5.87918e+06,16687.3,5885.7,858983,405918,5.86015e+06,7.68088e+06,5.18086,0.403484,3.36363,4.41751,0.617189,4.22706
0,1124,2.82551e+06,10660.1,7790.78,2.69231e+06,5.87466e+06,16863.8,5825.91,853180,413133,5.96448e+06,7.62594e+06,5.2382,0.403484,3.32835,3.41133,0.673346,3.45689
0,1125,2.82359e+06,10763.7,7707.14,2.69256e+06,5.86996e+06,17026.1,5767.18,847315,420309,6.06808e+06,7.57066e+06,5.29128,0.403484,3.29348,6.14606,0.525062,3.14953
0,1126,2.82166e+06,10858.3,7624.65,2.69301e+06,5.86508e+06,17173.8,5709.69,841393,427431,6.17072e+06,7.51509e+06,5.33992,0.403484,3.25915,8.26358,0.522061,1.55666
0,1127,2.81973e+06,10943.6,7543.53,2.69369e+06,5.86003e+06,17306.3,5653.59,835421,434483,6.27216e+06,7.45928e+06,5.38394,0.403484,3.22544,5.13426,0.651515,1.39786
0,1128,2.81781e+06,11019.3,7464.05,2.69459e+06,5.85483e+06,17423.2,5599.06,829405,441447,6.37217e+06,7.40329e+06,5.4232,0.403484,3.19246,7.13795,0.493179,2.13292
0,1129,2.81591e+06,11085.3,7386.44,2.69572e+06,5.84949e+06,17524,5546.26,823353,448310,6.4705e+06,7.34719e+06,5.45758,0.403484,3.1603,6.99834,0.487671,0.8457
0,1130,2.81403e+06,11141.3,7310.93,2.69709e+06,5.84401e+06,17608.6,5495.34,817271,455054,6.56693e+06,7.29105e+06,5.48699,0.403484,3.12907,3.34336,0,4.11786
0,1131,2.81218e+06,11187.2,7237.75,2.69869e+06,5.83842e+06,17676.7,5446.47,811170,461664,6.66124e+06,7.23493e+06,5.51135,0.403484,3.09886,5.73285,0.0674016,3.89765
0,1132,2.81037e+06,11223.1,7167.13,2.70052e+06,5.83272e+06,17728.2,5399.8,805056,468127,6.7532e+06,7.17892e+06,5.53062,0.403484,3.06975,8.26932,0.454773,4.60415
0,1133,2.80861e+06,11248.8,7099.29,2.70259e+06,5.82692e+06,17763.2,5355.46,798940,474426,6.84261e+06,7.12308e+06,5.54479,0.403484,3.04185,8.50518,0.0563719,0.0992587
0,1134,2.80691e+06,11264.5,7034.42,2.7049e+06,5.82103e+06,17781.7,5313.61,792830,480548,6.92925e+06,7.06751e+06,5.55386,0.403484,3.01523,4.7957,0,4.43527
0,1135,2.80527e+06,11270.2,6972.73,2.70745e+06,5.81507e+06,17783.9,5274.38,786736,486480,7.01294e+06,7.01229e+06,5.55787,0.403484,2.98998,4.66849,0.768773,2.90277
0,1136,2.8037e+06,11266.1,6914.4,2.71024e+06,5.80904e+06,17769.9,5237.9,780669,492208,7.0935e+06,6.95749e+06,5.55689,0.403484,2.96618,4.85133,0.711377,1.88728
0,1137,2.8022e+06,11252.4,6859.62,2.71326e+06,5.80296e+06,17740.1,5204.3,774637,497722,7.17075e+06,6.90322e+06,5.55099,0.403484,2.9439,4.10506,0.416062,2.80854
0,1138,2.80079e+06,11229.3,6808.56,2.71651e+06,5.79683e+06,17694.9,5173.69,768652,503010,7.24454e+06,6.84955e+06,5.54029,0.403484,2.92322,3.4756,0.671408,3.80997
0,1139,2.79947e+06,11197.1,6761.36,2.72e+06,5.79066e+06,17634.8,5146.2,762723,508062,7.31473e+06,6.79658e+06,5.52492,0.403484,2.90421,2.55101,0.783111,2.80804
0,1140,2.79823e+06,11156.1,6718.19,2.72372e+06,5.78447e+06,17560.2,5121.92,756862,512869,7.38118e+06,6.7444e+06,5.50502,0.403484,2.88692,6.54622,1.37339,5.22125
0,1141,2.7971e+06,11106.6,6679.19,2.72765e+06,5.77825e+06,17471.8,5100.96,751079,517422,7.44378e+06,6.6931e+06,5.48075,0.403484,2.87143,5.99439,0,2.91825
0,1142,2.79606e+06,11049.1,6644.49,2.73181e+06,5.77202e+06,17370.1,5083.41,745384,521714,7.50244e+06,6.64277e+06,5.45232,0.403484,2.85778,4.73816,1.8465,2.35702
0,1143,2.79513e+06,10983.9,6614.21,2.73618e+06,5.76578e+06,17255.8,5069.38,739788,525740,7.55706e+06,6.5935e+06,5.4199,0.403484,2.84604,5.72126,0.509807,3.65089
0,1144,2.7943e+06,10911.4,6588.47,2.74075e+06,5.75954e+06,17129.6,5058.95,734301,529492,7.60757e+06,6.54539e+06,5.38371,0.403484,2.83625,6.70987,0.000387169,1.96913
0,1145,2.79358e+06,10832.1,6567.38,2.74552e+06,5.75331e+06,16992.2,5052.21,728935,532968,7.65393e+06,6.49852e+06,5.34396,0.403484,2.82846,6.12017,1.49594,2.56072
0,1146,2.79298e+06,10746.4,6551.05,2.75049e+06,5.74709e+06,16844.4,5049.23,723699,536164,7.69609e+06,6.45298e+06,5.30088,0.403484,2.82273,7.95606,0.736406,5.85003
0,1147,2.79248e+06,10654.8,6539.56,2.75563e+06,5.74088e+06,16686.8,5050.09,718604,539077,7.73403e+06,6.40887e+06,5.25469,0.403484,2.81909,3.81372,0.245602,3.4877
0,1148,2.79209e+06,10557.8,6533.02,2.76096e+06,5.73469e+06,16520.4,5054.87,713660,541706,7.76773e+06,6.36628e+06,5.20563,0.403484,2.81758,3.21326,0,2.05349
0,1149,2.79182e+06,10455.7,6531.51,2.76645e+06,5.72852e+06,16345.7,5063.65,708878,544051,7.7972e+06,6.32528e+06,5.15393,0.403484,2.81824,3.78409,0.996713,3.88245
0,1150,2.79165e+06,10349,6535.12,2.77209e+06,5.72237e+06,16163.7,5076.49,704267,546112,7.82246e+06,6.28598e+06,5.09983,0.403484,2.82112,4.73222,1.47497,4.76567
0,1151,2.79159e+06,10238.2,6543.91,2.77788e+06,5.71625e+06,15974.9,5093.46,699838,547890,7.84352e+06,6.24846e+06,5.04354,0.403484,2.82625,4.2685,0,1.41576
0,1152,2.79164e+06,10123.7,6557.99,2.78381e+06,5.71016e+06,15780.3,5114.63,695599,549388,7.86044e+06,6.2128e+06,4.9853,0.403484,2.83367,6.83407,0.538149,2.99519
0,1153,2.79179e+06,10006,6577.4,2.78986e+06,5.7041e+06,15580.3,5140.07,691562,550608,7.87325e+06,6.17909e+06,4.92532,0.403484,2.8434,6.24704,0.567348,3.16861
0,1154,2.79204e+06,9885.33,6602.24,2.79602e+06,5.69807e+06,15375.9,5169.85,687735,551553,7.88203e+06,6.14741e+06,4.86382,0.403484,2.85549,2.61748,0.415088,2.97759
0,1155,2.7924e+06,9762.23,6632.58,2.80229e+06,5.69207e+06,15167.5,5204.03,684127,552229,7.88685e+06,6.11784e+06,4.801,0.403484,2.86997,7.07299,0.677927,2.66092
0,1156,2.79284e+06,9637.03,6668.47,2.80865e+06,5.68609e+06,14955.8,5242.68,680749,552638,7.88777e+06,6.09048e+06,4.73706,0.403484,2.88688,4.25182,0,1.91332
0,1157,2.79337e+06,9510.07,6710.01,2.81508e+06,5.68015e+06,14741.5,5285.87,677608,552788,7.88489e+06,6.06539e+06,4.67218,0.403484,2.90624,9.53384,0,1.77635
0,1158,2.79399e+06,9381.69,6757.25,2.82159e+06,5.67423e+06,14525,5333.66,674715,552682,7.8783e+06,6.04266e+06,4.60653,0.403484,2.92809,1.69926,0,4.15173
0,1159,2.79469e+06,9252.2,6810.26,2.82814e+06,5.66834e+06,14307,5386.12,672077,552329,7.86809e+06,6.02236e+06,4.54029,0.403484,2.95246,0.782129,0,4.78949
0,1160,2.79546e+06,9121.87,6869.13,2.83474e+06,5.66248e+06,14087.8,5443.33,669704,551733,7.85438e+06,6.00459e+06,4.4736,0.403484,2.97939,2.95344,0,5.13
0,1161,2.7963e+06,8990.98,6933.9,2.84137e+06,5.65663e+06,13868,5505.34,667604,550902,7.83726e+06,5.9894e+06,4.40662,0.403484,3.00891,1.13118,0.790015,1.05351
0,1162,2.7972e+06,8859.77,7004.66,2.84802e+06,5.65081e+06,13647.9,5572.23,665786,549843,7.81686e+06,5.97689e+06,4.33946,0.403484,3.04106,3.20899,1.03067,1.26812
0,1163,2.79816e+06,8728.46,7081.47,2.85467e+06,5.64501e+06,13428,5644.05,664257,548564,7.79327e+06,5.96712e+06,4.27225,0.403484,3.07586,3.55371,0.766574,4.3269
0,1164,2.79917e+06,8597.25,7164.4,2.86131e+06,5.63922e+06,13208.5,5720.89,663027,547070,7.76663e+06,5.96018e+06,4.2051,0.403484,3.11335,0.82944,1.15754,2.45189
0,1165,2.80021e+06,8466.3,7253.5,2.86794e+06,5.63344e+06,12989.8,5802.79,662103,545371,7.73704e+06,5.95613e+06,4.1381,0.403484,3.15356,6.28784,0,3.84816
0,1166,2.8013e+06,8335.79,7348.85,2.87453e+06,5.62768e+06,12772.2,5889.82,661494,543473,7.70462e+06,5.95505e+06,4.07135,0.403484,3.19652,6.56251,0.365917,0.579924
0,1167,2.80241e+06,8205.85,7450.49,2.88108e+06,5.62192e+06,12555.8,5982.04,661206,541384,7.6695e+06,5.95701e+06,4.00492,0.403484,3.24226,1.11547,1.86191,2.45736
0,1168,2.80353e+06,8076.6,7558.48,2.88757e+06,5.61617e+06,12341,6079.51,661248,539112,7.63178e+06,5.96208e+06,3.93889,0.403484,3.2908,4.15647,0.890622,2.01408
0,1169,2.80467e+06,7948.13,7672.86,2.89399e+06,5.61042e+06,12127.9,6182.26,661628,536664,7.59158e+06,5.97034e+06,3.87329,0.403484,3.34218,3.8558,1.08554,4.42943
0,1170,2.80582e+06,7820.54,7793.68,2.90033e+06,5.60467e+06,11916.6,6290.35,662352,534047,7.54902e+06,5.98184e+06,3.8082,0.403484,3.3964,2.88709,1.10516,3.00646
0,1171,2.80696e+06,7693.89,7920.95,2.90658e+06,5.59892e+06,11707.3,6403.8,663428,531269,7.50421e+06,5.99667e+06,3.74364,0.403484,3.45349,0.201164,0.354028,4.21874
0,1172,2.80808e+06,7568.23,8054.7,2.91272e+06,5.59316e+06,11500,6522.64,664863,528337,7.45726e+06,6.01487e+06,3.67966,0.403484,3.51347,2.85987,1.05082,3.3236
0,1173,2.80919e+06,7443.61,8194.94,2.91875e+06,5.5874e+06,11294.9,6646.89,666663,525259,7.40828e+06,6.03653e+06,3.61628,0.403484,3.57633,0.762101,0,4.4266
0,1174,2.81027e+06,7320.05,8341.65,2.92466e+06,5.58163e+06,11092,6776.55,668835,522040,7.35737e+06,6.06168e+06,3.55351,0.403484,3.64208,6.0328,0,3.69983
0,1175,2.81132e+06,7197.58,8494.81,2.93042e+06,5.57584e+06,10891.4,6911.6,671385,518688,7.30464e+06,6.09041e+06,3.49138,0.403484,3.71072,11.0199,0,2.43349
0,1176,2.81231e+06,7076.21,8654.38,2.93604e+06,5.57005e+06,10693.1,7052.01,674318,515208,7.25018e+06,6.12274e+06,3.4299,0.403484,3.78223,2.88569,0.949734,6.10883
0,1177,2.81326e+06,6955.92,8820.28,2.9415e+06,5.56424e+06,10497.1,7197.74,677641,511608,7.19409e+06,6.15875e+06,3.36906,0.403484,3.85659,1.6607,0.3592,3.51936
0,1178,2.81415e+06,6836.73,8992.42,2.94679e+06,5.55842e+06,10303.3,7348.72,681357,507893,7.13646e+06,6.19847e+06,3.30887,0.403484,3.93376,1.59655,0.251735,4.03565
0,1179,2.81497e+06,6718.61,9170.69,2.95191e+06,5.55259e+06,10111.9,7504.84,685471,504068,7.07737e+06,6.24194e+06,3.24934,0.403484,4.0137,0,0.397444,2.59994
0,1180,2.81571e+06,6601.56,9354.94,2.95683e+06,5.54674e+06,9922.79,7666.01,689986,500141,7.01693e+06,6.2892e+06,3.19044,0.403484,4.09635,1.91803,1.31258,6.24661
0,1181,2.81638e+06,6485.54,9544.99,2.96156e+06,5.54088e+06,9735.92,7832.06,694907,496115,6.9552e+06,6.34027e+06,3.13218,0.403484,4.18165,2.26439,2.18685,4.5606
0,1182,2.81695e+06,6370.55,9740.61,2.96609e+06,5.53501e+06,9551.28,8002.81,700234,491995,6.89226e+06,6.39518e+06,3.07455,0.403484,4.26949,5.60086,0,5.29846
0,1183,2.81743e+06,6256.55,9941.57,2.9704e+06,5.52913e+06,9368.84,8178.07,705970,487788,6.8282e+06,6.45395e+06,3.01753,0.403484,4.35978,2.43458,0.567969,3.14434
0,1184,2.81781e+06,6143.53,10147.6,2.97449e+06,5.52324e+06,9188.59,8357.58,712114,483497,6.76308e+06,6.51656e+06,2.96113,0.403484,4.45239,3.26134,1.58003,4.2879
0,1185,2.81808e+06,6031.47,10358.2,2.97835e+06,5.51735e+06,9010.48,8541.06,718667,479127,6.69697e+06,6.58303e+06,2.90532,0.403484,4.54719,3.58224,0.588923,4.63656
0,1186,2.81824e+06,5920.34,10573.2,2.98197e+06,5.51147e+06,8834.49,8728.18,725627,474683,6.62993e+06,6.65332e+06,2.8501,0.403484,4.64401,4.93128,0.999492,3.62892
0,1187,2.81827e+06,5810.14,10792.1,2.98536e+06,5.50559e+06,8660.59,8918.59,732990,470167,6.56204e+06,6.72742e+06,2.79546,0.403484,4.74267,2.49902,0.323301,1.99286
0,1188,2.81819e+06,5700.85,11014.3,2.9885e+06,5.49972e+06,8488.77,9111.86,740753,465586,6.49335e+06,6.80528e+06,2.7414,0.403484,4.84296,0.971716,0,6.95559
0,1189,2.81798e+06,5592.47,11239.4,2.99138e+06,5.49387e+06,8319.01,9307.55,748910,460941,6.42392e+06,6.88685e+06,2.68791,0.403484,4.94465,1.50545,0.743062,1.36809
0,1190,2.81764e+06,5484.99,11466.8,2.99401e+06,5.48804e+06,8151.31,9505.16,757454,456237,6.35381e+06,6.97206e+06,2.63498,0.403484,5.0475,3.16308,0.0508536,7.09965
0,1191,2.81717e+06,5378.43,11695.9,2.99638e+06,5.48225e+06,7985.67,9704.14,766376,451478,6.28308e+06,7.06082e+06,2.58262,0.403484,5.15123,1.4001,0.363612,9.61271
0,1192,2.81657e+06,5272.79,11925.9,2.99849e+06,5.47651e+06,7822.1,9903.92,775665,446667,6.21177e+06,7.15302e+06,2.53083,0.403484,5.25554,3.57386,0,4.76799
0,1193,2.81583e+06,5168.1,12156.1,3.00032e+06,5.47082e+06,7660.62,10103.9,785311,441808,6.13994e+06,7.24856e+06,2.47962,0.403484,5.36012,1.19545,0,7.01367
0,1194,2.81496e+06,5064.39,12385.8,3.0019e+06,5.4652e+06,7501.26,10303.3,795298,436903,6.06763e+06,7.34729e+06,2.429,0.403484,5.46462,1.16861,0,4.02923
0,1195,2.81396e+06,4961.7,12614.1,3.0032e+06,5.45966e+06,7344.06,10501.5,805611,431957,5.99491e+06,7.44907e+06,2.37897,0.403484,5.56868,2.30832,0.167815,6.70173
0,1196,2.81282e+06,4860.06,12840.3,3.00424e+06,5.45421e+06,7189.07,10697.8,816232,426972,5.92183e+06,7.5537e+06,2.32956,0.403484,5.67192,1.48164,0.0510549,4.37781
0,1197,2.81156e+06,4759.53,13063.3,3.00501e+06,5.44887e+06,7036.35,10891.3,827142,421953,5.84842e+06,7.66101e+06,2.28079,0.403484,5.77395,3.95056,0,2.9662
0,1198,2.81017e+06,4660.18,13282.3,3.00551e+06,5.44365e+06,6885.97,11081.4,838317,416902,5.77474e+06,7.77077e+06,2.23268,0.403484,5.87435,2.64383,0,7.91765
0,1199,2.80865e+06,4562.06,13496.3,3.00576e+06,5.43857e+06,6738.02,11267,849736,411823,5.70085e+06,7.88277e+06,2.18525,0.403484,5.97271,0.897892,0.783201,5.82672
0,1200,2.80703e+06,4465.26,13704.4,3.00574e+06,5.43364e+06,6592.57,11447.6,861371,406720,5.62678e+06,7.99674e+06,2.13854,0.403484,6.06859,0.647684,0.301822,2.77582
0,1201,2.80529e+06,4369.86,13905.7,3.00547e+06,5.42889e+06,6449.74,11622.1,873197,401595,5.5526e+06,8.11241e+06,2.09258,0.403484,6.16157,2.97785,0.731798,5.15924
0,1202,2.80345e+06,4275.94,14099.3,3.00495e+06,5.42434e+06,6309.62,11789.9,885182,396454,5.47835e+06,8.22952e+06,2.0474,0.403484,6.25122,1.19526,0.458648,8.93988
0,1203,2.80151e+06,4183.6,14284.1,3.00418e+06,5.41999e+06,6172.32,11950,897298,391298,5.40409e+06,8.34774e+06,2.00304,0.403484,6.3371,2.79128,1.18564,7.57043
0,1204,2.79949e+06,4092.93,14459.3,3.00318e+06,5.41588e+06,6037.96,12101.7,909510,386133,5.32986e+06,8.46677e+06,1.95955,0.403484,6.41882,0.680719,0.652492,0.597345
0,1205,2.79739e+06,4004.03,14624.1,3.00196e+06,5.41201e+06,5906.67,12244.3,921786,380962,5.25573e+06,8.58628e+06,1.91696,0.403484,6.49597,2.57174,0,4.94683
0,1206,2.79523e+06,3917,14777.7,3.00051e+06,5.40842e+06,5778.55,12377,934091,375789,5.18174e+06,8.70593e+06,1.87531,0.403484,6.56818,3.93705,0.697097,6.25217
0,1207,2.79301e+06,3831.94,14919.3,2.99885e+06,5.40512e+06,5653.74,12499.2,946389,370618,5.10796e+06,8.82537e+06,1.83465,0.403484,6.63508,5.19934,0,6.57059
0,1208,2.79074e+06,3748.95,15048.3,2.99698e+06,5.40212e+06,5532.37,12610.3,958643,365454,5.03443e+06,8.94424e+06,1.79503,0.403484,6.69636,1.61518,0.928819,4.15647
0,1209,2.78845e+06,3668.15,15164,2.99493e+06,5.39946e+06,5414.54,12709.8,970817,360300,4.96122e+06,9.06219e+06,1.75648,0.403484,6.75174,0,0.405157,8.20124
0,1210,2.78613e+06,3589.61,15266.1,2.99269e+06,5.39715e+06,5300.38,12797.1,982873,355161,4.88838e+06,9.17886e+06,1.71904,0.403484,6.80095,0.579577,0,10.2938
0,1211,2.78381e+06,3513.44,15354,2.99028e+06,5.3952e+06,5190,12872.1,994775,350041,4.81597e+06,9.29388e+06,1.68276,0.403484,6.84379,0.986184,1.30479,4.99067
0,1212,2.7815e+06,3439.73,15427.5,2.98772e+06,5.39364e+06,5083.52,12934.3,1.00649e+06,344945,4.74404e+06,9.40691e+06,1.64768,0.403484,6.88009,1.2728,1.22517,8.37427
0,1213,2.7792e+06,3368.56,15486.4,2.985e+06,5.39247e+06,4981.03,12983.5,1.01797e+06,339877,4.67267e+06,9.5176e+06,1.61383,0.403484,6.90974,0,0.919083,12.0615
0,1214,2.77694e+06,3300.01,15530.6,2.98215e+06,5.39172e+06,4882.63,13019.8,1.02919e+06,334841,4.6019e+06,9.6256e+06,1.58125,0.403484,6.93267,2.25375,1.03497,4.87014
0,1215,2.77472e+06,3234.16,15560,2.97918e+06,5.3914e+06,4788.41,13043,1.04012e+06,329843,4.5318e+06,9.7306e+06,1.54996,0.403484,6.94885,1.57066,0,7.59098
0,1216,2.77256e+06,3171.07,15575,2.97609e+06,5.39152e+06,4698.44,13053.3,1.05072e+06,324886,4.46241e+06,9.83228e+06,1.52001,0.403484,6.95832,0,0,0.61042
0,1217,2.77047e+06,3110.79,15575.5,2.9729e+06,5.39209e+06,4612.8,13050.8,1.06096e+06,319975,4.39381e+06,9.93035e+06,1.49141,0.403484,6.96114,3.43859,0.97053,4.44433
0,1218,2.76846e+06,3053.39,15562.1,2.96962e+06,5.39312e+06,4531.54,13035.9,1.07081e+06,315115,4.32604e+06,1.00245e+07,1.46419,0.403484,6.95745,0.24271,1.63479,5.92075
0,1219,2.76654e+06,2998.91,15535,2.96626e+06,5.39462e+06,4454.71,13008.8,1.08026e+06,310309,4.25916e+06,1.01146e+07,1.43836,0.403484,6.9474,1.92224,0,4.59655
0,1220,2.76473e+06,2947.38,15494.9,2.96283e+06,5.39659e+06,4382.35,12970,1.08926e+06,305563,4.19323e+06,1.02003e+07,1.41395,0.403484,6.93121,0,1.4048,5.5367
0,1221,2.76302e+06,2898.83,15442.2,2.95934e+06,5.39904e+06,4314.5,12920.1,1.09781e+06,300880,4.1283e+06,1.02814e+07,1.39097,0.403484,6.90912,2.65564,1.10008,5.01344
0,1222,2.76144e+06,2853.28,15377.7,2.9558e+06,5.40196e+06,4251.18,12859.5,1.10588e+06,296264,4.06442e+06,1.03578e+07,1.36942,0.403484,6.88141,0,0.268691,7.22605
0,1223,2.75999e+06,2810.74,15302.1,2.95222e+06,5.40535e+06,4192.39,12788.9,1.11346e+06,291719,4.00165e+06,1.04293e+07,1.34931,0.403484,6.8484,0.909206,1.04674,1.12963
0,1224,2.75868e+06,2771.24,15216.1,2.94861e+06,5.40922e+06,4138.16,12709,1.12053e+06,287250,3.94002e+06,1.04957e+07,1.33065,0.403484,6.81042,1.78276,1.34491,7.42999
0,1225,2.75751e+06,2734.76,15120.5,2.94497e+06,5.41355e+06,4088.47,12620.5,1.12709e+06,282860,3.87959e+06,1.05571e+07,1.31345,0.403484,6.76783,1.06765,0.528654,8.37914
0,1226,2.75649e+06,2701.32,15016.2,2.94132e+06,5.41835e+06,4043.32,12524,1.13312e+06,278553,3.82041e+06,1.06133e+07,1.29769,0.403484,6.721,0.738602,0,7.57051
0,1227,2.75562e+06,2670.89,14904,2.93766e+06,5.42359e+06,4002.7,12420.4,1.13863e+06,274331,3.76251e+06,1.06642e+07,1.28337,0.403484,6.67033,1.17394,0,7.60129
0,1228,2.75492e+06,2643.48,14784.8,2.93399e+06,5.42928e+06,3966.6,12310.4,1.1436e+06,270199,3.70594e+06,1.07099e+07,1.2705,0.403484,6.61619,2.19175,0,6.04083
0,1229,2.75437e+06,2619.06,14659.4,2.93033e+06,5.4354e+06,3934.98,12194.7,1.14804e+06,266159,3.65074e+06,1.07503e+07,1.25907,0.403484,6.55899,0,0,4.55986
0,1230,2.75399e+06,2597.62,14528.8,2.92667e+06,5.44193e+06,3907.84,12074.2,1.15195e+06,262215,3.59695e+06,1.07856e+07,1.24906,0.403484,6.49911,0.509476,0.254716,10.145
0,1231,2.75377e+06,2579.15,14393.7,2.92302e+06,5.44886e+06,3885.13,11949.5,1.15534e+06,258369,3.54459e+06,1.08157e+07,1.24048,0.403484,6.43696,1.02417,0,10.226
0,1232,2.75372e+06,2563.62,14254.9,2.91938e+06,5.45618e+06,3866.85,11821.4,1.15822e+06,254624,3.49371e+06,1.08407e+07,1.2333,0.403484,6.37291,1.88729,0,7.30026
0,1233,2.75383e+06,2551.02,14113.4,2.91576e+06,5.46387e+06,3852.96,11690.5,1.16059e+06,250983,3.44434e+06,1.08608e+07,1.22754,0.403484,6.30732,0,1.53906,6.0603
0,1234,2.7541e+06,2541.32,13969.7,2.91216e+06,5.4719e+06,3843.44,11557.6,1.16246e+06,247448,3.3965e+06,1.0876e+07,1.22316,0.403484,6.24056,2.01407,0,4.95794
0,1235,2.75454e+06,2534.5,13824.7,2.90859e+06,5.48027e+06,3838.26,11423.3,1.16385e+06,244021,3.35023e+06,1.08864e+07,1.22018,0.403484,6.17295,1.1315,1.43817,7.16189
0,1236,2.75513e+06,2530.56,13679.1,2.90503e+06,5.48894e+06,3837.4,11288.2,1.16478e+06,240705,3.30556e+06,1.08923e+07,1.21857,0.403484,6.10483,1.20655,0,2.77698
0,1237,2.75588e+06,2529.46,13533.3,2.9015e+06,5.4979e+06,3840.84,11152.8,1.16526e+06,237501,3.2625e+06,1.08937e+07,1.21834,0.403484,6.03649,2.72517,0.516627,6.18656
0,1238,2.75678e+06,2531.2,13388.1,2.89799e+06,5.50713e+06,3848.58,11017.7,1.1653e+06,234412,3.22108e+06,1.08909e+07,1.21947,0.403484,5.96821,1.00304,0,5.86215
0,1239,2.75782e+06,2535.76,13244,2.8945e+06,5.51661e+06,3860.58,10883.3,1.16492e+06,231439,3.18134e+06,1.0884e+07,1.22196,0.403484,5.90025,0,0.528811,8.23243
0,1240,2.75901e+06,2543.14,13101.5,2.89104e+06,5.52631e+06,3876.86,10750,1.16415e+06,228584,3.14328e+06,1.08732e+07,1.22581,0.403484,5.83284,0,1.45478,7.61673
0,1241,2.76033e+06,2553.32,12960.9,2.88761e+06,5.53621e+06,3897.4,10618.4,1.163e+06,225849,3.10693e+06,1.08587e+07,1.23101,0.403484,5.76621,0.783016,0,6.21969
0,1242,2.76179e+06,2566.31,12822.8,2.8842e+06,5.54629e+06,3922.21,10488.6,1.1615e+06,223234,3.07231e+06,1.08408e+07,1.23756,0.403484,5.70054,0.838076,1.02488,5.81963
0,1243,2.76337e+06,2582.1,12687.5,2.8808e+06,5.55652e+06,3951.29,10361.1,1.15965e+06,220743,3.03944e+06,1.08195e+07,1.24547,0.403484,5.63601,3.01021,0.510909,6.42225
0,1244,2.76507e+06,2600.69,12555.2,2.87743e+06,5.5669e+06,3984.66,10236.1,1.15749e+06,218375,3.00833e+06,1.07951e+07,1.25473,0.403484,5.57276,0.848869,0.660121,3.89079
0,1245,2.76687e+06,2622.1,12426.3,2.87408e+06,5.57738e+06,4022.34,10113.8,1.15504e+06,216133,2.97902e+06,1.07677e+07,1.26536,0.403484,5.51093,1.97607,0.564818,4.55768
0,1246,2.76879e+06,2646.34,12300.9,2.87075e+06,5.58796e+06,4064.34,9994.5,1.15231e+06,214018,2.95151e+06,1.07377e+07,1.27734,0.403484,5.45064,1.36984,0,3.03224
0,1247,2.7708e+06,2673.42,12179.3,2.86744e+06,5.59861e+06,4110.71,9878.27,1.14933e+06,212031,2.92582e+06,1.07052e+07,1.2907,0.403484,5.39196,0,1.11379,6.207
0,1248,2.7729e+06,2703.35,12061.5,2.86414e+06,5.60931e+06,4161.47,9765.27,1.14612e+06,210174,2.90197e+06,1.06704e+07,1.30545,0.403484,5.33499,0.477625,0.78233,2.84458
0,1249,2.77508e+06,2736.17,11947.7,2.86085e+06,5.62004e+06,4216.68,9655.61,1.14269e+06,208447,2.87998e+06,1.06335e+07,1.32158,0.403484,5.27977,0.388851,0.616161,5.06472
0,1250,2.77734e+06,2771.9,11838.1,2.85757e+06,5.63078e+06,4276.37,9549.35,1.13906e+06,206853,2.85986e+06,1.05947e+07,1.33913,0.403484,5.22635,0.286481,0,4.73131
0,1251,2.77967e+06,2810.56,11732.5,2.85431e+06,5.64151e+06,4340.61,9446.54,1.13527e+06,205391,2.84164e+06,1.05541e+07,1.3581,0.403484,5.17476,0.519404,0,2.46442
0,1252,2.78205e+06,2852.2,11631,2.85105e+06,5.65221e+06,4409.44,9347.21,1.13131e+06,204064,2.82534e+06,1.05119e+07,1.37851,0.403484,5.12502,0.737857,0.705881,3.77993
0,1253,2.78449e+06,2896.86,11533.7,2.8478e+06,5.66287e+06,4482.95,9251.34,1.12721e+06,202874,2.81096e+06,1.04684e+07,1.40038,0.403484,5.07713,2.81401,1.39963,5.03842
0,1254,2.78697e+06,2944.56,11440.5,2.84456e+06,5.67346e+06,4561.2,9158.93,1.12299e+06,201820,2.79854e+06,1.04236e+07,1.42372,0.403484,5.03108,2.04653,0.280148,4.71123
0,1255,2.78949e+06,2995.37,11351.3,2.84132e+06,5.68398e+06,4644.25,9069.91,1.11867e+06,200905,2.78809e+06,1.03778e+07,1.44857,0.403484,4.98684,0.907536,1.14695,5.84682
0,1256,2.79204e+06,3049.32,11266.1,2.83808e+06,5.6944e+06,4732.21,8984.25,1.11425e+06,200130,2.77963e+06,1.0331e+07,1.47495,0.403484,4.9444,2.17678,0.674589,9.09273
0,1257,2.79461e+06,3106.48,11184.7,2.83484e+06,5.7047e+06,4825.14,8901.86,1.10976e+06,199497,2.77318e+06,1.02834e+07,1.50288,0.403484,4.90372,0,0.890798,3.85817
0,1258,2.7972e+06,3166.88,11107,2.8316e+06,5.71488e+06,4923.15,8822.66,1.1052e+06,199007,2.76877e+06,1.02352e+07,1.53238,0.403484,4.86474,1.37506,0,2.62403
0,1259,2.79979e+06,3230.59,11033,2.82836e+06,5.72492e+06,5026.32,8746.54,1.10059e+06,198661,2.76642e+06,1.01864e+07,1.5635,0.403484,4.82743,2.64092,0.637989,7.07417
0,1260,2.80239e+06,3297.67,10962.4,2.82511e+06,5.73481e+06,5134.74,8673.4,1.09595e+06,198462,2.76615e+06,1.01373e+07,1.59624,0.403484,4.7917,2.69956,1.14679,6.64497
0,1261,2.80497e+06,3368.17,10895.2,2.82187e+06,5.74453e+06,5248.52,8603.1,1.09127e+06,198410,2.76799e+06,1.00878e+07,1.63065,0.403484,4.75751,0.0346821,0.50036,4.70315
0,1262,2.80754e+06,3442.15,10831,2.81861e+06,5.75407e+06,5367.76,8535.53,1.08658e+06,198508,2.77197e+06,1.00381e+07,1.66676,0.403484,4.72479,2.45588,0.375716,2.02339
0,1263,2.81009e+06,3519.69,10769.9,2.81536e+06,5.76342e+06,5492.55,8470.55,1.08188e+06,198757,2.7781e+06,9.98826e+06,1.70459,0.403484,4.69345,0,1.44711,4.62585
0,1264,2.81262e+06,3600.83,10711.5,2.81209e+06,5.77256e+06,5623,8408,1.07718e+06,199160,2.78642e+06,9.9384e+06,1.74418,0.403484,4.66342,1.95557,0.831589,3.88517
0,1265,2.81511e+06,3685.64,10655.7,2.80882e+06,5.7815e+06,5759.2,8347.75,1.07248e+06,199717,2.79696e+06,9.88857e+06,1.78556,0.403484,4.63461,4.02564,0,2.18227
0,1266,2.81755e+06,3774.18,10602.3,2.80555e+06,5.79021e+06,5901.27,8289.63,1.0678e+06,200432,2.80974e+06,9.83883e+06,1.82876,0.403484,4.60695,0.718226,1.10836,3.68191
0,1267,2.81996e+06,3866.51,10551,2.80227e+06,5.79869e+06,6049.28,8233.49,1.06314e+06,201305,2.82479e+06,9.78925e+06,1.8738,0.403484,4.58034,4.37733,0.702607,6.48378
0,1268,2.8223e+06,3962.69,10501.7,2.79898e+06,5.80692e+06,6203.34,8179.17,1.05851e+06,202339,2.84215e+06,9.73987e+06,1.92073,0.403484,4.55469,1.29905,0.11078,1.77205
0,1269,2.82459e+06,4062.76,10454.1,2.79569e+06,5.81491e+06,6363.53,8126.5,1.0539e+06,203537,2.86184e+06,9.69073e+06,1.96955,0.403484,4.52992,4.17687,0.250208,5.06882
0,1270,2.82682e+06,4166.77,10408.1,2.7924e+06,5.82264e+06,6529.92,8075.33,1.04932e+06,204899,2.88389e+06,9.64187e+06,2.02031,0.403484,4.50592,3.17819,1.24678,2.61515
0,1271,2.82897e+06,4274.77,10363.3,2.7891e+06,5.83011e+06,6702.6,8025.49,1.04478e+06,206428,2.90834e+06,9.59331e+06,2.07302,0.403484,4.48261,1.47972,1.18814,5.61515
0,1272,2.83105e+06,4386.8,10319.7,2.7858e+06,5.83731e+06,6881.63,7976.82,1.04027e+06,208126,2.93521e+06,9.54507e+06,2.12771,0.403484,4.45989,1.26383,0.487532,4.25158
0,1273,2.83304e+06,4502.88,10276.9,2.78249e+06,5.84422e+06,7067.05,7929.14,1.0358e+06,209996,2.96454e+06,9.49717e+06,2.18439,0.403484,4.43767,1.86349,0.571037,4.96165
0,1274,2.83496e+06,4623.04,10234.7,2.77919e+06,5.85086e+06,7258.91,7882.31,1.03136e+06,212038,2.99635e+06,9.44962e+06,2.24307,0.403484,4.41586,1.73282,0,6.35008
0,1275,2.83678e+06,4747.29,10192.9,2.77589e+06,5.8572e+06,7457.22,7836.17,1.02696e+06,214256,3.03068e+06,9.4024e+06,2.30377,0.403484,4.39436,2.24692,0.392202,1.59875
0,1276,2.8385e+06,4875.64,10151.3,2.7726e+06,5.86325e+06,7662.01,7790.55,1.0226e+06,216650,3.06754e+06,9.35553e+06,2.36649,0.403484,4.37308,2.62769,0.402136,1.59966
0,1277,2.84013e+06,5008.06,10109.8,2.76931e+06,5.869e+06,7873.24,7745.3,1.01826e+06,219224,3.10698e+06,9.30898e+06,2.43123,0.403484,4.35193,2.43815,0.308493,5.84367
0,1278,2.84165e+06,5144.54,10068,2.76602e+06,5.87445e+06,8090.9,7700.29,1.01396e+06,221978,3.14901e+06,9.26274e+06,2.49798,0.403484,4.33083,3.23067,0,6.52013
0,1279,2.84307e+06,5285.05,10025.7,2.76275e+06,5.87959e+06,8314.93,7655.36,1.00968e+06,224914,3.19366e+06,9.21678e+06,2.56672,0.403484,4.30968,2.44602,0,1.52673
0,1280,2.84438e+06,5429.53,9982.86,2.7595e+06,5.88442e+06,8545.24,7610.39,1.00543e+06,228033,3.24094e+06,9.17109e+06,2.63744,0.403484,4.28842,0,0.691484,4.15623
0,1281,2.84557e+06,5577.9,9939.2,2.75626e+06,5.88893e+06,8781.73,7565.23,1.0012e+06,231337,3.29088e+06,9.12564e+06,2.71011,0.403484,4.26694,1.79406,0.394983,6.55048
0,1282,2.84665e+06,5730.08,9894.54,2.75304e+06,5.89313e+06,9024.25,7519.77,996984,234827,3.34348e+06,9.08038e+06,2.78468,0.403484,4.2452,4.29667,0.176063,5.54216
0,1283,2.8476e+06,5885.97,9848.73,2.74985e+06,5.897e+06,9272.65,7473.89,992778,238503,3.39877e+06,9.03529e+06,2.86111,0.403484,4.2231,4.86294,0.322123,4.85538
0,1284,2.84844e+06,6045.42,9801.6,2.74669e+06,5.90056e+06,9526.71,7427.49,988578,242367,3.45674e+06,8.99033e+06,2.93934,0.403484,4.20059,4.20358,0.208824,2.85591
0,1285,2.84915e+06,6208.29,9753.01,2.74355e+06,5.90379e+06,9786.19,7380.47,984379,246418,3.5174e+06,8.94545e+06,3.0193,0.403484,4.1776,2.28691,0.35857,5.87019
0,1286,2.84974e+06,6374.39,9702.81,2.74046e+06,5.9067e+06,10050.8,7332.73,980175,250655,3.58075e+06,8.90061e+06,3.10091,0.403484,4.15407,0.763964,1.49811,3.71609
0,1287,2.85021e+06,6543.54,9650.9,2.7374e+06,5.90928e+06,10320.3,7284.2,975960,255080,3.64677e+06,8.85576e+06,3.18407,0.403484,4.12996,1.32275,0,0.535418
0,1288,2.85054e+06,6715.5,9597.17,2.7344e+06,5.91154e+06,10594.2,7234.82,971728,259689,3.71545e+06,8.81086e+06,3.26869,0.403484,4.10521,1.7302,0.577663,5.5756
0,1289,2.85075e+06,6890.01,9541.52,2.73144e+06,5.91347e+06,10872.2,7184.52,967475,264483,3.78677e+06,8.76587e+06,3.35463,0.403484,4.0798,4.60644,0.0565095,1.69153
0,1290,2.85083e+06,7066.8,9483.89,2.72854e+06,5.91508e+06,11153.8,7133.26,963193,269460,3.86069e+06,8.72073e+06,3.44178,0.403484,4.05368,5.45044,0.298795,5.48316
0,1291,2.85079e+06,7245.56,9424.21,2.7257e+06,5.91636e+06,11438.6,7081.01,958876,274616,3.93719e+06,8.67541e+06,3.52997,0.403484,4.02684,7.17564,0.968367,0
0,1292,2.85062e+06,7425.94,9362.44,2.72294e+06,5.91731e+06,11725.9,7027.74,954521,279950,4.01621e+06,8.62985e+06,3.61906,0.403484,3.99925,5.8032,1.82659,3.81894
0,1293,2.85032e+06,7607.59,9298.57,2.72024e+06,5.91795e+06,12015.2,6973.45,950119,285456,4.0977e+06,8.58401e+06,3.70887,0.403484,3.9709,3.23059,0,2.79449
0,1294,2.8499e+06,7790.12,9232.59,2.71763e+06,5.91826e+06,12306,6918.14,945667,291133,4.18159e+06,8.53785e+06,3.7992,0.403484,3.94179,3.14599,0,6.28914
0,1295,2.84936e+06,7973.1,9164.52,2.7151e+06,5.91826e+06,12597.4,6861.83,941158,296973,4.26781e+06,8.49132e+06,3.88987,0.403484,3.91192,3.714,0.336352,5.0147
0,1296,2.84869e+06,8156.1,9094.38,2.71267e+06,5.91794e+06,12888.9,6804.55,936589,302972,4.35628e+06,8.4444e+06,3.98065,0.403484,3.8813,5.39549,0.11902,4.53946
0,1297,2.84792e+06,8338.64,9022.25,2.71034e+06,5.91731e+06,13179.6,6746.33,931954,309125,4.4469e+06,8.39705e+06,4.07132,0.403484,3.84996,3.78614,0.719629,0.945637
0,1298,2.84702e+06,8520.25,8948.18,2.70811e+06,5.91638e+06,13468.7,6687.24,927249,315423,4.53957e+06,8.34923e+06,4.16164,0.403484,3.81793,3.6673,0,8.1821
0,1299,2.84602e+06,8700.4,8872.27,2.706e+06,5.91514e+06,13755.5,6627.34,922471,321859,4.63417e+06,8.30093e+06,4.25135,0.403484,3.78522,2.03489,1.13374,4.27417
0,1300,2.84491e+06,8878.57,8794.63,2.70402e+06,5.91361e+06,14039.1,6566.71,917617,328425,4.73057e+06,8.25211e+06,4.34021,0.403484,3.7519,2.78101,0.733772,3.90311
0,1301,2.8437e+06,9054.22,8715.38,2.70216e+06,5.91178e+06,14318.7,6505.43,912684,335111,4.82863e+06,8.20275e+06,4.42795,0.403484,3.718,3.06033,0.31618,0.803003
0,1302,2.8424e+06,9226.81,8634.68,2.70044e+06,5.90967e+06,14593.2,6443.62,907669,341909,4.9282e+06,8.15286e+06,4.51428,0.403484,3.68359,2.92057,0,3.55368
0,1303,2.841e+06,9395.77,8552.67,2.69886e+06,5.90728e+06,14861.9,6381.38,902572,348806,5.02913e+06,8.1024e+06,4.59893,0.403484,3.64872,5.21038,0,3.59689
0,1304,2.83953e+06,9560.53,8469.53,2.69743e+06,5.90462e+06,15123.8,6318.84,897391,355793,5.13123e+06,8.05139e+06,4.68163,0.403484,3.61346,6.00939,0.321303,3.19645
0,1305,2.83797e+06,9720.54,8385.46,2.69616e+06,5.90169e+06,15377.9,6256.12,892126,362856,5.23434e+06,7.99983e+06,4.76208,0.403484,3.5779,4.40482,0,1.9957
0,1306,2.83634e+06,9875.25,8300.64,2.69506e+06,5.89851e+06,15623.5,6193.35,886777,369983,5.33826e+06,7.94771e+06,4.84,0.403484,3.5421,3.97542,1.03805,4.29515
0,1307,2.83464e+06,10024.1,8215.3,2.69413e+06,5.89508e+06,15859.5,6130.7,881346,377161,5.44278e+06,7.89506e+06,4.91513,0.403484,3.50616,3.51127,0,3.25949
0,1308,2.83289e+06,10166.6,8129.66,2.69338e+06,5.89141e+06,16085.2,6068.3,875834,384375,5.54771e+06,7.84189e+06,4.98718,0.403484,3.47017,6.08205,0.533642,0.214087
0,1309,2.83109e+06,10302.1,8043.94,2.69282e+06,5.88751e+06,16299.6,6006.32,870244,391613,5.65282e+06,7.78822e+06,5.0559,0.403484,3.4342,3.437,0,3.33226
0,1310,2.82925e+06,10430.3,7958.38,2.69245e+06,5.8834e+06,16502.1,5944.9,864579,398857,5.75789e+06,7.7341e+06,5.12102,0.403484,3.39837,6.46068,0,8.13497
0,1311,2.82737e+06,10550.6,7873.23,2.69228e+06,5.87907e+06,16691.7,5884.23,858842,406095,5.8627e+06,7.67954e+06,5.18231,0.403484,3.36277,9.00934,0.0436178,2.02358
0,1312,2.82547e+06,10662.7,7788.72,2.69232e+06,5.87455e+06,16867.9,5824.46,853037,413309,5.96702e+06,7.6246e+06,5.23955,0.403484,3.32749,4.55683,0,6.96854
0,1313,2.82355e+06,10766.1,7705.11,2.69256e+06,5.86984e+06,17029.9,5765.76,847171,420484,6.0706e+06,7.56931e+06,5.29253,0.403484,3.29264,4.69126,0.837094,3.57749
0,1314,2.82162e+06,10860.5,7622.65,2.69303e+06,5.86496e+06,17177.3,5708.3,841248,427604,6.17321e+06,7.51373e+06,5.34105,0.403484,3.25832,2.79097,0,1.70341
0,1315,2.81969e+06,10945.6,7541.57,2.69371e+06,5.85991e+06,17309.4,5652.24,835275,434654,6.27462e+06,7.45791e+06,5.38495,0.403484,3.22463,4.82531,0.569828,5.24039
0,1316,2.81777e+06,11021,7462.13,2.69462e+06,5.8547e+06,17425.8,5597.75,829258,441616,6.37459e+06,7.40192e+06,5.4241,0.403484,3.19166,5.6021,0.274858,4.24659
0,1317,2.81586e+06,11086.7,7384.56,2.69576e+06,5.84936e+06,17526.3,5544.99,823204,448476,6.47288e+06,7.34582e+06,5.45836,0.403484,3.15953,5.24268,0,2.40546
0,1318,2.81398e+06,11142.5,7309.11,2.69712e+06,5.84388e+06,17610.4,5494.13,817123,455217,6.56926e+06,7.28968e+06,5.48764,0.403484,3.12832,1.75331,0.977572,1.65972
0,1319,2.81213e+06,11188.2,7235.99,2.69873e+06,5.83828e+06,17678.1,5445.31,811021,461824,6.66352e+06,7.23356e+06,5.51188,0.403484,3.09813,3.01507,1.03351,3.55237
0,1320,2.81033e+06,11223.8,7165.44,2.70057e+06,5.83258e+06,17729.3,5398.69,804907,468282,6.75542e+06,7.17755e+06,5.53103,0.403484,3.06906,9.42629,0.759562,3.6765
0,1321,2.80857e+06,11249.3,7097.66,2.70265e+06,5.82678e+06,17763.9,5354.41,798791,474577,6.84476e+06,7.12172e+06,5.54507,0.403484,3.04118,4.77167,0.824996,3.19256
0,1322,2.80687e+06,11264.7,7032.87,2.70496e+06,5.82089e+06,17782,5312.62,792681,480695,6.93133e+06,7.06616e+06,5.55402,0.403484,3.0146,4.99139,0,0.178755
0,1323,2.80523e+06,11270.2,6971.26,2.70752e+06,5.81492e+06,17783.7,5273.46,786588,486622,7.01495e+06,7.01094e+06,5.55791,0.403484,2.98938,6.87374,1.1356,5.38542
0,1324,2.80366e+06,11265.9,6913.02,2.71031e+06,5.8089e+06,17769.3,5237.05,780521,492346,7.09543e+06,6.95616e+06,5.5568,0.403484,2.96562,3.87364,1.80038,4.0209
0,1325,2.80217e+06,11251.9,6858.33,2.71334e+06,5.80281e+06,17739.2,5203.52,774490,497854,7.1726e+06,6.9019e+06,5.55079,0.403484,2.94338,8.60485,1.02175,3.85495
0,1326,2.80076e+06,11228.6,6807.36,2.7166e+06,5.79668e+06,17693.7,5172.99,768506,503137,7.2463e+06,6.84825e+06,5.53997,0.403484,2.92274,5.48373,0.376269,3.51002
0,1327,2.79943e+06,11196.2,6760.26,2.72009e+06,5.79051e+06,17633.2,5145.56,762579,508183,7.3164e+06,6.7953e+06,5.52448,0.403484,2.90376,5.70684,0,3.5641
0,1328,2.7982e+06,11154.9,6717.19,2.72381e+06,5.78431e+06,17558.3,5121.36,756720,512983,7.38276e+06,6.74314e+06,5.50447,0.403484,2.88652,4.80617,0.738587,3.94105
0,1329,2.79707e+06,11105.3,6678.29,2.72775e+06,5.7781e+06,17469.5,5100.49,750938,517530,7.44526e+06,6.69186e+06,5.48011,0.403484,2.87107,6.90681,0.366893,0
0,1330,2.79604e+06,11047.6,6643.7,2.73191e+06,5.77187e+06,17367.5,5083.03,745246,521816,7.50382e+06,6.64155e+06,5.45157,0.403484,2.85747,2.76276,0,2.15235
0,1331,2.79511e+06,10982.2,6613.53,2.73628e+06,5.76563e+06,17252.9,5069.09,739652,525834,7.55834e+06,6.59231e+06,5.41906,0.403484,2.84577,8.06031,0.754302,6.05117
0,1332,2.79428e+06,10909.5,6587.9,2.74086e+06,5.75939e+06,17126.4,5058.74,734169,529580,7.60876e+06,6.54423e+06,5.38278,0.403484,2.83603,0.490623,0.308501,3.32866
0,1333,2.79357e+06,10830.1,6566.93,2.74564e+06,5.75316e+06,16988.7,5052.09,728805,533049,7.65501e+06,6.49739e+06,5.34294,0.403484,2.8283,4.24228,0.704476,4.35216
0,1334,2.79296e+06,10744.3,6550.71,2.75061e+06,5.74693e+06,16840.6,5049.2,723573,536238,7.69707e+06,6.45189e+06,5.29978,0.403484,2.82261,6.19393,0.884969,1.02993
0,1335,2.79247e+06,10652.5,6539.34,2.75576e+06,5.74072e+06,16682.9,5050.16,718481,539144,7.7349e+06,6.40781e+06,5.25352,0.403484,2.81902,7.91634,0.192802,2.58835
0,1336,2.79208e+06,10555.3,6532.92,2.76109e+06,5.73453e+06,16516.2,5055.04,713542,541767,7.7685e+06,6.36526e+06,5.2044,0.403484,2.81757,3.20193,0.632127,0
0,1337,2.79181e+06,10453.1,6531.54,2.76658e+06,5.72837e+06,16341.4,5063.91,708763,544105,7.79787e+06,6.3243e+06,5.15264,0.403484,2.81829,1.99776,0.0444792,0.951217
0,1338,2.79165e+06,10346.3,6535.27,2.77223e+06,5.72222e+06,16159.1,5076.85,704157,546159,7.82302e+06,6.28505e+06,5.09848,0.403484,2.82122,5.25257,0,2.48532
0,1339,2.79159e+06,10235.4,6544.2,2.77803e+06,5.7161e+06,15970.3,5093.92,699732,547930,7.84398e+06,6.24757e+06,5.04214,0.403484,2.82641,3.65671,0.148753,0.245838
0,1340,2.79164e+06,10120.9,6558.4,2.78395e+06,5.71001e+06,15775.4,5115.2,695498,549421,7.8608e+06,6.21195e+06,4.98385,0.403484,2.83388,7.30049,0,4.7579
0,1341,2.7918e+06,10003,6577.95,2.79001e+06,5.70395e+06,15575.4,5140.75,691466,550634,7.87352e+06,6.17829e+06,4.92384,0.403484,2.84367,2.29513,0.136347,6.65109
0,1342,2.79205e+06,9882.35,6602.92,2.79618e+06,5.69792e+06,15370.8,5170.63,687644,551573,7.8822e+06,6.14666e+06,4.8623,0.403484,2.85582,5.94394,0.790067,2.04829
0,1343,2.79241e+06,9759.2,6633.39,2.80245e+06,5.69192e+06,15162.4,5204.92,684042,552242,7.88692e+06,6.11715e+06,4.79945,0.403484,2.87036,5.0174,1.05429,4.43217
0,1344,2.79285e+06,9633.95,6669.42,2.8088e+06,5.68595e+06,14950.6,5243.68,680669,552645,7.88774e+06,6.08984e+06,4.73548,0.403484,2.88732,1.6747,0.157191,3.34753
0,1345,2.79339e+06,9506.95,6711.09,2.81524e+06,5.68e+06,14736.2,5286.98,677534,552788,7.88477e+06,6.0648e+06,4.67058,0.403484,2.90674,2.82004,0.521667,3.85172
0,1346,2.79401e+06,9378.54,6758.47,2.82175e+06,5.67409e+06,14519.7,5334.88,674647,552677,7.87809e+06,6.04213e+06,4.60492,0.403484,2.92865,6.85904,0,1.43285
0,1347,2.79471e+06,9249.02,6811.63,2.82831e+06,5.6682e+06,14301.6,5387.46,672016,552317,7.8678e+06,6.0219e+06,4.53867,0.403484,2.95309,1.68803,0.123421,4.57326
0,1348,2.79548e+06,9118.68,6870.64,2.83491e+06,5.66233e+06,14082.5,5444.79,669649,551716,7.854e+06,6.00418e+06,4.47197,0.403484,2.98008,1.48688,0,0.401746
0,1349,2.79632e+06,8987.78,6935.56,2.84154e+06,5.65649e+06,13862.6,5506.92,667556,550879,7.8368e+06,5.98907e+06,4.40498,0.403484,3.00967,2.9999,0.0683768,3.07312
0,1350,2.79723e+06,8856.57,7006.47,2.84818e+06,5.65067e+06,13642.5,5573.92,665745,549815,7.81632e+06,5.97662e+06,4.33782,0.403484,3.04188,5.38826,0,0.826643
0,1351,2.79819e+06,8725.25,7083.42,2.85483e+06,5.64486e+06,13422.6,5645.87,664224,548530,7.79266e+06,5.96692e+06,4.27061,0.403484,3.07674,3.94557,0.718297,0.283845
0,1352,2.79919e+06,8594.04,7166.5,2.86148e+06,5.63908e+06,13203.1,5722.83,663001,547031,7.76594e+06,5.96004e+06,4.20346,0.403484,3.1143,5.28886,0,1.83942
0,1353,2.80024e+06,8463.11,7255.76,2.8681e+06,5.6333e+06,12984.5,5804.85,662085,545327,7.73628e+06,5.95607e+06,4.13647,0.403484,3.15458,4.70511,0.681502,6.40954
0,1354,2.80132e+06,8332.61,7351.26,2.87469e+06,5.62754e+06,12766.9,5892.01,661483,543424,7.7038e+06,5.95506e+06,4.06973,0.403484,3.1976,4.61635,0.766981,2.47087
0,1355,2.80243e+06,8202.69,7453.05,2.88124e+06,5.62178e+06,12550.6,5984.36,661203,541331,7.66861e+06,5.95709e+06,4.00331,0.403484,3.24341,5.09724,0,5.32288
0,1356,2.80356e+06,8073.45,7561.2,2.88773e+06,5.61603e+06,12335.8,6081.95,661254,539054,7.63083e+06,5.96224e+06,3.93728,0.403484,3.29202,7.90464,0.212664,0.655846
0,1357,2.8047e+06,7945,7675.74,2.89415e+06,5.61028e+06,12122.7,6184.84,661642,536602,7.59057e+06,5.97058e+06,3.8717,0.403484,3.34347,7.77011,0,3.17207
0,1358,2.80585e+06,7817.43,7796.71,2.90048e+06,5.60453e+06,11911.5,6293.05,662374,533981,7.54796e+06,5.98217e+06,3.80662,0.403484,3.39776,4.88081,0,2.74302
0,1359,2.80698e+06,7690.8,7924.14,2.90673e+06,5.59878e+06,11702.2,6406.64,663459,531199,7.50309e+06,5.99707e+06,3.74207,0.403484,3.45492,1.4372,0,4.68361
0,1360,2.80811e+06,7565.17,8058.05,2.91287e+06,5.59302e+06,11495,6525.61,664902,528264,7.45609e+06,6.01536e+06,3.6781,0.403484,3.51497,1.25877,0.631156,3.02309
0,1361,2.80922e+06,7440.58,8198.45,2.9189e+06,5.58726e+06,11289.9,6650,666712,525182,7.40706e+06,6.0371e+06,3.61474,0.403484,3.5779,5.89532,0,5.22958
0,1362,2.8103e+06,7317.05,8345.32,2.9248e+06,5.58149e+06,11087.1,6779.78,668893,521960,7.35611e+06,6.06234e+06,3.55199,0.403484,3.64373,2.08762,0,5.75242
0,1363,2.81134e+06,7194.61,8498.64,2.93056e+06,5.5757e+06,10886.5,6914.96,671452,518604,7.30333e+06,6.09115e+06,3.48987,0.403484,3.71244,3.49796,0.469279,1.78892
0,1364,2.81234e+06,7073.26,8658.36,2.93618e+06,5.56991e+06,10688.3,7055.51,674395,515122,7.24883e+06,6.12358e+06,3.4284,0.403484,3.78401,1.24824,0,0
0,1365,2.81328e+06,6953,8824.41,2.94163e+06,5.5641e+06,10492.3,7201.37,677727,511518,7.1927e+06,6.15968e+06,3.36758,0.403484,3.85844,2.84804,0,4.04166
0,1366,2.81417e+06,6833.83,8996.7,2.94692e+06,5.55828e+06,10298.6,7352.47,681452,507800,7.13503e+06,6.19948e+06,3.30741,0.403484,3.93568,2.20382,0.466723,1.65294
0,1367,2.81499e+06,6715.74,9175.12,2.95203e+06,5.55244e+06,10107.3,7508.72,685576,503974,7.07591e+06,6.24305e+06,3.24789,0.403484,4.01569,4.46373,0.25149,1.8568
0,1368,2.81573e+06,6598.71,9359.52,2.95695e+06,5.5466e+06,9918.2,7670,690102,500043,7.01543e+06,6.2904e+06,3.18901,0.403484,4.09841,3.80371,0.218167,3.53668
0,1369,2.81639e+06,6482.72,9549.7,2.96167e+06,5.54074e+06,9731.38,7836.17,695032,496015,6.95367e+06,6.34157e+06,3.13076,0.403484,4.18376,5.87095,0.77387,5.42361
0,1370,2.81697e+06,6367.75,9745.46,2.96619e+06,5.53486e+06,9546.8,8007.04,700369,491894,6.89071e+06,6.39657e+06,3.07315,0.403484,4.27167,2.45535,0,4.75108
0,1371,2.81744e+06,6253.78,9946.54,2.9705e+06,5.52898e+06,9364.42,8182.41,706115,487684,6.82662e+06,6.45543e+06,3.01615,0.403484,4.36201,0.830474,0.0634095,3.78906
0,1372,2.81782e+06,6140.78,10152.6,2.97458e+06,5.5231e+06,9184.21,8362.02,712270,483391,6.76147e+06,6.51814e+06,2.95976,0.403484,4.45468,0,0.419089,3.8699
0,1373,2.81808e+06,6028.74,10363.4,2.97844e+06,5.51721e+06,9006.15,8545.59,718832,479020,6.69534e+06,6.5847e+06,2.90396,0.403484,4.54953,4.00449,0,5.82044
0,1374,2.81824e+06,5917.64,10578.5,2.98206e+06,5.51132e+06,8830.21,8732.8,725802,474573,6.62829e+06,6.65509e+06,2.84876,0.403484,4.6464,4.31872,1.03589,8.42394
0,1375,2.81827e+06,5807.46,10797.5,2.98544e+06,5.50544e+06,8656.37,8923.27,733175,470056,6.56037e+06,6.72928e+06,2.79414,0.403484,4.7451,3.54138,0,4.02335
0,1376,2.81819e+06,5698.19,11019.8,2.98857e+06,5.49957e+06,8484.6,9116.61,740947,465473,6.49167e+06,6.80723e+06,2.74009,0.403484,4.84542,0.954472,1.30295,3.68068
0,1377,2.81798e+06,5589.83,11245,2.99145e+06,5.49372e+06,8314.89,9312.35,749114,460827,6.42222e+06,6.88889e+06,2.68661,0.403484,4.94715,1.58801,0,4.64192
0,1378,2.81763e+06,5482.38,11472.4,2.99407e+06,5.4879e+06,8147.24,9510,757667,456122,6.35209e+06,6.97418e+06,2.63369,0.403484,5.05003,2.73598,0,0
0,1379,2.81716e+06,5375.83,11701.5,2.99643e+06,5.48211e+06,7981.65,9709.02,766598,451361,6.28134e+06,7.06303e+06,2.58135,0.403484,5.15377,4.03467,0.587042,5.54811
0,1380,2.81656e+06,5270.22,11931.5,2.99853e+06,5.47637e+06,7818.13,9908.81,775897,446549,6.21002e+06,7.15532e+06,2.52957,0.403484,5.2581,1.10506,0.229052,4.29588
0,1381,2.81582e+06,5165.56,12161.7,3.00037e+06,5.47068e+06,7656.7,10108.7,785551,441688,6.13817e+06,7.25094e+06,2.47838,0.403484,5.36268,2.39728,1.86198,6.15259
0,1382,2.81494e+06,5061.87,12391.4,3.00193e+06,5.46507e+06,7497.39,10308.2,795546,436783,6.06586e+06,7.34974e+06,2.42777,0.403484,5.46717,3.51066,0.296588,5.01804
0,1383,2.81393e+06,4959.2,12619.7,3.00323e+06,5.45952e+06,7340.24,10506.4,805867,431835,5.99313e+06,7.45159e+06,2.37776,0.403484,5.57122,3.72454,0.533135,6.38151
0,1384,2.81279e+06,4857.59,12845.8,3.00426e+06,5.45408e+06,7185.31,10702.6,816496,426850,5.92004e+06,7.55629e+06,2.32836,0.403484,5.67443,1.85929,0.957924,7.28717
0,1385,2.81153e+06,4757.09,13068.7,3.00502e+06,5.44874e+06,7032.65,10896,827412,421830,5.84662e+06,7.66366e+06,2.27961,0.403484,5.77643,1.54644,0.6943,8.12171
0,1386,2.81013e+06,4657.77,13287.6,3.00552e+06,5.44352e+06,6882.33,11086,838594,416778,5.77294e+06,7.77348e+06,2.23151,0.403484,5.87678,3.47905,1.22058,6.79676
0,1387,2.80862e+06,4559.68,13501.5,3.00576e+06,5.43845e+06,6734.43,11271.5,850018,411699,5.69904e+06,7.88553e+06,2.1841,0.403484,5.97508,4.08384,0,4.99964
0,1388,2.80699e+06,4462.92,13709.4,3.00574e+06,5.43353e+06,6589.05,11451.9,861658,406595,5.62497e+06,7.99954e+06,2.13741,0.403484,6.0709,0.943319,0.99332,8.01364
0,1389,2.80524e+06,4367.55,13910.6,3.00546e+06,5.42878e+06,6446.28,11626.3,873488,401470,5.55079e+06,8.11526e+06,2.09146,0.403484,6.1638,4.41756,0.720985,8.44483
0,1390,2.8034e+06,4273.67,14103.9,3.00493e+06,5.42423e+06,6306.23,11793.9,885477,396328,5.47654e+06,8.23239e+06,2.0463,0.403484,6.25336,0.420229,0,7.32447
0,1391,2.80146e+06,4181.37,14288.5,3.00416e+06,5.41989e+06,6169,11953.8,897595,391172,5.40227e+06,8.35064e+06,2.00197,0.403484,6.33915,1.79322,0.192802,7.31804
0,1392,2.79944e+06,4090.74,14463.5,3.00316e+06,5.41578e+06,6034.72,12105.3,909810,386007,5.32805e+06,8.46969e+06,1.9585,0.403484,6.42076,1.65063,0.428443,6.74126
0,1393,2.79734e+06,4001.88,14628,3.00192e+06,5.41192e+06,5903.5,12247.6,922087,380836,5.25392e+06,8.5892e+06,1.91593,0.403484,6.4978,1.13854,0.835647,8.66734
0,1394,2.79517e+06,3914.89,14781.3,3.00047e+06,5.40833e+06,5775.46,12380.1,934392,375663,5.17994e+06,8.70885e+06,1.87431,0.403484,6.56988,3.49782,1.06132,6.17898
0,1395,2.79295e+06,3829.89,14922.6,2.9988e+06,5.40504e+06,5650.74,12502,946689,370492,5.10616e+06,8.82828e+06,1.83367,0.403484,6.63665,3.31873,0.938622,5.42813
0,1396,2.79069e+06,3746.95,15051.3,2.99693e+06,5.40205e+06,5529.44,12612.9,958942,365328,5.03264e+06,8.94713e+06,1.79407,0.403484,6.69779,0.667661,0.819902,8.79428
0,1397,2.78839e+06,3666.2,15166.7,2.99487e+06,5.3994e+06,5411.7,12712,971113,360174,4.95943e+06,9.06506e+06,1.75555,0.403484,6.75301,0.184858,0.955911,3.63804
0,1398,2.78608e+06,3587.72,15268.4,2.99263e+06,5.39709e+06,5297.64,12799.1,983166,355035,4.8866e+06,9.18169e+06,1.71814,0.403484,6.80207,0.842261,0.694666,5.79953
0,1399,2.78376e+06,3511.61,15356,2.99022e+06,5.39516e+06,5187.36,12873.7,995064,349916,4.8142e+06,9.29667e+06,1.68189,0.403484,6.84475,2.96649,0,11.9057
0,1400,2.78144e+06,3437.96,15429.1,2.98765e+06,5.3936e+06,5080.97,12935.6,1.00677e+06,344820,4.74229e+06,9.40965e+06,1.64684,0.403484,6.8809,2.09927,0,14.8229
0,1401,2.77915e+06,3366.85,15487.6,2.98494e+06,5.39245e+06,4978.58,12984.6,1.01825e+06,339753,4.67093e+06,9.52027e+06,1.61302,0.403484,6.91038,0,0.320545,7.79805
0,1402,2.77689e+06,3298.37,15531.5,2.98208e+06,5.39171e+06,4880.28,13020.5,1.02946e+06,334718,4.60018e+06,9.62821e+06,1.58047,0.403484,6.93315,0,0.0810656,7.34648
0,1403,2.77467e+06,3232.58,15560.6,2.9791e+06,5.3914e+06,4786.16,13043.4,1.04038e+06,329721,4.53009e+06,9.73313e+06,1.54922,0.403484,6.94916,1.20447,0,8.28631
0,1404,2.77251e+06,3169.56,15575.1,2.97601e+06,5.39153e+06,4696.3,13053.4,1.05097e+06,324765,4.46073e+06,9.83472e+06,1.5193,0.403484,6.95847,1.46907,0,8.74367
0,1405,2.77042e+06,3109.36,15575.4,2.97282e+06,5.39211e+06,4610.76,13050.6,1.06121e+06,319856,4.39214e+06,9.9327e+06,1.49073,0.403484,6.96113,2.10779,0.990812,9.13117
0,1406,2.76841e+06,3052.03,15561.6,2.96954e+06,5.39315e+06,4529.61,13035.4,1.07105e+06,314997,4.3244e+06,1.00268e+07,1.46354,0.403484,6.95727,1.13881,0,5.6273
0,1407,2.7665e+06,2997.62,15534.2,2.96618e+06,5.39466e+06,4452.89,13008,1.08048e+06,310193,4.25754e+06,1.01167e+07,1.43775,0.403484,6.94707,0.4298,0.986379,9.40808
0,1408,2.76468e+06,2946.16,15493.7,2.96274e+06,5.39665e+06,4380.64,12969,1.08948e+06,305448,4.19164e+06,1.02023e+07,1.41337,0.403484,6.93073,1.83719,0.992542,6.5912
0,1409,2.76298e+06,2897.68,15440.8,2.95925e+06,5.3991e+06,4312.9,12918.7,1.09801e+06,300766,4.12673e+06,1.02833e+07,1.39042,0.403484,6.90851,1.4897,0,7.91683
0,1410,2.76141e+06,2852.2,15376,2.95571e+06,5.40203e+06,4249.69,12857.9,1.10607e+06,296152,4.06288e+06,1.03596e+07,1.36891,0.403484,6.88067,0,0.734965,6.19911
0,1411,2.75996e+06,2809.74,15300.1,2.95213e+06,5.40544e+06,4191.01,12787.1,1.11364e+06,291609,4.00013e+06,1.0431e+07,1.34884,0.403484,6.84753,0,0.351847,4.21114
0,1412,2.75865e+06,2770.31,15213.9,2.94852e+06,5.40932e+06,4136.89,12707,1.1207e+06,287142,3.93853e+06,1.04973e+07,1.33022,0.403484,6.80943,1.83493,0,5.02763
0,1413,2.75748e+06,2733.91,15118,2.94489e+06,5.41366e+06,4087.31,12618.2,1.12724e+06,282754,3.87813e+06,1.05585e+07,1.31304,0.403484,6.76674,1.34639,0.709946,4.91564
0,1414,2.75647e+06,2700.54,15013.5,2.94123e+06,5.41847e+06,4042.28,12521.6,1.13326e+06,278448,3.81898e+06,1.06146e+07,1.29732,0.403484,6.71981,0.827851,1.10964,9.57222
0,1415,2.7556e+06,2670.19,14901.1,2.93757e+06,5.42373e+06,4001.77,12417.8,1.13875e+06,274229,3.76111e+06,1.06654e+07,1.28304,0.403484,6.66904,2.04297,0.526893,9.01067
0,1416,2.7549e+06,2642.84,14781.8,2.9339e+06,5.42942e+06,3965.77,12307.6,1.14371e+06,270099,3.70458e+06,1.07109e+07,1.27021,0.403484,6.61483,0.905847,1.00796,7.69606
0,1417,2.75436e+06,2618.5,14656.3,2.93024e+06,5.43555e+06,3934.27,12191.8,1.14814e+06,266062,3.64941e+06,1.07513e+07,1.25881,0.403484,6.55755,1.93305,0.695199,7.12918
0,1418,2.75398e+06,2597.14,14525.5,2.92658e+06,5.44209e+06,3907.23,12071.2,1.15204e+06,262120,3.59565e+06,1.07864e+07,1.24883,0.403484,6.49762,1.26996,0.314692,3.64128
0,1419,2.75377e+06,2578.74,14390.3,2.92293e+06,5.44904e+06,3884.64,11946.4,1.15542e+06,258276,3.54333e+06,1.08164e+07,1.24028,0.403484,6.43542,0.267745,0.722267,6.61151
0,1420,2.75372e+06,2563.28,14251.5,2.91929e+06,5.45636e+06,3866.46,11818.2,1.15828e+06,254534,3.49249e+06,1.08413e+07,1.23315,0.403484,6.37132,1.6083,0.92635,3.33642
0,1421,2.75383e+06,2550.75,14109.9,2.91568e+06,5.46406e+06,3852.68,11687.3,1.16064e+06,250895,3.44315e+06,1.08612e+07,1.22741,0.403484,6.3057,2.10564,0,5.65423
0,1422,2.75411e+06,2541.12,13966.2,2.91208e+06,5.4721e+06,3843.26,11554.4,1.1625e+06,247363,3.39535e+06,1.08763e+07,1.22307,0.403484,6.23892,2.44991,0,5.28792
0,1423,2.75455e+06,2534.37,13821.2,2.9085e+06,5.48047e+06,3838.18,11420,1.16388e+06,243939,3.34912e+06,1.08866e+07,1.22012,0.403484,6.1713,1.58316,0.318329,4.83621
0,1424,2.75515e+06,2530.5,13675.5,2.90494e+06,5.48916e+06,3837.43,11284.9,1.1648e+06,240625,3.30448e+06,1.08924e+07,1.21855,0.403484,6.10316,1.7259,0,5.53322
0,1425,2.7559e+06,2529.47,13529.8,2.90141e+06,5.49812e+06,3840.98,11149.5,1.16526e+06,237424,3.26147e+06,1.08937e+07,1.21835,0.403484,6.03482,0.772709,0,6.44719
0,1426,2.7568e+06,2531.28,13384.6,2.8979e+06,5.50736e+06,3848.82,11014.4,1.16529e+06,234338,3.22009e+06,1.08908e+07,1.21951,0.403484,5.96654,1.71018,0.0336334,6.1599
0,1427,2.75785e+06,2535.91,13240.5,2.89442e+06,5.51684e+06,3860.93,10880,1.16491e+06,231368,3.18039e+06,1.08838e+07,1.22204,0.403484,5.89859,1.38664,0,5.71345
0,1428,2.75904e+06,2543.35,13098,2.89096e+06,5.52655e+06,3877.31,10746.8,1.16413e+06,228516,3.14237e+06,1.08729e+07,1.22592,0.403484,5.83121,2.8263,0,7.63038
0,1429,2.76037e+06,2553.61,12957.5,2.88752e+06,5.53645e+06,3897.96,10615.2,1.16297e+06,225783,3.10606e+06,1.08584e+07,1.23115,0.403484,5.76459,1.31882,0.0235869,2.58021
0,1430,2.76183e+06,2566.66,12819.5,2.88411e+06,5.54653e+06,3922.87,10485.5,1.16145e+06,223172,3.07148e+06,1.08403e+07,1.23774,0.403484,5.69895,3.04284,0.0315782,6.3494
0,1431,2.76341e+06,2582.52,12684.2,2.88072e+06,5.55678e+06,3952.06,10358,1.1596e+06,220683,3.03866e+06,1.08189e+07,1.24568,0.403484,5.63445,1.21359,1.24653,3.06289
0,1432,2.76511e+06,2601.18,12552,2.87735e+06,5.56715e+06,3985.53,10233.1,1.15744e+06,218319,3.0076e+06,1.07944e+07,1.25498,0.403484,5.57123,2.35599,0.456855,3.06798
0,1433,2.76692e+06,2622.66,12423.2,2.874e+06,5.57764e+06,4023.31,10110.9,1.15498e+06,216080,2.97832e+06,1.0767e+07,1.26563,0.403484,5.50944,1.30294,2.24711,6.66129
0,1434,2.76884e+06,2646.97,12297.9,2.87067e+06,5.58822e+06,4065.42,9991.62,1.15224e+06,213968,2.95086e+06,1.0737e+07,1.27765,0.403484,5.44918,0.649926,0,5.48405
0,1435,2.77085e+06,2674.11,12176.3,2.86736e+06,5.59887e+06,4111.9,9875.47,1.14926e+06,211985,2.92521e+06,1.07044e+07,1.29105,0.403484,5.39055,0.360395,0,11.2778
0,1436,2.77295e+06,2704.12,12058.7,2.86406e+06,5.60957e+06,4162.77,9762.55,1.14604e+06,210130,2.90141e+06,1.06696e+07,1.30582,0.403484,5.33362,0,0.479467,3.27934
0,1437,2.77514e+06,2737.01,11945,2.86077e+06,5.6203e+06,4218.08,9652.97,1.1426e+06,208407,2.87946e+06,1.06326e+07,1.322,0.403484,5.27844,2.75944,1.08625,8.40675
0,1438,2.7774e+06,2772.81,11835.4,2.85749e+06,5.63104e+06,4277.89,9546.8,1.13897e+06,206815,2.8594e+06,1.05937e+07,1.33958,0.403484,5.22507,1.90499,0,5.6785
0,1439,2.77972e+06,2811.55,11730,2.85423e+06,5.64177e+06,4342.23,9444.07,1.13517e+06,205357,2.84122e+06,1.05531e+07,1.35858,0.403484,5.17353,0,0,6.7715
0,1440,2.78211e+06,2853.26,11628.6,2.85097e+06,5.65247e+06,4411.18,9344.82,1.13121e+06,204034,2.82496e+06,1.05109e+07,1.37902,0.403484,5.12383,2.86003,0,6.40829
0,1441,2.78455e+06,2897.99,11531.4,2.84772e+06,5.66313e+06,4484.81,9249.04,1.12711e+06,202846,2.81063e+06,1.04673e+07,1.40093,0.403484,5.07598,0.421904,1.2658,7.9783
0,1442,2.78703e+06,2945.77,11438.3,2.84448e+06,5.67372e+06,4563.17,9156.71,1.12289e+06,201796,2.79826e+06,1.04225e+07,1.42431,0.403484,5.02997,0,0,6.15589
0,1443,2.78955e+06,2996.65,11349.2,2.84124e+06,5.68423e+06,4646.34,9067.78,1.11856e+06,200884,2.78785e+06,1.03766e+07,1.4492,0.403484,4.98579,2.28873,0.335814,4.12266
0,1444,2.7921e+06,3050.68,11264,2.838e+06,5.69465e+06,4734.42,8982.2,1.11414e+06,200113,2.77944e+06,1.03298e+07,1.47561,0.403484,4.94339,0.300292,0.421027,3.6117
0,1445,2.79468e+06,3107.91,11182.7,2.83476e+06,5.70495e+06,4827.48,8899.89,1.10965e+06,199483,2.77305e+06,1.02823e+07,1.50358,0.403484,4.90275,1.21981,0,8.08475
0,1446,2.79726e+06,3168.39,11105.2,2.83152e+06,5.71513e+06,4925.61,8820.76,1.10509e+06,198997,2.76869e+06,1.0234e+07,1.53312,0.403484,4.86381,1.07319,0,6.55586
0,1447,2.79986e+06,3232.19,11031.2,2.82828e+06,5.72517e+06,5028.9,8744.72,1.10048e+06,198654,2.76639e+06,1.01852e+07,1.56428,0.403484,4.82653,2.36273,0.701156,5.23332
0,1448,2.80245e+06,3299.35,10960.7,2.82503e+06,5.73505e+06,5137.46,8671.65,1.09583e+06,198459,2.76617e+06,1.01361e+07,1.59706,0.403484,4.79085,1.75559,0.325031,6.91746
0,1449,2.80503e+06,3369.93,10893.5,2.82179e+06,5.74476e+06,5251.37,8601.42,1.09116e+06,198411,2.76807e+06,1.00866e+07,1.63152,0.403484,4.7567,2.88217,0.216663,7.82834
0,1450,2.80761e+06,3444.01,10829.5,2.81853e+06,5.7543e+06,5370.74,8533.92,1.08646e+06,198512,2.77209e+06,1.00369e+07,1.66766,0.403484,4.72401,0.621711,0.0113806,2.48141
0,1451,2.81016e+06,3521.63,10768.4,2.81528e+06,5.76364e+06,5495.67,8468.99,1.08176e+06,198765,2.77828e+06,9.98705e+06,1.70554,0.403484,4.6927,3.31595,0.979332,3.86553
0,1452,2.81268e+06,3602.86,10710.1,2.81201e+06,5.77278e+06,5626.26,8406.5,1.07706e+06,199171,2.78665e+06,9.93718e+06,1.74517,0.403484,4.6627,2.03516,1.39293,6.56832
0,1453,2.81517e+06,3687.76,10654.3,2.80874e+06,5.78171e+06,5762.6,8346.3,1.07237e+06,199733,2.79725e+06,9.88735e+06,1.7866,0.403484,4.63392,1.53215,0.594505,4.55632
0,1454,2.81761e+06,3776.39,10601,2.80547e+06,5.79042e+06,5904.81,8288.23,1.06769e+06,200451,2.81008e+06,9.83762e+06,1.82984,0.403484,4.60629,0,0.943495,8.47042
0,1455,2.82001e+06,3868.82,10549.8,2.80219e+06,5.79889e+06,6052.97,8232.14,1.06303e+06,201328,2.82519e+06,9.78804e+06,1.87493,0.403484,4.5797,1.10964,0,5.60704
0,1456,2.82236e+06,3965.09,10500.5,2.7989e+06,5.80712e+06,6207.18,8177.86,1.05839e+06,202367,2.8426e+06,9.73866e+06,1.9219,0.403484,4.55408,2.6496,1.00784,5.62929
0,1457,2.82465e+06,4065.25,10453,2.79561e+06,5.8151e+06,6367.52,8125.24,1.05379e+06,203568,2.86235e+06,9.68953e+06,1.97077,0.403484,4.52932,3.22077,0.794014,3.56296
0,1458,2.82687e+06,4169.36,10407,2.79232e+06,5.82283e+06,6534.07,8074.1,1.04921e+06,204934,2.88446e+06,9.64068e+06,2.02158,0.403484,4.50534,1.12425,0.757251,7.12045
0,1459,2.82902e+06,4277.46,10362.3,2.78902e+06,5.83029e+06,6706.9,8024.29,1.04467e+06,206467,2.90897e+06,9.59213e+06,2.07434,0.403484,4.48205,2.13321,1.29161,3.70595
0,1460,2.8311e+06,4389.59,10318.6,2.78572e+06,5.83748e+06,6886.08,7975.64,1.04016e+06,208170,2.9359e+06,9.5439e+06,2.12907,0.403484,4.45935,3.45384,0.420109,6.04062
0,1461,2.83309e+06,4505.77,10275.8,2.78241e+06,5.84439e+06,7071.66,7927.99,1.03569e+06,210043,2.96529e+06,9.49601e+06,2.1858,0.403484,4.43714,1.90378,1.39976,4.82091
0,1462,2.835e+06,4626.03,10233.7,2.77911e+06,5.85102e+06,7263.68,7881.18,1.03126e+06,212090,2.99716e+06,9.44846e+06,2.24453,0.403484,4.41533,1.02057,0.330852,8.69788
0,1463,2.83682e+06,4750.38,10191.9,2.77581e+06,5.85735e+06,7462.15,7835.04,1.02686e+06,214312,3.03155e+06,9.40126e+06,2.30528,0.403484,4.39384,2.58282,0,6.21047
0,1464,2.83854e+06,4878.82,10150.3,2.77252e+06,5.8634e+06,7667.09,7789.44,1.02249e+06,216711,3.06848e+06,9.35439e+06,2.36805,0.403484,4.37256,3.05654,0.447584,5.40748
0,1465,2.84017e+06,5011.35,10108.7,2.76923e+06,5.86914e+06,7878.48,7744.2,1.01816e+06,219289,3.10798e+06,9.30784e+06,2.43284,0.403484,4.35142,1.2418,0.794073,5.01673
0,1466,2.84169e+06,5147.93,10066.9,2.76594e+06,5.87458e+06,8096.3,7699.19,1.01386e+06,222047,3.15007e+06,9.26161e+06,2.49963,0.403484,4.33031,1.81612,0,4.5914
0,1467,2.8431e+06,5288.53,10024.7,2.76268e+06,5.87971e+06,8320.48,7654.26,1.00958e+06,224988,3.19478e+06,9.21566e+06,2.56843,0.403484,4.30917,3.95263,0.70132,4.5432
0,1468,2.84441e+06,5433.1,9981.81,2.75942e+06,5.88453e+06,8550.94,7609.29,1.00533e+06,228111,3.24213e+06,9.16998e+06,2.63919,0.403484,4.28789,2.52155,0,4.55865
0,1469,2.8456e+06,5581.57,9938.12,2.75618e+06,5.88904e+06,8787.58,7564.12,1.0011e+06,231420,3.29213e+06,9.12453e+06,2.71191,0.403484,4.26642,2.59985,0.248352,7.50213
0,1470,2.84667e+06,5733.85,9893.44,2.75296e+06,5.89323e+06,9030.25,7518.66,996881,234915,3.3448e+06,9.07928e+06,2.78653,0.403484,4.24466,3.74506,0,5.17384
0,1471,2.84763e+06,5889.82,9847.6,2.74977e+06,5.8971e+06,9278.79,7472.77,992676,238596,3.40015e+06,9.03419e+06,2.863,0.403484,4.22256,2.00506,0,3.80505
0,1472,2.84846e+06,6049.36,9800.43,2.74661e+06,5.90064e+06,9532.98,7426.35,988476,242464,3.45819e+06,8.98923e+06,2.94127,0.403484,4.20003,4.04747,0.390818,2.33861
0,1473,2.84917e+06,6212.31,9751.8,2.74348e+06,5.90387e+06,9792.6,7379.31,984276,246519,3.51892e+06,8.94435e+06,3.02128,0.403484,4.17703,4.26587,0,3.02631
0,1474,2.84976e+06,6378.49,9701.57,2.74038e+06,5.90677e+06,10057.4,7331.55,980072,250761,3.58233e+06,8.89951e+06,3.10292,0.403484,4.15349,1.56228,0,5.40923
0,1475,2.85022e+06,6547.71,9649.61,2.73733e+06,5.90934e+06,10326.9,7283.01,975857,255190,3.64842e+06,8.85466e+06,3.18612,0.403484,4.12936,3.46025,0.650228,3.28962
0,1476,2.85055e+06,6719.73,9595.83,2.73432e+06,5.91159e+06,10601,7233.6,971625,259804,3.71716e+06,8.80977e+06,3.27077,0.403484,4.1046,4.08161,0,4.49771
0,1477,2.85076e+06,6894.3,9540.14,2.73137e+06,5.91351e+06,10879,7183.28,967370,264603,3.78854e+06,8.76477e+06,3.35675,0.403484,4.07917,1.79918,0,2.44857
0,1478,2.85084e+06,7071.15,9482.45,2.72847e+06,5.91511e+06,11160.7,7131.99,963088,269584,3.86253e+06,8.71963e+06,3.44392,0.403484,4.05304,3.86703,0.65193,4.02825
0,1479,2.85079e+06,7249.95,9422.72,2.72563e+06,5.91638e+06,11445.6,7079.72,958771,274744,3.93909e+06,8.6743e+06,3.53214,0.403484,4.02617,0,0.47816,6.09037
0,1480,2.85061e+06,7430.37,9360.91,2.72287e+06,5.91733e+06,11732.9,7026.43,954414,280082,4.01817e+06,8.62873e+06,3.62125,0.403484,3.99856,7.66662,0.517717,9.1317
0,1481,2.85031e+06,7612.04,9296.98,2.72018e+06,5.91796e+06,12022.3,6972.11,950011,285593,4.09972e+06,8.58288e+06,3.71107,0.403484,3.9702,4.49298,1.33198,4.00127
0,1482,2.84989e+06,7794.59,9230.95,2.71757e+06,5.91827e+06,12313.1,6916.78,945557,291273,4.18367e+06,8.53671e+06,3.80142,0.403484,3.94107,4.89131,0.297554,1.17856
0,1483,2.84934e+06,7977.58,9162.83,2.71504e+06,5.91826e+06,12604.5,6860.44,941047,297118,4.26995e+06,8.49018e+06,3.89209,0.403484,3.91118,5.94888,0.572363,1.81494
0,1484,2.84868e+06,8160.57,9092.64,2.71261e+06,5.91793e+06,12896,6803.13,936476,303121,4.35847e+06,8.44325e+06,3.98287,0.403484,3.88055,6.98622,0,5.77209
0,1485,2.84789e+06,8343.09,9020.46,2.71028e+06,5.91729e+06,13186.6,6744.9,931840,309277,4.44914e+06,8.39589e+06,4.07353,0.403484,3.84919,6.31724,1.0157,3.94912
0,1486,2.847e+06,8524.67,8946.35,2.70806e+06,5.91635e+06,13475.8,6685.78,927133,315578,4.54186e+06,8.34806e+06,4.16384,0.403484,3.81713,6.04642,0.308578,3.13281
0,1487,2.84599e+06,8704.77,8870.39,2.70595e+06,5.91511e+06,13762.5,6625.87,922354,322018,4.6365e+06,8.29974e+06,4.25354,0.403484,3.78442,1.57499,0,5.80241
0,1488,2.84488e+06,8882.89,8792.71,2.70397e+06,5.91357e+06,14046,6565.22,917498,328587,4.73294e+06,8.25091e+06,4.34237,0.403484,3.75108,2.6903,1.00966,4.33339
0,1489,2.84367e+06,9058.48,8713.43,2.70212e+06,5.91173e+06,14325.4,6503.93,912562,335276,4.83104e+06,8.20154e+06,4.43007,0.403484,3.71717,3.04295,0.193644,0.702211
0,1490,2.84237e+06,9230.98,8632.69,2.7004e+06,5.90961e+06,14599.8,6442.11,907546,342076,4.93065e+06,8.15163e+06,4.51637,0.403484,3.68274,4.75804,0,3.06047
0,1491,2.84097e+06,9399.84,8550.65,2.69882e+06,5.90722e+06,14868.4,6379.86,902446,348976,5.03161e+06,8.10116e+06,4.60098,0.403484,3.64786,4.5331,0,4.4537
0,1492,2.83949e+06,9564.5,8467.49,2.6974e+06,5.90455e+06,15130.1,6317.31,897263,355964,5.13374e+06,8.05014e+06,4.68362,0.403484,3.6126,3.85062,0.88608,2.42784
0,1493,2.83793e+06,9724.39,8383.39,2.69614e+06,5.90161e+06,15384,6254.58,891996,363029,5.23687e+06,7.99856e+06,4.76401,0.403484,3.57703,6.48182,0,3.11273
0,1494,2.8363e+06,9878.96,8298.56,2.69504e+06,5.89843e+06,15629.4,6191.82,886646,370157,5.3408e+06,7.94643e+06,4.84187,0.403484,3.54123,5.23235,0,3.13484
0,1495,2.8346e+06,10027.7,8213.21,2.69411e+06,5.89499e+06,15865.2,6129.17,881213,377336,5.44534e+06,7.89376e+06,4.91693,0.403484,3.50528,7.46439,0,2.68096
0,1496,2.83285e+06,10170,8127.57,2.69337e+06,5.89132e+06,16090.6,6066.78,875699,384552,5.55028e+06,7.84058e+06,4.9889,0.403484,3.46929,5.82987,0.158828,7.10455
0,1497,2.83105e+06,10305.4,8041.85,2.69281e+06,5.88742e+06,16304.7,6004.81,870107,391790,5.65539e+06,7.78691e+06,5.05753,0.403484,3.43333,8.15728,0,3.31319
0,1498,2.8292e+06,10433.3,7956.3,2.69245e+06,5.88329e+06,16506.9,5943.41,864439,399034,5.76046e+06,7.73277e+06,5.12256,0.403484,3.3975,4.70822,0.748168,4.4698
0,1499,2.82732e+06,10553.5,7871.15,2.69228e+06,5.87897e+06,16696.2,5882.76,858701,406271,5.86526e+06,7.6782e+06,5.18376,0.403484,3.3619,9.05606,0,5.76215
0,1500,2.82542e+06,10665.3,7786.67,2.69232e+06,5.87444e+06,16872,5823.01,852895,413485,5.96956e+06,7.62325e+06,5.2409,0.403484,3.32663,5.91883,0.739277,3.1905
0,1501,2.8235e+06,10768.5,7703.08,2.69257e+06,5.86972e+06,17033.7,5764.34,847027,420659,6.07312e+06,7.56795e+06,5.29377,0.403484,3.29179,0.609601,0.586109,4.62269
0,1502,2.82157e+06,10862.7,7620.65,2.69304e+06,5.86484e+06,17180.7,5706.91,841103,427778,6.17571e+06,7.51237e+06,5.34218,0.403484,3.25749,2.41375,1.19236,0
0,1503,2.81964e+06,10947.5,7539.61,2.69373e+06,5.85978e+06,17312.4,5650.89,835128,434825,6.27708e+06,7.45655e+06,5.38597,0.403484,3.22381,3.07641,0,5.74478
0,1504,2.81772e+06,11022.8,7460.21,2.69464e+06,5.85457e+06,17428.5,5596.44,829110,441785,6.37701e+06,7.40055e+06,5.42499,0.403484,3.19087,7.70856,0.646739,0.700625
0,1505,2.81581e+06,11088.2,7382.7,2.69579e+06,5.84922e+06,17528.5,5543.73,823056,448642,6.47526e+06,7.34445e+06,5.45913,0.403484,3.15876,5.79047,0.611845,4.34697
0,1506,2.81393e+06,11143.7,7307.29,2.69716e+06,5.84374e+06,17612.3,5492.91,816974,455380,6.57159e+06,7.28831e+06,5.48829,0.403484,3.12757,5.9149,0,4.21557
0,1507,2.81209e+06,11189.2,7234.24,2.69877e+06,5.83814e+06,17679.6,5444.14,810871,461984,6.66579e+06,7.23219e+06,5.51241,0.403484,3.09741,3.67623,0,3.28794
0,1508,2.81028e+06,11224.5,7163.75,2.70062e+06,5.83244e+06,17730.3,5397.58,804757,468438,6.75763e+06,7.17618e+06,5.53143,0.403484,3.06836,4.90396,0.432356,1.60188
0,1509,2.80853e+06,11249.8,7096.05,2.7027e+06,5.82663e+06,17764.5,5353.36,798641,474729,6.84691e+06,7.12036e+06,5.54535,0.403484,3.04052,8.44196,0.105221,3.14912
0,1510,2.80683e+06,11265,7031.33,2.70502e+06,5.82074e+06,17782.2,5311.63,792532,480842,6.93341e+06,7.0648e+06,5.55417,0.403484,3.01396,4.85364,0.198718,4.11498
0,1511,2.80519e+06,11270.2,6969.8,2.70758e+06,5.81478e+06,17783.5,5272.54,786439,486764,7.01695e+06,7.0096e+06,5.55794,0.403484,2.98878,4.91277,0.524836,3.14171
0,1512,2.80362e+06,11265.6,6911.64,2.71038e+06,5.80875e+06,17768.8,5236.19,780373,492483,7.09735e+06,6.95483e+06,5.55671,0.403484,2.96505,4.92642,0.725507,5.6127
0,1513,2.80213e+06,11251.5,6857.04,2.71341e+06,5.80266e+06,17738.3,5202.74,774343,497986,7.17444e+06,6.90058e+06,5.55058,0.403484,2.94285,1.83879,0,4.08634
0,1514,2.80072e+06,11227.9,6806.16,2.71668e+06,5.79653e+06,17692.4,5172.28,768361,503263,7.24806e+06,6.84695e+06,5.53965,0.403484,2.92225,7.99919,0.294594,2.05687
0,1515,2.7994e+06,11195.3,6759.16,2.72018e+06,5.79036e+06,17631.5,5144.93,762435,508303,7.31806e+06,6.79402e+06,5.52405,0.403484,2.90332,3.36542,0.782946,5.75552
0,1516,2.79818e+06,11153.8,6716.19,2.7239e+06,5.78416e+06,17556.2,5120.81,756578,513097,7.38433e+06,6.74188e+06,5.50393,0.403484,2.88612,8.65451,0.754259,3.09783
0,1517,2.79704e+06,11104,6677.4,2.72785e+06,5.77795e+06,17467.1,5100.02,750798,517638,7.44674e+06,6.69062e+06,5.47946,0.403484,2.87072,6.80961,0,0
0,1518,2.79601e+06,11046.1,6642.91,2.73202e+06,5.77171e+06,17364.8,5082.65,745108,521917,7.5052e+06,6.64034e+06,5.45082,0.403484,2.85716,2.97481,1.09931,2.47062
0,1519,2.79509e+06,10980.5,6612.84,2.73639e+06,5.76548e+06,17249.9,5068.79,739517,525929,7.55962e+06,6.59112e+06,5.41822,0.403484,2.84551,5.65516,0.516683,6.18131
0,1520,2.79426e+06,10907.7,6587.33,2.74098e+06,5.75924e+06,17123.1,5058.54,734036,529668,7.60994e+06,6.54307e+06,5.38184,0.403484,2.83582,7.00517,0,4.17226
0,1521,2.79355e+06,10828.1,6566.47,2.74576e+06,5.753e+06,16985.2,5051.97,728676,533131,7.65609e+06,6.49626e+06,5.34193,0.403484,2.82814,6.24195,0.68058,2.43685
0,1522,2.79295e+06,10742.1,6550.37,2.75073e+06,5.74678e+06,16836.9,5049.18,723447,536313,7.69804e+06,6.45079e+06,5.29869,0.403484,2.8225,10.204,0.456229,3.20346
0,1523,2.79246e+06,10650.2,6539.13,2.75589e+06,5.74057e+06,16678.9,5050.23,718359,539212,7.73577e+06,6.40675e+06,5.25236,0.403484,2.81896,7.06841,0.414758,5.13462
0,1524,2.79208e+06,10552.9,6532.83,2.76122e+06,5.73438e+06,16512,5055.21,713423,541827,7.76927e+06,6.36424e+06,5.20317,0.403484,2.81756,2.46197,0,2.95962
0,1525,2.7918e+06,10450.5,6531.57,2.76672e+06,5.72822e+06,16337,5064.18,708649,544158,7.79853e+06,6.32332e+06,5.15134,0.403484,2.81833,4.52575,0.302107,3.65811
0,1526,2.79164e+06,10343.7,6535.42,2.77237e+06,5.72207e+06,16154.6,5077.22,704046,546206,7.82358e+06,6.28411e+06,5.09713,0.403484,2.82132,3.37339,0,3.97878
0,1527,2.79159e+06,10232.7,6544.48,2.77817e+06,5.71595e+06,15965.6,5094.39,699626,547970,7.84444e+06,6.24667e+06,5.04074,0.403484,2.82656,8.32879,0.493513,4.69927
0,1528,2.79164e+06,10118,6558.81,2.7841e+06,5.70987e+06,15770.6,5115.77,695397,549454,7.86116e+06,6.21111e+06,4.98241,0.403484,2.83409,2.08602,0,2.92768
0,1529,2.7918e+06,10000.1,6578.49,2.79016e+06,5.70381e+06,15570.5,5141.42,691370,550660,7.87378e+06,6.17749e+06,4.92235,0.403484,2.84394,3.62054,0.721642,5.13115
0,1530,2.79206e+06,9879.37,6603.6,2.79633e+06,5.69777e+06,15365.8,5171.41,687553,551593,7.88236e+06,6.14592e+06,4.86078,0.403484,2.85614,6.79403,0,4.14814
0,1531,2.79242e+06,9756.16,6634.2,2.8026e+06,5.69177e+06,15157.2,5205.81,683957,552255,7.88698e+06,6.11646e+06,4.7979,0.403484,2.87074,6.1027,0.340491,0.883591
0,1532,2.79286e+06,9630.87,6670.37,2.80896e+06,5.6858e+06,14945.4,5244.68,680590,552652,7.88772e+06,6.0892e+06,4.73391,0.403484,2.88776,4.65451,0.147906,2.98605
0,1533,2.7934e+06,9503.83,6712.18,2.8154e+06,5.67986e+06,14731,5288.09,677461,552788,7.88465e+06,6.06422e+06,4.66899,0.403484,2.90724,1.19539,1.34474,3.717
0,1534,2.79402e+06,9375.39,6759.7,2.82191e+06,5.67394e+06,14514.4,5336.11,674580,552671,7.87788e+06,6.04161e+06,4.60331,0.403484,2.92922,1.62668,1.06934,2.99463
0,1535,2.79473e+06,9245.85,6813,2.82847e+06,5.66805e+06,14296.3,5388.81,671955,552305,7.8675e+06,6.02144e+06,4.53704,0.403484,2.95372,10.1765,1.22669,4.98647
0,1536,2.7955e+06,9115.49,6872.15,2.83507e+06,5.66219e+06,14077.1,5446.25,669595,551698,7.85362e+06,6.00378e+06,4.47034,0.403484,2.98077,7.2056,0.399458,6.21746
0,1537,2.79635e+06,8984.58,6937.22,2.8417e+06,5.65635e+06,13857.2,5508.49,667508,550856,7.83634e+06,5.98873e+06,4.40334,0.403484,3.01042,4.1292,0,4.72687
0,1538,2.79725e+06,8853.36,7008.27,2.84834e+06,5.65053e+06,13637.2,5575.62,665704,549786,7.81578e+06,5.97635e+06,4.33617,0.403484,3.0427,6.25882,1.19252,2.42122
0,1539,2.79821e+06,8722.05,7085.38,2.855e+06,5.64472e+06,13417.2,5647.69,664190,548495,7.79204e+06,5.96672e+06,4.26896,0.403484,3.07763,4.51601,0,3.40943
0,1540,2.79922e+06,8590.84,7168.61,2.86164e+06,5.63893e+06,13197.8,5724.77,662975,546992,7.76525e+06,5.95991e+06,4.20182,0.403484,3.11525,2.19741,0,1.98524
0,1541,2.80027e+06,8459.92,7258.02,2.86826e+06,5.63316e+06,12979.2,5806.92,662066,545282,7.73552e+06,5.95601e+06,4.13484,0.403484,3.15559,2.48656,0.214548,6.39751
0,1542,2.80135e+06,8329.43,7353.67,2.87485e+06,5.6274e+06,12761.6,5894.21,661472,543375,7.70297e+06,5.95507e+06,4.0681,0.403484,3.19869,4.91921,0.027757,1.09686
0,1543,2.80246e+06,8199.52,7455.62,2.8814e+06,5.62164e+06,12545.3,5986.68,661200,541277,7.66771e+06,5.95718e+06,4.00169,0.403484,3.24456,5.76759,0,2.62247
0,1544,2.80359e+06,8070.3,7563.92,2.88788e+06,5.61589e+06,12330.6,6084.4,661259,538996,7.62987e+06,5.96241e+06,3.93567,0.403484,3.29325,2.10285,0.481561,1.88704
0,1545,2.80473e+06,7941.88,7678.62,2.8943e+06,5.61014e+06,12117.5,6187.42,661655,536540,7.58956e+06,5.97082e+06,3.8701,0.403484,3.34476,2.60119,0,5.46104
0,1546,2.80587e+06,7814.33,7799.74,2.90064e+06,5.60439e+06,11906.3,6295.77,662396,533915,7.54689e+06,5.98249e+06,3.80503,0.403484,3.39912,1.39837,0,0.179286
0,1547,2.80701e+06,7687.72,7927.34,2.90688e+06,5.59864e+06,11697.1,6409.48,663490,531129,7.50197e+06,5.99748e+06,3.7405,0.403484,3.45636,3.64614,0.923733,3.2394
0,1548,2.80814e+06,7562.12,8061.41,2.91302e+06,5.59288e+06,11489.9,6528.59,664942,528190,7.45492e+06,6.01585e+06,3.67655,0.403484,3.51647,2.87193,0.451379,3.6234
0,1549,2.80925e+06,7437.55,8201.96,2.91904e+06,5.58712e+06,11284.9,6653.1,666760,525105,7.40584e+06,6.03767e+06,3.61319,0.403484,3.57948,6.11825,0.267432,3.01957
0,1550,2.81032e+06,7314.05,8348.99,2.92494e+06,5.58134e+06,11082.2,6783.02,668951,521879,7.35484e+06,6.063e+06,3.55046,0.403484,3.64537,4.40716,0.17052,3.88021
0,1551,2.81137e+06,7191.63,8502.46,2.9307e+06,5.57556e+06,10881.7,6918.33,671519,518520,7.30202e+06,6.0919e+06,3.48836,0.403484,3.71415,7.74821,0,5.74233
0,1552,2.81236e+06,7070.31,8662.34,2.93631e+06,5.56977e+06,10683.5,7059.01,674471,515035,7.24748e+06,6.12442e+06,3.42691,0.403484,3.7858,3.28405,0.666121,2.47205
0,1553,2.81331e+06,6950.08,8828.54,2.94176e+06,5.56396e+06,10487.5,7205,677813,511429,7.19131e+06,6.1606e+06,3.3661,0.403484,3.86029,6.3927,0,4.31804
0,1554,2.81419e+06,6830.94,9000.99,2.94705e+06,5.55814e+06,10293.9,7356.22,681548,507708,7.1336e+06,6.2005e+06,3.30595,0.403484,3.9376,3.34898,0.873175,1.43247
0,1555,2.81501e+06,6712.87,9179.56,2.95215e+06,5.5523e+06,10102.6,7512.6,685682,503879,7.07445e+06,6.24416e+06,3.24644,0.403484,4.01768,4.34327,0.319859,6.46294
0,1556,2.81575e+06,6595.87,9364.09,2.95707e+06,5.54645e+06,9913.61,7674.01,690217,499946,7.01394e+06,6.2916e+06,3.18758,0.403484,4.10046,4.36627,0.0232431,0.319918
0,1557,2.81641e+06,6479.9,9554.42,2.96179e+06,5.54059e+06,9726.84,7840.29,695158,495915,6.95215e+06,6.34286e+06,3.12935,0.403484,4.18588,3.34929,0.558647,1.98066
0,1558,2.81698e+06,6364.96,9750.31,2.9663e+06,5.53472e+06,9542.31,8011.27,700505,491792,6.88916e+06,6.39796e+06,3.07175,0.403484,4.27384,1.49824,0.856376,4.7125
0,1559,2.81745e+06,6251.01,9951.52,2.9706e+06,5.52884e+06,9359.99,8186.75,706261,487580,6.82504e+06,6.45692e+06,3.01476,0.403484,4.36425,4.78581,1.15199,6.27643
0,1560,2.81782e+06,6138.04,10157.7,2.97468e+06,5.52295e+06,9179.84,8366.46,712425,483286,6.75987e+06,6.51972e+06,2.95839,0.403484,4.45697,1.71986,1.14789,5.6004
0,1561,2.81809e+06,6026.02,10368.6,2.97853e+06,5.51707e+06,9001.83,8550.12,718998,478912,6.69371e+06,6.58637e+06,2.90261,0.403484,4.55187,2.07373,0.671555,4.59317
0,1562,2.81824e+06,5914.94,10583.8,2.98215e+06,5.51118e+06,8825.94,8737.41,725977,474464,6.62664e+06,6.65686e+06,2.84742,0.403484,4.64879,4.80149,0,6.87801
0,1563,2.81827e+06,5804.78,10802.8,2.98552e+06,5.5053e+06,8652.15,8927.96,733360,469945,6.5587e+06,6.73114e+06,2.79281,0.403484,4.74753,2.49006,0.645262,1.82597
0,1564,2.81818e+06,5695.53,11025.3,2.98864e+06,5.49943e+06,8480.43,9121.37,741142,465360,6.48998e+06,6.80918e+06,2.73877,0.403484,4.84789,2.0829,0.746434,8.19072
0,1565,2.81797e+06,5587.19,11250.5,2.99152e+06,5.49358e+06,8310.77,9317.16,749318,460713,6.42051e+06,6.89093e+06,2.68531,0.403484,4.94965,2.27788,0.40268,8.67534
0,1566,2.81762e+06,5479.76,11478,2.99413e+06,5.48776e+06,8143.17,9514.85,757881,456006,6.35037e+06,6.97631e+06,2.63241,0.403484,5.05255,4.4927,0.914049,5.0863
0,1567,2.81715e+06,5373.24,11707.1,2.99649e+06,5.48197e+06,7977.63,9713.89,766821,451244,6.27961e+06,7.06524e+06,2.58008,0.403484,5.15632,0.69813,0.744833,7.0147
0,1568,2.81654e+06,5267.65,11937.1,2.99858e+06,5.47623e+06,7814.16,9913.69,776129,446431,6.20827e+06,7.15761e+06,2.52832,0.403484,5.26065,3.6221,0,5.06185
0,1569,2.8158e+06,5163.01,12167.4,3.00041e+06,5.47055e+06,7652.78,10113.6,785791,441569,6.13641e+06,7.25331e+06,2.47713,0.403484,5.36523,1.37372,0.298216,7.18293
0,1570,2.81492e+06,5059.35,12397,3.00197e+06,5.46493e+06,7493.53,10313,795795,436662,6.06409e+06,7.3522e+06,2.42654,0.403484,5.46972,2.57747,1.30272,0.638509
0,1571,2.81391e+06,4956.7,12625.3,3.00326e+06,5.45939e+06,7336.43,10511.2,806123,431714,5.99135e+06,7.45411e+06,2.37654,0.403484,5.57375,2.0268,0.470554,7.00485
0,1572,2.81276e+06,4855.12,12851.2,3.00428e+06,5.45395e+06,7181.55,10707.3,816759,426728,5.91825e+06,7.55888e+06,2.32716,0.403484,5.67694,2.40874,0.803536,7.03276
0,1573,2.81149e+06,4754.65,13074.1,3.00504e+06,5.44861e+06,7028.95,10900.7,827682,421707,5.84482e+06,7.66632e+06,2.27842,0.403484,5.7789,3.5173,0.62584,4.15046
0,1574,2.8101e+06,4655.35,13292.8,3.00553e+06,5.4434e+06,6878.68,11090.5,838870,416655,5.77114e+06,7.7762e+06,2.23034,0.403484,5.87921,1.89425,0.845342,7.47782
0,1575,2.80858e+06,4557.3,13506.6,3.00576e+06,5.43832e+06,6730.85,11276,850299,411574,5.69723e+06,7.88829e+06,2.18295,0.403484,5.97745,0.771921,0.500474,6.14864
0,1576,2.80694e+06,4460.57,13714.4,3.00573e+06,5.43341e+06,6585.53,11456.3,861945,406470,5.62316e+06,8.00235e+06,2.13627,0.403484,6.07321,3.61933,0.652886,5.1142
0,1577,2.8052e+06,4365.24,13915.4,3.00545e+06,5.42867e+06,6442.83,11630.5,873779,401345,5.54897e+06,8.11811e+06,2.09035,0.403484,6.16603,1.62266,0.733659,9.84844
0,1578,2.80335e+06,4271.39,14108.5,3.00492e+06,5.42412e+06,6302.84,11797.9,885772,396202,5.47472e+06,8.23527e+06,2.04521,0.403484,6.2555,2.56551,0.628006,6.57635
0,1579,2.80141e+06,4179.13,14292.9,3.00414e+06,5.41978e+06,6165.68,11957.6,897892,391046,5.40046e+06,8.35354e+06,2.0009,0.403484,6.3412,1.31847,0.17871,4.73889
0,1580,2.79939e+06,4088.54,14467.6,3.00313e+06,5.41568e+06,6031.47,12108.9,910109,385881,5.32624e+06,8.4726e+06,1.95745,0.403484,6.4227,0,0.269257,5.0072
0,1581,2.79729e+06,3999.73,14631.9,3.00189e+06,5.41183e+06,5900.33,12251,922387,380709,5.25211e+06,8.59213e+06,1.9149,0.403484,6.49962,1.93671,0.722565,6.315
0,1582,2.79512e+06,3912.79,14784.9,3.00043e+06,5.40825e+06,5772.38,12383.2,934693,375536,5.17813e+06,8.71177e+06,1.8733,0.403484,6.57157,1.97622,1.5141,7.22224
0,1583,2.7929e+06,3827.83,14925.9,2.99876e+06,5.40496e+06,5647.73,12504.9,946989,370366,5.10436e+06,8.83119e+06,1.83269,0.403484,6.63821,4.3819,0.0459067,4.03536
0,1584,2.79063e+06,3744.96,15054.2,2.99689e+06,5.40199e+06,5526.53,12615.4,959240,365202,5.03084e+06,8.95003e+06,1.79312,0.403484,6.69921,2.30695,0.833741,5.08383
0,1585,2.78834e+06,3664.25,15169.3,2.99482e+06,5.39934e+06,5408.87,12714.3,971409,360048,4.95765e+06,9.06792e+06,1.75462,0.403484,6.75429,0,0.645084,4.49168
0,1586,2.78602e+06,3585.83,15270.7,2.99258e+06,5.39704e+06,5294.9,12801.1,983459,354910,4.88483e+06,9.18452e+06,1.71724,0.403484,6.80319,0.53161,0.775507,10.6295
0,1587,2.7837e+06,3509.78,15357.9,2.99016e+06,5.39511e+06,5184.71,12875.4,995352,349791,4.81244e+06,9.29946e+06,1.68102,0.403484,6.84571,0,0,3.07201
0,1588,2.78139e+06,3436.19,15430.7,2.98759e+06,5.39357e+06,5078.42,12937,1.00705e+06,344696,4.74054e+06,9.41238e+06,1.646,0.403484,6.8817,2.35688,0.879628,7.48949
0,1589,2.77909e+06,3365.15,15488.9,2.98487e+06,5.39242e+06,4976.13,12985.6,1.01852e+06,339630,4.6692e+06,9.52294e+06,1.61221,0.403484,6.91102,1.24923,0.25732,8.29952
0,1590,2.77683e+06,3296.73,15532.3,2.98201e+06,5.3917e+06,4877.93,13021.2,1.02973e+06,334596,4.59846e+06,9.63081e+06,1.57969,0.403484,6.93362,0.493388,1.37987,6.35275
0,1591,2.77462e+06,3231.01,15561.1,2.97903e+06,5.3914e+06,4783.91,13043.8,1.04064e+06,329599,4.52839e+06,9.73565e+06,1.54847,0.403484,6.94947,2.00187,0.221315,8.81151
0,1592,2.77246e+06,3168.05,15575.3,2.97594e+06,5.39154e+06,4694.16,13053.5,1.05123e+06,324645,4.45904e+06,9.83716e+06,1.51858,0.403484,6.95861,2.49282,0.443685,10.1896
0,1593,2.77037e+06,3107.92,15575.2,2.97274e+06,5.39213e+06,4608.72,13050.4,1.06145e+06,319736,4.39048e+06,9.93505e+06,1.49005,0.403484,6.96111,3.05798,0,3.52941
0,1594,2.76836e+06,3050.66,15561.1,2.96946e+06,5.39319e+06,4527.68,13034.8,1.07129e+06,314879,4.32275e+06,1.0029e+07,1.46289,0.403484,6.9571,0.986594,0.377509,4.59447
0,1595,2.76645e+06,2996.32,15533.4,2.96609e+06,5.39471e+06,4451.07,13007.2,1.08071e+06,310076,4.25592e+06,1.01189e+07,1.43714,0.403484,6.94675,2.52616,0,8.24834
0,1596,2.76464e+06,2944.94,15492.6,2.96266e+06,5.3967e+06,4378.93,12967.9,1.08969e+06,305332,4.19004e+06,1.02044e+07,1.4128,0.403484,6.93026,1.23703,0.0641739,3.7932
0,1597,2.76294e+06,2896.53,15439.4,2.95917e+06,5.39917e+06,4311.3,12917.4,1.09822e+06,300652,4.12516e+06,1.02853e+07,1.38988,0.403484,6.90789,0,0,4.00618
0,1598,2.76137e+06,2851.13,15374.3,2.95563e+06,5.40211e+06,4248.2,12856.3,1.10626e+06,296040,4.06133e+06,1.03614e+07,1.3684,0.403484,6.87992,1.6406,0.122891,10.3163
0,1599,2.75992e+06,2808.74,15298.1,2.95205e+06,5.40553e+06,4189.64,12785.3,1.11382e+06,291499,3.99861e+06,1.04326e+07,1.34837,0.403484,6.84666,2.34226,0,8.50929
0,1600,2.75862e+06,2769.39,15211.6,2.94843e+06,5.40942e+06,4135.62,12704.9,1.12087e+06,287034,3.93704e+06,1.04989e+07,1.32978,0.403484,6.80845,1.86896,0.351951,13.0185
0,1601,2.75746e+06,2733.06,15115.6,2.9448e+06,5.41377e+06,4086.16,12615.9,1.1274e+06,282648,3.87667e+06,1.056e+07,1.31264,0.403484,6.76564,0.758834,0.252018,1.64004
0,1602,2.75644e+06,2699.76,15010.9,2.94114e+06,5.41859e+06,4041.23,12519.1,1.1334e+06,278344,3.81755e+06,1.06159e+07,1.29695,0.403484,6.71862,1.27497,1.38944,4.2575
0,1603,2.75559e+06,2669.48,14898.3,2.93748e+06,5.42386e+06,4000.84,12415.2,1.13888e+06,274127,3.75972e+06,1.06666e+07,1.28271,0.403484,6.66776,3.77262,0,9.99458
0,1604,2.75489e+06,2642.21,14778.8,2.93381e+06,5.42957e+06,3964.95,12304.9,1.14383e+06,269999,3.70321e+06,1.0712e+07,1.26991,0.403484,6.61346,1.36038,0.0311801,7.27492
0,1605,2.75435e+06,2617.94,14653.1,2.93015e+06,5.43571e+06,3933.55,12188.9,1.14824e+06,265964,3.64808e+06,1.07522e+07,1.25855,0.403484,6.55612,0.273524,0.804454,0.224041
0,1606,2.75397e+06,2596.65,14522.3,2.92649e+06,5.44226e+06,3906.62,12068.2,1.15213e+06,262025,3.59435e+06,1.07872e+07,1.24861,0.403484,6.49613,0,0,5.59181
0,1607,2.75376e+06,2578.32,14387,2.92284e+06,5.44921e+06,3884.14,11943.3,1.1555e+06,258184,3.54207e+06,1.0817e+07,1.24009,0.403484,6.43387,3.46764,1.44695,2.13343
0,1608,2.75372e+06,2562.94,14248.1,2.91921e+06,5.45655e+06,3866.07,11815,1.15835e+06,254444,3.49126e+06,1.08418e+07,1.23299,0.403484,6.36974,0.238651,1.23418,7.51213
0,1609,2.75384e+06,2550.48,14106.4,2.91559e+06,5.46425e+06,3852.39,11684.1,1.16069e+06,250808,3.44196e+06,1.08616e+07,1.22729,0.403484,6.30408,0,0.257588,8.4488
0,1610,2.75412e+06,2540.92,13962.7,2.91199e+06,5.4723e+06,3843.08,11551.1,1.16254e+06,247278,3.3942e+06,1.08766e+07,1.22299,0.403484,6.23727,2.30903,0.401303,8.52011
0,1611,2.75456e+06,2534.25,13817.6,2.90841e+06,5.48068e+06,3838.11,11416.7,1.16391e+06,243857,3.34801e+06,1.08868e+07,1.22007,0.403484,6.16964,0.520764,1.08863,5.87292
0,1612,2.75516e+06,2530.44,13671.9,2.90486e+06,5.48937e+06,3837.47,11281.6,1.16481e+06,240546,3.30341e+06,1.08925e+07,1.21853,0.403484,6.1015,1.22371,0,7.17078
0,1613,2.75592e+06,2529.48,13526.2,2.90133e+06,5.49835e+06,3841.12,11146.2,1.16527e+06,237348,3.26044e+06,1.08937e+07,1.21836,0.403484,6.03315,0.314771,0.912214,4.17472
0,1614,2.75682e+06,2531.36,13381.1,2.89782e+06,5.50759e+06,3849.06,11011.1,1.16529e+06,234264,3.2191e+06,1.08907e+07,1.21956,0.403484,5.96488,0.62743,0.073516,8.24195
0,1615,2.75788e+06,2536.06,13237,2.89434e+06,5.51708e+06,3861.28,10876.7,1.16489e+06,231297,3.17944e+06,1.08836e+07,1.22212,0.403484,5.89694,1.19246,0.564912,4.12431
0,1616,2.75907e+06,2543.57,13094.5,2.89088e+06,5.52678e+06,3877.76,10743.5,1.1641e+06,228447,3.14146e+06,1.08726e+07,1.22603,0.403484,5.82957,2.91043,0.898583,7.21751
0,1617,2.7604e+06,2553.89,12954.1,2.88744e+06,5.53669e+06,3898.51,10612,1.16294e+06,225718,3.1052e+06,1.0858e+07,1.2313,0.403484,5.76298,0.0387674,1.89244,7.07809
0,1618,2.76186e+06,2567.01,12816.1,2.88403e+06,5.54678e+06,3923.53,10482.3,1.16141e+06,223110,3.07066e+06,1.08398e+07,1.23792,0.403484,5.69736,1.2538,1.02977,3.58909
0,1619,2.76345e+06,2582.94,12680.9,2.88064e+06,5.55703e+06,3952.82,10354.9,1.15955e+06,220624,3.03788e+06,1.08183e+07,1.24589,0.403484,5.63289,2.28649,0.420263,4.0467
0,1620,2.76515e+06,2601.67,12548.8,2.87727e+06,5.56741e+06,3986.4,10230.1,1.15738e+06,218263,3.00686e+06,1.07938e+07,1.25522,0.403484,5.56971,1.36308,0.92016,4.53346
0,1621,2.76697e+06,2623.22,12420.1,2.87392e+06,5.5779e+06,4024.29,10107.9,1.15491e+06,216027,2.97763e+06,1.07663e+07,1.26591,0.403484,5.50795,0.470132,0.346247,4.02886
0,1622,2.76888e+06,2647.6,12294.9,2.87059e+06,5.58848e+06,4066.51,9988.74,1.15217e+06,213918,2.95021e+06,1.07362e+07,1.27796,0.403484,5.44773,2.35227,0,5.39937
0,1623,2.7709e+06,2674.81,12173.4,2.86728e+06,5.59913e+06,4113.09,9872.67,1.14918e+06,211938,2.92461e+06,1.07036e+07,1.29139,0.403484,5.38914,3.45714,1.83568,3.41147
0,1624,2.773e+06,2704.89,12055.8,2.86398e+06,5.60983e+06,4164.07,9759.83,1.14595e+06,210087,2.90085e+06,1.06687e+07,1.3062,0.403484,5.33225,2.49826,0,5.35153
0,1625,2.77519e+06,2737.85,11942.3,2.86069e+06,5.62056e+06,4219.49,9650.34,1.14252e+06,208366,2.87895e+06,1.06317e+07,1.32241,0.403484,5.27712,1.47568,0.109615,5.25494
0,1626,2.77745e+06,2773.72,11832.8,2.85742e+06,5.6313e+06,4279.4,9544.25,1.13888e+06,206778,2.85893e+06,1.05927e+07,1.34002,0.403484,5.22379,2.77334,0.130589,4.16314
0,1627,2.77978e+06,2812.53,11727.4,2.85415e+06,5.64203e+06,4343.86,9441.61,1.13508e+06,205323,2.8408e+06,1.05521e+07,1.35906,0.403484,5.17229,1.85765,0.932983,5.70651
0,1628,2.78217e+06,2854.32,11626.2,2.85089e+06,5.65273e+06,4412.93,9342.44,1.13111e+06,204003,2.82459e+06,1.05098e+07,1.37954,0.403484,5.12264,2.64072,1.50352,4.16401
0,1629,2.78461e+06,2899.12,11529.1,2.84764e+06,5.66339e+06,4486.66,9246.75,1.12701e+06,202819,2.81031e+06,1.04662e+07,1.40148,0.403484,5.07484,0,0.668621,0.934084
0,1630,2.78709e+06,2946.97,11436.1,2.8444e+06,5.67398e+06,4565.14,9154.5,1.12278e+06,201772,2.79798e+06,1.04214e+07,1.4249,0.403484,5.02887,2.22102,1.15087,9.29098
0,1631,2.78962e+06,2997.93,11347.1,2.84116e+06,5.68449e+06,4648.44,9065.65,1.11845e+06,200864,2.78763e+06,1.03755e+07,1.44983,0.403484,4.98473,3.65315,0,2.55246
0,1632,2.79217e+06,3052.04,11262,2.83792e+06,5.6949e+06,4736.63,8980.15,1.11403e+06,200096,2.77926e+06,1.03287e+07,1.47628,0.403484,4.94238,2.65734,0.405545,4.74181
0,1633,2.79474e+06,3109.35,11180.8,2.83468e+06,5.7052e+06,4829.81,8897.92,1.10954e+06,199470,2.77292e+06,1.02811e+07,1.50428,0.403484,4.90178,3.05539,0.715253,3.52384
0,1634,2.79733e+06,3169.91,11103.3,2.83144e+06,5.71538e+06,4928.07,8818.87,1.10498e+06,198986,2.76861e+06,1.02328e+07,1.53387,0.403484,4.86288,1.89794,1.13399,4.98472
0,1635,2.79992e+06,3233.79,11029.5,2.8282e+06,5.72541e+06,5031.49,8742.9,1.10037e+06,198648,2.76636e+06,1.01841e+07,1.56506,0.403484,4.82564,1.09542,0.887639,5.59537
0,1636,2.80251e+06,3301.03,10959.1,2.82496e+06,5.73529e+06,5140.17,8669.9,1.09572e+06,198456,2.76619e+06,1.01349e+07,1.59788,0.403484,4.79,0.165747,0.568353,9.44752
0,1637,2.8051e+06,3371.7,10891.9,2.82171e+06,5.745e+06,5254.22,8599.74,1.09104e+06,198411,2.76814e+06,1.00854e+07,1.63238,0.403484,4.75588,1.14842,0.0316796,7.64922
0,1638,2.80767e+06,3445.86,10828,2.81845e+06,5.75453e+06,5373.72,8532.3,1.08635e+06,198517,2.77222e+06,1.00357e+07,1.66857,0.403484,4.72322,3.65177,0.115626,2.78646
0,1639,2.81022e+06,3523.57,10767,2.8152e+06,5.76387e+06,5498.79,8467.44,1.08165e+06,198773,2.77846e+06,9.98583e+06,1.70649,0.403484,4.69195,2.57199,0,7.97014
0,1640,2.81274e+06,3604.89,10708.7,2.81193e+06,5.773e+06,5629.52,8405,1.07695e+06,199183,2.78689e+06,9.93596e+06,1.74616,0.403484,4.66198,0,1.44958,5.44404
0,1641,2.81523e+06,3689.88,10653,2.80866e+06,5.78193e+06,5766.01,8344.86,1.07225e+06,199748,2.79753e+06,9.88613e+06,1.78763,0.403484,4.63324,0,0,2.55209
0,1642,2.81767e+06,3778.61,10599.7,2.80539e+06,5.79063e+06,5908.36,8286.84,1.06758e+06,200471,2.81042e+06,9.8364e+06,1.83092,0.403484,4.60563,2.18409,0.773403,6.66653
0,1643,2.82007e+06,3871.12,10548.5,2.80211e+06,5.79909e+06,6056.67,8230.79,1.06292e+06,201352,2.82559e+06,9.78683e+06,1.87605,0.403484,4.57906,1.97968,0.595424,4.63068
0,1644,2.82242e+06,3967.49,10499.3,2.79882e+06,5.80732e+06,6211.02,8176.56,1.05828e+06,202394,2.84306e+06,9.73746e+06,1.92307,0.403484,4.55346,4.31831,0.44266,7.31145
0,1645,2.8247e+06,4067.75,10451.8,2.79553e+06,5.8153e+06,6371.51,8123.97,1.05368e+06,203599,2.86286e+06,9.68833e+06,1.97199,0.403484,4.52873,3.37764,0.570062,6.50686
0,1646,2.82692e+06,4171.95,10405.9,2.79224e+06,5.82301e+06,6538.21,8072.87,1.0491e+06,204970,2.88503e+06,9.63949e+06,2.02284,0.403484,4.50477,1.00903,1.13019,4.15551
0,1647,2.82907e+06,4280.15,10361.2,2.78894e+06,5.83047e+06,6711.2,8023.09,1.04456e+06,206507,2.9096e+06,9.59094e+06,2.07565,0.403484,4.48149,1.31095,0.0127596,4.92186
0,1648,2.83115e+06,4392.38,10317.6,2.78564e+06,5.83765e+06,6890.54,7974.46,1.04005e+06,208214,2.93659e+06,9.54273e+06,2.13043,0.403484,4.4588,1.0077,0.272256,3.88984
0,1649,2.83314e+06,4508.66,10274.8,2.78233e+06,5.84455e+06,7076.27,7926.84,1.03558e+06,210091,2.96604e+06,9.49484e+06,2.18721,0.403484,4.4366,2.29502,0.672558,4.6643
0,1650,2.83505e+06,4629.02,10232.6,2.77903e+06,5.85117e+06,7268.45,7880.04,1.03115e+06,212142,2.99797e+06,9.4473e+06,2.24599,0.403484,4.4148,2.91741,0.756764,4.96514
0,1651,2.83686e+06,4753.47,10190.9,2.77573e+06,5.8575e+06,7467.08,7833.93,1.02675e+06,214369,3.03242e+06,9.40011e+06,2.30679,0.403484,4.39331,3.05082,0.61119,2.31916
0,1652,2.83858e+06,4882.01,10149.3,2.77243e+06,5.86354e+06,7672.18,7788.33,1.02238e+06,216772,3.06941e+06,9.35325e+06,2.36961,0.403484,4.37204,3.14498,0,5.61272
0,1653,2.84021e+06,5014.63,10107.7,2.76915e+06,5.86928e+06,7883.73,7743.1,1.01805e+06,219354,3.10897e+06,9.30671e+06,2.43444,0.403484,4.3509,2.54353,0,1.27475
0,1654,2.84172e+06,5151.32,10065.9,2.76586e+06,5.87471e+06,8101.7,7698.09,1.01375e+06,222117,3.15113e+06,9.26048e+06,2.50129,0.403484,4.3298,1.19062,0,3.52359
0,1655,2.84314e+06,5292.02,10023.6,2.7626e+06,5.87983e+06,8326.03,7653.17,1.00948e+06,225062,3.19591e+06,9.21455e+06,2.57013,0.403484,4.30865,1.28746,0.461474,2.03454
0,1656,2.84444e+06,5436.69,9980.75,2.75934e+06,5.88464e+06,8556.65,7608.18,1.00523e+06,228190,3.24332e+06,9.16887e+06,2.64095,0.403484,4.28737,1.61334,0.590139,4.02037
0,1657,2.84562e+06,5585.25,9937.04,2.7561e+06,5.88914e+06,8793.44,7563.02,1.00099e+06,231503,3.29339e+06,9.12342e+06,2.71371,0.403484,4.26589,3.75564,0,5.53821
0,1658,2.8467e+06,5737.61,9892.33,2.75289e+06,5.89332e+06,9036.25,7517.54,996778,235002,3.34612e+06,9.07818e+06,2.78837,0.403484,4.24413,3.83439,0.622033,3.75031
0,1659,2.84765e+06,5893.67,9846.46,2.74969e+06,5.89719e+06,9284.93,7471.64,992573,238688,3.40154e+06,9.03309e+06,2.86489,0.403484,4.22201,3.23287,0.367918,1.75446
0,1660,2.84848e+06,6053.3,9799.26,2.74653e+06,5.90073e+06,9539.26,7425.21,988373,242560,3.45964e+06,8.98813e+06,2.94321,0.403484,4.19948,1.92917,1.23732,5.56411
0,1661,2.84919e+06,6216.33,9750.59,2.7434e+06,5.90394e+06,9799.01,7378.15,984174,246620,3.52044e+06,8.94326e+06,3.02325,0.403484,4.17646,8.10778,0,7.27386
0,1662,2.84977e+06,6382.59,9700.32,2.74031e+06,5.90684e+06,10063.9,7330.38,979969,250867,3.58391e+06,8.89842e+06,3.10494,0.403484,4.15291,2.14892,0,5.96765
0,1663,2.85023e+06,6551.88,9648.32,2.73726e+06,5.9094e+06,10333.6,7281.81,975753,255300,3.65006e+06,8.85357e+06,3.18818,0.403484,4.12876,1.8528,0,3.5386
0,1664,2.85056e+06,6723.97,9594.5,2.73425e+06,5.91164e+06,10607.7,7232.38,971521,259919,3.71887e+06,8.80867e+06,3.27286,0.403484,4.10399,2.36456,0,4.75551
0,1665,2.85076e+06,6898.6,9538.75,2.7313e+06,5.91356e+06,10885.9,7182.04,967266,264722,3.79032e+06,8.76367e+06,3.35886,0.403484,4.07854,2.31365,0.852737,5.19451
0,1666,2.85084e+06,7075.49,9481.02,2.7284e+06,5.91515e+06,11167.7,7130.73,962983,269708,3.86437e+06,8.71852e+06,3.44606,0.403484,4.05239,4.83414,0,2.5383
0,1667,2.85078e+06,7254.33,9421.24,2.72557e+06,5.91641e+06,11452.5,7078.43,958665,274873,3.94099e+06,8.67319e+06,3.53431,0.403484,4.02551,2.86522,0.679379,5.52536
0,1668,2.85061e+06,7434.79,9359.37,2.7228e+06,5.91735e+06,11740,7025.11,954307,280215,4.02013e+06,8.62761e+06,3.62343,0.403484,3.99788,1.47666,0.425526,5.74164
0,1669,2.8503e+06,7616.49,9295.39,2.72011e+06,5.91797e+06,12029.4,6970.77,949903,285730,4.10174e+06,8.58176e+06,3.71327,0.403484,3.96949,4.07684,0.326101,5.30462
0,1670,2.84988e+06,7799.05,9229.31,2.7175e+06,5.91827e+06,12320.2,6915.41,945448,291414,4.18575e+06,8.53558e+06,3.80363,0.403484,3.94034,1.17564,0,5.68055
0,1671,2.84933e+06,7982.05,9161.14,2.71498e+06,5.91825e+06,12611.7,6859.05,940936,297263,4.27208e+06,8.48904e+06,3.8943,0.403484,3.91044,2.69211,0,6.16754
0,1672,2.84866e+06,8165.03,9090.91,2.71255e+06,5.91792e+06,12903.1,6801.72,936364,303270,4.36066e+06,8.4421e+06,3.98509,0.403484,3.87979,2.87683,0.811071,6.59189
0,1673,2.84787e+06,8347.54,9018.67,2.71023e+06,5.91728e+06,13193.7,6743.46,931726,309429,4.45139e+06,8.39473e+06,4.07574,0.403484,3.84842,3.77513,0,8.77405
0,1674,2.84698e+06,8529.09,8944.51,2.70801e+06,5.91633e+06,13482.8,6684.33,927018,315734,4.54415e+06,8.34689e+06,4.16604,0.403484,3.81634,4.37883,0,3.26942
0,1675,2.84597e+06,8709.15,8868.52,2.7059e+06,5.91507e+06,13769.5,6624.39,922236,322177,4.63884e+06,8.29855e+06,4.25572,0.403484,3.78361,2.87034,0.636334,2.65375
0,1676,2.84486e+06,8887.21,8790.79,2.70392e+06,5.91352e+06,14052.9,6563.73,917378,328749,4.73532e+06,8.24971e+06,4.34453,0.403484,3.75025,5.35577,0.62392,4.92881
0,1677,2.84364e+06,9062.73,8711.47,2.70207e+06,5.91168e+06,14332.2,6502.43,912441,335441,4.83346e+06,8.20033e+06,4.4322,0.403484,3.71633,1.03046,0.707444,4.0368
0,1678,2.84233e+06,9235.15,8630.7,2.70036e+06,5.90956e+06,14606.5,6440.59,907422,342244,4.9331e+06,8.1504e+06,4.51846,0.403484,3.68189,2.28094,0.593644,4.70164
0,1679,2.84093e+06,9403.92,8548.63,2.69879e+06,5.90715e+06,14874.8,6378.34,902321,349146,5.03409e+06,8.09992e+06,4.60302,0.403484,3.647,2.16589,0.478201,1.85718
0,1680,2.83945e+06,9568.46,8465.45,2.69737e+06,5.90448e+06,15136.4,6315.78,897135,356136,5.13625e+06,8.04889e+06,4.68561,0.403484,3.61173,4.59623,0,4.31023
0,1681,2.83789e+06,9728.23,8381.33,2.69611e+06,5.90154e+06,15390.1,6253.05,891866,363202,5.2394e+06,7.99729e+06,4.76594,0.403484,3.57615,1.05284,0,2.88991
0,1682,2.83626e+06,9882.66,8296.49,2.69501e+06,5.89835e+06,15635.2,6190.29,886514,370332,5.34335e+06,7.94515e+06,4.84374,0.403484,3.54035,6.43823,0.854855,4.071
0,1683,2.83456e+06,10031.2,8211.13,2.69409e+06,5.8949e+06,15870.8,6127.64,881079,377512,5.4479e+06,7.89247e+06,4.91872,0.403484,3.50441,8.63846,0,2.62829
0,1684,2.83281e+06,10173.4,8125.47,2.69335e+06,5.89122e+06,16095.9,6065.26,875563,384728,5.55284e+06,7.83928e+06,4.99062,0.403484,3.46841,7.99936,0.114318,4.74795
0,1685,2.831e+06,10308.6,8039.75,2.6928e+06,5.88732e+06,16309.8,6003.3,869969,391966,5.65796e+06,7.78559e+06,5.05916,0.403484,3.43245,7.60379,0.816004,2.11056
0,1686,2.82916e+06,10436.4,7954.21,2.69244e+06,5.88319e+06,16511.6,5941.92,864300,399211,5.76302e+06,7.73144e+06,5.12411,0.403484,3.39662,7.94892,0,2.92891
0,1687,2.82728e+06,10556.3,7869.08,2.69228e+06,5.87886e+06,16700.7,5881.29,858560,406448,5.86781e+06,7.67686e+06,5.18521,0.403484,3.36103,3.23423,0,6.40533
0,1688,2.82537e+06,10668,7784.61,2.69232e+06,5.87433e+06,16876.1,5821.57,852752,413661,5.9721e+06,7.6219e+06,5.24224,0.403484,3.32578,3.56801,1.01573,3.4797
0,1689,2.82345e+06,10770.9,7701.06,2.69258e+06,5.86961e+06,17037.5,5762.92,846883,420833,6.07564e+06,7.5666e+06,5.295,0.403484,3.29095,5.2312,0.630072,1.46024
0,1690,2.82152e+06,10864.9,7618.65,2.69305e+06,5.86471e+06,17184.1,5705.52,840957,427951,6.1782e+06,7.51101e+06,5.3433,0.403484,3.25666,4.69957,0.629988,0
0,1691,2.81959e+06,10949.5,7537.65,2.69375e+06,5.85966e+06,17315.4,5649.54,834982,434996,6.27954e+06,7.45518e+06,5.38698,0.403484,3.223,6.79228,0,2.60174
0,1692,2.81767e+06,11024.5,7458.3,2.69467e+06,5.85444e+06,17431.1,5595.13,828963,441954,6.37943e+06,7.39919e+06,5.42589,0.403484,3.19007,3.28119,0.679697,5.00449
0,1693,2.81577e+06,11089.7,7380.83,2.69582e+06,5.84909e+06,17530.8,5542.46,822908,448808,6.47764e+06,7.34308e+06,5.4599,0.403484,3.15798,10.1899,1.42011,1.91877
0,1694,2.81389e+06,11145,7305.48,2.6972e+06,5.84361e+06,17614.1,5491.69,816825,455543,6.57392e+06,7.28693e+06,5.48894,0.403484,3.12682,4.84659,1.06297,4.25946
0,1695,2.81204e+06,11190.2,7232.49,2.69881e+06,5.83801e+06,17681,5442.98,810722,462143,6.66806e+06,7.23082e+06,5.51293,0.403484,3.09669,6.59999,0,3.57418
0,1696,2.81024e+06,11225.3,7162.06,2.70066e+06,5.8323e+06,17731.4,5396.47,804608,468594,6.75984e+06,7.17482e+06,5.53183,0.403484,3.06767,8.34485,0.517172,4.86276
0,1697,2.80848e+06,11250.3,7094.43,2.70275e+06,5.82649e+06,17765.1,5352.31,798492,474881,6.84905e+06,7.119e+06,5.54562,0.403484,3.03985,6.33859,0.942354,4.54983
0,1698,2.80679e+06,11265.2,7029.79,2.70508e+06,5.8206e+06,17782.4,5310.65,792383,480989,6.93549e+06,7.06345e+06,5.55432,0.403484,3.01333,3.44467,0.243396,5.78794
0,1699,2.80515e+06,11270.2,6968.34,2.70765e+06,5.81463e+06,17783.4,5271.61,786291,486906,7.01896e+06,7.00826e+06,5.55797,0.403484,2.98818,6.5615,0.161509,0.98628
0,1700,2.80359e+06,11265.4,6910.27,2.71045e+06,5.8086e+06,17768.2,5235.34,780225,492620,7.09928e+06,6.9535e+06,5.55662,0.403484,2.96449,6.52854,0.795469,3.91027
0,1701,2.8021e+06,11251,6855.75,2.71349e+06,5.80251e+06,17737.3,5201.96,774197,498118,7.17628e+06,6.89927e+06,5.55037,0.403484,2.94233,7.2082,0.466695,3.79462
0,1702,2.80069e+06,11227.2,6804.96,2.71676e+06,5.79638e+06,17691,5171.57,768215,503389,7.24981e+06,6.84565e+06,5.53932,0.403484,2.92177,2.80128,0.287142,0
0,1703,2.79937e+06,11194.3,6758.06,2.72027e+06,5.79021e+06,17629.8,5144.31,762291,508423,7.31973e+06,6.79273e+06,5.52361,0.403484,2.90288,4.9004,0,2.98944
0,1704,2.79815e+06,11152.7,6715.19,2.724e+06,5.78401e+06,17554.2,5120.27,756435,513211,7.3859e+06,6.74061e+06,5.50338,0.403484,2.88572,4.19327,1.08561,5.76062
0,1705,2.79702e+06,11102.7,6676.5,2.72795e+06,5.77779e+06,17464.8,5099.55,750658,517746,7.44822e+06,6.68938e+06,5.47881,0.403484,2.87036,6.54228,1.11653,2.43725
0,1706,2.79599e+06,11044.5,6642.12,2.73212e+06,5.77156e+06,17362.1,5082.27,744970,522019,7.50658e+06,6.63912e+06,5.45007,0.403484,2.85685,5.42299,0,1.99954
0,1707,2.79506e+06,10978.8,6612.17,2.7365e+06,5.76532e+06,17246.9,5068.5,739382,526024,7.5609e+06,6.58994e+06,5.41737,0.403484,2.84525,5.64694,0,2.71207
0,1708,2.79425e+06,10905.8,6586.77,2.74109e+06,5.75908e+06,17119.9,5058.33,733904,529756,7.61111e+06,6.54191e+06,5.38091,0.403484,2.83561,5.18907,1.19397,0.996657
0,1709,2.79354e+06,10826,6566.02,2.74588e+06,5.75285e+06,16981.7,5051.86,728546,533212,7.65716e+06,6.49513e+06,5.34091,0.403484,2.82797,0.573657,0,1.1432
0,1710,2.79294e+06,10739.9,6550.04,2.75086e+06,5.74663e+06,16833.1,5049.16,723321,536387,7.69902e+06,6.4497e+06,5.29759,0.403484,2.82239,4.79983,0,1.86329
0,1711,2.79245e+06,10647.9,6538.91,2.75602e+06,5.74042e+06,16674.9,5050.31,718236,539279,7.73664e+06,6.4057e+06,5.25119,0.403484,2.8189,5.29543,0.112057,2.3781
0,1712,2.79207e+06,10550.4,6532.74,2.76135e+06,5.73423e+06,16507.8,5055.38,713304,541888,7.77003e+06,6.36322e+06,5.20193,0.403484,2.81755,6.78499,0,3.03999
0,1713,2.7918e+06,10448,6531.6,2.76685e+06,5.72807e+06,16332.6,5064.45,708534,544212,7.7992e+06,6.32235e+06,5.15005,0.403484,2.81838,5.48695,0.884803,1.98489
0,1714,2.79164e+06,10341,6535.58,2.77251e+06,5.72192e+06,16150.1,5077.59,703936,546252,7.82414e+06,6.28317e+06,5.09577,0.403484,2.82142,4.19941,0,4.83626
0,1715,2.79159e+06,10229.9,6544.77,2.77831e+06,5.71581e+06,15960.9,5094.87,699521,548010,7.8449e+06,6.24578e+06,5.03934,0.403484,2.82672,3.00255,0.473379,5.16058
0,1716,2.79165e+06,10115.2,6559.23,2.78425e+06,5.70972e+06,15765.8,5116.35,695297,549487,7.86151e+06,6.21026e+06,4.98096,0.403484,2.8343,6.08804,0.284595,2.14725
0,1717,2.79181e+06,9997.21,6579.04,2.79031e+06,5.70366e+06,15565.5,5142.1,691274,550686,7.87403e+06,6.1767e+06,4.92086,0.403484,2.84421,5.51693,0.709269,2.44926
0,1718,2.79207e+06,9876.39,6604.28,2.79648e+06,5.69763e+06,15360.7,5172.2,687463,551612,7.88252e+06,6.14517e+06,4.85926,0.403484,2.85647,3.77905,0.174043,4.11365
0,1719,2.79242e+06,9753.13,6635.02,2.80275e+06,5.69163e+06,15152.1,5206.71,683872,552268,7.88705e+06,6.11576e+06,4.79635,0.403484,2.87113,5.88485,0.402909,2.78292
0,1720,2.79288e+06,9627.78,6671.33,2.80912e+06,5.68566e+06,14940.2,5245.69,680510,552658,7.88769e+06,6.08856e+06,4.73233,0.403484,2.88821,3.51552,0.4682,6.15184
0,1721,2.79342e+06,9500.71,6713.28,2.81556e+06,5.67971e+06,14725.7,5289.21,677388,552789,7.88453e+06,6.06364e+06,4.66739,0.403484,2.90775,4.4524,0.0621234,0.344156
0,1722,2.79404e+06,9372.24,6760.94,2.82207e+06,5.6738e+06,14509.1,5337.34,674512,552665,7.87767e+06,6.04109e+06,4.6017,0.403484,2.92979,2.65623,0.144513,6.58834
0,1723,2.79474e+06,9242.67,6814.38,2.82863e+06,5.66791e+06,14291,5390.15,671894,552293,7.86721e+06,6.02098e+06,4.53542,0.403484,2.95435,2.79205,1.11679,3.21432
0,1724,2.79552e+06,9112.3,6873.67,2.83523e+06,5.66205e+06,14071.7,5447.71,669541,551680,7.85324e+06,6.00339e+06,4.4687,0.403484,2.98147,3.72053,0,3.91498
0,1725,2.79637e+06,8981.38,6938.88,2.84186e+06,5.65621e+06,13851.9,5510.08,667461,550832,7.83588e+06,5.98839e+06,4.4017,0.403484,3.01118,2.3139,0.561779,4.50845
0,1726,2.79727e+06,8850.15,7010.08,2.84851e+06,5.65038e+06,13631.8,5577.32,665664,549757,7.81524e+06,5.97608e+06,4.33453,0.403484,3.04352,2.43258,1.24425,4.59483
0,1727,2.79823e+06,8718.84,7087.34,2.85516e+06,5.64458e+06,13411.9,5649.51,664157,548461,7.79142e+06,5.96652e+06,4.26732,0.403484,3.07852,4.25261,0,3.18379
0,1728,2.79924e+06,8587.64,7170.72,2.8618e+06,5.63879e+06,13192.4,5726.72,662949,546952,7.76456e+06,5.95978e+06,4.20018,0.403484,3.1162,4.9114,0.504038,3.9382
0,1729,2.80029e+06,8456.72,7260.28,2.86842e+06,5.63302e+06,12973.8,5808.99,662048,545238,7.73476e+06,5.95595e+06,4.1332,0.403484,3.15661,4.1996,0.413099,5.19089
0,1730,2.80138e+06,8326.25,7356.08,2.87501e+06,5.62725e+06,12756.3,5896.4,661462,543326,7.70214e+06,5.95509e+06,4.06647,0.403484,3.19978,6.56797,0.132235,4.85228
0,1731,2.80249e+06,8196.36,7458.19,2.88155e+06,5.6215e+06,12540.1,5989.01,661198,541223,7.66682e+06,5.95727e+06,4.00007,0.403484,3.24572,4.16988,0.135435,3.27977
0,1732,2.80362e+06,8067.16,7566.64,2.88804e+06,5.61575e+06,12325.3,6086.86,661265,538938,7.62892e+06,5.96258e+06,3.93406,0.403484,3.29447,5.18059,0,2.92081
0,1733,2.80476e+06,7938.75,7681.5,2.89446e+06,5.61e+06,12112.3,6190,661669,536477,7.58854e+06,5.97107e+06,3.86851,0.403484,3.34605,5.11013,0,5.78924
0,1734,2.8059e+06,7811.22,7802.78,2.90079e+06,5.60425e+06,11901.2,6298.48,662419,533849,7.54581e+06,5.98282e+06,3.80345,0.403484,3.40049,3.46132,1.11314,2.59752
0,1735,2.80704e+06,7684.64,7930.53,2.90703e+06,5.5985e+06,11692,6412.33,663521,531059,7.50084e+06,5.99789e+06,3.73893,0.403484,3.45779,2.86375,0,5.45547
0,1736,2.80817e+06,7559.06,8064.76,2.91317e+06,5.59274e+06,11484.9,6531.57,664982,528117,7.45374e+06,6.01634e+06,3.67499,0.403484,3.51798,4.98106,0,3.55129
0,1737,2.80927e+06,7434.52,8205.47,2.91919e+06,5.58698e+06,11280,6656.21,666809,525028,7.40462e+06,6.03825e+06,3.61165,0.403484,3.58105,3.76639,0,0.610097
0,1738,2.81035e+06,7311.04,8352.66,2.92508e+06,5.5812e+06,11077.3,6786.26,669009,521799,7.35357e+06,6.06367e+06,3.54894,0.403484,3.64702,3.98634,0,4.90121
0,1739,2.81139e+06,7188.65,8506.29,2.93084e+06,5.57542e+06,10876.8,6921.71,671587,518437,7.30071e+06,6.09265e+06,3.48685,0.403484,3.71587,6.51954,0.0153721,1.9954
0,1740,2.81239e+06,7067.36,8666.32,2.93645e+06,5.56962e+06,10678.6,7062.51,674548,514948,7.24612e+06,6.12526e+06,3.42542,0.403484,3.78758,4.60957,0,2.0301
0,1741,2.81333e+06,6947.15,8832.68,2.94189e+06,5.56382e+06,10482.8,7208.63,677899,511339,7.18991e+06,6.16153e+06,3.36463,0.403484,3.86215,3.20997,0,4.82999
0,1742,2.81421e+06,6828.04,9005.28,2.94717e+06,5.55799e+06,10289.2,7359.98,681645,507616,7.13217e+06,6.20153e+06,3.30449,0.403484,3.93953,3.95381,0,6.69225
0,1743,2.81503e+06,6710,9183.99,2.95227e+06,5.55216e+06,10098,7516.49,685788,503784,7.07299e+06,6.24527e+06,3.245,0.403484,4.01967,2.26145,0.229615,3.63703
0,1744,2.81577e+06,6593.02,9368.67,2.95718e+06,5.54631e+06,9909.02,7678.01,690333,499849,7.01245e+06,6.29281e+06,3.18615,0.403484,4.10252,0,1.14741,2.36737
0,1745,2.81642e+06,6477.08,9559.14,2.9619e+06,5.54045e+06,9722.31,7844.41,695283,495816,6.95063e+06,6.34417e+06,3.12794,0.403484,4.188,3.4527,0.158601,3.77506
0,1746,2.81699e+06,6362.16,9755.16,2.96641e+06,5.53458e+06,9537.83,8015.51,700641,491690,6.88761e+06,6.39936e+06,3.07035,0.403484,4.27602,1.40177,0.195708,5.17739
0,1747,2.81746e+06,6248.24,9956.5,2.9707e+06,5.5287e+06,9355.56,8191.09,706406,487476,6.82346e+06,6.4584e+06,3.01338,0.403484,4.36649,4.5109,0,4.74674
0,1748,2.81783e+06,6135.29,10162.8,2.97478e+06,5.52281e+06,9175.46,8370.9,712581,483180,6.75827e+06,6.5213e+06,2.95702,0.403484,4.45927,1.18079,1.28098,1.89288
0,1749,2.81809e+06,6023.29,10373.8,2.97862e+06,5.51692e+06,8997.51,8554.65,719163,478804,6.69209e+06,6.58805e+06,2.90125,0.403484,4.55422,3.44414,0.100007,4.19495
0,1750,2.81824e+06,5912.24,10589.1,2.98223e+06,5.51103e+06,8821.67,8742.03,726153,474354,6.62499e+06,6.65862e+06,2.84608,0.403484,4.65118,1.16734,0.530765,2.21232
0,1751,2.81827e+06,5802.1,10808.2,2.9856e+06,5.50515e+06,8647.93,8932.66,733545,469834,6.55704e+06,6.733e+06,2.79148,0.403484,4.74996,3.94691,0.3417,1.80941
0,1752,2.81818e+06,5692.88,11030.7,2.98872e+06,5.49929e+06,8476.26,9126.12,741337,465247,6.48829e+06,6.81114e+06,2.73746,0.403484,4.85036,2.59164,0.485233,2.05534
0,1753,2.81796e+06,5584.56,11256,2.99158e+06,5.49344e+06,8306.65,9321.97,749523,460598,6.41881e+06,6.89297e+06,2.68401,0.403484,4.95215,5.64982,0.558847,8.41304
0,1754,2.81761e+06,5477.15,11483.6,2.99419e+06,5.48762e+06,8139.1,9519.7,758095,455890,6.34865e+06,6.97844e+06,2.63112,0.403484,5.05508,5.60247,0.493825,5.61301
0,1755,2.81713e+06,5370.65,11712.7,2.99654e+06,5.48183e+06,7973.61,9718.77,767044,451127,6.27787e+06,7.06746e+06,2.57881,0.403484,5.15886,3.57506,0.225277,7.7133
0,1756,2.81652e+06,5265.09,11942.7,2.99863e+06,5.47609e+06,7810.19,9918.58,776360,446313,6.20652e+06,7.15991e+06,2.52706,0.403484,5.2632,3.95632,0,2.2968
0,1757,2.81578e+06,5160.47,12173,3.00045e+06,5.47041e+06,7648.87,10118.5,786032,441450,6.13465e+06,7.25569e+06,2.47589,0.403484,5.36779,1.34967,0.489529,5.68523
0,1758,2.81489e+06,5056.83,12402.6,3.002e+06,5.46479e+06,7489.66,10317.9,796043,436542,6.06232e+06,7.35465e+06,2.42531,0.403484,5.47227,1.11881,0.973101,5.68686
0,1759,2.81388e+06,4954.21,12630.8,3.00329e+06,5.45926e+06,7332.62,10516,806380,431593,5.98957e+06,7.45664e+06,2.37533,0.403484,5.57628,1.67102,0.617336,1.14153
0,1760,2.81274e+06,4852.65,12856.7,3.0043e+06,5.45381e+06,7177.8,10712.1,817022,426606,5.91646e+06,7.56148e+06,2.32597,0.403484,5.67945,3.07308,0.201526,5.72689
0,1761,2.81146e+06,4752.21,13079.5,3.00505e+06,5.44848e+06,7025.25,10905.4,827952,421584,5.84303e+06,7.66897e+06,2.27724,0.403484,5.78137,0,0,4.50682
0,1762,2.81006e+06,4652.94,13298.1,3.00554e+06,5.44327e+06,6875.04,11095.1,839146,416531,5.76933e+06,7.77891e+06,2.22918,0.403484,5.88164,1.18178,0.0981441,3.97539
0,1763,2.80854e+06,4554.92,13511.8,3.00576e+06,5.4382e+06,6727.27,11280.5,850581,411450,5.69542e+06,7.89106e+06,2.1818,0.403484,5.97983,1.99368,0.340546,6.04794
0,1764,2.8069e+06,4458.22,13719.4,3.00573e+06,5.43329e+06,6582.01,11460.6,862232,406345,5.62135e+06,8.00516e+06,2.13514,0.403484,6.07551,1.41069,0.665233,7.58931
0,1765,2.80516e+06,4362.93,13920.2,3.00544e+06,5.42855e+06,6439.37,11634.7,874070,401219,5.54716e+06,8.12095e+06,2.08924,0.403484,6.16826,0.490972,0.786696,7.6263
0,1766,2.80331e+06,4269.12,14113.1,3.0049e+06,5.42401e+06,6299.46,11801.9,886066,396076,5.47291e+06,8.23815e+06,2.04412,0.403484,6.25764,0,1.3705,7.22794
0,1767,2.80137e+06,4176.9,14297.3,3.00412e+06,5.41968e+06,6162.37,11961.4,898190,390920,5.39864e+06,8.35644e+06,1.99982,0.403484,6.34324,1.88621,0.883786,7.98418
0,1768,2.79934e+06,4086.35,14471.8,3.0031e+06,5.41558e+06,6028.23,12112.5,910408,385754,5.32442e+06,8.47552e+06,1.9564,0.403484,6.42464,0,0.815222,6.84114
0,1769,2.79723e+06,3997.58,14635.8,3.00186e+06,5.41174e+06,5897.17,12254.3,922688,380583,5.2503e+06,8.59505e+06,1.91387,0.403484,6.50144,1.92546,0.901862,8.40246
0,1770,2.79506e+06,3910.69,14788.5,3.00039e+06,5.40817e+06,5769.29,12386.3,934993,375410,5.17633e+06,8.71469e+06,1.8723,0.403484,6.57326,2.83217,1.13265,6.47399
0,1771,2.79284e+06,3825.79,14929.2,2.99872e+06,5.40489e+06,5644.73,12507.7,947289,370240,5.10256e+06,8.8341e+06,1.83172,0.403484,6.63977,3.07601,0,7.61547
0,1772,2.79058e+06,3742.96,15057.2,2.99684e+06,5.40192e+06,5523.61,12618,959539,365076,5.02905e+06,8.95292e+06,1.79217,0.403484,6.70063,1.90366,0.590322,7.32464
0,1773,2.78828e+06,3662.31,15172,2.99477e+06,5.39928e+06,5406.05,12716.6,971705,359923,4.95586e+06,9.07079e+06,1.7537,0.403484,6.75556,1.4004,0,9.54049
0,1774,2.78596e+06,3583.95,15273,2.99252e+06,5.39699e+06,5292.16,12803.1,983751,354785,4.88305e+06,9.18735e+06,1.71634,0.403484,6.80431,0.817213,0.201436,3.54154
0,1775,2.78364e+06,3507.95,15359.9,2.9901e+06,5.39507e+06,5182.07,12877.1,995640,349666,4.81068e+06,9.30224e+06,1.68015,0.403484,6.84667,0,0,3.17673
0,1776,2.78133e+06,3434.42,15432.3,2.98752e+06,5.39354e+06,5075.87,12938.3,1.00734e+06,344572,4.73879e+06,9.41511e+06,1.64516,0.403484,6.88249,2.03831,0,4.03438
0,1777,2.77904e+06,3363.44,15490.1,2.9848e+06,5.3924e+06,4973.68,12986.6,1.0188e+06,339506,4.66746e+06,9.52561e+06,1.6114,0.403484,6.91165,1.12428,0.380733,6.7811
0,1778,2.77678e+06,3295.09,15533.2,2.98194e+06,5.39168e+06,4875.58,13021.9,1.03e+06,334473,4.59674e+06,9.63341e+06,1.57891,0.403484,6.93409,1.11861,0,5.76477
0,1779,2.77456e+06,3229.44,15561.6,2.97896e+06,5.3914e+06,4781.67,13044.2,1.04091e+06,329478,4.52669e+06,9.73817e+06,1.54772,0.403484,6.94977,1.27107,0.00635077,9.05336
0,1780,2.77241e+06,3166.55,15575.5,2.97586e+06,5.39155e+06,4692.02,13053.5,1.05148e+06,324524,4.45736e+06,9.8396e+06,1.51787,0.403484,6.95875,0.299223,0,6.99545
0,1781,2.77032e+06,3106.49,15575,2.97266e+06,5.39215e+06,4606.69,13050.1,1.0617e+06,319617,4.38881e+06,9.93739e+06,1.48937,0.403484,6.96109,1.84491,0,5.39288
