time,low95:SS:Japan__all,SS:Japan__all,high95:SS:Japan__all,low95:IS:Japan__all,IS:Japan__all,high95:IS:Japan__all,low95:SI:Japan__all,SI:Japan__all,high95:SI:Japan__all,low95:RS:Japan__all,RS:Japan__all,high95:RS:Japan__all,low95:SR:Japan__all,SR:Japan__all,high95:SR:Japan__all,low95:IR:Japan__all,IR:Japan__all,high95:IR:Japan__all,low95:RI:Japan__all,RI:Japan__all,high95:RI:Japan__all,low95:RR:Japan__all,RR:Japan__all,high95:RR:Japan__all,low95:EV71_JAP__IASR__inc,EV71_JAP__IASR__inc,high95:EV71_JAP__IASR__inc,low95:CA16_JAP__IASR__inc,CA16_JAP__IASR__inc,high95:CA16_JAP__IASR__inc
0,315600,315600,315600,9018.09,9018.09,9018.09,8983,8983,8983,4.49903e+06,4.49903e+06,4.49903e+06,4.48713e+06,4.48713e+06,4.48713e+06,158790,158790,158790,158586,158586,158586,1.17071e+08,1.17071e+08,1.17071e+08,0,0,0,0,0,0
1,317027,317027,317027,9206.78,9206.78,9206.78,9171.19,9171.19,9171.19,4.48832e+06,4.48832e+06,4.48832e+06,4.47642e+06,4.47642e+06,4.47642e+06,161427,161427,161427,161213,161213,161213,1.17086e+08,1.17086e+08,1.17086e+08,167.541,167.541,167.541,215.244,215.244,215.244
2,317395,317395,317395,9339.13,9339.13,9339.13,9302.26,9302.26,9302.26,4.47306e+06,4.47306e+06,4.47306e+06,4.46111e+06,4.46111e+06,4.46111e+06,162920,162920,162920,162692,162692,162692,1.17121e+08,1.17121e+08,1.17121e+08,169.792,169.792,169.792,218.122,218.122,218.122
3,317314,317314,317314,9376.79,9376.79,9376.79,9339.12,9339.12,9339.12,4.45754e+06,4.45754e+06,4.45754e+06,4.44554e+06,4.44554e+06,4.44554e+06,162984,162984,162984,162747,162747,162747,1.17161e+08,1.17161e+08,1.17161e+08,170.651,170.651,170.651,219.21,219.21,219.21
4,317337,317337,317337,9334.72,9334.72,9334.72,9297.2,9297.2,9297.2,4.44561e+06,4.44561e+06,4.44561e+06,4.43357e+06,4.43357e+06,4.43357e+06,161787,161787,161787,161555,161555,161555,1.17196e+08,1.17196e+08,1.17196e+08,170.055,170.055,170.055,218.44,218.44,218.44
5,317822,317822,317822,9247.72,9247.72,9247.72,9211.35,9211.35,9211.35,4.43964e+06,4.43964e+06,4.43964e+06,4.42757e+06,4.42757e+06,4.42757e+06,159838,159838,159838,159625,159625,159625,1.1722e+08,1.1722e+08,1.1722e+08,168.38,168.38,168.38,216.302,216.302,216.302
6,318881,318881,318881,9155.71,9155.71,9155.71,9121.16,9121.16,9121.16,4.44004e+06,4.44004e+06,4.44004e+06,4.42801e+06,4.42801e+06,4.42801e+06,157778,157778,157778,157593,157593,157593,1.17231e+08,1.17231e+08,1.17231e+08,166.253,166.253,166.253,213.597,213.597,213.597
7,320399,320399,320399,9091.59,9091.59,9091.59,9058.98,9058.98,9058.98,4.44553e+06,4.44553e+06,4.44553e+06,4.4336e+06,4.4336e+06,4.4336e+06,156168,156168,156168,156011,156011,156011,1.17231e+08,1.17231e+08,1.17231e+08,164.318,164.318,164.318,211.147,211.147,211.147
8,322113,322113,322113,9074.41,9074.41,9074.41,9043.31,9043.31,9043.31,4.45372e+06,4.45372e+06,4.45372e+06,4.44193e+06,4.44193e+06,4.44193e+06,155362,155362,155362,155225,155225,155225,1.17223e+08,1.17223e+08,1.17223e+08,163.063,163.063,163.063,209.566,209.566,209.566
9,323705,323705,323705,9107.55,9107.55,9107.55,9077.06,9077.06,9077.06,4.46191e+06,4.46191e+06,4.46191e+06,4.45026e+06,4.45026e+06,4.45026e+06,155457,155457,155457,155327,155327,155327,1.17213e+08,1.17213e+08,1.17213e+08,162.721,162.721,162.721,209.146,209.146,209.146
10,324901,324901,324901,9180.44,9180.44,9180.44,9149.43,9149.43,9149.43,4.46775e+06,4.46775e+06,4.46775e+06,4.45623e+06,4.45623e+06,4.45623e+06,156315,156315,156315,156174,156174,156174,1.17207e+08,1.17207e+08,1.17207e+08,163.267,163.267,163.267,209.845,209.845,209.845
11,325534,325534,325534,9272.84,9272.84,9272.84,9240.21,9240.21,9240.21,4.46984e+06,4.46984e+06,4.46984e+06,4.4584e+06,4.4584e+06,4.4584e+06,157621,157621,157621,157453,157453,157453,1.17208e+08,1.17208e+08,1.17208e+08,164.452,164.452,164.452,211.344,211.344,211.344
12,325586,325586,325586,9360.79,9360.79,9360.79,9325.82,9325.82,9325.82,4.46796e+06,4.46796e+06,4.46796e+06,4.45652e+06,4.45652e+06,4.45652e+06,158977,158977,158977,158773,158773,158773,1.17218e+08,1.17218e+08,1.17218e+08,165.894,165.894,165.894,213.155,213.155,213.155
13,325181,325181,325181,9423.41,9423.41,9423.41,9385.94,9385.94,9385.94,4.463e+06,4.463e+06,4.463e+06,4.45147e+06,4.45147e+06,4.45147e+06,160015,160015,160015,159773,159773,159773,1.17235e+08,1.17235e+08,1.17235e+08,167.181,167.181,167.181,214.76,214.76,214.76
14,324538,324538,324538,9448.57,9448.57,9448.57,9409.1,9409.1,9409.1,4.45658e+06,4.45658e+06,4.45658e+06,4.4449e+06,4.4449e+06,4.4449e+06,160493,160493,160493,160223,160223,160223,1.17256e+08,1.17256e+08,1.17256e+08,167.988,167.988,167.988,215.752,215.752,215.752
15,323901,323901,323901,9435.68,9435.68,9435.68,9395.21,9395.21,9395.21,4.45054e+06,4.45054e+06,4.45054e+06,4.43869e+06,4.43869e+06,4.43869e+06,160353,160353,160353,160072,160072,160072,1.17278e+08,1.17278e+08,1.17278e+08,168.158,168.158,168.158,215.943,215.943,215.943
16,323470,323470,323470,9394.54,9394.54,9394.54,9354.27,9354.27,9354.27,4.44636e+06,4.44636e+06,4.44636e+06,4.43436e+06,4.43436e+06,4.43436e+06,159717,159717,159717,159443,159443,159443,1.17297e+08,1.17297e+08,1.17297e+08,167.73,167.73,167.73,215.389,215.389,215.389
17,323353,323353,323353,9341.05,9341.05,9341.05,9302.05,9302.05,9302.05,4.44485e+06,4.44485e+06,4.44485e+06,4.43274e+06,4.43274e+06,4.43274e+06,158826,158826,158826,158576,158576,158576,1.17311e+08,1.17311e+08,1.17311e+08,166.903,166.903,166.903,214.347,214.347,214.347
18,323554,323554,323554,9291.84,9291.84,9291.84,9254.81,9254.81,9254.81,4.44597e+06,4.44597e+06,4.44597e+06,4.43383e+06,4.43383e+06,4.43383e+06,157954,157954,157954,157737,157737,157737,1.17319e+08,1.17319e+08,1.17319e+08,165.957,165.957,165.957,213.169,213.169,213.169
19,323986,323986,323986,9259.74,9259.74,9259.74,9224.87,9224.87,9224.87,4.44901e+06,4.44901e+06,4.44901e+06,4.43692e+06,4.43692e+06,4.43692e+06,157329,157329,157329,157147,157147,157147,1.17322e+08,1.17322e+08,1.17322e+08,165.16,165.16,165.16,212.191,212.191,212.191
20,324511,324511,324511,9251.07,9251.07,9251.07,9218.04,9218.04,9218.04,4.45287e+06,4.45287e+06,4.45287e+06,4.44088e+06,4.44088e+06,4.44088e+06,157079,157079,157079,156925,156925,156925,1.17323e+08,1.17323e+08,1.17323e+08,164.7,164.7,164.7,211.643,211.643,211.643
21,324984,324984,324984,9265.08,9265.08,9265.08,9233.19,9233.19,9233.19,4.45638e+06,4.45638e+06,4.45638e+06,4.44452e+06,4.44452e+06,4.44452e+06,157219,157219,157219,157080,157080,157080,1.17324e+08,1.17324e+08,1.17324e+08,164.653,164.653,164.653,211.612,211.612,211.612
22,325289,325289,325289,9295.17,9295.17,9295.17,9263.51,9263.51,9263.51,4.45864e+06,4.45864e+06,4.45864e+06,4.44693e+06,4.44693e+06,4.44693e+06,157659,157659,157659,157520,157520,157520,1.17327e+08,1.17327e+08,1.17327e+08,164.973,164.973,164.973,212.034,212.034,212.034
23,325370,325370,325370,9331.28,9331.28,9331.28,9298.94,9298.94,9298.94,4.45923e+06,4.45923e+06,4.45923e+06,4.44763e+06,4.44763e+06,4.44763e+06,158241,158241,158241,158088,158088,158088,1.17333e+08,1.17333e+08,1.17333e+08,165.527,165.527,165.527,212.737,212.737,212.737
24,325237,325237,325237,9362.91,9362.91,9362.91,9329.23,9329.23,9329.23,4.45822e+06,4.45822e+06,4.45822e+06,4.44668e+06,4.44668e+06,4.44668e+06,158790,158790,158790,158613,158613,158613,1.17342e+08,1.17342e+08,1.17342e+08,166.135,166.135,166.135,213.493,213.493,213.493
25,324958,324958,324958,9382.01,9382.01,9382.01,9346.7,9346.7,9346.7,4.45615e+06,4.45615e+06,4.45615e+06,4.4446e+06,4.4446e+06,4.4446e+06,159161,159161,159161,158957,158957,158957,1.17355e+08,1.17355e+08,1.17355e+08,166.626,166.626,166.626,214.089,214.089,214.089
26,324631,324631,324631,9384.92,9384.92,9384.92,9348.08,9348.08,9348.08,4.45377e+06,4.45377e+06,4.45377e+06,4.44216e+06,4.44216e+06,4.44216e+06,159275,159275,159275,159046,159046,159046,1.17368e+08,1.17368e+08,1.17368e+08,166.88,166.88,166.88,214.38,214.38,214.38
27,324355,324355,324355,9372.85,9372.85,9372.85,9334.92,9334.92,9334.92,4.45184e+06,4.45184e+06,4.45184e+06,4.44014e+06,4.44014e+06,4.44014e+06,159132,159132,159132,158887,158887,158887,1.17382e+08,1.17382e+08,1.17382e+08,166.857,166.857,166.857,214.323,214.323,214.323
28,324204,324204,324204,9350.88,9350.88,9350.88,9312.53,9312.53,9312.53,4.45092e+06,4.45092e+06,4.45092e+06,4.43911e+06,4.43911e+06,4.43911e+06,158803,158803,158803,158553,158553,158553,1.17393e+08,1.17393e+08,1.17393e+08,166.598,166.598,166.598,213.976,213.976,213.976
29,324208,324208,324208,9326.09,9326.09,9326.09,9287.97,9287.97,9287.97,4.45124e+06,4.45124e+06,4.45124e+06,4.43934e+06,4.43934e+06,4.43934e+06,158398,158398,158398,158155,158155,158155,1.17402e+08,1.17402e+08,1.17402e+08,166.201,166.201,166.201,213.466,213.466,213.466
30,324354,324354,324354,9305.27,9305.27,9305.27,9267.92,9267.92,9267.92,4.45268e+06,4.45268e+06,4.45268e+06,4.44072e+06,4.44072e+06,4.44072e+06,158033,158033,158033,157805,157805,157805,1.17409e+08,1.17409e+08,1.17409e+08,165.789,165.789,165.789,212.95,212.95,212.95
31,324594,324594,324594,9293.24,9293.24,9293.24,9256.94,9256.94,9256.94,4.45484e+06,4.45484e+06,4.45484e+06,4.44286e+06,4.44286e+06,4.44286e+06,157798,157798,157798,157588,157588,157588,1.17413e+08,1.17413e+08,1.17413e+08,165.47,165.47,165.47,212.562,212.562,212.562
32,324863,324863,324863,9291.83,9291.83,9291.83,9256.6,9256.6,9256.6,4.45722e+06,4.45722e+06,4.45722e+06,4.44526e+06,4.44526e+06,4.44526e+06,157733,157733,157733,157541,157541,157541,1.17417e+08,1.17417e+08,1.17417e+08,165.313,165.313,165.313,212.386,212.386,212.386
33,325097,325097,325097,9299.85,9299.85,9299.85,9265.46,9265.46,9265.46,4.45932e+06,4.45932e+06,4.45932e+06,4.44742e+06,4.44742e+06,4.44742e+06,157832,157832,157832,157653,157653,157653,1.17421e+08,1.17421e+08,1.17421e+08,165.336,165.336,165.336,212.437,212.437,212.437
34,325254,325254,325254,9313.83,9313.83,9313.83,9279.91,9279.91,9279.91,4.46081e+06,4.46081e+06,4.46081e+06,4.44897e+06,4.44897e+06,4.44897e+06,158044,158044,158044,157871,157871,157871,1.17426e+08,1.17426e+08,1.17426e+08,165.506,165.506,165.506,212.669,212.669,212.669
35,325316,325316,325316,9329.2,9329.2,9329.2,9295.31,9295.31,9295.31,4.46157e+06,4.46157e+06,4.46157e+06,4.44979e+06,4.44979e+06,4.44979e+06,158297,158297,158297,158123,158123,158123,1.17432e+08,1.17432e+08,1.17432e+08,165.758,165.758,165.758,212.996,212.996,212.996
36,325294,325294,325294,9341.65,9341.65,9341.65,9307.42,9307.42,9307.42,4.46168e+06,4.46168e+06,4.46168e+06,4.44996e+06,4.44996e+06,4.44996e+06,158518,158518,158518,158336,158336,158336,1.1744e+08,1.1744e+08,1.1744e+08,166.012,166.012,166.012,213.317,213.317,213.317
37,325223,325223,325223,9348.25,9348.25,9348.25,9313.43,9313.43,9313.43,4.46143e+06,4.46143e+06,4.46143e+06,4.44972e+06,4.44972e+06,4.44972e+06,158651,158651,158651,158459,158459,158459,1.17449e+08,1.17449e+08,1.17449e+08,166.2,166.2,166.2,213.546,213.546,213.546
38,325144,325144,325144,9348.1,9348.1,9348.1,9312.6,9312.6,9312.6,4.46113e+06,4.46113e+06,4.46113e+06,4.44942e+06,4.44942e+06,4.44942e+06,158674,158674,158674,158470,158470,158470,1.17458e+08,1.17458e+08,1.17458e+08,166.281,166.281,166.281,213.635,213.635,213.635
39,325098,325098,325098,9342.23,9342.23,9342.23,9306.15,9306.15,9306.15,4.46111e+06,4.46111e+06,4.46111e+06,4.44937e+06,4.44937e+06,4.44937e+06,158596,158596,158596,158382,158382,158382,1.17467e+08,1.17467e+08,1.17467e+08,166.248,166.248,166.248,213.578,213.578,213.578
40,325108,325108,325108,9333.15,9333.15,9333.15,9296.68,9296.68,9296.68,4.46154e+06,4.46154e+06,4.46154e+06,4.44977e+06,4.44977e+06,4.44977e+06,158454,158454,158454,158235,158235,158235,1.17475e+08,1.17475e+08,1.17475e+08,166.128,166.128,166.128,213.413,213.413,213.413
41,325183,325183,325183,9323.9,9323.9,9323.9,9287.29,9287.29,9287.29,4.46248e+06,4.46248e+06,4.46248e+06,4.45067e+06,4.45067e+06,4.45067e+06,158297,158297,158297,158076,158076,158076,1.17482e+08,1.17482e+08,1.17482e+08,165.967,165.967,165.967,213.201,213.201,213.201
42,325310,325310,325310,9317.19,9317.19,9317.19,9280.66,9280.66,9280.66,4.46383e+06,4.46383e+06,4.46383e+06,4.45198e+06,4.45198e+06,4.45198e+06,158173,158173,158173,157955,157955,157955,1.17488e+08,1.17488e+08,1.17488e+08,165.816,165.816,165.816,213.008,213.008,213.008
43,325464,325464,325464,9314.7,9314.7,9314.7,9278.43,9278.43,9278.43,4.46539e+06,4.46539e+06,4.46539e+06,4.45351e+06,4.45351e+06,4.45351e+06,158113,158113,158113,157900,157900,157900,1.17493e+08,1.17493e+08,1.17493e+08,165.719,165.719,165.719,212.888,212.888,212.888
44,325616,325616,325616,9316.8,9316.8,9316.8,9280.87,9280.87,9280.87,4.46692e+06,4.46692e+06,4.46692e+06,4.45503e+06,4.45503e+06,4.45503e+06,158130,158130,158130,157923,157923,157923,1.17498e+08,1.17498e+08,1.17498e+08,165.697,165.697,165.697,212.868,212.868,212.868
45,325740,325740,325740,9322.61,9322.61,9322.61,9287,9287,9287,4.46822e+06,4.46822e+06,4.46822e+06,4.45633e+06,4.45633e+06,4.45633e+06,158214,158214,158214,158013,158013,158013,1.17503e+08,1.17503e+08,1.17503e+08,165.753,165.753,165.753,212.948,212.948,212.948
46,325818,325818,325818,9330.39,9330.39,9330.39,9295.02,9295.02,9295.02,4.46916e+06,4.46916e+06,4.46916e+06,4.45729e+06,4.45729e+06,4.45729e+06,158339,158339,158339,158142,158142,158142,1.17509e+08,1.17509e+08,1.17509e+08,165.865,165.865,165.865,213.099,213.099,213.099
47,325848,325848,325848,9338.12,9338.12,9338.12,9302.88,9302.88,9302.88,4.46972e+06,4.46972e+06,4.46972e+06,4.45786e+06,4.45786e+06,4.45786e+06,158472,158472,158472,158277,158277,158277,1.17516e+08,1.17516e+08,1.17516e+08,166.004,166.004,166.004,213.281,213.281,213.281
48,325838,325838,325838,9344.08,9344.08,9344.08,9308.83,9308.83,9308.83,4.46996e+06,4.46996e+06,4.46996e+06,4.45812e+06,4.45812e+06,4.45812e+06,158584,158584,158584,158388,158388,158388,1.17523e+08,1.17523e+08,1.17523e+08,166.134,166.134,166.134,213.45,213.45,213.45
49,325802,325802,325802,9347.24,9347.24,9347.24,9311.89,9311.89,9311.89,4.47001e+06,4.47001e+06,4.47001e+06,4.45818e+06,4.45818e+06,4.45818e+06,158654,158654,158654,158456,158456,158456,1.17531e+08,1.17531e+08,1.17531e+08,166.23,166.23,166.23,213.571,213.571,213.571
50,325761,325761,325761,9347.46,9347.46,9347.46,9311.96,9311.96,9311.96,4.47002e+06,4.47002e+06,4.47002e+06,4.45819e+06,4.45819e+06,4.45819e+06,158676,158676,158676,158476,158476,158476,1.17539e+08,1.17539e+08,1.17539e+08,166.277,166.277,166.277,213.629,213.629,213.629
51,325729,325729,325729,9345.4,9345.4,9345.4,9309.74,9309.74,9309.74,4.4701e+06,4.4701e+06,4.4701e+06,4.45827e+06,4.45827e+06,4.45827e+06,158660,158660,158660,158456,158456,158456,1.17547e+08,1.17547e+08,1.17547e+08,166.278,166.278,166.278,213.626,213.626,213.626
52,325715,325715,325715,9342.24,9342.24,9342.24,9306.45,9306.45,9306.45,4.47033e+06,4.47033e+06,4.47033e+06,4.45849e+06,4.45849e+06,4.45849e+06,158621,158621,158621,158415,158415,158415,1.17554e+08,1.17554e+08,1.17554e+08,166.246,166.246,166.246,213.581,213.581,213.581
53,325721,325721,325721,9339.28,9339.28,9339.28,9303.4,9303.4,9303.4,4.47071e+06,4.47071e+06,4.47071e+06,4.45886e+06,4.45886e+06,4.45886e+06,158582,158582,158582,158375,158375,158375,1.17561e+08,1.17561e+08,1.17561e+08,166.203,166.203,166.203,213.523,213.523,213.523
54,325740,325740,325740,9337.56,9337.56,9337.56,9301.65,9301.65,9301.65,4.47119e+06,4.47119e+06,4.47119e+06,4.45933e+06,4.45933e+06,4.45933e+06,158562,158562,158562,158354,158354,158354,1.17568e+08,1.17568e+08,1.17568e+08,166.17,166.17,166.17,213.48,213.48,213.48
55,325759,325759,325759,9337.64,9337.64,9337.64,9301.74,9301.74,9301.74,4.47167e+06,4.47167e+06,4.47167e+06,4.45981e+06,4.45981e+06,4.45981e+06,158570,158570,158570,158363,158363,158363,1.17575e+08,1.17575e+08,1.17575e+08,166.162,166.162,166.162,213.47,213.47,213.47
56,325768,325768,325768,9339.49,9339.49,9339.49,9303.62,9303.62,9303.62,4.47207e+06,4.47207e+06,4.47207e+06,4.4602e+06,4.4602e+06,4.4602e+06,158610,158610,158610,158404,158404,158404,1.17582e+08,1.17582e+08,1.17582e+08,166.188,166.188,166.188,213.504,213.504,213.504
57,325757,325757,325757,9342.57,9342.57,9342.57,9306.74,9306.74,9306.74,4.4723e+06,4.4723e+06,4.4723e+06,4.46043e+06,4.46043e+06,4.46043e+06,158674,158674,158674,158469,158469,158469,1.17588e+08,1.17588e+08,1.17588e+08,166.242,166.242,166.242,213.576,213.576,213.576
58,325720,325720,325720,9346.04,9346.04,9346.04,9310.25,9310.25,9310.25,4.47233e+06,4.47233e+06,4.47233e+06,4.46045e+06,4.46045e+06,4.46045e+06,158750,158750,158750,158546,158546,158546,1.17596e+08,1.17596e+08,1.17596e+08,166.316,166.316,166.316,213.671,213.671,213.671
59,325658,325658,325658,9349.04,9349.04,9349.04,9313.28,9313.28,9313.28,4.47217e+06,4.47217e+06,4.47217e+06,4.46029e+06,4.46029e+06,4.46029e+06,158822,158822,158822,158618,158618,158618,1.17603e+08,1.17603e+08,1.17603e+08,166.393,166.393,166.393,213.772,213.772,213.772
60,325578,325578,325578,9350.89,9350.89,9350.89,9315.15,9315.15,9315.15,4.47186e+06,4.47186e+06,4.47186e+06,4.45998e+06,4.45998e+06,4.45998e+06,158879,158879,158879,158676,158676,158676,1.17611e+08,1.17611e+08,1.17611e+08,166.461,166.461,166.461,213.859,213.859,213.859
61,325488,325488,325488,9351.27,9351.27,9351.27,9315.54,9315.54,9315.54,4.47146e+06,4.47146e+06,4.47146e+06,4.45959e+06,4.45959e+06,4.45959e+06,158913,158913,158913,158710,158710,158710,1.17619e+08,1.17619e+08,1.17619e+08,166.507,166.507,166.507,213.919,213.919,213.919
62,325397,325397,325397,9350.25,9350.25,9350.25,9314.53,9314.53,9314.53,4.47106e+06,4.47106e+06,4.47106e+06,4.45918e+06,4.45918e+06,4.45918e+06,158924,158924,158924,158722,158722,158722,1.17627e+08,1.17627e+08,1.17627e+08,166.529,166.529,166.529,213.948,213.948,213.948
63,325311,325311,325311,9348.21,9348.21,9348.21,9312.5,9312.5,9312.5,4.4707e+06,4.4707e+06,4.4707e+06,4.45882e+06,4.45882e+06,4.45882e+06,158918,158918,158918,158715,158715,158715,1.17634e+08,1.17634e+08,1.17634e+08,166.529,166.529,166.529,213.948,213.948,213.948
64,325235,325235,325235,9345.72,9345.72,9345.72,9310.03,9310.03,9310.03,4.47041e+06,4.47041e+06,4.47041e+06,4.45854e+06,4.45854e+06,4.45854e+06,158902,158902,158902,158699,158699,158699,1.17642e+08,1.17642e+08,1.17642e+08,166.515,166.515,166.515,213.93,213.93,213.93
65,325169,325169,325169,9343.35,9343.35,9343.35,9307.68,9307.68,9307.68,4.4702e+06,4.4702e+06,4.4702e+06,4.45833e+06,4.45833e+06,4.45833e+06,158886,158886,158886,158684,158684,158684,1.17649e+08,1.17649e+08,1.17649e+08,166.496,166.496,166.496,213.906,213.906,213.906
66,325110,325110,325110,9341.5,9341.5,9341.5,9305.85,9305.85,9305.85,4.47004e+06,4.47004e+06,4.47004e+06,4.45817e+06,4.45817e+06,4.45817e+06,158878,158878,158878,158675,158675,158675,1.17656e+08,1.17656e+08,1.17656e+08,166.482,166.482,166.482,213.888,213.888,213.888
67,325054,325054,325054,9340.37,9340.37,9340.37,9304.72,9304.72,9304.72,4.4699e+06,4.4699e+06,4.4699e+06,4.45804e+06,4.45804e+06,4.45804e+06,158881,158881,158881,158678,158678,158678,1.17663e+08,1.17663e+08,1.17663e+08,166.477,166.477,166.477,213.882,213.882,213.882
68,324996,324996,324996,9339.88,9339.88,9339.88,9304.22,9304.22,9304.22,4.46976e+06,4.46976e+06,4.46976e+06,4.45789e+06,4.45789e+06,4.45789e+06,158894,158894,158894,158691,158691,158691,1.1767e+08,1.1767e+08,1.1767e+08,166.485,166.485,166.485,213.891,213.891,213.891
69,324934,324934,324934,9339.75,9339.75,9339.75,9304.07,9304.07,9304.07,4.46957e+06,4.46957e+06,4.46957e+06,4.45771e+06,4.45771e+06,4.45771e+06,158914,158914,158914,158711,158711,158711,1.17676e+08,1.17676e+08,1.17676e+08,166.502,166.502,166.502,213.913,213.913,213.913
70,324867,324867,324867,9339.63,9339.63,9339.63,9303.93,9303.93,9303.93,4.46935e+06,4.46935e+06,4.46935e+06,4.45748e+06,4.45748e+06,4.45748e+06,158936,158936,158936,158732,158732,158732,1.17683e+08,1.17683e+08,1.17683e+08,166.523,166.523,166.523,213.939,213.939,213.939
71,324797,324797,324797,9339.17,9339.17,9339.17,9303.44,9303.44,9303.44,4.4691e+06,4.4691e+06,4.4691e+06,4.45723e+06,4.45723e+06,4.45723e+06,158952,158952,158952,158748,158748,158748,1.1769e+08,1.1769e+08,1.1769e+08,166.541,166.541,166.541,213.963,213.963,213.963
72,324727,324727,324727,9338.13,9338.13,9338.13,9302.4,9302.4,9302.4,4.46885e+06,4.46885e+06,4.46885e+06,4.45698e+06,4.45698e+06,4.45698e+06,158958,158958,158958,158754,158754,158754,1.17696e+08,1.17696e+08,1.17696e+08,166.552,166.552,166.552,213.976,213.976,213.976
73,324662,324662,324662,9336.46,9336.46,9336.46,9300.72,9300.72,9300.72,4.46863e+06,4.46863e+06,4.46863e+06,4.45676e+06,4.45676e+06,4.45676e+06,158954,158954,158954,158749,158749,158749,1.17703e+08,1.17703e+08,1.17703e+08,166.552,166.552,166.552,213.975,213.975,213.975
74,324605,324605,324605,9334.24,9334.24,9334.24,9298.52,9298.52,9298.52,4.46848e+06,4.46848e+06,4.46848e+06,4.45661e+06,4.45661e+06,4.45661e+06,158938,158938,158938,158734,158734,158734,1.17709e+08,1.17709e+08,1.17709e+08,166.539,166.539,166.539,213.96,213.96,213.96
75,324559,324559,324559,9331.7,9331.7,9331.7,9296.01,9296.01,9296.01,4.46842e+06,4.46842e+06,4.46842e+06,4.45655e+06,4.45655e+06,4.45655e+06,158915,158915,158915,158711,158711,158711,1.17714e+08,1.17714e+08,1.17714e+08,166.518,166.518,166.518,213.932,213.932,213.932
76,324526,324526,324526,9329.12,9329.12,9329.12,9293.47,9293.47,9293.47,4.46845e+06,4.46845e+06,4.46845e+06,4.45658e+06,4.45658e+06,4.45658e+06,158889,158889,158889,158686,158686,158686,1.1772e+08,1.1772e+08,1.1772e+08,166.49,166.49,166.49,213.898,213.898,213.898
77,324504,324504,324504,9326.75,9326.75,9326.75,9291.14,9291.14,9291.14,4.46858e+06,4.46858e+06,4.46858e+06,4.45671e+06,4.45671e+06,4.45671e+06,158864,158864,158864,158661,158661,158661,1.17725e+08,1.17725e+08,1.17725e+08,166.462,166.462,166.462,213.862,213.862,213.862
78,324493,324493,324493,9324.75,9324.75,9324.75,9289.18,9289.18,9289.18,4.46879e+06,4.46879e+06,4.46879e+06,4.45692e+06,4.45692e+06,4.45692e+06,158843,158843,158843,158641,158641,158641,1.1773e+08,1.1773e+08,1.1773e+08,166.437,166.437,166.437,213.831,213.831,213.831
79,324489,324489,324489,9323.19,9323.19,9323.19,9287.64,9287.64,9287.64,4.46905e+06,4.46905e+06,4.46905e+06,4.45719e+06,4.45719e+06,4.45719e+06,158828,158828,158828,158626,158626,158626,1.17734e+08,1.17734e+08,1.17734e+08,166.418,166.418,166.418,213.806,213.806,213.806
80,324492,324492,324492,9322.02,9322.02,9322.02,9286.47,9286.47,9286.47,4.46937e+06,4.46937e+06,4.46937e+06,4.45751e+06,4.45751e+06,4.45751e+06,158818,158818,158818,158616,158616,158616,1.17738e+08,1.17738e+08,1.17738e+08,166.404,166.404,166.404,213.789,213.789,213.789
81,324498,324498,324498,9321.11,9321.11,9321.11,9285.55,9285.55,9285.55,4.46972e+06,4.46972e+06,4.46972e+06,4.45786e+06,4.45786e+06,4.45786e+06,158812,158812,158812,158609,158609,158609,1.17743e+08,1.17743e+08,1.17743e+08,166.395,166.395,166.395,213.777,213.777,213.777
82,324509,324509,324509,9320.31,9320.31,9320.31,9284.73,9284.73,9284.73,4.47009e+06,4.47009e+06,4.47009e+06,4.45824e+06,4.45824e+06,4.45824e+06,158807,158807,158807,158604,158604,158604,1.17746e+08,1.17746e+08,1.17746e+08,166.389,166.389,166.389,213.768,213.768,213.768
83,324523,324523,324523,9319.49,9319.49,9319.49,9283.88,9283.88,9283.88,4.4705e+06,4.4705e+06,4.4705e+06,4.45865e+06,4.45865e+06,4.45865e+06,158800,158800,158800,158597,158597,158597,1.1775e+08,1.1775e+08,1.1775e+08,166.383,166.383,166.383,213.759,213.759,213.759
84,324543,324543,324543,9318.56,9318.56,9318.56,9282.93,9282.93,9282.93,4.47095e+06,4.47095e+06,4.47095e+06,4.45909e+06,4.45909e+06,4.45909e+06,158791,158791,158791,158587,158587,158587,1.17754e+08,1.17754e+08,1.17754e+08,166.374,166.374,166.374,213.747,213.747,213.747
85,324568,324568,324568,9317.53,9317.53,9317.53,9281.88,9281.88,9281.88,4.47145e+06,4.47145e+06,4.47145e+06,4.45959e+06,4.45959e+06,4.45959e+06,158778,158778,158778,158574,158574,158574,1.17757e+08,1.17757e+08,1.17757e+08,166.362,166.362,166.362,213.732,213.732,213.732
86,324600,324600,324600,9316.44,9316.44,9316.44,9280.79,9280.79,9280.79,4.472e+06,4.472e+06,4.472e+06,4.46013e+06,4.46013e+06,4.46013e+06,158764,158764,158764,158560,158560,158560,1.1776e+08,1.1776e+08,1.1776e+08,166.348,166.348,166.348,213.713,213.713,213.713
87,324639,324639,324639,9315.42,9315.42,9315.42,9279.76,9279.76,9279.76,4.4726e+06,4.4726e+06,4.4726e+06,4.46073e+06,4.46073e+06,4.46073e+06,158749,158749,158749,158545,158545,158545,1.17763e+08,1.17763e+08,1.17763e+08,166.332,166.332,166.332,213.693,213.693,213.693
88,324684,324684,324684,9314.56,9314.56,9314.56,9278.92,9278.92,9278.92,4.47325e+06,4.47325e+06,4.47325e+06,4.46138e+06,4.46138e+06,4.46138e+06,158736,158736,158736,158532,158532,158532,1.17765e+08,1.17765e+08,1.17765e+08,166.317,166.317,166.317,213.674,213.674,213.674
89,324734,324734,324734,9313.97,9313.97,9313.97,9278.34,9278.34,9278.34,4.47394e+06,4.47394e+06,4.47394e+06,4.46207e+06,4.46207e+06,4.46207e+06,158727,158727,158727,158523,158523,158523,1.17768e+08,1.17768e+08,1.17768e+08,166.305,166.305,166.305,213.659,213.659,213.659
90,324786,324786,324786,9313.69,9313.69,9313.69,9278.08,9278.08,9278.08,4.47465e+06,4.47465e+06,4.47465e+06,4.46277e+06,4.46277e+06,4.46277e+06,158722,158722,158722,158518,158518,158518,1.1777e+08,1.1777e+08,1.1777e+08,166.298,166.298,166.298,213.649,213.649,213.649
91,324839,324839,324839,9313.73,9313.73,9313.73,9278.13,9278.13,9278.13,4.47536e+06,4.47536e+06,4.47536e+06,4.46349e+06,4.46349e+06,4.46349e+06,158722,158722,158722,158519,158519,158519,1.17772e+08,1.17772e+08,1.17772e+08,166.295,166.295,166.295,213.646,213.646,213.646
92,324891,324891,324891,9314.04,9314.04,9314.04,9278.44,9278.44,9278.44,4.47607e+06,4.47607e+06,4.47607e+06,4.4642e+06,4.4642e+06,4.4642e+06,158727,158727,158727,158523,158523,158523,1.17774e+08,1.17774e+08,1.17774e+08,166.298,166.298,166.298,213.65,213.65,213.65
93,324941,324941,324941,9314.53,9314.53,9314.53,9278.93,9278.93,9278.93,4.47676e+06,4.47676e+06,4.47676e+06,4.46488e+06,4.46488e+06,4.46488e+06,158735,158735,158735,158532,158532,158532,1.17776e+08,1.17776e+08,1.17776e+08,166.305,166.305,166.305,213.659,213.659,213.659
94,324987,324987,324987,9315.14,9315.14,9315.14,9279.53,9279.53,9279.53,4.47742e+06,4.47742e+06,4.47742e+06,4.46555e+06,4.46555e+06,4.46555e+06,158746,158746,158746,158542,158542,158542,1.17778e+08,1.17778e+08,1.17778e+08,166.315,166.315,166.315,213.672,213.672,213.672
95,325030,325030,325030,9315.78,9315.78,9315.78,9280.15,9280.15,9280.15,4.47805e+06,4.47805e+06,4.47805e+06,4.46618e+06,4.46618e+06,4.46618e+06,158758,158758,158758,158554,158554,158554,1.1778e+08,1.1778e+08,1.1778e+08,166.328,166.328,166.328,213.687,213.687,213.687
96,325068,325068,325068,9316.42,9316.42,9316.42,9280.77,9280.77,9280.77,4.47865e+06,4.47865e+06,4.47865e+06,4.46677e+06,4.46677e+06,4.46677e+06,158771,158771,158771,158567,158567,158567,1.17782e+08,1.17782e+08,1.17782e+08,166.341,166.341,166.341,213.704,213.704,213.704
97,325102,325102,325102,9317.03,9317.03,9317.03,9281.37,9281.37,9281.37,4.47922e+06,4.47922e+06,4.47922e+06,4.46734e+06,4.46734e+06,4.46734e+06,158785,158785,158785,158580,158580,158580,1.17784e+08,1.17784e+08,1.17784e+08,166.354,166.354,166.354,213.721,213.721,213.721
98,325131,325131,325131,9317.63,9317.63,9317.63,9281.95,9281.95,9281.95,4.47975e+06,4.47975e+06,4.47975e+06,4.46786e+06,4.46786e+06,4.46786e+06,158799,158799,158799,158594,158594,158594,1.17786e+08,1.17786e+08,1.17786e+08,166.369,166.369,166.369,213.739,213.739,213.739
99,325155,325155,325155,9318.25,9318.25,9318.25,9282.56,9282.56,9282.56,4.48024e+06,4.48024e+06,4.48024e+06,4.46835e+06,4.46835e+06,4.46835e+06,158815,158815,158815,158610,158610,158610,1.17788e+08,1.17788e+08,1.17788e+08,166.384,166.384,166.384,213.759,213.759,213.759
100,325173,325173,325173,9318.91,9318.91,9318.91,9283.22,9283.22,9283.22,4.48068e+06,4.48068e+06,4.48068e+06,4.46879e+06,4.46879e+06,4.46879e+06,158832,158832,158832,158627,158627,158627,1.1779e+08,1.1779e+08,1.1779e+08,166.401,166.401,166.401,213.78,213.78,213.78
101,325185,325185,325185,9319.63,9319.63,9319.63,9283.93,9283.93,9283.93,4.48107e+06,4.48107e+06,4.48107e+06,4.46917e+06,4.46917e+06,4.46917e+06,158851,158851,158851,158647,158647,158647,1.17792e+08,1.17792e+08,1.17792e+08,166.42,166.42,166.42,213.805,213.805,213.805
102,325189,325189,325189,9320.4,9320.4,9320.4,9284.71,9284.71,9284.71,4.4814e+06,4.4814e+06,4.4814e+06,4.4695e+06,4.4695e+06,4.4695e+06,158873,158873,158873,158669,158669,158669,1.17795e+08,1.17795e+08,1.17795e+08,166.441,166.441,166.441,213.832,213.832,213.832
103,325184,325184,325184,9321.19,9321.19,9321.19,9285.5,9285.5,9285.5,4.48167e+06,4.48167e+06,4.48167e+06,4.46977e+06,4.46977e+06,4.46977e+06,158897,158897,158897,158693,158693,158693,1.17797e+08,1.17797e+08,1.17797e+08,166.464,166.464,166.464,213.862,213.862,213.862
104,325171,325171,325171,9321.97,9321.97,9321.97,9286.29,9286.29,9286.29,4.48186e+06,4.48186e+06,4.48186e+06,4.46996e+06,4.46996e+06,4.46996e+06,158923,158923,158923,158718,158718,158718,1.17799e+08,1.17799e+08,1.17799e+08,166.489,166.489,166.489,213.895,213.895,213.895
105,325149,325149,325149,9322.69,9322.69,9322.69,9287,9287,9287,4.48199e+06,4.48199e+06,4.48199e+06,4.47008e+06,4.47008e+06,4.47008e+06,158949,158949,158949,158744,158744,158744,1.17802e+08,1.17802e+08,1.17802e+08,166.516,166.516,166.516,213.929,213.929,213.929
106,325118,325118,325118,9323.28,9323.28,9323.28,9287.6,9287.6,9287.6,4.48204e+06,4.48204e+06,4.48204e+06,4.47014e+06,4.47014e+06,4.47014e+06,158975,158975,158975,158771,158771,158771,1.17804e+08,1.17804e+08,1.17804e+08,166.542,166.542,166.542,213.963,213.963,213.963
107,325078,325078,325078,9323.73,9323.73,9323.73,9288.05,9288.05,9288.05,4.48203e+06,4.48203e+06,4.48203e+06,4.47012e+06,4.47012e+06,4.47012e+06,159000,159000,159000,158796,158796,158796,1.17807e+08,1.17807e+08,1.17807e+08,166.568,166.568,166.568,213.997,213.997,213.997
108,325030,325030,325030,9324,9324,9324,9288.31,9288.31,9288.31,4.48195e+06,4.48195e+06,4.48195e+06,4.47004e+06,4.47004e+06,4.47004e+06,159024,159024,159024,158820,158820,158820,1.1781e+08,1.1781e+08,1.1781e+08,166.593,166.593,166.593,214.028,214.028,214.028
109,324974,324974,324974,9324.08,9324.08,9324.08,9288.39,9288.39,9288.39,4.48181e+06,4.48181e+06,4.48181e+06,4.46991e+06,4.46991e+06,4.46991e+06,159046,159046,159046,158842,158842,158842,1.17813e+08,1.17813e+08,1.17813e+08,166.616,166.616,166.616,214.058,214.058,214.058
110,324912,324912,324912,9323.98,9323.98,9323.98,9288.29,9288.29,9288.29,4.48163e+06,4.48163e+06,4.48163e+06,4.46972e+06,4.46972e+06,4.46972e+06,159066,159066,159066,158862,158862,158862,1.17816e+08,1.17816e+08,1.17816e+08,166.637,166.637,166.637,214.085,214.085,214.085
111,324843,324843,324843,9323.7,9323.7,9323.7,9288.01,9288.01,9288.01,4.48139e+06,4.48139e+06,4.48139e+06,4.46948e+06,4.46948e+06,4.46948e+06,159085,159085,159085,158881,158881,158881,1.17819e+08,1.17819e+08,1.17819e+08,166.656,166.656,166.656,214.11,214.11,214.11
112,324769,324769,324769,9323.26,9323.26,9323.26,9287.57,9287.57,9287.57,4.48111e+06,4.48111e+06,4.48111e+06,4.4692e+06,4.4692e+06,4.4692e+06,159103,159103,159103,158898,158898,158898,1.17823e+08,1.17823e+08,1.17823e+08,166.674,166.674,166.674,214.132,214.132,214.132
113,324690,324690,324690,9322.66,9322.66,9322.66,9286.98,9286.98,9286.98,4.48079e+06,4.48079e+06,4.48079e+06,4.46888e+06,4.46888e+06,4.46888e+06,159118,159118,159118,158914,158914,158914,1.17826e+08,1.17826e+08,1.17826e+08,166.69,166.69,166.69,214.153,214.153,214.153
114,324606,324606,324606,9321.91,9321.91,9321.91,9286.24,9286.24,9286.24,4.48044e+06,4.48044e+06,4.48044e+06,4.46854e+06,4.46854e+06,4.46854e+06,159132,159132,159132,158929,158929,158929,1.17829e+08,1.17829e+08,1.17829e+08,166.704,166.704,166.704,214.171,214.171,214.171
115,324519,324519,324519,9321,9321,9321,9285.34,9285.34,9285.34,4.48007e+06,4.48007e+06,4.48007e+06,4.46816e+06,4.46816e+06,4.46816e+06,159145,159145,159145,158941,158941,158941,1.17833e+08,1.17833e+08,1.17833e+08,166.716,166.716,166.716,214.187,214.187,214.187
116,324429,324429,324429,9319.92,9319.92,9319.92,9284.27,9284.27,9284.27,4.47967e+06,4.47967e+06,4.47967e+06,4.46776e+06,4.46776e+06,4.46776e+06,159155,159155,159155,158951,158951,158951,1.17836e+08,1.17836e+08,1.17836e+08,166.726,166.726,166.726,214.2,214.2,214.2
117,324338,324338,324338,9318.67,9318.67,9318.67,9283.03,9283.03,9283.03,4.47926e+06,4.47926e+06,4.47926e+06,4.46735e+06,4.46735e+06,4.46735e+06,159162,159162,159162,158959,158959,158959,1.1784e+08,1.1784e+08,1.1784e+08,166.734,166.734,166.734,214.21,214.21,214.21
118,324245,324245,324245,9317.23,9317.23,9317.23,9281.6,9281.6,9281.6,4.47884e+06,4.47884e+06,4.47884e+06,4.46694e+06,4.46694e+06,4.46694e+06,159167,159167,159167,158964,158964,158964,1.17844e+08,1.17844e+08,1.17844e+08,166.739,166.739,166.739,214.217,214.217,214.217
119,324152,324152,324152,9315.62,9315.62,9315.62,9280,9280,9280,4.47843e+06,4.47843e+06,4.47843e+06,4.46653e+06,4.46653e+06,4.46653e+06,159169,159169,159169,158966,158966,158966,1.17847e+08,1.17847e+08,1.17847e+08,166.74,166.74,166.74,214.219,214.219,214.219
120,324061,324061,324061,9313.83,9313.83,9313.83,9278.22,9278.22,9278.22,4.47803e+06,4.47803e+06,4.47803e+06,4.46613e+06,4.46613e+06,4.46613e+06,159168,159168,159168,158965,158965,158965,1.17851e+08,1.17851e+08,1.17851e+08,166.739,166.739,166.739,214.217,214.217,214.217
121,323972,323972,323972,9311.89,9311.89,9311.89,9276.3,9276.3,9276.3,4.47766e+06,4.47766e+06,4.47766e+06,4.46576e+06,4.46576e+06,4.46576e+06,159164,159164,159164,158961,158961,158961,1.17855e+08,1.17855e+08,1.17855e+08,166.735,166.735,166.735,214.212,214.212,214.212
122,323887,323887,323887,9309.82,9309.82,9309.82,9274.24,9274.24,9274.24,4.47731e+06,4.47731e+06,4.47731e+06,4.46541e+06,4.46541e+06,4.46541e+06,159157,159157,159157,158954,158954,158954,1.17858e+08,1.17858e+08,1.17858e+08,166.727,166.727,166.727,214.203,214.203,214.203
123,323805,323805,323805,9307.65,9307.65,9307.65,9272.08,9272.08,9272.08,4.477e+06,4.477e+06,4.477e+06,4.4651e+06,4.4651e+06,4.4651e+06,159148,159148,159148,158945,158945,158945,1.17862e+08,1.17862e+08,1.17862e+08,166.718,166.718,166.718,214.19,214.19,214.19
124,323729,323729,323729,9305.4,9305.4,9305.4,9269.84,9269.84,9269.84,4.47674e+06,4.47674e+06,4.47674e+06,4.46484e+06,4.46484e+06,4.46484e+06,159137,159137,159137,158934,158934,158934,1.17865e+08,1.17865e+08,1.17865e+08,166.705,166.705,166.705,214.174,214.174,214.174
125,323658,323658,323658,9303.1,9303.1,9303.1,9267.55,9267.55,9267.55,4.47652e+06,4.47652e+06,4.47652e+06,4.46462e+06,4.46462e+06,4.46462e+06,159124,159124,159124,158921,158921,158921,1.17869e+08,1.17869e+08,1.17869e+08,166.691,166.691,166.691,214.156,214.156,214.156
126,323593,323593,323593,9300.77,9300.77,9300.77,9265.23,9265.23,9265.23,4.47635e+06,4.47635e+06,4.47635e+06,4.46446e+06,4.46446e+06,4.46446e+06,159109,159109,159109,158906,158906,158906,1.17872e+08,1.17872e+08,1.17872e+08,166.675,166.675,166.675,214.135,214.135,214.135
127,323535,323535,323535,9298.42,9298.42,9298.42,9262.89,9262.89,9262.89,4.47624e+06,4.47624e+06,4.47624e+06,4.46435e+06,4.46435e+06,4.46435e+06,159093,159093,159093,158890,158890,158890,1.17876e+08,1.17876e+08,1.17876e+08,166.657,166.657,166.657,214.113,214.113,214.113
128,323485,323485,323485,9296.06,9296.06,9296.06,9260.54,9260.54,9260.54,4.4762e+06,4.4762e+06,4.4762e+06,4.46431e+06,4.46431e+06,4.46431e+06,159076,159076,159076,158873,158873,158873,1.17879e+08,1.17879e+08,1.17879e+08,166.639,166.639,166.639,214.088,214.088,214.088
129,323441,323441,323441,9293.73,9293.73,9293.73,9258.22,9258.22,9258.22,4.47622e+06,4.47622e+06,4.47622e+06,4.46433e+06,4.46433e+06,4.46433e+06,159058,159058,159058,158854,158854,158854,1.17882e+08,1.17882e+08,1.17882e+08,166.619,166.619,166.619,214.063,214.063,214.063
130,323405,323405,323405,9291.42,9291.42,9291.42,9255.92,9255.92,9255.92,4.4763e+06,4.4763e+06,4.4763e+06,4.46441e+06,4.46441e+06,4.46441e+06,159038,159038,159038,158835,158835,158835,1.17885e+08,1.17885e+08,1.17885e+08,166.598,166.598,166.598,214.036,214.036,214.036
131,323377,323377,323377,9289.16,9289.16,9289.16,9253.66,9253.66,9253.66,4.47645e+06,4.47645e+06,4.47645e+06,4.46456e+06,4.46456e+06,4.46456e+06,159019,159019,159019,158815,158815,158815,1.17889e+08,1.17889e+08,1.17889e+08,166.576,166.576,166.576,214.008,214.008,214.008
132,323357,323357,323357,9286.96,9286.96,9286.96,9251.47,9251.47,9251.47,4.47667e+06,4.47667e+06,4.47667e+06,4.46478e+06,4.46478e+06,4.46478e+06,158999,158999,158999,158795,158795,158795,1.17892e+08,1.17892e+08,1.17892e+08,166.554,166.554,166.554,213.98,213.98,213.98
133,323344,323344,323344,9284.85,9284.85,9284.85,9249.37,9249.37,9249.37,4.47695e+06,4.47695e+06,4.47695e+06,4.46507e+06,4.46507e+06,4.46507e+06,158979,158979,158979,158775,158775,158775,1.17895e+08,1.17895e+08,1.17895e+08,166.532,166.532,166.532,213.951,213.951,213.951
134,323339,323339,323339,9282.85,9282.85,9282.85,9247.38,9247.38,9247.38,4.4773e+06,4.4773e+06,4.4773e+06,4.46542e+06,4.46542e+06,4.46542e+06,158959,158959,158959,158756,158756,158756,1.17897e+08,1.17897e+08,1.17897e+08,166.511,166.511,166.511,213.924,213.924,213.924
135,323342,323342,323342,9280.98,9280.98,9280.98,9245.51,9245.51,9245.51,4.47772e+06,4.47772e+06,4.47772e+06,4.46584e+06,4.46584e+06,4.46584e+06,158941,158941,158941,158737,158737,158737,1.179e+08,1.179e+08,1.179e+08,166.49,166.49,166.49,213.897,213.897,213.897
136,323351,323351,323351,9279.24,9279.24,9279.24,9243.78,9243.78,9243.78,4.47819e+06,4.47819e+06,4.47819e+06,4.46631e+06,4.46631e+06,4.46631e+06,158923,158923,158923,158720,158720,158720,1.17903e+08,1.17903e+08,1.17903e+08,166.47,166.47,166.47,213.872,213.872,213.872
137,323366,323366,323366,9277.67,9277.67,9277.67,9242.21,9242.21,9242.21,4.47872e+06,4.47872e+06,4.47872e+06,4.46684e+06,4.46684e+06,4.46684e+06,158908,158908,158908,158704,158704,158704,1.17906e+08,1.17906e+08,1.17906e+08,166.452,166.452,166.452,213.849,213.849,213.849
138,323386,323386,323386,9276.25,9276.25,9276.25,9240.79,9240.79,9240.79,4.4793e+06,4.4793e+06,4.4793e+06,4.46741e+06,4.46741e+06,4.46741e+06,158894,158894,158894,158690,158690,158690,1.17908e+08,1.17908e+08,1.17908e+08,166.436,166.436,166.436,213.828,213.828,213.828
139,323411,323411,323411,9275,9275,9275,9239.54,9239.54,9239.54,4.47992e+06,4.47992e+06,4.47992e+06,4.46803e+06,4.46803e+06,4.46803e+06,158882,158882,158882,158678,158678,158678,1.17911e+08,1.17911e+08,1.17911e+08,166.422,166.422,166.422,213.81,213.81,213.81
140,323440,323440,323440,9273.92,9273.92,9273.92,9238.45,9238.45,9238.45,4.48057e+06,4.48057e+06,4.48057e+06,4.46868e+06,4.46868e+06,4.46868e+06,158872,158872,158872,158668,158668,158668,1.17913e+08,1.17913e+08,1.17913e+08,166.41,166.41,166.41,213.794,213.794,213.794
141,323472,323472,323472,9272.99,9272.99,9272.99,9237.53,9237.53,9237.53,4.48125e+06,4.48125e+06,4.48125e+06,4.46936e+06,4.46936e+06,4.46936e+06,158865,158865,158865,158661,158661,158661,1.17916e+08,1.17916e+08,1.17916e+08,166.401,166.401,166.401,213.782,213.782,213.782
142,323505,323505,323505,9272.22,9272.22,9272.22,9236.75,9236.75,9236.75,4.48196e+06,4.48196e+06,4.48196e+06,4.47007e+06,4.47007e+06,4.47007e+06,158860,158860,158860,158656,158656,158656,1.17919e+08,1.17919e+08,1.17919e+08,166.394,166.394,166.394,213.773,213.773,213.773
143,323540,323540,323540,9271.6,9271.6,9271.6,9236.13,9236.13,9236.13,4.48268e+06,4.48268e+06,4.48268e+06,4.47079e+06,4.47079e+06,4.47079e+06,158857,158857,158857,158653,158653,158653,1.17921e+08,1.17921e+08,1.17921e+08,166.389,166.389,166.389,213.767,213.767,213.767
144,323576,323576,323576,9271.13,9271.13,9271.13,9235.66,9235.66,9235.66,4.4834e+06,4.4834e+06,4.4834e+06,4.47151e+06,4.47151e+06,4.47151e+06,158857,158857,158857,158653,158653,158653,1.17924e+08,1.17924e+08,1.17924e+08,166.388,166.388,166.388,213.764,213.764,213.764
145,323610,323610,323610,9270.81,9270.81,9270.81,9235.33,9235.33,9235.33,4.48413e+06,4.48413e+06,4.48413e+06,4.47223e+06,4.47223e+06,4.47223e+06,158860,158860,158860,158656,158656,158656,1.17926e+08,1.17926e+08,1.17926e+08,166.389,166.389,166.389,213.765,213.765,213.765
146,323643,323643,323643,9270.61,9270.61,9270.61,9235.13,9235.13,9235.13,4.48484e+06,4.48484e+06,4.48484e+06,4.47294e+06,4.47294e+06,4.47294e+06,158865,158865,158865,158661,158661,158661,1.17929e+08,1.17929e+08,1.17929e+08,166.392,166.392,166.392,213.77,213.77,213.77
147,323673,323673,323673,9270.53,9270.53,9270.53,9235.05,9235.05,9235.05,4.48554e+06,4.48554e+06,4.48554e+06,4.47364e+06,4.47364e+06,4.47364e+06,158873,158873,158873,158669,158669,158669,1.17932e+08,1.17932e+08,1.17932e+08,166.399,166.399,166.399,213.778,213.778,213.778
148,323700,323700,323700,9270.57,9270.57,9270.57,9235.08,9235.08,9235.08,4.48621e+06,4.48621e+06,4.48621e+06,4.47431e+06,4.47431e+06,4.47431e+06,158884,158884,158884,158679,158679,158679,1.17934e+08,1.17934e+08,1.17934e+08,166.408,166.408,166.408,213.79,213.79,213.79
149,323722,323722,323722,9270.69,9270.69,9270.69,9235.2,9235.2,9235.2,4.48686e+06,4.48686e+06,4.48686e+06,4.47495e+06,4.47495e+06,4.47495e+06,158897,158897,158897,158692,158692,158692,1.17937e+08,1.17937e+08,1.17937e+08,166.42,166.42,166.42,213.805,213.805,213.805
150,323739,323739,323739,9270.89,9270.89,9270.89,9235.4,9235.4,9235.4,4.48746e+06,4.48746e+06,4.48746e+06,4.47555e+06,4.47555e+06,4.47555e+06,158913,158913,158913,158708,158708,158708,1.1794e+08,1.1794e+08,1.1794e+08,166.434,166.434,166.434,213.824,213.824,213.824
151,323750,323750,323750,9271.15,9271.15,9271.15,9235.65,9235.65,9235.65,4.48802e+06,4.48802e+06,4.48802e+06,4.47611e+06,4.47611e+06,4.47611e+06,158930,158930,158930,158725,158725,158725,1.17943e+08,1.17943e+08,1.17943e+08,166.451,166.451,166.451,213.845,213.845,213.845
152,323754,323754,323754,9271.43,9271.43,9271.43,9235.93,9235.93,9235.93,4.48853e+06,4.48853e+06,4.48853e+06,4.47662e+06,4.47662e+06,4.47662e+06,158950,158950,158950,158745,158745,158745,1.17946e+08,1.17946e+08,1.17946e+08,166.469,166.469,166.469,213.869,213.869,213.869
153,323751,323751,323751,9271.73,9271.73,9271.73,9236.22,9236.22,9236.22,4.48898e+06,4.48898e+06,4.48898e+06,4.47707e+06,4.47707e+06,4.47707e+06,158971,158971,158971,158766,158766,158766,1.1795e+08,1.1795e+08,1.1795e+08,166.49,166.49,166.49,213.895,213.895,213.895
154,323740,323740,323740,9272.01,9272.01,9272.01,9236.5,9236.5,9236.5,4.48938e+06,4.48938e+06,4.48938e+06,4.47746e+06,4.47746e+06,4.47746e+06,158994,158994,158994,158789,158789,158789,1.17953e+08,1.17953e+08,1.17953e+08,166.512,166.512,166.512,213.924,213.924,213.924
155,323722,323722,323722,9272.26,9272.26,9272.26,9236.75,9236.75,9236.75,4.48971e+06,4.48971e+06,4.48971e+06,4.47779e+06,4.47779e+06,4.47779e+06,159017,159017,159017,158812,158812,158812,1.17957e+08,1.17957e+08,1.17957e+08,166.535,166.535,166.535,213.953,213.953,213.953
156,323695,323695,323695,9272.46,9272.46,9272.46,9236.94,9236.94,9236.94,4.48998e+06,4.48998e+06,4.48998e+06,4.47806e+06,4.47806e+06,4.47806e+06,159042,159042,159042,158837,158837,158837,1.1796e+08,1.1796e+08,1.1796e+08,166.559,166.559,166.559,213.985,213.985,213.985
157,323660,323660,323660,9272.59,9272.59,9272.59,9237.07,9237.07,9237.07,4.49019e+06,4.49019e+06,4.49019e+06,4.47826e+06,4.47826e+06,4.47826e+06,159067,159067,159067,158862,158862,158862,1.17964e+08,1.17964e+08,1.17964e+08,166.584,166.584,166.584,214.016,214.016,214.016
158,323616,323616,323616,9272.62,9272.62,9272.62,9237.11,9237.11,9237.11,4.49033e+06,4.49033e+06,4.49033e+06,4.4784e+06,4.4784e+06,4.4784e+06,159092,159092,159092,158887,158887,158887,1.17968e+08,1.17968e+08,1.17968e+08,166.609,166.609,166.609,214.049,214.049,214.049
159,323564,323564,323564,9272.56,9272.56,9272.56,9237.04,9237.04,9237.04,4.4904e+06,4.4904e+06,4.4904e+06,4.47848e+06,4.47848e+06,4.47848e+06,159117,159117,159117,158913,158913,158913,1.17972e+08,1.17972e+08,1.17972e+08,166.634,166.634,166.634,214.081,214.081,214.081
160,323504,323504,323504,9272.37,9272.37,9272.37,9236.86,9236.86,9236.86,4.49042e+06,4.49042e+06,4.49042e+06,4.47849e+06,4.47849e+06,4.47849e+06,159142,159142,159142,158937,158937,158937,1.17977e+08,1.17977e+08,1.17977e+08,166.659,166.659,166.659,214.112,214.112,214.112
161,323437,323437,323437,9272.04,9272.04,9272.04,9236.54,9236.54,9236.54,4.49037e+06,4.49037e+06,4.49037e+06,4.47844e+06,4.47844e+06,4.47844e+06,159166,159166,159166,158961,158961,158961,1.17981e+08,1.17981e+08,1.17981e+08,166.683,166.683,166.683,214.143,214.143,214.143
162,323362,323362,323362,9271.57,9271.57,9271.57,9236.07,9236.07,9236.07,4.49027e+06,4.49027e+06,4.49027e+06,4.47834e+06,4.47834e+06,4.47834e+06,159189,159189,159189,158985,158985,158985,1.17986e+08,1.17986e+08,1.17986e+08,166.705,166.705,166.705,214.173,214.173,214.173
163,323281,323281,323281,9270.94,9270.94,9270.94,9235.44,9235.44,9235.44,4.49011e+06,4.49011e+06,4.49011e+06,4.47818e+06,4.47818e+06,4.47818e+06,159211,159211,159211,159006,159006,159006,1.1799e+08,1.1799e+08,1.1799e+08,166.727,166.727,166.727,214.201,214.201,214.201
164,323194,323194,323194,9270.14,9270.14,9270.14,9234.65,9234.65,9234.65,4.48991e+06,4.48991e+06,4.48991e+06,4.47798e+06,4.47798e+06,4.47798e+06,159231,159231,159231,159026,159026,159026,1.17995e+08,1.17995e+08,1.17995e+08,166.747,166.747,166.747,214.226,214.226,214.226
165,323102,323102,323102,9269.17,9269.17,9269.17,9233.68,9233.68,9233.68,4.48967e+06,4.48967e+06,4.48967e+06,4.47774e+06,4.47774e+06,4.47774e+06,159249,159249,159249,159045,159045,159045,1.18e+08,1.18e+08,1.18e+08,166.765,166.765,166.765,214.25,214.25,214.25
166,323005,323005,323005,9268.01,9268.01,9268.01,9232.54,9232.54,9232.54,4.48939e+06,4.48939e+06,4.48939e+06,4.47746e+06,4.47746e+06,4.47746e+06,159265,159265,159265,159061,159061,159061,1.18005e+08,1.18005e+08,1.18005e+08,166.781,166.781,166.781,214.27,214.27,214.27
167,322904,322904,322904,9266.68,9266.68,9266.68,9231.22,9231.22,9231.22,4.48908e+06,4.48908e+06,4.48908e+06,4.47715e+06,4.47715e+06,4.47715e+06,159279,159279,159279,159075,159075,159075,1.18009e+08,1.18009e+08,1.18009e+08,166.795,166.795,166.795,214.288,214.288,214.288
168,322801,322801,322801,9265.18,9265.18,9265.18,9229.72,9229.72,9229.72,4.48875e+06,4.48875e+06,4.48875e+06,4.47682e+06,4.47682e+06,4.47682e+06,159291,159291,159291,159086,159086,159086,1.18014e+08,1.18014e+08,1.18014e+08,166.806,166.806,166.806,214.302,214.302,214.302
169,322696,322696,322696,9263.5,9263.5,9263.5,9228.06,9228.06,9228.06,4.48841e+06,4.48841e+06,4.48841e+06,4.47648e+06,4.47648e+06,4.47648e+06,159300,159300,159300,159095,159095,159095,1.18019e+08,1.18019e+08,1.18019e+08,166.814,166.814,166.814,214.314,214.314,214.314
170,322591,322591,322591,9261.67,9261.67,9261.67,9226.23,9226.23,9226.23,4.48806e+06,4.48806e+06,4.48806e+06,4.47614e+06,4.47614e+06,4.47614e+06,159306,159306,159306,159102,159102,159102,1.18024e+08,1.18024e+08,1.18024e+08,166.82,166.82,166.82,214.321,214.321,214.321
171,322486,322486,322486,9259.67,9259.67,9259.67,9224.25,9224.25,9224.25,4.48772e+06,4.48772e+06,4.48772e+06,4.47579e+06,4.47579e+06,4.47579e+06,159310,159310,159310,159106,159106,159106,1.18029e+08,1.18029e+08,1.18029e+08,166.823,166.823,166.823,214.325,214.325,214.325
172,322382,322382,322382,9257.54,9257.54,9257.54,9222.13,9222.13,9222.13,4.48738e+06,4.48738e+06,4.48738e+06,4.47546e+06,4.47546e+06,4.47546e+06,159311,159311,159311,159107,159107,159107,1.18034e+08,1.18034e+08,1.18034e+08,166.824,166.824,166.824,214.326,214.326,214.326
173,322280,322280,322280,9255.28,9255.28,9255.28,9219.88,9219.88,9219.88,4.48706e+06,4.48706e+06,4.48706e+06,4.47514e+06,4.47514e+06,4.47514e+06,159309,159309,159309,159105,159105,159105,1.18039e+08,1.18039e+08,1.18039e+08,166.821,166.821,166.821,214.323,214.323,214.323
174,322182,322182,322182,9252.9,9252.9,9252.9,9217.52,9217.52,9217.52,4.48677e+06,4.48677e+06,4.48677e+06,4.47485e+06,4.47485e+06,4.47485e+06,159305,159305,159305,159101,159101,159101,1.18043e+08,1.18043e+08,1.18043e+08,166.816,166.816,166.816,214.317,214.317,214.317
175,322087,322087,322087,9250.43,9250.43,9250.43,9215.06,9215.06,9215.06,4.48651e+06,4.48651e+06,4.48651e+06,4.47458e+06,4.47458e+06,4.47458e+06,159299,159299,159299,159095,159095,159095,1.18048e+08,1.18048e+08,1.18048e+08,166.809,166.809,166.809,214.307,214.307,214.307
176,321997,321997,321997,9247.88,9247.88,9247.88,9212.52,9212.52,9212.52,4.48628e+06,4.48628e+06,4.48628e+06,4.47436e+06,4.47436e+06,4.47436e+06,159290,159290,159290,159086,159086,159086,1.18052e+08,1.18052e+08,1.18052e+08,166.799,166.799,166.799,214.294,214.294,214.294
177,321913,321913,321913,9245.27,9245.27,9245.27,9209.92,9209.92,9209.92,4.4861e+06,4.4861e+06,4.4861e+06,4.47418e+06,4.47418e+06,4.47418e+06,159280,159280,159280,159076,159076,159076,1.18057e+08,1.18057e+08,1.18057e+08,166.787,166.787,166.787,214.279,214.279,214.279
178,321835,321835,321835,9242.61,9242.61,9242.61,9207.28,9207.28,9207.28,4.48596e+06,4.48596e+06,4.48596e+06,4.47405e+06,4.47405e+06,4.47405e+06,159267,159267,159267,159063,159063,159063,1.18061e+08,1.18061e+08,1.18061e+08,166.772,166.772,166.772,214.26,214.26,214.26
179,321764,321764,321764,9239.94,9239.94,9239.94,9204.62,9204.62,9204.62,4.48588e+06,4.48588e+06,4.48588e+06,4.47397e+06,4.47397e+06,4.47397e+06,159253,159253,159253,159049,159049,159049,1.18065e+08,1.18065e+08,1.18065e+08,166.756,166.756,166.756,214.24,214.24,214.24
180,321699,321699,321699,9237.28,9237.28,9237.28,9201.96,9201.96,9201.96,4.48586e+06,4.48586e+06,4.48586e+06,4.47394e+06,4.47394e+06,4.47394e+06,159237,159237,159237,159033,159033,159033,1.18069e+08,1.18069e+08,1.18069e+08,166.739,166.739,166.739,214.217,214.217,214.217
181,321643,321643,321643,9234.63,9234.63,9234.63,9199.33,9199.33,9199.33,4.48589e+06,4.48589e+06,4.48589e+06,4.47398e+06,4.47398e+06,4.47398e+06,159220,159220,159220,159016,159016,159016,1.18072e+08,1.18072e+08,1.18072e+08,166.72,166.72,166.72,214.193,214.193,214.193
182,321594,321594,321594,9232.03,9232.03,9232.03,9196.74,9196.74,9196.74,4.48599e+06,4.48599e+06,4.48599e+06,4.47408e+06,4.47408e+06,4.47408e+06,159202,159202,159202,158998,158998,158998,1.18076e+08,1.18076e+08,1.18076e+08,166.7,166.7,166.7,214.167,214.167,214.167
183,321553,321553,321553,9229.49,9229.49,9229.49,9194.21,9194.21,9194.21,4.48615e+06,4.48615e+06,4.48615e+06,4.47424e+06,4.47424e+06,4.47424e+06,159184,159184,159184,158980,158980,158980,1.18079e+08,1.18079e+08,1.18079e+08,166.68,166.68,166.68,214.141,214.141,214.141
184,321520,321520,321520,9227.03,9227.03,9227.03,9191.76,9191.76,9191.76,4.48637e+06,4.48637e+06,4.48637e+06,4.47446e+06,4.47446e+06,4.47446e+06,159165,159165,159165,158961,158961,158961,1.18082e+08,1.18082e+08,1.18082e+08,166.659,166.659,166.659,214.114,214.114,214.114
185,321495,321495,321495,9224.67,9224.67,9224.67,9189.41,9189.41,9189.41,4.48666e+06,4.48666e+06,4.48666e+06,4.47475e+06,4.47475e+06,4.47475e+06,159147,159147,159147,158943,158943,158943,1.18085e+08,1.18085e+08,1.18085e+08,166.638,166.638,166.638,214.088,214.088,214.088
186,321478,321478,321478,9222.43,9222.43,9222.43,9187.17,9187.17,9187.17,4.487e+06,4.487e+06,4.487e+06,4.47509e+06,4.47509e+06,4.47509e+06,159129,159129,159129,158925,158925,158925,1.18088e+08,1.18088e+08,1.18088e+08,166.618,166.618,166.618,214.061,214.061,214.061
187,321468,321468,321468,9220.31,9220.31,9220.31,9185.06,9185.06,9185.06,4.4874e+06,4.4874e+06,4.4874e+06,4.4755e+06,4.4755e+06,4.4755e+06,159111,159111,159111,158907,158907,158907,1.1809e+08,1.1809e+08,1.1809e+08,166.598,166.598,166.598,214.036,214.036,214.036
188,321465,321465,321465,9218.34,9218.34,9218.34,9183.09,9183.09,9183.09,4.48786e+06,4.48786e+06,4.48786e+06,4.47595e+06,4.47595e+06,4.47595e+06,159095,159095,159095,158890,158890,158890,1.18092e+08,1.18092e+08,1.18092e+08,166.579,166.579,166.579,214.011,214.011,214.011
189,321468,321468,321468,9216.51,9216.51,9216.51,9181.27,9181.27,9181.27,4.48837e+06,4.48837e+06,4.48837e+06,4.47646e+06,4.47646e+06,4.47646e+06,159079,159079,159079,158875,158875,158875,1.18094e+08,1.18094e+08,1.18094e+08,166.562,166.562,166.562,213.989,213.989,213.989
190,321477,321477,321477,9214.85,9214.85,9214.85,9179.61,9179.61,9179.61,4.48892e+06,4.48892e+06,4.48892e+06,4.47701e+06,4.47701e+06,4.47701e+06,159065,159065,159065,158861,158861,158861,1.18096e+08,1.18096e+08,1.18096e+08,166.545,166.545,166.545,213.968,213.968,213.968
191,321492,321492,321492,9213.35,9213.35,9213.35,9178.11,9178.11,9178.11,4.48951e+06,4.48951e+06,4.48951e+06,4.4776e+06,4.4776e+06,4.4776e+06,159053,159053,159053,158849,158849,158849,1.18098e+08,1.18098e+08,1.18098e+08,166.531,166.531,166.531,213.949,213.949,213.949
192,321510,321510,321510,9212.02,9212.02,9212.02,9176.78,9176.78,9176.78,4.49013e+06,4.49013e+06,4.49013e+06,4.47822e+06,4.47822e+06,4.47822e+06,159043,159043,159043,158839,158839,158839,1.181e+08,1.181e+08,1.181e+08,166.518,166.518,166.518,213.933,213.933,213.933
193,321532,321532,321532,9210.86,9210.86,9210.86,9175.63,9175.63,9175.63,4.49078e+06,4.49078e+06,4.49078e+06,4.47887e+06,4.47887e+06,4.47887e+06,159035,159035,159035,158831,158831,158831,1.18101e+08,1.18101e+08,1.18101e+08,166.508,166.508,166.508,213.92,213.92,213.92
194,321556,321556,321556,9209.88,9209.88,9209.88,9174.64,9174.64,9174.64,4.49145e+06,4.49145e+06,4.49145e+06,4.47953e+06,4.47953e+06,4.47953e+06,159029,159029,159029,158825,158825,158825,1.18103e+08,1.18103e+08,1.18103e+08,166.5,166.5,166.5,213.909,213.909,213.909
195,321582,321582,321582,9209.06,9209.06,9209.06,9173.82,9173.82,9173.82,4.49213e+06,4.49213e+06,4.49213e+06,4.48021e+06,4.48021e+06,4.48021e+06,159026,159026,159026,158821,158821,158821,1.18104e+08,1.18104e+08,1.18104e+08,166.495,166.495,166.495,213.902,213.902,213.902
196,321609,321609,321609,9208.4,9208.4,9208.4,9173.16,9173.16,9173.16,4.49281e+06,4.49281e+06,4.49281e+06,4.48089e+06,4.48089e+06,4.48089e+06,159025,159025,159025,158821,158821,158821,1.18105e+08,1.18105e+08,1.18105e+08,166.492,166.492,166.492,213.899,213.899,213.899
197,321635,321635,321635,9207.89,9207.89,9207.89,9172.65,9172.65,9172.65,4.49348e+06,4.49348e+06,4.49348e+06,4.48157e+06,4.48157e+06,4.48157e+06,159027,159027,159027,158822,158822,158822,1.18107e+08,1.18107e+08,1.18107e+08,166.492,166.492,166.492,213.899,213.899,213.899
198,321660,321660,321660,9207.53,9207.53,9207.53,9172.28,9172.28,9172.28,4.49415e+06,4.49415e+06,4.49415e+06,4.48223e+06,4.48223e+06,4.48223e+06,159032,159032,159032,158827,158827,158827,1.18108e+08,1.18108e+08,1.18108e+08,166.495,166.495,166.495,213.902,213.902,213.902
199,321683,321683,321683,9207.29,9207.29,9207.29,9172.04,9172.04,9172.04,4.49479e+06,4.49479e+06,4.49479e+06,4.48287e+06,4.48287e+06,4.48287e+06,159038,159038,159038,158833,158833,158833,1.18109e+08,1.18109e+08,1.18109e+08,166.5,166.5,166.5,213.909,213.909,213.909
200,321702,321702,321702,9207.16,9207.16,9207.16,9171.91,9171.91,9171.91,4.49541e+06,4.49541e+06,4.49541e+06,4.48349e+06,4.48349e+06,4.48349e+06,159048,159048,159048,158843,158843,158843,1.1811e+08,1.1811e+08,1.1811e+08,166.508,166.508,166.508,213.919,213.919,213.919
201,321718,321718,321718,9207.13,9207.13,9207.13,9171.88,9171.88,9171.88,4.49599e+06,4.49599e+06,4.49599e+06,4.48407e+06,4.48407e+06,4.48407e+06,159059,159059,159059,158854,158854,158854,1.18111e+08,1.18111e+08,1.18111e+08,166.518,166.518,166.518,213.932,213.932,213.932
202,321728,321728,321728,9207.18,9207.18,9207.18,9171.92,9171.92,9171.92,4.49654e+06,4.49654e+06,4.49654e+06,4.48461e+06,4.48461e+06,4.48461e+06,159073,159073,159073,158868,158868,158868,1.18112e+08,1.18112e+08,1.18112e+08,166.531,166.531,166.531,213.948,213.948,213.948
203,321733,321733,321733,9207.29,9207.29,9207.29,9172.03,9172.03,9172.03,4.49703e+06,4.49703e+06,4.49703e+06,4.4851e+06,4.4851e+06,4.4851e+06,159089,159089,159089,158884,158884,158884,1.18114e+08,1.18114e+08,1.18114e+08,166.546,166.546,166.546,213.967,213.967,213.967
204,321732,321732,321732,9207.44,9207.44,9207.44,9172.18,9172.18,9172.18,4.49747e+06,4.49747e+06,4.49747e+06,4.48554e+06,4.48554e+06,4.48554e+06,159107,159107,159107,158902,158902,158902,1.18115e+08,1.18115e+08,1.18115e+08,166.563,166.563,166.563,213.989,213.989,213.989
205,321723,321723,321723,9207.61,9207.61,9207.61,9172.34,9172.34,9172.34,4.49786e+06,4.49786e+06,4.49786e+06,4.48592e+06,4.48592e+06,4.48592e+06,159126,159126,159126,158921,158921,158921,1.18116e+08,1.18116e+08,1.18116e+08,166.581,166.581,166.581,214.012,214.012,214.012
206,321708,321708,321708,9207.78,9207.78,9207.78,9172.51,9172.51,9172.51,4.49818e+06,4.49818e+06,4.49818e+06,4.48624e+06,4.48624e+06,4.48624e+06,159147,159147,159147,158942,158942,158942,1.18117e+08,1.18117e+08,1.18117e+08,166.601,166.601,166.601,214.038,214.038,214.038
207,321684,321684,321684,9207.93,9207.93,9207.93,9172.65,9172.65,9172.65,4.49844e+06,4.49844e+06,4.49844e+06,4.4865e+06,4.4865e+06,4.4865e+06,159169,159169,159169,158963,158963,158963,1.18119e+08,1.18119e+08,1.18119e+08,166.622,166.622,166.622,214.065,214.065,214.065
208,321653,321653,321653,9208.03,9208.03,9208.03,9172.76,9172.76,9172.76,4.49863e+06,4.49863e+06,4.49863e+06,4.48668e+06,4.48668e+06,4.48668e+06,159191,159191,159191,158986,158986,158986,1.1812e+08,1.1812e+08,1.1812e+08,166.644,166.644,166.644,214.094,214.094,214.094
209,321614,321614,321614,9208.07,9208.07,9208.07,9172.8,9172.8,9172.8,4.49875e+06,4.49875e+06,4.49875e+06,4.48681e+06,4.48681e+06,4.48681e+06,159214,159214,159214,159009,159009,159009,1.18122e+08,1.18122e+08,1.18122e+08,166.667,166.667,166.667,214.123,214.123,214.123
210,321566,321566,321566,9208.03,9208.03,9208.03,9172.76,9172.76,9172.76,4.49881e+06,4.49881e+06,4.49881e+06,4.48686e+06,4.48686e+06,4.48686e+06,159237,159237,159237,159032,159032,159032,1.18123e+08,1.18123e+08,1.18123e+08,166.69,166.69,166.69,214.152,214.152,214.152
211,321510,321510,321510,9207.88,9207.88,9207.88,9172.62,9172.62,9172.62,4.4988e+06,4.4988e+06,4.4988e+06,4.48685e+06,4.48685e+06,4.48685e+06,159260,159260,159260,159055,159055,159055,1.18125e+08,1.18125e+08,1.18125e+08,166.713,166.713,166.713,214.182,214.182,214.182
212,321447,321447,321447,9207.62,9207.62,9207.62,9172.36,9172.36,9172.36,4.49872e+06,4.49872e+06,4.49872e+06,4.48677e+06,4.48677e+06,4.48677e+06,159283,159283,159283,159078,159078,159078,1.18127e+08,1.18127e+08,1.18127e+08,166.735,166.735,166.735,214.21,214.21,214.21
213,321375,321375,321375,9207.23,9207.23,9207.23,9171.97,9171.97,9171.97,4.49858e+06,4.49858e+06,4.49858e+06,4.48663e+06,4.48663e+06,4.48663e+06,159304,159304,159304,159099,159099,159099,1.18128e+08,1.18128e+08,1.18128e+08,166.756,166.756,166.756,214.238,214.238,214.238
214,321297,321297,321297,9206.69,9206.69,9206.69,9171.44,9171.44,9171.44,4.49838e+06,4.49838e+06,4.49838e+06,4.48643e+06,4.48643e+06,4.48643e+06,159325,159325,159325,159120,159120,159120,1.1813e+08,1.1813e+08,1.1813e+08,166.777,166.777,166.777,214.265,214.265,214.265
215,321212,321212,321212,9206,9206,9206,9170.75,9170.75,9170.75,4.49812e+06,4.49812e+06,4.49812e+06,4.48617e+06,4.48617e+06,4.48617e+06,159344,159344,159344,159139,159139,159139,1.18132e+08,1.18132e+08,1.18132e+08,166.796,166.796,166.796,214.289,214.289,214.289
216,321122,321122,321122,9205.14,9205.14,9205.14,9169.9,9169.9,9169.9,4.49782e+06,4.49782e+06,4.49782e+06,4.48587e+06,4.48587e+06,4.48587e+06,159362,159362,159362,159157,159157,159157,1.18134e+08,1.18134e+08,1.18134e+08,166.813,166.813,166.813,214.312,214.312,214.312
217,321026,321026,321026,9204.12,9204.12,9204.12,9168.89,9168.89,9168.89,4.49747e+06,4.49747e+06,4.49747e+06,4.48552e+06,4.48552e+06,4.48552e+06,159377,159377,159377,159172,159172,159172,1.18136e+08,1.18136e+08,1.18136e+08,166.829,166.829,166.829,214.332,214.332,214.332
218,320926,320926,320926,9202.92,9202.92,9202.92,9167.69,9167.69,9167.69,4.49708e+06,4.49708e+06,4.49708e+06,4.48513e+06,4.48513e+06,4.48513e+06,159391,159391,159391,159186,159186,159186,1.18138e+08,1.18138e+08,1.18138e+08,166.842,166.842,166.842,214.349,214.349,214.349
219,320822,320822,320822,9201.54,9201.54,9201.54,9166.33,9166.33,9166.33,4.49666e+06,4.49666e+06,4.49666e+06,4.48471e+06,4.48471e+06,4.48471e+06,159402,159402,159402,159197,159197,159197,1.1814e+08,1.1814e+08,1.1814e+08,166.853,166.853,166.853,214.363,214.363,214.363
220,320715,320715,320715,9199.99,9199.99,9199.99,9164.79,9164.79,9164.79,4.49622e+06,4.49622e+06,4.49622e+06,4.48427e+06,4.48427e+06,4.48427e+06,159410,159410,159410,159206,159206,159206,1.18142e+08,1.18142e+08,1.18142e+08,166.861,166.861,166.861,214.374,214.374,214.374
221,320607,320607,320607,9198.28,9198.28,9198.28,9163.08,9163.08,9163.08,4.49576e+06,4.49576e+06,4.49576e+06,4.48381e+06,4.48381e+06,4.48381e+06,159416,159416,159416,159212,159212,159212,1.18144e+08,1.18144e+08,1.18144e+08,166.867,166.867,166.867,214.381,214.381,214.381
222,320498,320498,320498,9196.39,9196.39,9196.39,9161.22,9161.22,9161.22,4.49529e+06,4.49529e+06,4.49529e+06,4.48334e+06,4.48334e+06,4.48334e+06,159420,159420,159420,159215,159215,159215,1.18146e+08,1.18146e+08,1.18146e+08,166.87,166.87,166.87,214.385,214.385,214.385
223,320389,320389,320389,9194.36,9194.36,9194.36,9159.19,9159.19,9159.19,4.49482e+06,4.49482e+06,4.49482e+06,4.48288e+06,4.48288e+06,4.48288e+06,159421,159421,159421,159216,159216,159216,1.18148e+08,1.18148e+08,1.18148e+08,166.87,166.87,166.87,214.385,214.385,214.385
224,320281,320281,320281,9192.18,9192.18,9192.18,9157.02,9157.02,9157.02,4.49436e+06,4.49436e+06,4.49436e+06,4.48242e+06,4.48242e+06,4.48242e+06,159419,159419,159419,159214,159214,159214,1.1815e+08,1.1815e+08,1.1815e+08,166.867,166.867,166.867,214.382,214.382,214.382
225,320175,320175,320175,9189.87,9189.87,9189.87,9154.73,9154.73,9154.73,4.49391e+06,4.49391e+06,4.49391e+06,4.48197e+06,4.48197e+06,4.48197e+06,159414,159414,159414,159210,159210,159210,1.18151e+08,1.18151e+08,1.18151e+08,166.862,166.862,166.862,214.375,214.375,214.375
226,320073,320073,320073,9187.44,9187.44,9187.44,9152.31,9152.31,9152.31,4.49348e+06,4.49348e+06,4.49348e+06,4.48155e+06,4.48155e+06,4.48155e+06,159407,159407,159407,159202,159202,159202,1.18153e+08,1.18153e+08,1.18153e+08,166.853,166.853,166.853,214.364,214.364,214.364
227,319974,319974,319974,9184.91,9184.91,9184.91,9149.8,9149.8,9149.8,4.49309e+06,4.49309e+06,4.49309e+06,4.48115e+06,4.48115e+06,4.48115e+06,159397,159397,159397,159193,159193,159193,1.18154e+08,1.18154e+08,1.18154e+08,166.842,166.842,166.842,214.35,214.35,214.35
228,319880,319880,319880,9182.31,9182.31,9182.31,9147.21,9147.21,9147.21,4.49273e+06,4.49273e+06,4.49273e+06,4.4808e+06,4.4808e+06,4.4808e+06,159385,159385,159385,159181,159181,159181,1.18156e+08,1.18156e+08,1.18156e+08,166.829,166.829,166.829,214.333,214.333,214.333
229,319791,319791,319791,9179.63,9179.63,9179.63,9144.55,9144.55,9144.55,4.49241e+06,4.49241e+06,4.49241e+06,4.48048e+06,4.48048e+06,4.48048e+06,159370,159370,159370,159166,159166,159166,1.18157e+08,1.18157e+08,1.18157e+08,166.813,166.813,166.813,214.313,214.313,214.313
230,319708,319708,319708,9176.92,9176.92,9176.92,9141.85,9141.85,9141.85,4.49214e+06,4.49214e+06,4.49214e+06,4.48021e+06,4.48021e+06,4.48021e+06,159354,159354,159354,159150,159150,159150,1.18158e+08,1.18158e+08,1.18158e+08,166.795,166.795,166.795,214.29,214.29,214.29
231,319632,319632,319632,9174.18,9174.18,9174.18,9139.12,9139.12,9139.12,4.49192e+06,4.49192e+06,4.49192e+06,4.47999e+06,4.47999e+06,4.47999e+06,159336,159336,159336,159132,159132,159132,1.18158e+08,1.18158e+08,1.18158e+08,166.776,166.776,166.776,214.265,214.265,214.265
232,319563,319563,319563,9171.44,9171.44,9171.44,9136.39,9136.39,9136.39,4.49176e+06,4.49176e+06,4.49176e+06,4.47983e+06,4.47983e+06,4.47983e+06,159316,159316,159316,159112,159112,159112,1.18159e+08,1.18159e+08,1.18159e+08,166.754,166.754,166.754,214.237,214.237,214.237
233,319502,319502,319502,9168.71,9168.71,9168.71,9133.68,9133.68,9133.68,4.49165e+06,4.49165e+06,4.49165e+06,4.47973e+06,4.47973e+06,4.47973e+06,159295,159295,159295,159091,159091,159091,1.18159e+08,1.18159e+08,1.18159e+08,166.731,166.731,166.731,214.208,214.208,214.208
234,319448,319448,319448,9166.03,9166.03,9166.03,9131.01,9131.01,9131.01,4.49161e+06,4.49161e+06,4.49161e+06,4.47969e+06,4.47969e+06,4.47969e+06,159273,159273,159273,159070,159070,159070,1.1816e+08,1.1816e+08,1.1816e+08,166.708,166.708,166.708,214.177,214.177,214.177
235,319402,319402,319402,9163.4,9163.4,9163.4,9128.39,9128.39,9128.39,4.49163e+06,4.49163e+06,4.49163e+06,4.47971e+06,4.47971e+06,4.47971e+06,159251,159251,159251,159047,159047,159047,1.1816e+08,1.1816e+08,1.1816e+08,166.683,166.683,166.683,214.146,214.146,214.146
236,319364,319364,319364,9160.85,9160.85,9160.85,9125.84,9125.84,9125.84,4.49171e+06,4.49171e+06,4.49171e+06,4.47979e+06,4.47979e+06,4.47979e+06,159228,159228,159228,159024,159024,159024,1.18159e+08,1.18159e+08,1.18159e+08,166.658,166.658,166.658,214.114,214.114,214.114
237,319334,319334,319334,9158.38,9158.38,9158.38,9123.39,9123.39,9123.39,4.49185e+06,4.49185e+06,4.49185e+06,4.47993e+06,4.47993e+06,4.47993e+06,159205,159205,159205,159002,159002,159002,1.18159e+08,1.18159e+08,1.18159e+08,166.633,166.633,166.633,214.081,214.081,214.081
238,319311,319311,319311,9156.03,9156.03,9156.03,9121.04,9121.04,9121.04,4.49206e+06,4.49206e+06,4.49206e+06,4.48014e+06,4.48014e+06,4.48014e+06,159183,159183,159183,158979,158979,158979,1.18158e+08,1.18158e+08,1.18158e+08,166.608,166.608,166.608,214.049,214.049,214.049
239,319296,319296,319296,9153.8,9153.8,9153.8,9118.82,9118.82,9118.82,4.49232e+06,4.49232e+06,4.49232e+06,4.4804e+06,4.4804e+06,4.4804e+06,159161,159161,159161,158957,158957,158957,1.18158e+08,1.18158e+08,1.18158e+08,166.584,166.584,166.584,214.018,214.018,214.018
240,319287,319287,319287,9151.7,9151.7,9151.7,9116.73,9116.73,9116.73,4.49263e+06,4.49263e+06,4.49263e+06,4.48072e+06,4.48072e+06,4.48072e+06,159140,159140,159140,158936,158936,158936,1.18157e+08,1.18157e+08,1.18157e+08,166.56,166.56,166.56,213.988,213.988,213.988
241,319285,319285,319285,9149.75,9149.75,9149.75,9114.78,9114.78,9114.78,4.493e+06,4.493e+06,4.493e+06,4.48109e+06,4.48109e+06,4.48109e+06,159120,159120,159120,158916,158916,158916,1.18155e+08,1.18155e+08,1.18155e+08,166.538,166.538,166.538,213.959,213.959,213.959
242,319289,319289,319289,9147.95,9147.95,9147.95,9112.99,9112.99,9112.99,4.49342e+06,4.49342e+06,4.49342e+06,4.4815e+06,4.4815e+06,4.4815e+06,159101,159101,159101,158897,158897,158897,1.18154e+08,1.18154e+08,1.18154e+08,166.517,166.517,166.517,213.932,213.932,213.932
243,319299,319299,319299,9146.32,9146.32,9146.32,9111.36,9111.36,9111.36,4.49387e+06,4.49387e+06,4.49387e+06,4.48196e+06,4.48196e+06,4.48196e+06,159084,159084,159084,158880,158880,158880,1.18153e+08,1.18153e+08,1.18153e+08,166.498,166.498,166.498,213.907,213.907,213.907
244,319312,319312,319312,9144.85,9144.85,9144.85,9109.9,9109.9,9109.9,4.49436e+06,4.49436e+06,4.49436e+06,4.48245e+06,4.48245e+06,4.48245e+06,159069,159069,159069,158865,158865,158865,1.18151e+08,1.18151e+08,1.18151e+08,166.481,166.481,166.481,213.885,213.885,213.885
245,319330,319330,319330,9143.56,9143.56,9143.56,9108.61,9108.61,9108.61,4.49488e+06,4.49488e+06,4.49488e+06,4.48297e+06,4.48297e+06,4.48297e+06,159057,159057,159057,158852,158852,158852,1.1815e+08,1.1815e+08,1.1815e+08,166.465,166.465,166.465,213.865,213.865,213.865
246,319350,319350,319350,9142.44,9142.44,9142.44,9107.48,9107.48,9107.48,4.49542e+06,4.49542e+06,4.49542e+06,4.48351e+06,4.48351e+06,4.48351e+06,159046,159046,159046,158842,158842,158842,1.18148e+08,1.18148e+08,1.18148e+08,166.453,166.453,166.453,213.848,213.848,213.848
247,319372,319372,319372,9141.48,9141.48,9141.48,9106.53,9106.53,9106.53,4.49597e+06,4.49597e+06,4.49597e+06,4.48406e+06,4.48406e+06,4.48406e+06,159038,159038,159038,158833,158833,158833,1.18146e+08,1.18146e+08,1.18146e+08,166.442,166.442,166.442,213.835,213.835,213.835
248,319394,319394,319394,9140.69,9140.69,9140.69,9105.74,9105.74,9105.74,4.49653e+06,4.49653e+06,4.49653e+06,4.48461e+06,4.48461e+06,4.48461e+06,159032,159032,159032,158828,158828,158828,1.18144e+08,1.18144e+08,1.18144e+08,166.435,166.435,166.435,213.825,213.825,213.825
249,319417,319417,319417,9140.05,9140.05,9140.05,9105.1,9105.1,9105.1,4.49709e+06,4.49709e+06,4.49709e+06,4.48517e+06,4.48517e+06,4.48517e+06,159029,159029,159029,158825,158825,158825,1.18142e+08,1.18142e+08,1.18142e+08,166.43,166.43,166.43,213.819,213.819,213.819
250,319439,319439,319439,9139.56,9139.56,9139.56,9104.6,9104.6,9104.6,4.49763e+06,4.49763e+06,4.49763e+06,4.48571e+06,4.48571e+06,4.48571e+06,159029,159029,159029,158824,158824,158824,1.18141e+08,1.18141e+08,1.18141e+08,166.427,166.427,166.427,213.816,213.816,213.816
251,319459,319459,319459,9139.2,9139.2,9139.2,9104.24,9104.24,9104.24,4.49816e+06,4.49816e+06,4.49816e+06,4.48624e+06,4.48624e+06,4.48624e+06,159031,159031,159031,158826,158826,158826,1.18139e+08,1.18139e+08,1.18139e+08,166.428,166.428,166.428,213.816,213.816,213.816
252,319476,319476,319476,9138.96,9138.96,9138.96,9103.99,9103.99,9103.99,4.49867e+06,4.49867e+06,4.49867e+06,4.48674e+06,4.48674e+06,4.48674e+06,159036,159036,159036,158831,158831,158831,1.18137e+08,1.18137e+08,1.18137e+08,166.431,166.431,166.431,213.82,213.82,213.82
253,319489,319489,319489,9138.82,9138.82,9138.82,9103.85,9103.85,9103.85,4.49914e+06,4.49914e+06,4.49914e+06,4.48721e+06,4.48721e+06,4.48721e+06,159042,159042,159042,158837,158837,158837,1.18135e+08,1.18135e+08,1.18135e+08,166.436,166.436,166.436,213.827,213.827,213.827
254,319498,319498,319498,9138.76,9138.76,9138.76,9103.79,9103.79,9103.79,4.49957e+06,4.49957e+06,4.49957e+06,4.48765e+06,4.48765e+06,4.48765e+06,159052,159052,159052,158847,158847,158847,1.18133e+08,1.18133e+08,1.18133e+08,166.444,166.444,166.444,213.837,213.837,213.837
255,319502,319502,319502,9138.78,9138.78,9138.78,9103.81,9103.81,9103.81,4.49996e+06,4.49996e+06,4.49996e+06,4.48803e+06,4.48803e+06,4.48803e+06,159063,159063,159063,158858,158858,158858,1.18132e+08,1.18132e+08,1.18132e+08,166.454,166.454,166.454,213.85,213.85,213.85
256,319499,319499,319499,9138.84,9138.84,9138.84,9103.87,9103.87,9103.87,4.5003e+06,4.5003e+06,4.5003e+06,4.48837e+06,4.48837e+06,4.48837e+06,159076,159076,159076,158871,158871,158871,1.1813e+08,1.1813e+08,1.1813e+08,166.467,166.467,166.467,213.866,213.866,213.866
257,319491,319491,319491,9138.93,9138.93,9138.93,9103.96,9103.96,9103.96,4.50059e+06,4.50059e+06,4.50059e+06,4.48866e+06,4.48866e+06,4.48866e+06,159091,159091,159091,158886,158886,158886,1.18129e+08,1.18129e+08,1.18129e+08,166.481,166.481,166.481,213.884,213.884,213.884
258,319475,319475,319475,9139.04,9139.04,9139.04,9104.06,9104.06,9104.06,4.50082e+06,4.50082e+06,4.50082e+06,4.48888e+06,4.48888e+06,4.48888e+06,159108,159108,159108,158902,158902,158902,1.18128e+08,1.18128e+08,1.18128e+08,166.496,166.496,166.496,213.904,213.904,213.904
259,319453,319453,319453,9139.13,9139.13,9139.13,9104.16,9104.16,9104.16,4.50098e+06,4.50098e+06,4.50098e+06,4.48905e+06,4.48905e+06,4.48905e+06,159125,159125,159125,158920,158920,158920,1.18127e+08,1.18127e+08,1.18127e+08,166.513,166.513,166.513,213.926,213.926,213.926
260,319422,319422,319422,9139.2,9139.2,9139.2,9104.22,9104.22,9104.22,4.50108e+06,4.50108e+06,4.50108e+06,4.48915e+06,4.48915e+06,4.48915e+06,159144,159144,159144,158939,158939,158939,1.18126e+08,1.18126e+08,1.18126e+08,166.531,166.531,166.531,213.949,213.949,213.949
261,319384,319384,319384,9139.21,9139.21,9139.21,9104.24,9104.24,9104.24,4.50112e+06,4.50112e+06,4.50112e+06,4.48918e+06,4.48918e+06,4.48918e+06,159163,159163,159163,158958,158958,158958,1.18125e+08,1.18125e+08,1.18125e+08,166.55,166.55,166.55,213.973,213.973,213.973
262,319339,319339,319339,9139.16,9139.16,9139.16,9104.18,9104.18,9104.18,4.50109e+06,4.50109e+06,4.50109e+06,4.48915e+06,4.48915e+06,4.48915e+06,159182,159182,159182,158977,158977,158977,1.18124e+08,1.18124e+08,1.18124e+08,166.569,166.569,166.569,213.997,213.997,213.997
263,319286,319286,319286,9139.02,9139.02,9139.02,9104.05,9104.05,9104.05,4.501e+06,4.501e+06,4.501e+06,4.48906e+06,4.48906e+06,4.48906e+06,159201,159201,159201,158996,158996,158996,1.18124e+08,1.18124e+08,1.18124e+08,166.588,166.588,166.588,214.022,214.022,214.022
264,319225,319225,319225,9138.77,9138.77,9138.77,9103.81,9103.81,9103.81,4.50085e+06,4.50085e+06,4.50085e+06,4.48891e+06,4.48891e+06,4.48891e+06,159220,159220,159220,159015,159015,159015,1.18123e+08,1.18123e+08,1.18123e+08,166.606,166.606,166.606,214.046,214.046,214.046
265,319158,319158,319158,9138.42,9138.42,9138.42,9103.45,9103.45,9103.45,4.50063e+06,4.50063e+06,4.50063e+06,4.48869e+06,4.48869e+06,4.48869e+06,159238,159238,159238,159033,159033,159033,1.18123e+08,1.18123e+08,1.18123e+08,166.624,166.624,166.624,214.069,214.069,214.069
266,319084,319084,319084,9137.93,9137.93,9137.93,9102.97,9102.97,9102.97,4.50036e+06,4.50036e+06,4.50036e+06,4.48842e+06,4.48842e+06,4.48842e+06,159255,159255,159255,159051,159051,159051,1.18123e+08,1.18123e+08,1.18123e+08,166.642,166.642,166.642,214.091,214.091,214.091
267,319004,319004,319004,9137.3,9137.3,9137.3,9102.35,9102.35,9102.35,4.50004e+06,4.50004e+06,4.50004e+06,4.48809e+06,4.48809e+06,4.48809e+06,159271,159271,159271,159067,159067,159067,1.18123e+08,1.18123e+08,1.18123e+08,166.657,166.657,166.657,214.112,214.112,214.112
268,318918,318918,318918,9136.53,9136.53,9136.53,9101.58,9101.58,9101.58,4.49966e+06,4.49966e+06,4.49966e+06,4.48772e+06,4.48772e+06,4.48772e+06,159286,159286,159286,159081,159081,159081,1.18123e+08,1.18123e+08,1.18123e+08,166.672,166.672,166.672,214.13,214.13,214.13
269,318828,318828,318828,9135.61,9135.61,9135.61,9100.67,9100.67,9100.67,4.49925e+06,4.49925e+06,4.49925e+06,4.48731e+06,4.48731e+06,4.48731e+06,159298,159298,159298,159094,159094,159094,1.18124e+08,1.18124e+08,1.18124e+08,166.684,166.684,166.684,214.146,214.146,214.146
270,318734,318734,318734,9134.52,9134.52,9134.52,9099.6,9099.6,9099.6,4.4988e+06,4.4988e+06,4.4988e+06,4.48686e+06,4.48686e+06,4.48686e+06,159309,159309,159309,159105,159105,159105,1.18124e+08,1.18124e+08,1.18124e+08,166.695,166.695,166.695,214.16,214.16,214.16
271,318637,318637,318637,9133.29,9133.29,9133.29,9098.37,9098.37,9098.37,4.49833e+06,4.49833e+06,4.49833e+06,4.48639e+06,4.48639e+06,4.48639e+06,159318,159318,159318,159113,159113,159113,1.18125e+08,1.18125e+08,1.18125e+08,166.703,166.703,166.703,214.171,214.171,214.171
272,318538,318538,318538,9131.9,9131.9,9131.9,9096.99,9096.99,9096.99,4.49783e+06,4.49783e+06,4.49783e+06,4.48589e+06,4.48589e+06,4.48589e+06,159324,159324,159324,159120,159120,159120,1.18126e+08,1.18126e+08,1.18126e+08,166.709,166.709,166.709,214.179,214.179,214.179
273,318437,318437,318437,9130.36,9130.36,9130.36,9095.46,9095.46,9095.46,4.49732e+06,4.49732e+06,4.49732e+06,4.48538e+06,4.48538e+06,4.48538e+06,159328,159328,159328,159123,159123,159123,1.18127e+08,1.18127e+08,1.18127e+08,166.713,166.713,166.713,214.184,214.184,214.184
274,318337,318337,318337,9128.67,9128.67,9128.67,9093.78,9093.78,9093.78,4.4968e+06,4.4968e+06,4.4968e+06,4.48487e+06,4.48487e+06,4.48487e+06,159329,159329,159329,159125,159125,159125,1.18128e+08,1.18128e+08,1.18128e+08,166.714,166.714,166.714,214.185,214.185,214.185
275,318237,318237,318237,9126.85,9126.85,9126.85,9091.97,9091.97,9091.97,4.49629e+06,4.49629e+06,4.49629e+06,4.48436e+06,4.48436e+06,4.48436e+06,159328,159328,159328,159124,159124,159124,1.18129e+08,1.18129e+08,1.18129e+08,166.712,166.712,166.712,214.183,214.183,214.183
276,318139,318139,318139,9124.91,9124.91,9124.91,9090.04,9090.04,9090.04,4.49579e+06,4.49579e+06,4.49579e+06,4.48386e+06,4.48386e+06,4.48386e+06,159324,159324,159324,159120,159120,159120,1.1813e+08,1.1813e+08,1.1813e+08,166.708,166.708,166.708,214.177,214.177,214.177
277,318044,318044,318044,9122.85,9122.85,9122.85,9088,9088,9088,4.4953e+06,4.4953e+06,4.4953e+06,4.48338e+06,4.48338e+06,4.48338e+06,159318,159318,159318,159114,159114,159114,1.18131e+08,1.18131e+08,1.18131e+08,166.701,166.701,166.701,214.168,214.168,214.168
278,317953,317953,317953,9120.7,9120.7,9120.7,9085.87,9085.87,9085.87,4.49484e+06,4.49484e+06,4.49484e+06,4.48292e+06,4.48292e+06,4.48292e+06,159309,159309,159309,159105,159105,159105,1.18132e+08,1.18132e+08,1.18132e+08,166.691,166.691,166.691,214.156,214.156,214.156
279,317866,317866,317866,9118.48,9118.48,9118.48,9083.65,9083.65,9083.65,4.49442e+06,4.49442e+06,4.49442e+06,4.4825e+06,4.4825e+06,4.4825e+06,159298,159298,159298,159094,159094,159094,1.18133e+08,1.18133e+08,1.18133e+08,166.679,166.679,166.679,214.141,214.141,214.141
280,317784,317784,317784,9116.19,9116.19,9116.19,9081.38,9081.38,9081.38,4.49404e+06,4.49404e+06,4.49404e+06,4.48211e+06,4.48211e+06,4.48211e+06,159284,159284,159284,159080,159080,159080,1.18134e+08,1.18134e+08,1.18134e+08,166.665,166.665,166.665,214.122,214.122,214.122
281,317709,317709,317709,9113.86,9113.86,9113.86,9079.06,9079.06,9079.06,4.4937e+06,4.4937e+06,4.4937e+06,4.48178e+06,4.48178e+06,4.48178e+06,159269,159269,159269,159065,159065,159065,1.18135e+08,1.18135e+08,1.18135e+08,166.648,166.648,166.648,214.101,214.101,214.101
282,317641,317641,317641,9111.52,9111.52,9111.52,9076.73,9076.73,9076.73,4.49341e+06,4.49341e+06,4.49341e+06,4.48149e+06,4.48149e+06,4.48149e+06,159251,159251,159251,159048,159048,159048,1.18136e+08,1.18136e+08,1.18136e+08,166.63,166.63,166.63,214.077,214.077,214.077
283,317580,317580,317580,9109.17,9109.17,9109.17,9074.39,9074.39,9074.39,4.49318e+06,4.49318e+06,4.49318e+06,4.48126e+06,4.48126e+06,4.48126e+06,159233,159233,159233,159029,159029,159029,1.18137e+08,1.18137e+08,1.18137e+08,166.609,166.609,166.609,214.051,214.051,214.051
284,317527,317527,317527,9106.85,9106.85,9106.85,9072.08,9072.08,9072.08,4.49301e+06,4.49301e+06,4.49301e+06,4.4811e+06,4.4811e+06,4.4811e+06,159212,159212,159212,159009,159009,159009,1.18138e+08,1.18138e+08,1.18138e+08,166.588,166.588,166.588,214.023,214.023,214.023
285,317482,317482,317482,9104.56,9104.56,9104.56,9069.8,9069.8,9069.8,4.49291e+06,4.49291e+06,4.49291e+06,4.48099e+06,4.48099e+06,4.48099e+06,159191,159191,159191,158987,158987,158987,1.18139e+08,1.18139e+08,1.18139e+08,166.565,166.565,166.565,213.994,213.994,213.994
286,317446,317446,317446,9102.34,9102.34,9102.34,9067.59,9067.59,9067.59,4.49287e+06,4.49287e+06,4.49287e+06,4.48096e+06,4.48096e+06,4.48096e+06,159169,159169,159169,158965,158965,158965,1.1814e+08,1.1814e+08,1.1814e+08,166.541,166.541,166.541,213.963,213.963,213.963
287,317419,317419,317419,9100.21,9100.21,9100.21,9065.47,9065.47,9065.47,4.4929e+06,4.4929e+06,4.4929e+06,4.48099e+06,4.48099e+06,4.48099e+06,159146,159146,159146,158943,158943,158943,1.18141e+08,1.18141e+08,1.18141e+08,166.517,166.517,166.517,213.932,213.932,213.932
288,317401,317401,317401,9098.18,9098.18,9098.18,9063.44,9063.44,9063.44,4.493e+06,4.493e+06,4.493e+06,4.48109e+06,4.48109e+06,4.48109e+06,159124,159124,159124,158920,158920,158920,1.18142e+08,1.18142e+08,1.18142e+08,166.492,166.492,166.492,213.901,213.901,213.901
289,317392,317392,317392,9096.27,9096.27,9096.27,9061.54,9061.54,9061.54,4.49316e+06,4.49316e+06,4.49316e+06,4.48126e+06,4.48126e+06,4.48126e+06,159101,159101,159101,158897,158897,158897,1.18143e+08,1.18143e+08,1.18143e+08,166.468,166.468,166.468,213.869,213.869,213.869
290,317391,317391,317391,9094.5,9094.5,9094.5,9059.77,9059.77,9059.77,4.4934e+06,4.4934e+06,4.4934e+06,4.48149e+06,4.48149e+06,4.48149e+06,159079,159079,159079,158875,158875,158875,1.18144e+08,1.18144e+08,1.18144e+08,166.444,166.444,166.444,213.838,213.838,213.838
291,317399,317399,317399,9092.88,9092.88,9092.88,9058.16,9058.16,9058.16,4.49369e+06,4.49369e+06,4.49369e+06,4.48179e+06,4.48179e+06,4.48179e+06,159058,159058,159058,158854,158854,158854,1.18145e+08,1.18145e+08,1.18145e+08,166.421,166.421,166.421,213.809,213.809,213.809
292,317415,317415,317415,9091.44,9091.44,9091.44,9056.72,9056.72,9056.72,4.49405e+06,4.49405e+06,4.49405e+06,4.48215e+06,4.48215e+06,4.48215e+06,159038,159038,159038,158834,158834,158834,1.18145e+08,1.18145e+08,1.18145e+08,166.399,166.399,166.399,213.78,213.78,213.78
293,317438,317438,317438,9090.17,9090.17,9090.17,9055.46,9055.46,9055.46,4.49446e+06,4.49446e+06,4.49446e+06,4.48256e+06,4.48256e+06,4.48256e+06,159020,159020,159020,158815,158815,158815,1.18146e+08,1.18146e+08,1.18146e+08,166.379,166.379,166.379,213.754,213.754,213.754
294,317468,317468,317468,9089.1,9089.1,9089.1,9054.38,9054.38,9054.38,4.49493e+06,4.49493e+06,4.49493e+06,4.48302e+06,4.48302e+06,4.48302e+06,159003,159003,159003,158798,158798,158798,1.18147e+08,1.18147e+08,1.18147e+08,166.36,166.36,166.36,213.73,213.73,213.73
295,317504,317504,317504,9088.21,9088.21,9088.21,9053.49,9053.49,9053.49,4.49544e+06,4.49544e+06,4.49544e+06,4.48353e+06,4.48353e+06,4.48353e+06,158988,158988,158988,158783,158783,158783,1.18148e+08,1.18148e+08,1.18148e+08,166.343,166.343,166.343,213.708,213.708,213.708
296,317545,317545,317545,9087.52,9087.52,9087.52,9052.8,9052.8,9052.8,4.49599e+06,4.49599e+06,4.49599e+06,4.48408e+06,4.48408e+06,4.48408e+06,158975,158975,158975,158771,158771,158771,1.18148e+08,1.18148e+08,1.18148e+08,166.329,166.329,166.329,213.69,213.69,213.69
297,317591,317591,317591,9087.03,9087.03,9087.03,9052.31,9052.31,9052.31,4.49657e+06,4.49657e+06,4.49657e+06,4.48466e+06,4.48466e+06,4.48466e+06,158965,158965,158965,158760,158760,158760,1.18149e+08,1.18149e+08,1.18149e+08,166.317,166.317,166.317,213.674,213.674,213.674
298,317641,317641,317641,9086.73,9086.73,9086.73,9052.01,9052.01,9052.01,4.49718e+06,4.49718e+06,4.49718e+06,4.48527e+06,4.48527e+06,4.48527e+06,158957,158957,158957,158752,158752,158752,1.1815e+08,1.1815e+08,1.1815e+08,166.307,166.307,166.307,213.662,213.662,213.662
299,317693,317693,317693,9086.63,9086.63,9086.63,9051.9,9051.9,9051.9,4.4978e+06,4.4978e+06,4.4978e+06,4.4859e+06,4.4859e+06,4.4859e+06,158951,158951,158951,158746,158746,158746,1.1815e+08,1.1815e+08,1.1815e+08,166.3,166.3,166.3,213.653,213.653,213.653
300,317747,317747,317747,9086.71,9086.71,9086.71,9051.97,9051.97,9051.97,4.49844e+06,4.49844e+06,4.49844e+06,4.48653e+06,4.48653e+06,4.48653e+06,158948,158948,158948,158744,158744,158744,1.18151e+08,1.18151e+08,1.18151e+08,166.296,166.296,166.296,213.647,213.647,213.647
301,317802,317802,317802,9086.97,9086.97,9086.97,9052.22,9052.22,9052.22,4.49908e+06,4.49908e+06,4.49908e+06,4.48717e+06,4.48717e+06,4.48717e+06,158948,158948,158948,158744,158744,158744,1.18152e+08,1.18152e+08,1.18152e+08,166.295,166.295,166.295,213.646,213.646,213.646
302,317856,317856,317856,9087.4,9087.4,9087.4,9052.65,9052.65,9052.65,4.49971e+06,4.49971e+06,4.49971e+06,4.4878e+06,4.4878e+06,4.4878e+06,158951,158951,158951,158746,158746,158746,1.18153e+08,1.18153e+08,1.18153e+08,166.297,166.297,166.297,213.648,213.648,213.648
303,317910,317910,317910,9087.98,9087.98,9087.98,9053.23,9053.23,9053.23,4.50033e+06,4.50033e+06,4.50033e+06,4.48841e+06,4.48841e+06,4.48841e+06,158957,158957,158957,158752,158752,158752,1.18154e+08,1.18154e+08,1.18154e+08,166.302,166.302,166.302,213.654,213.654,213.654
304,317961,317961,317961,9088.71,9088.71,9088.71,9053.95,9053.95,9053.95,4.50093e+06,4.50093e+06,4.50093e+06,4.48901e+06,4.48901e+06,4.48901e+06,158965,158965,158965,158760,158760,158760,1.18155e+08,1.18155e+08,1.18155e+08,166.309,166.309,166.309,213.663,213.663,213.663
305,318010,318010,318010,9089.57,9089.57,9089.57,9054.8,9054.8,9054.8,4.5015e+06,4.5015e+06,4.5015e+06,4.48958e+06,4.48958e+06,4.48958e+06,158976,158976,158976,158771,158771,158771,1.18156e+08,1.18156e+08,1.18156e+08,166.319,166.319,166.319,213.676,213.676,213.676
306,318054,318054,318054,9090.54,9090.54,9090.54,9055.76,9055.76,9055.76,4.50203e+06,4.50203e+06,4.50203e+06,4.49011e+06,4.49011e+06,4.49011e+06,158989,158989,158989,158784,158784,158784,1.18158e+08,1.18158e+08,1.18158e+08,166.332,166.332,166.332,213.693,213.693,213.693
307,318094,318094,318094,9091.6,9091.6,9091.6,9056.81,9056.81,9056.81,4.50252e+06,4.50252e+06,4.50252e+06,4.4906e+06,4.4906e+06,4.4906e+06,159005,159005,159005,158800,158800,158800,1.18159e+08,1.18159e+08,1.18159e+08,166.348,166.348,166.348,213.712,213.712,213.712
308,318129,318129,318129,9092.72,9092.72,9092.72,9057.93,9057.93,9057.93,4.50296e+06,4.50296e+06,4.50296e+06,4.49104e+06,4.49104e+06,4.49104e+06,159023,159023,159023,158817,158817,158817,1.18161e+08,1.18161e+08,1.18161e+08,166.365,166.365,166.365,213.735,213.735,213.735
309,318158,318158,318158,9093.9,9093.9,9093.9,9059.1,9059.1,9059.1,4.50336e+06,4.50336e+06,4.50336e+06,4.49143e+06,4.49143e+06,4.49143e+06,159042,159042,159042,158837,158837,158837,1.18163e+08,1.18163e+08,1.18163e+08,166.385,166.385,166.385,213.76,213.76,213.76
310,318180,318180,318180,9095.1,9095.1,9095.1,9060.29,9060.29,9060.29,4.50369e+06,4.50369e+06,4.50369e+06,4.49176e+06,4.49176e+06,4.49176e+06,159064,159064,159064,158858,158858,158858,1.18165e+08,1.18165e+08,1.18165e+08,166.406,166.406,166.406,213.788,213.788,213.788
311,318195,318195,318195,9096.31,9096.31,9096.31,9061.5,9061.5,9061.5,4.50397e+06,4.50397e+06,4.50397e+06,4.49203e+06,4.49203e+06,4.49203e+06,159086,159086,159086,158881,158881,158881,1.18167e+08,1.18167e+08,1.18167e+08,166.429,166.429,166.429,213.817,213.817,213.817
312,318204,318204,318204,9097.51,9097.51,9097.51,9062.69,9062.69,9062.69,4.50418e+06,4.50418e+06,4.50418e+06,4.49224e+06,4.49224e+06,4.49224e+06,159110,159110,159110,158904,158904,158904,1.18169e+08,1.18169e+08,1.18169e+08,166.453,166.453,166.453,213.848,213.848,213.848
313,318205,318205,318205,9098.67,9098.67,9098.67,9063.84,9063.84,9063.84,4.50433e+06,4.50433e+06,4.50433e+06,4.49239e+06,4.49239e+06,4.49239e+06,159134,159134,159134,158928,158928,158928,1.18172e+08,1.18172e+08,1.18172e+08,166.478,166.478,166.478,213.88,213.88,213.88
314,318198,318198,318198,9099.78,9099.78,9099.78,9064.95,9064.95,9064.95,4.50441e+06,4.50441e+06,4.50441e+06,4.49247e+06,4.49247e+06,4.49247e+06,159159,159159,159159,158953,158953,158953,1.18174e+08,1.18174e+08,1.18174e+08,166.503,166.503,166.503,213.913,213.913,213.913
315,318185,318185,318185,9100.81,9100.81,9100.81,9065.98,9065.98,9065.98,4.50443e+06,4.50443e+06,4.50443e+06,4.49249e+06,4.49249e+06,4.49249e+06,159183,159183,159183,158978,158978,158978,1.18177e+08,1.18177e+08,1.18177e+08,166.529,166.529,166.529,213.946,213.946,213.946
316,318164,318164,318164,9101.76,9101.76,9101.76,9066.93,9066.93,9066.93,4.50439e+06,4.50439e+06,4.50439e+06,4.49244e+06,4.49244e+06,4.49244e+06,159208,159208,159208,159003,159003,159003,1.1818e+08,1.1818e+08,1.1818e+08,166.554,166.554,166.554,213.978,213.978,213.978
317,318136,318136,318136,9102.61,9102.61,9102.61,9067.77,9067.77,9067.77,4.50428e+06,4.50428e+06,4.50428e+06,4.49234e+06,4.49234e+06,4.49234e+06,159232,159232,159232,159027,159027,159027,1.18184e+08,1.18184e+08,1.18184e+08,166.579,166.579,166.579,214.011,214.011,214.011
318,318102,318102,318102,9103.33,9103.33,9103.33,9068.49,9068.49,9068.49,4.50412e+06,4.50412e+06,4.50412e+06,4.49217e+06,4.49217e+06,4.49217e+06,159255,159255,159255,159050,159050,159050,1.18187e+08,1.18187e+08,1.18187e+08,166.604,166.604,166.604,214.042,214.042,214.042
319,318061,318061,318061,9103.93,9103.93,9103.93,9069.09,9069.09,9069.09,4.5039e+06,4.5039e+06,4.5039e+06,4.49196e+06,4.49196e+06,4.49196e+06,159277,159277,159277,159072,159072,159072,1.1819e+08,1.1819e+08,1.1819e+08,166.627,166.627,166.627,214.072,214.072,214.072
320,318015,318015,318015,9104.38,9104.38,9104.38,9069.55,9069.55,9069.55,4.50364e+06,4.50364e+06,4.50364e+06,4.49169e+06,4.49169e+06,4.49169e+06,159298,159298,159298,159093,159093,159093,1.18194e+08,1.18194e+08,1.18194e+08,166.648,166.648,166.648,214.099,214.099,214.099
321,317965,317965,317965,9104.69,9104.69,9104.69,9069.86,9069.86,9069.86,4.50333e+06,4.50333e+06,4.50333e+06,4.49138e+06,4.49138e+06,4.49138e+06,159317,159317,159317,159112,159112,159112,1.18198e+08,1.18198e+08,1.18198e+08,166.668,166.668,166.668,214.125,214.125,214.125
322,317910,317910,317910,9104.85,9104.85,9104.85,9070.02,9070.02,9070.02,4.50298e+06,4.50298e+06,4.50298e+06,4.49104e+06,4.49104e+06,4.49104e+06,159334,159334,159334,159129,159129,159129,1.18202e+08,1.18202e+08,1.18202e+08,166.686,166.686,166.686,214.148,214.148,214.148
323,317852,317852,317852,9104.86,9104.86,9104.86,9070.03,9070.03,9070.03,4.50261e+06,4.50261e+06,4.50261e+06,4.49066e+06,4.49066e+06,4.49066e+06,159349,159349,159349,159144,159144,159144,1.18206e+08,1.18206e+08,1.18206e+08,166.702,166.702,166.702,214.169,214.169,214.169
324,317792,317792,317792,9104.71,9104.71,9104.71,9069.88,9069.88,9069.88,4.50221e+06,4.50221e+06,4.50221e+06,4.49026e+06,4.49026e+06,4.49026e+06,159361,159361,159361,159156,159156,159156,1.1821e+08,1.1821e+08,1.1821e+08,166.716,166.716,166.716,214.186,214.186,214.186
325,317730,317730,317730,9104.41,9104.41,9104.41,9069.59,9069.59,9069.59,4.50179e+06,4.50179e+06,4.50179e+06,4.48985e+06,4.48985e+06,4.48985e+06,159371,159371,159371,159167,159167,159167,1.18214e+08,1.18214e+08,1.18214e+08,166.727,166.727,166.727,214.201,214.201,214.201
326,317668,317668,317668,9103.97,9103.97,9103.97,9069.15,9069.15,9069.15,4.50137e+06,4.50137e+06,4.50137e+06,4.48942e+06,4.48942e+06,4.48942e+06,159379,159379,159379,159174,159174,159174,1.18218e+08,1.18218e+08,1.18218e+08,166.735,166.735,166.735,214.212,214.212,214.212
327,317607,317607,317607,9103.39,9103.39,9103.39,9068.58,9068.58,9068.58,4.50094e+06,4.50094e+06,4.50094e+06,4.489e+06,4.489e+06,4.489e+06,159384,159384,159384,159180,159180,159180,1.18222e+08,1.18222e+08,1.18222e+08,166.741,166.741,166.741,214.219,214.219,214.219
328,317547,317547,317547,9102.68,9102.68,9102.68,9067.88,9067.88,9067.88,4.50052e+06,4.50052e+06,4.50052e+06,4.48858e+06,4.48858e+06,4.48858e+06,159387,159387,159387,159182,159182,159182,1.18226e+08,1.18226e+08,1.18226e+08,166.744,166.744,166.744,214.224,214.224,214.224
329,317489,317489,317489,9101.86,9101.86,9101.86,9067.06,9067.06,9067.06,4.50012e+06,4.50012e+06,4.50012e+06,4.48818e+06,4.48818e+06,4.48818e+06,159387,159387,159387,159182,159182,159182,1.1823e+08,1.1823e+08,1.1823e+08,166.745,166.745,166.745,214.224,214.224,214.224
330,317434,317434,317434,9100.94,9100.94,9100.94,9066.15,9066.15,9066.15,4.49974e+06,4.49974e+06,4.49974e+06,4.4878e+06,4.4878e+06,4.4878e+06,159384,159384,159384,159180,159180,159180,1.18234e+08,1.18234e+08,1.18234e+08,166.743,166.743,166.743,214.222,214.222,214.222
331,317384,317384,317384,9099.93,9099.93,9099.93,9065.15,9065.15,9065.15,4.49939e+06,4.49939e+06,4.49939e+06,4.48745e+06,4.48745e+06,4.48745e+06,159379,159379,159379,159175,159175,159175,1.18238e+08,1.18238e+08,1.18238e+08,166.738,166.738,166.738,214.216,214.216,214.216
332,317338,317338,317338,9098.85,9098.85,9098.85,9064.08,9064.08,9064.08,4.49907e+06,4.49907e+06,4.49907e+06,4.48714e+06,4.48714e+06,4.48714e+06,159372,159372,159372,159168,159168,159168,1.18242e+08,1.18242e+08,1.18242e+08,166.731,166.731,166.731,214.207,214.207,214.207
333,317298,317298,317298,9097.73,9097.73,9097.73,9062.96,9062.96,9062.96,4.4988e+06,4.4988e+06,4.4988e+06,4.48686e+06,4.48686e+06,4.48686e+06,159363,159363,159363,159158,159158,159158,1.18246e+08,1.18246e+08,1.18246e+08,166.722,166.722,166.722,214.195,214.195,214.195
334,317265,317265,317265,9096.57,9096.57,9096.57,9061.8,9061.8,9061.8,4.49857e+06,4.49857e+06,4.49857e+06,4.48664e+06,4.48664e+06,4.48664e+06,159351,159351,159351,159147,159147,159147,1.18249e+08,1.18249e+08,1.18249e+08,166.71,166.71,166.71,214.18,214.18,214.18
335,317238,317238,317238,9095.4,9095.4,9095.4,9060.64,9060.64,9060.64,4.4984e+06,4.4984e+06,4.4984e+06,4.48647e+06,4.48647e+06,4.48647e+06,159339,159339,159339,159134,159134,159134,1.18253e+08,1.18253e+08,1.18253e+08,166.697,166.697,166.697,214.163,214.163,214.163
336,317219,317219,317219,9094.24,9094.24,9094.24,9059.48,9059.48,9059.48,4.49828e+06,4.49828e+06,4.49828e+06,4.48635e+06,4.48635e+06,4.48635e+06,159324,159324,159324,159120,159120,159120,1.18256e+08,1.18256e+08,1.18256e+08,166.682,166.682,166.682,214.144,214.144,214.144
337,317208,317208,317208,9093.1,9093.1,9093.1,9058.35,9058.35,9058.35,4.49823e+06,4.49823e+06,4.49823e+06,4.4863e+06,4.4863e+06,4.4863e+06,159308,159308,159308,159104,159104,159104,1.1826e+08,1.1826e+08,1.1826e+08,166.666,166.666,166.666,214.124,214.124,214.124
338,317205,317205,317205,9092.02,9092.02,9092.02,9057.27,9057.27,9057.27,4.49823e+06,4.49823e+06,4.49823e+06,4.4863e+06,4.4863e+06,4.4863e+06,159292,159292,159292,159087,159087,159087,1.18263e+08,1.18263e+08,1.18263e+08,166.649,166.649,166.649,214.102,214.102,214.102
339,317210,317210,317210,9091,9091,9091,9056.26,9056.26,9056.26,4.4983e+06,4.4983e+06,4.4983e+06,4.48637e+06,4.48637e+06,4.48637e+06,159275,159275,159275,159070,159070,159070,1.18266e+08,1.18266e+08,1.18266e+08,166.631,166.631,166.631,214.079,214.079,214.079
340,317223,317223,317223,9090.07,9090.07,9090.07,9055.33,9055.33,9055.33,4.49843e+06,4.49843e+06,4.49843e+06,4.48651e+06,4.48651e+06,4.48651e+06,159257,159257,159257,159053,159053,159053,1.18269e+08,1.18269e+08,1.18269e+08,166.613,166.613,166.613,214.055,214.055,214.055
341,317245,317245,317245,9089.24,9089.24,9089.24,9054.5,9054.5,9054.5,4.49863e+06,4.49863e+06,4.49863e+06,4.4867e+06,4.4867e+06,4.4867e+06,159240,159240,159240,159035,159035,159035,1.18271e+08,1.18271e+08,1.18271e+08,166.595,166.595,166.595,214.032,214.032,214.032
342,317274,317274,317274,9088.53,9088.53,9088.53,9053.79,9053.79,9053.79,4.49889e+06,4.49889e+06,4.49889e+06,4.48696e+06,4.48696e+06,4.48696e+06,159222,159222,159222,159018,159018,159018,1.18274e+08,1.18274e+08,1.18274e+08,166.577,166.577,166.577,214.009,214.009,214.009
343,317312,317312,317312,9087.95,9087.95,9087.95,9053.21,9053.21,9053.21,4.49921e+06,4.49921e+06,4.49921e+06,4.48728e+06,4.48728e+06,4.48728e+06,159206,159206,159206,159001,159001,159001,1.18276e+08,1.18276e+08,1.18276e+08,166.559,166.559,166.559,213.986,213.986,213.986
344,317357,317357,317357,9087.51,9087.51,9087.51,9052.78,9052.78,9052.78,4.49958e+06,4.49958e+06,4.49958e+06,4.48766e+06,4.48766e+06,4.48766e+06,159190,159190,159190,158985,158985,158985,1.18278e+08,1.18278e+08,1.18278e+08,166.543,166.543,166.543,213.964,213.964,213.964
345,317409,317409,317409,9087.24,9087.24,9087.24,9052.5,9052.5,9052.5,4.50001e+06,4.50001e+06,4.50001e+06,4.48809e+06,4.48809e+06,4.48809e+06,159175,159175,159175,158970,158970,158970,1.1828e+08,1.1828e+08,1.1828e+08,166.527,166.527,166.527,213.945,213.945,213.945
346,317467,317467,317467,9087.13,9087.13,9087.13,9052.38,9052.38,9052.38,4.50049e+06,4.50049e+06,4.50049e+06,4.48856e+06,4.48856e+06,4.48856e+06,159162,159162,159162,158957,158957,158957,1.18282e+08,1.18282e+08,1.18282e+08,166.513,166.513,166.513,213.926,213.926,213.926
347,317531,317531,317531,9087.19,9087.19,9087.19,9052.44,9052.44,9052.44,4.50101e+06,4.50101e+06,4.50101e+06,4.48908e+06,4.48908e+06,4.48908e+06,159150,159150,159150,158945,158945,158945,1.18284e+08,1.18284e+08,1.18284e+08,166.501,166.501,166.501,213.91,213.91,213.91
348,317600,317600,317600,9087.42,9087.42,9087.42,9052.67,9052.67,9052.67,4.50157e+06,4.50157e+06,4.50157e+06,4.48964e+06,4.48964e+06,4.48964e+06,159141,159141,159141,158936,158936,158936,1.18286e+08,1.18286e+08,1.18286e+08,166.491,166.491,166.491,213.897,213.897,213.897
349,317673,317673,317673,9087.84,9087.84,9087.84,9053.08,9053.08,9053.08,4.50216e+06,4.50216e+06,4.50216e+06,4.49023e+06,4.49023e+06,4.49023e+06,159133,159133,159133,158928,158928,158928,1.18287e+08,1.18287e+08,1.18287e+08,166.483,166.483,166.483,213.886,213.886,213.886
350,317750,317750,317750,9088.44,9088.44,9088.44,9053.67,9053.67,9053.67,4.50277e+06,4.50277e+06,4.50277e+06,4.49084e+06,4.49084e+06,4.49084e+06,159128,159128,159128,158923,158923,158923,1.18289e+08,1.18289e+08,1.18289e+08,166.477,166.477,166.477,213.879,213.879,213.879
351,317828,317828,317828,9089.21,9089.21,9089.21,9054.43,9054.43,9054.43,4.5034e+06,4.5034e+06,4.5034e+06,4.49146e+06,4.49146e+06,4.49146e+06,159125,159125,159125,158920,158920,158920,1.18291e+08,1.18291e+08,1.18291e+08,166.473,166.473,166.473,213.875,213.875,213.875
352,317908,317908,317908,9090.15,9090.15,9090.15,9055.37,9055.37,9055.37,4.50403e+06,4.50403e+06,4.50403e+06,4.4921e+06,4.4921e+06,4.4921e+06,159125,159125,159125,158920,158920,158920,1.18292e+08,1.18292e+08,1.18292e+08,166.473,166.473,166.473,213.874,213.874,213.874
353,317989,317989,317989,9091.26,9091.26,9091.26,9056.47,9056.47,9056.47,4.50467e+06,4.50467e+06,4.50467e+06,4.49273e+06,4.49273e+06,4.49273e+06,159127,159127,159127,158922,158922,158922,1.18293e+08,1.18293e+08,1.18293e+08,166.475,166.475,166.475,213.876,213.876,213.876
354,318069,318069,318069,9092.52,9092.52,9092.52,9057.71,9057.71,9057.71,4.50529e+06,4.50529e+06,4.50529e+06,4.49336e+06,4.49336e+06,4.49336e+06,159132,159132,159132,158927,158927,158927,1.18295e+08,1.18295e+08,1.18295e+08,166.48,166.48,166.48,213.882,213.882,213.882
355,318147,318147,318147,9093.92,9093.92,9093.92,9059.1,9059.1,9059.1,4.50591e+06,4.50591e+06,4.50591e+06,4.49397e+06,4.49397e+06,4.49397e+06,159140,159140,159140,158934,158934,158934,1.18296e+08,1.18296e+08,1.18296e+08,166.487,166.487,166.487,213.892,213.892,213.892
356,318223,318223,318223,9095.44,9095.44,9095.44,9060.62,9060.62,9060.62,4.5065e+06,4.5065e+06,4.5065e+06,4.49455e+06,4.49455e+06,4.49455e+06,159150,159150,159150,158945,158945,158945,1.18298e+08,1.18298e+08,1.18298e+08,166.498,166.498,166.498,213.905,213.905,213.905
357,318295,318295,318295,9097.08,9097.08,9097.08,9062.24,9062.24,9062.24,4.50705e+06,4.50705e+06,4.50705e+06,4.49511e+06,4.49511e+06,4.49511e+06,159163,159163,159163,158957,158957,158957,1.18299e+08,1.18299e+08,1.18299e+08,166.51,166.51,166.51,213.921,213.921,213.921
358,318363,318363,318363,9098.8,9098.8,9098.8,9063.96,9063.96,9063.96,4.50758e+06,4.50758e+06,4.50758e+06,4.49563e+06,4.49563e+06,4.49563e+06,159178,159178,159178,158972,158972,158972,1.18301e+08,1.18301e+08,1.18301e+08,166.526,166.526,166.526,213.941,213.941,213.941
359,318426,318426,318426,9100.6,9100.6,9100.6,9065.75,9065.75,9065.75,4.50805e+06,4.50805e+06,4.50805e+06,4.4961e+06,4.4961e+06,4.4961e+06,159195,159195,159195,158989,158989,158989,1.18302e+08,1.18302e+08,1.18302e+08,166.543,166.543,166.543,213.964,213.964,213.964
360,318483,318483,318483,9102.46,9102.46,9102.46,9067.59,9067.59,9067.59,4.50848e+06,4.50848e+06,4.50848e+06,4.49653e+06,4.49653e+06,4.49653e+06,159214,159214,159214,159008,159008,159008,1.18304e+08,1.18304e+08,1.18304e+08,166.563,166.563,166.563,213.989,213.989,213.989
361,318534,318534,318534,9104.35,9104.35,9104.35,9069.47,9069.47,9069.47,4.50886e+06,4.50886e+06,4.50886e+06,4.4969e+06,4.4969e+06,4.4969e+06,159235,159235,159235,159029,159029,159029,1.18306e+08,1.18306e+08,1.18306e+08,166.585,166.585,166.585,214.017,214.017,214.017
362,318578,318578,318578,9106.25,9106.25,9106.25,9071.37,9071.37,9071.37,4.50918e+06,4.50918e+06,4.50918e+06,4.49722e+06,4.49722e+06,4.49722e+06,159257,159257,159257,159051,159051,159051,1.18308e+08,1.18308e+08,1.18308e+08,166.608,166.608,166.608,214.047,214.047,214.047
363,318615,318615,318615,9108.15,9108.15,9108.15,9073.25,9073.25,9073.25,4.50943e+06,4.50943e+06,4.50943e+06,4.49747e+06,4.49747e+06,4.49747e+06,159281,159281,159281,159075,159075,159075,1.1831e+08,1.1831e+08,1.1831e+08,166.633,166.633,166.633,214.079,214.079,214.079
364,318644,318644,318644,9110.02,9110.02,9110.02,9075.11,9075.11,9075.11,4.50962e+06,4.50962e+06,4.50962e+06,4.49766e+06,4.49766e+06,4.49766e+06,159306,159306,159306,159100,159100,159100,1.18312e+08,1.18312e+08,1.18312e+08,166.659,166.659,166.659,214.112,214.112,214.112
365,318665,318665,318665,9111.83,9111.83,9111.83,9076.92,9076.92,9076.92,4.50974e+06,4.50974e+06,4.50974e+06,4.49778e+06,4.49778e+06,4.49778e+06,159331,159331,159331,159125,159125,159125,1.18314e+08,1.18314e+08,1.18314e+08,166.685,166.685,166.685,214.146,214.146,214.146
366,318678,318678,318678,9113.58,9113.58,9113.58,9078.66,9078.66,9078.66,4.5098e+06,4.5098e+06,4.5098e+06,4.49784e+06,4.49784e+06,4.49784e+06,159356,159356,159356,159150,159150,159150,1.18316e+08,1.18316e+08,1.18316e+08,166.712,166.712,166.712,214.18,214.18,214.18
367,318683,318683,318683,9115.24,9115.24,9115.24,9080.32,9080.32,9080.32,4.50979e+06,4.50979e+06,4.50979e+06,4.49783e+06,4.49783e+06,4.49783e+06,159382,159382,159382,159176,159176,159176,1.18319e+08,1.18319e+08,1.18319e+08,166.739,166.739,166.739,214.215,214.215,214.215
368,318681,318681,318681,9116.8,9116.8,9116.8,9081.86,9081.86,9081.86,4.50972e+06,4.50972e+06,4.50972e+06,4.49775e+06,4.49775e+06,4.49775e+06,159407,159407,159407,159201,159201,159201,1.18321e+08,1.18321e+08,1.18321e+08,166.766,166.766,166.766,214.25,214.25,214.25
369,318670,318670,318670,9118.23,9118.23,9118.23,9083.29,9083.29,9083.29,4.50959e+06,4.50959e+06,4.50959e+06,4.49761e+06,4.49761e+06,4.49761e+06,159432,159432,159432,159226,159226,159226,1.18324e+08,1.18324e+08,1.18324e+08,166.792,166.792,166.792,214.284,214.284,214.284
370,318653,318653,318653,9119.53,9119.53,9119.53,9084.59,9084.59,9084.59,4.50939e+06,4.50939e+06,4.50939e+06,4.49742e+06,4.49742e+06,4.49742e+06,159456,159456,159456,159250,159250,159250,1.18327e+08,1.18327e+08,1.18327e+08,166.817,166.817,166.817,214.316,214.316,214.316
371,318629,318629,318629,9120.68,9120.68,9120.68,9085.74,9085.74,9085.74,4.50914e+06,4.50914e+06,4.50914e+06,4.49717e+06,4.49717e+06,4.49717e+06,159478,159478,159478,159272,159272,159272,1.18329e+08,1.18329e+08,1.18329e+08,166.842,166.842,166.842,214.347,214.347,214.347
372,318599,318599,318599,9121.67,9121.67,9121.67,9086.73,9086.73,9086.73,4.50884e+06,4.50884e+06,4.50884e+06,4.49686e+06,4.49686e+06,4.49686e+06,159499,159499,159499,159293,159293,159293,1.18332e+08,1.18332e+08,1.18332e+08,166.864,166.864,166.864,214.376,214.376,214.376
373,318564,318564,318564,9122.5,9122.5,9122.5,9087.56,9087.56,9087.56,4.50849e+06,4.50849e+06,4.50849e+06,4.49652e+06,4.49652e+06,4.49652e+06,159518,159518,159518,159313,159313,159313,1.18335e+08,1.18335e+08,1.18335e+08,166.885,166.885,166.885,214.403,214.403,214.403
374,318524,318524,318524,9123.16,9123.16,9123.16,9088.22,9088.22,9088.22,4.5081e+06,4.5081e+06,4.5081e+06,4.49613e+06,4.49613e+06,4.49613e+06,159536,159536,159536,159330,159330,159330,1.18339e+08,1.18339e+08,1.18339e+08,166.904,166.904,166.904,214.428,214.428,214.428
375,318480,318480,318480,9123.65,9123.65,9123.65,9088.71,9088.71,9088.71,4.50768e+06,4.50768e+06,4.50768e+06,4.49571e+06,4.49571e+06,4.49571e+06,159551,159551,159551,159345,159345,159345,1.18342e+08,1.18342e+08,1.18342e+08,166.92,166.92,166.92,214.449,214.449,214.449
376,318433,318433,318433,9123.96,9123.96,9123.96,9089.03,9089.03,9089.03,4.50724e+06,4.50724e+06,4.50724e+06,4.49527e+06,4.49527e+06,4.49527e+06,159563,159563,159563,159358,159358,159358,1.18345e+08,1.18345e+08,1.18345e+08,166.934,166.934,166.934,214.467,214.467,214.467
377,318384,318384,318384,9124.11,9124.11,9124.11,9089.18,9089.18,9089.18,4.50678e+06,4.50678e+06,4.50678e+06,4.4948e+06,4.4948e+06,4.4948e+06,159574,159574,159574,159368,159368,159368,1.18348e+08,1.18348e+08,1.18348e+08,166.946,166.946,166.946,214.482,214.482,214.482
378,318334,318334,318334,9124.09,9124.09,9124.09,9089.16,9089.16,9089.16,4.5063e+06,4.5063e+06,4.5063e+06,4.49433e+06,4.49433e+06,4.49433e+06,159581,159581,159581,159376,159376,159376,1.18351e+08,1.18351e+08,1.18351e+08,166.955,166.955,166.955,214.494,214.494,214.494
379,318283,318283,318283,9123.92,9123.92,9123.92,9088.99,9088.99,9088.99,4.50583e+06,4.50583e+06,4.50583e+06,4.49386e+06,4.49386e+06,4.49386e+06,159586,159586,159586,159381,159381,159381,1.18355e+08,1.18355e+08,1.18355e+08,166.961,166.961,166.961,214.502,214.502,214.502
380,318234,318234,318234,9123.6,9123.6,9123.6,9088.68,9088.68,9088.68,4.50536e+06,4.50536e+06,4.50536e+06,4.49339e+06,4.49339e+06,4.49339e+06,159589,159589,159589,159384,159384,159384,1.18358e+08,1.18358e+08,1.18358e+08,166.965,166.965,166.965,214.506,214.506,214.506
381,318186,318186,318186,9123.14,9123.14,9123.14,9088.22,9088.22,9088.22,4.5049e+06,4.5049e+06,4.5049e+06,4.49294e+06,4.49294e+06,4.49294e+06,159588,159588,159588,159383,159383,159383,1.18361e+08,1.18361e+08,1.18361e+08,166.965,166.965,166.965,214.507,214.507,214.507
382,318140,318140,318140,9122.56,9122.56,9122.56,9087.65,9087.65,9087.65,4.50447e+06,4.50447e+06,4.50447e+06,4.4925e+06,4.4925e+06,4.4925e+06,159585,159585,159585,159381,159381,159381,1.18364e+08,1.18364e+08,1.18364e+08,166.963,166.963,166.963,214.505,214.505,214.505
383,318099,318099,318099,9121.87,9121.87,9121.87,9086.97,9086.97,9086.97,4.50406e+06,4.50406e+06,4.50406e+06,4.4921e+06,4.4921e+06,4.4921e+06,159580,159580,159580,159375,159375,159375,1.18367e+08,1.18367e+08,1.18367e+08,166.958,166.958,166.958,214.499,214.499,214.499
384,318061,318061,318061,9121.1,9121.1,9121.1,9086.2,9086.2,9086.2,4.50369e+06,4.50369e+06,4.50369e+06,4.49173e+06,4.49173e+06,4.49173e+06,159572,159572,159572,159367,159367,159367,1.1837e+08,1.1837e+08,1.1837e+08,166.951,166.951,166.951,214.489,214.489,214.489
385,318028,318028,318028,9120.25,9120.25,9120.25,9085.36,9085.36,9085.36,4.50336e+06,4.50336e+06,4.50336e+06,4.4914e+06,4.4914e+06,4.4914e+06,159562,159562,159562,159357,159357,159357,1.18373e+08,1.18373e+08,1.18373e+08,166.941,166.941,166.941,214.477,214.477,214.477
386,318002,318002,318002,9119.35,9119.35,9119.35,9084.46,9084.46,9084.46,4.50308e+06,4.50308e+06,4.50308e+06,4.49112e+06,4.49112e+06,4.49112e+06,159550,159550,159550,159345,159345,159345,1.18376e+08,1.18376e+08,1.18376e+08,166.93,166.93,166.93,214.462,214.462,214.462
387,317981,317981,317981,9118.41,9118.41,9118.41,9083.53,9083.53,9083.53,4.50285e+06,4.50285e+06,4.50285e+06,4.49089e+06,4.49089e+06,4.49089e+06,159536,159536,159536,159332,159332,159332,1.18378e+08,1.18378e+08,1.18378e+08,166.916,166.916,166.916,214.444,214.444,214.444
388,317968,317968,317968,9117.47,9117.47,9117.47,9082.59,9082.59,9082.59,4.50267e+06,4.50267e+06,4.50267e+06,4.49072e+06,4.49072e+06,4.49072e+06,159521,159521,159521,159316,159316,159316,1.18381e+08,1.18381e+08,1.18381e+08,166.901,166.901,166.901,214.424,214.424,214.424
389,317961,317961,317961,9116.52,9116.52,9116.52,9081.65,9081.65,9081.65,4.50256e+06,4.50256e+06,4.50256e+06,4.4906e+06,4.4906e+06,4.4906e+06,159504,159504,159504,159299,159299,159299,1.18383e+08,1.18383e+08,1.18383e+08,166.884,166.884,166.884,214.403,214.403,214.403
390,317962,317962,317962,9115.61,9115.61,9115.61,9080.74,9080.74,9080.74,4.50251e+06,4.50251e+06,4.50251e+06,4.49055e+06,4.49055e+06,4.49055e+06,159486,159486,159486,159282,159282,159282,1.18385e+08,1.18385e+08,1.18385e+08,166.866,166.866,166.866,214.38,214.38,214.38
391,317971,317971,317971,9114.74,9114.74,9114.74,9079.88,9079.88,9079.88,4.50252e+06,4.50252e+06,4.50252e+06,4.49057e+06,4.49057e+06,4.49057e+06,159468,159468,159468,159263,159263,159263,1.18387e+08,1.18387e+08,1.18387e+08,166.847,166.847,166.847,214.355,214.355,214.355
392,317988,317988,317988,9113.94,9113.94,9113.94,9079.08,9079.08,9079.08,4.5026e+06,4.5026e+06,4.5026e+06,4.49065e+06,4.49065e+06,4.49065e+06,159449,159449,159449,159244,159244,159244,1.18389e+08,1.18389e+08,1.18389e+08,166.828,166.828,166.828,214.331,214.331,214.331
393,318013,318013,318013,9113.22,9113.22,9113.22,9078.36,9078.36,9078.36,4.50274e+06,4.50274e+06,4.50274e+06,4.49079e+06,4.49079e+06,4.49079e+06,159430,159430,159430,159225,159225,159225,1.18391e+08,1.18391e+08,1.18391e+08,166.808,166.808,166.808,214.305,214.305,214.305
394,318045,318045,318045,9112.6,9112.6,9112.6,9077.74,9077.74,9077.74,4.50294e+06,4.50294e+06,4.50294e+06,4.49099e+06,4.49099e+06,4.49099e+06,159412,159412,159412,159207,159207,159207,1.18392e+08,1.18392e+08,1.18392e+08,166.789,166.789,166.789,214.28,214.28,214.28
395,318084,318084,318084,9112.1,9112.1,9112.1,9077.23,9077.23,9077.23,4.50321e+06,4.50321e+06,4.50321e+06,4.49126e+06,4.49126e+06,4.49126e+06,159393,159393,159393,159188,159188,159188,1.18393e+08,1.18393e+08,1.18393e+08,166.77,166.77,166.77,214.256,214.256,214.256
396,318131,318131,318131,9111.72,9111.72,9111.72,9076.86,9076.86,9076.86,4.50353e+06,4.50353e+06,4.50353e+06,4.49158e+06,4.49158e+06,4.49158e+06,159376,159376,159376,159171,159171,159171,1.18395e+08,1.18395e+08,1.18395e+08,166.752,166.752,166.752,214.233,214.233,214.233
397,318184,318184,318184,9111.48,9111.48,9111.48,9076.61,9076.61,9076.61,4.50391e+06,4.50391e+06,4.50391e+06,4.49196e+06,4.49196e+06,4.49196e+06,159360,159360,159360,159155,159155,159155,1.18396e+08,1.18396e+08,1.18396e+08,166.735,166.735,166.735,214.211,214.211,214.211
398,318242,318242,318242,9111.39,9111.39,9111.39,9076.52,9076.52,9076.52,4.50434e+06,4.50434e+06,4.50434e+06,4.49239e+06,4.49239e+06,4.49239e+06,159345,159345,159345,159140,159140,159140,1.18397e+08,1.18397e+08,1.18397e+08,166.719,166.719,166.719,214.191,214.191,214.191
399,318306,318306,318306,9111.46,9111.46,9111.46,9076.58,9076.58,9076.58,4.50481e+06,4.50481e+06,4.50481e+06,4.49286e+06,4.49286e+06,4.49286e+06,159332,159332,159332,159127,159127,159127,1.18397e+08,1.18397e+08,1.18397e+08,166.706,166.706,166.706,214.173,214.173,214.173
400,318375,318375,318375,9111.68,9111.68,9111.68,9076.8,9076.8,9076.8,4.50532e+06,4.50532e+06,4.50532e+06,4.49337e+06,4.49337e+06,4.49337e+06,159321,159321,159321,159115,159115,159115,1.18398e+08,1.18398e+08,1.18398e+08,166.694,166.694,166.694,214.158,214.158,214.158
401,318447,318447,318447,9112.07,9112.07,9112.07,9077.18,9077.18,9077.18,4.50586e+06,4.50586e+06,4.50586e+06,4.49391e+06,4.49391e+06,4.49391e+06,159312,159312,159312,159106,159106,159106,1.18399e+08,1.18399e+08,1.18399e+08,166.684,166.684,166.684,214.145,214.145,214.145
402,318522,318522,318522,9112.62,9112.62,9112.62,9077.73,9077.73,9077.73,4.50643e+06,4.50643e+06,4.50643e+06,4.49448e+06,4.49448e+06,4.49448e+06,159305,159305,159305,159099,159099,159099,1.18399e+08,1.18399e+08,1.18399e+08,166.676,166.676,166.676,214.135,214.135,214.135
403,318599,318599,318599,9113.32,9113.32,9113.32,9078.43,9078.43,9078.43,4.50701e+06,4.50701e+06,4.50701e+06,4.49506e+06,4.49506e+06,4.49506e+06,159300,159300,159300,159094,159094,159094,1.184e+08,1.184e+08,1.184e+08,166.671,166.671,166.671,214.128,214.128,214.128
404,318676,318676,318676,9114.19,9114.19,9114.19,9079.28,9079.28,9079.28,4.50761e+06,4.50761e+06,4.50761e+06,4.49565e+06,4.49565e+06,4.49565e+06,159298,159298,159298,159092,159092,159092,1.184e+08,1.184e+08,1.184e+08,166.669,166.669,166.669,214.125,214.125,214.125
405,318754,318754,318754,9115.19,9115.19,9115.19,9080.28,9080.28,9080.28,4.5082e+06,4.5082e+06,4.5082e+06,4.49624e+06,4.49624e+06,4.49624e+06,159299,159299,159299,159093,159093,159093,1.184e+08,1.184e+08,1.184e+08,166.669,166.669,166.669,214.125,214.125,214.125
406,318830,318830,318830,9116.34,9116.34,9116.34,9081.42,9081.42,9081.42,4.50879e+06,4.50879e+06,4.50879e+06,4.49683e+06,4.49683e+06,4.49683e+06,159302,159302,159302,159096,159096,159096,1.18401e+08,1.18401e+08,1.18401e+08,166.672,166.672,166.672,214.129,214.129,214.129
407,318905,318905,318905,9117.61,9117.61,9117.61,9082.68,9082.68,9082.68,4.50936e+06,4.50936e+06,4.50936e+06,4.4974e+06,4.4974e+06,4.4974e+06,159307,159307,159307,159102,159102,159102,1.18401e+08,1.18401e+08,1.18401e+08,166.677,166.677,166.677,214.136,214.136,214.136
408,318977,318977,318977,9119,9119,9119,9084.05,9084.05,9084.05,4.50991e+06,4.50991e+06,4.50991e+06,4.49795e+06,4.49795e+06,4.49795e+06,159316,159316,159316,159110,159110,159110,1.18401e+08,1.18401e+08,1.18401e+08,166.686,166.686,166.686,214.147,214.147,214.147
409,319044,319044,319044,9120.48,9120.48,9120.48,9085.52,9085.52,9085.52,4.51043e+06,4.51043e+06,4.51043e+06,4.49846e+06,4.49846e+06,4.49846e+06,159326,159326,159326,159120,159120,159120,1.18402e+08,1.18402e+08,1.18402e+08,166.697,166.697,166.697,214.16,214.16,214.16
410,319108,319108,319108,9122.04,9122.04,9122.04,9087.07,9087.07,9087.07,4.51092e+06,4.51092e+06,4.51092e+06,4.49895e+06,4.49895e+06,4.49895e+06,159340,159340,159340,159133,159133,159133,1.18402e+08,1.18402e+08,1.18402e+08,166.71,166.71,166.71,214.177,214.177,214.177
411,319165,319165,319165,9123.66,9123.66,9123.66,9088.69,9088.69,9088.69,4.51136e+06,4.51136e+06,4.51136e+06,4.49939e+06,4.49939e+06,4.49939e+06,159355,159355,159355,159149,159149,159149,1.18402e+08,1.18402e+08,1.18402e+08,166.725,166.725,166.725,214.197,214.197,214.197
412,319217,319217,319217,9125.32,9125.32,9125.32,9090.34,9090.34,9090.34,4.51175e+06,4.51175e+06,4.51175e+06,4.49978e+06,4.49978e+06,4.49978e+06,159372,159372,159372,159166,159166,159166,1.18403e+08,1.18403e+08,1.18403e+08,166.743,166.743,166.743,214.22,214.22,214.22
413,319261,319261,319261,9127,9127,9127,9092.01,9092.01,9092.01,4.51209e+06,4.51209e+06,4.51209e+06,4.50011e+06,4.50011e+06,4.50011e+06,159391,159391,159391,159185,159185,159185,1.18403e+08,1.18403e+08,1.18403e+08,166.763,166.763,166.763,214.245,214.245,214.245
414,319298,319298,319298,9128.69,9128.69,9128.69,9093.69,9093.69,9093.69,4.51237e+06,4.51237e+06,4.51237e+06,4.50039e+06,4.50039e+06,4.50039e+06,159412,159412,159412,159205,159205,159205,1.18404e+08,1.18404e+08,1.18404e+08,166.784,166.784,166.784,214.273,214.273,214.273
415,319328,319328,319328,9130.35,9130.35,9130.35,9095.34,9095.34,9095.34,4.51259e+06,4.51259e+06,4.51259e+06,4.50061e+06,4.50061e+06,4.50061e+06,159433,159433,159433,159227,159227,159227,1.18405e+08,1.18405e+08,1.18405e+08,166.807,166.807,166.807,214.302,214.302,214.302
416,319349,319349,319349,9131.97,9131.97,9131.97,9096.96,9096.96,9096.96,4.51275e+06,4.51275e+06,4.51275e+06,4.50076e+06,4.50076e+06,4.50076e+06,159456,159456,159456,159250,159250,159250,1.18405e+08,1.18405e+08,1.18405e+08,166.83,166.83,166.83,214.332,214.332,214.332
417,319361,319361,319361,9133.53,9133.53,9133.53,9098.51,9098.51,9098.51,4.51283e+06,4.51283e+06,4.51283e+06,4.50085e+06,4.50085e+06,4.50085e+06,159479,159479,159479,159273,159273,159273,1.18406e+08,1.18406e+08,1.18406e+08,166.855,166.855,166.855,214.364,214.364,214.364
418,319366,319366,319366,9135.01,9135.01,9135.01,9099.98,9099.98,9099.98,4.51285e+06,4.51285e+06,4.51285e+06,4.50087e+06,4.50087e+06,4.50087e+06,159503,159503,159503,159297,159297,159297,1.18407e+08,1.18407e+08,1.18407e+08,166.88,166.88,166.88,214.396,214.396,214.396
419,319361,319361,319361,9136.38,9136.38,9136.38,9101.35,9101.35,9101.35,4.51281e+06,4.51281e+06,4.51281e+06,4.50082e+06,4.50082e+06,4.50082e+06,159527,159527,159527,159321,159321,159321,1.18408e+08,1.18408e+08,1.18408e+08,166.904,166.904,166.904,214.428,214.428,214.428
420,319349,319349,319349,9137.64,9137.64,9137.64,9102.61,9102.61,9102.61,4.5127e+06,4.5127e+06,4.5127e+06,4.50071e+06,4.50071e+06,4.50071e+06,159550,159550,159550,159344,159344,159344,1.18409e+08,1.18409e+08,1.18409e+08,166.929,166.929,166.929,214.459,214.459,214.459
421,319328,319328,319328,9138.76,9138.76,9138.76,9103.73,9103.73,9103.73,4.51252e+06,4.51252e+06,4.51252e+06,4.50053e+06,4.50053e+06,4.50053e+06,159573,159573,159573,159367,159367,159367,1.18411e+08,1.18411e+08,1.18411e+08,166.953,166.953,166.953,214.49,214.49,214.49
422,319300,319300,319300,9139.74,9139.74,9139.74,9104.7,9104.7,9104.7,4.51228e+06,4.51228e+06,4.51228e+06,4.50029e+06,4.50029e+06,4.50029e+06,159595,159595,159595,159389,159389,159389,1.18412e+08,1.18412e+08,1.18412e+08,166.976,166.976,166.976,214.52,214.52,214.52
423,319264,319264,319264,9140.55,9140.55,9140.55,9105.51,9105.51,9105.51,4.51199e+06,4.51199e+06,4.51199e+06,4.5e+06,4.5e+06,4.5e+06,159616,159616,159616,159410,159410,159410,1.18413e+08,1.18413e+08,1.18413e+08,166.998,166.998,166.998,214.549,214.549,214.549
424,319222,319222,319222,9141.2,9141.2,9141.2,9106.16,9106.16,9106.16,4.51164e+06,4.51164e+06,4.51164e+06,4.49965e+06,4.49965e+06,4.49965e+06,159635,159635,159635,159429,159429,159429,1.18415e+08,1.18415e+08,1.18415e+08,167.019,167.019,167.019,214.575,214.575,214.575
425,319174,319174,319174,9141.66,9141.66,9141.66,9106.63,9106.63,9106.63,4.51125e+06,4.51125e+06,4.51125e+06,4.49926e+06,4.49926e+06,4.49926e+06,159652,159652,159652,159447,159447,159447,1.18416e+08,1.18416e+08,1.18416e+08,167.038,167.038,167.038,214.599,214.599,214.599
426,319120,319120,319120,9141.94,9141.94,9141.94,9106.91,9106.91,9106.91,4.51082e+06,4.51082e+06,4.51082e+06,4.49883e+06,4.49883e+06,4.49883e+06,159668,159668,159668,159462,159462,159462,1.18418e+08,1.18418e+08,1.18418e+08,167.054,167.054,167.054,214.621,214.621,214.621
427,319062,319062,319062,9142.04,9142.04,9142.04,9107.01,9107.01,9107.01,4.51035e+06,4.51035e+06,4.51035e+06,4.49836e+06,4.49836e+06,4.49836e+06,159681,159681,159681,159475,159475,159475,1.18419e+08,1.18419e+08,1.18419e+08,167.068,167.068,167.068,214.639,214.639,214.639
428,319000,319000,319000,9141.95,9141.95,9141.95,9106.92,9106.92,9106.92,4.50985e+06,4.50985e+06,4.50985e+06,4.49786e+06,4.49786e+06,4.49786e+06,159692,159692,159692,159486,159486,159486,1.18421e+08,1.18421e+08,1.18421e+08,167.08,167.08,167.08,214.655,214.655,214.655
429,318936,318936,318936,9141.67,9141.67,9141.67,9106.65,9106.65,9106.65,4.50933e+06,4.50933e+06,4.50933e+06,4.49734e+06,4.49734e+06,4.49734e+06,159700,159700,159700,159495,159495,159495,1.18422e+08,1.18422e+08,1.18422e+08,167.09,167.09,167.09,214.667,214.667,214.667
430,318870,318870,318870,9141.22,9141.22,9141.22,9106.21,9106.21,9106.21,4.5088e+06,4.5088e+06,4.5088e+06,4.49682e+06,4.49682e+06,4.49682e+06,159706,159706,159706,159500,159500,159500,1.18423e+08,1.18423e+08,1.18423e+08,167.096,167.096,167.096,214.675,214.675,214.675
431,318803,318803,318803,9140.59,9140.59,9140.59,9105.59,9105.59,9105.59,4.50827e+06,4.50827e+06,4.50827e+06,4.49628e+06,4.49628e+06,4.49628e+06,159709,159709,159709,159503,159503,159503,1.18425e+08,1.18425e+08,1.18425e+08,167.1,167.1,167.1,214.68,214.68,214.68
432,318736,318736,318736,9139.8,9139.8,9139.8,9104.81,9104.81,9104.81,4.50774e+06,4.50774e+06,4.50774e+06,4.49575e+06,4.49575e+06,4.49575e+06,159709,159709,159709,159504,159504,159504,1.18426e+08,1.18426e+08,1.18426e+08,167.101,167.101,167.101,214.681,214.681,214.681
433,318670,318670,318670,9138.86,9138.86,9138.86,9103.88,9103.88,9103.88,4.50722e+06,4.50722e+06,4.50722e+06,4.49523e+06,4.49523e+06,4.49523e+06,159706,159706,159706,159501,159501,159501,1.18427e+08,1.18427e+08,1.18427e+08,167.099,167.099,167.099,214.679,214.679,214.679
434,318607,318607,318607,9137.79,9137.79,9137.79,9102.81,9102.81,9102.81,4.50671e+06,4.50671e+06,4.50671e+06,4.49473e+06,4.49473e+06,4.49473e+06,159701,159701,159701,159496,159496,159496,1.18429e+08,1.18429e+08,1.18429e+08,167.094,167.094,167.094,214.673,214.673,214.673
435,318546,318546,318546,9136.59,9136.59,9136.59,9101.62,9101.62,9101.62,4.50624e+06,4.50624e+06,4.50624e+06,4.49426e+06,4.49426e+06,4.49426e+06,159693,159693,159693,159489,159489,159489,1.1843e+08,1.1843e+08,1.1843e+08,167.087,167.087,167.087,214.663,214.663,214.663
436,318489,318489,318489,9135.28,9135.28,9135.28,9100.32,9100.32,9100.32,4.5058e+06,4.5058e+06,4.5058e+06,4.49382e+06,4.49382e+06,4.49382e+06,159683,159683,159683,159478,159478,159478,1.1843e+08,1.1843e+08,1.1843e+08,167.076,167.076,167.076,214.651,214.651,214.651
437,318436,318436,318436,9133.89,9133.89,9133.89,9098.94,9098.94,9098.94,4.50539e+06,4.50539e+06,4.50539e+06,4.49342e+06,4.49342e+06,4.49342e+06,159671,159671,159671,159466,159466,159466,1.18431e+08,1.18431e+08,1.18431e+08,167.064,167.064,167.064,214.634,214.634,214.634
438,318389,318389,318389,9132.43,9132.43,9132.43,9097.49,9097.49,9097.49,4.50503e+06,4.50503e+06,4.50503e+06,4.49306e+06,4.49306e+06,4.49306e+06,159656,159656,159656,159451,159451,159451,1.18432e+08,1.18432e+08,1.18432e+08,167.049,167.049,167.049,214.615,214.615,214.615
439,318347,318347,318347,9130.92,9130.92,9130.92,9095.98,9095.98,9095.98,4.50472e+06,4.50472e+06,4.50472e+06,4.49275e+06,4.49275e+06,4.49275e+06,159640,159640,159640,159435,159435,159435,1.18432e+08,1.18432e+08,1.18432e+08,167.032,167.032,167.032,214.594,214.594,214.594
440,318312,318312,318312,9129.38,9129.38,9129.38,9094.45,9094.45,9094.45,4.50447e+06,4.50447e+06,4.50447e+06,4.4925e+06,4.4925e+06,4.4925e+06,159622,159622,159622,159417,159417,159417,1.18432e+08,1.18432e+08,1.18432e+08,167.014,167.014,167.014,214.57,214.57,214.57
441,318284,318284,318284,9127.84,9127.84,9127.84,9092.92,9092.92,9092.92,4.50427e+06,4.50427e+06,4.50427e+06,4.49231e+06,4.49231e+06,4.49231e+06,159602,159602,159602,159397,159397,159397,1.18432e+08,1.18432e+08,1.18432e+08,166.993,166.993,166.993,214.544,214.544,214.544
442,318263,318263,318263,9126.31,9126.31,9126.31,9091.39,9091.39,9091.39,4.50413e+06,4.50413e+06,4.50413e+06,4.49217e+06,4.49217e+06,4.49217e+06,159581,159581,159581,159377,159377,159377,1.18432e+08,1.18432e+08,1.18432e+08,166.972,166.972,166.972,214.516,214.516,214.516
443,318249,318249,318249,9124.8,9124.8,9124.8,9089.89,9089.89,9089.89,4.50406e+06,4.50406e+06,4.50406e+06,4.4921e+06,4.4921e+06,4.4921e+06,159560,159560,159560,159355,159355,159355,1.18432e+08,1.18432e+08,1.18432e+08,166.949,166.949,166.949,214.487,214.487,214.487
444,318242,318242,318242,9123.35,9123.35,9123.35,9088.45,9088.45,9088.45,4.50405e+06,4.50405e+06,4.50405e+06,4.49209e+06,4.49209e+06,4.49209e+06,159538,159538,159538,159333,159333,159333,1.18431e+08,1.18431e+08,1.18431e+08,166.926,166.926,166.926,214.458,214.458,214.458
445,318243,318243,318243,9121.97,9121.97,9121.97,9087.07,9087.07,9087.07,4.5041e+06,4.5041e+06,4.5041e+06,4.49214e+06,4.49214e+06,4.49214e+06,159515,159515,159515,159311,159311,159311,1.1843e+08,1.1843e+08,1.1843e+08,166.903,166.903,166.903,214.428,214.428,214.428
446,318251,318251,318251,9120.67,9120.67,9120.67,9085.77,9085.77,9085.77,4.50421e+06,4.50421e+06,4.50421e+06,4.49225e+06,4.49225e+06,4.49225e+06,159493,159493,159493,159288,159288,159288,1.18429e+08,1.18429e+08,1.18429e+08,166.88,166.88,166.88,214.397,214.397,214.397
447,318266,318266,318266,9119.46,9119.46,9119.46,9084.57,9084.57,9084.57,4.50438e+06,4.50438e+06,4.50438e+06,4.49242e+06,4.49242e+06,4.49242e+06,159471,159471,159471,159266,159266,159266,1.18428e+08,1.18428e+08,1.18428e+08,166.857,166.857,166.857,214.368,214.368,214.368
448,318288,318288,318288,9118.37,9118.37,9118.37,9083.48,9083.48,9083.48,4.50461e+06,4.50461e+06,4.50461e+06,4.49266e+06,4.49266e+06,4.49266e+06,159450,159450,159450,159245,159245,159245,1.18427e+08,1.18427e+08,1.18427e+08,166.834,166.834,166.834,214.339,214.339,214.339
449,318316,318316,318316,9117.4,9117.4,9117.4,9082.52,9082.52,9082.52,4.5049e+06,4.5049e+06,4.5049e+06,4.49294e+06,4.49294e+06,4.49294e+06,159430,159430,159430,159225,159225,159225,1.18425e+08,1.18425e+08,1.18425e+08,166.812,166.812,166.812,214.311,214.311,214.311
450,318350,318350,318350,9116.57,9116.57,9116.57,9081.69,9081.69,9081.69,4.50523e+06,4.50523e+06,4.50523e+06,4.49327e+06,4.49327e+06,4.49327e+06,159411,159411,159411,159206,159206,159206,1.18424e+08,1.18424e+08,1.18424e+08,166.792,166.792,166.792,214.285,214.285,214.285
451,318389,318389,318389,9115.88,9115.88,9115.88,9081,9081,9081,4.50561e+06,4.50561e+06,4.50561e+06,4.49365e+06,4.49365e+06,4.49365e+06,159393,159393,159393,159188,159188,159188,1.18422e+08,1.18422e+08,1.18422e+08,166.773,166.773,166.773,214.26,214.26,214.26
452,318432,318432,318432,9115.35,9115.35,9115.35,9080.46,9080.46,9080.46,4.50603e+06,4.50603e+06,4.50603e+06,4.49407e+06,4.49407e+06,4.49407e+06,159378,159378,159378,159172,159172,159172,1.1842e+08,1.1842e+08,1.1842e+08,166.756,166.756,166.756,214.238,214.238,214.238
453,318479,318479,318479,9114.97,9114.97,9114.97,9080.08,9080.08,9080.08,4.50648e+06,4.50648e+06,4.50648e+06,4.49452e+06,4.49452e+06,4.49452e+06,159364,159364,159364,159159,159159,159159,1.18418e+08,1.18418e+08,1.18418e+08,166.741,166.741,166.741,214.219,214.219,214.219
454,318529,318529,318529,9114.74,9114.74,9114.74,9079.85,9079.85,9079.85,4.50695e+06,4.50695e+06,4.50695e+06,4.49499e+06,4.49499e+06,4.49499e+06,159352,159352,159352,159147,159147,159147,1.18415e+08,1.18415e+08,1.18415e+08,166.728,166.728,166.728,214.202,214.202,214.202
455,318581,318581,318581,9114.67,9114.67,9114.67,9079.77,9079.77,9079.77,4.50744e+06,4.50744e+06,4.50744e+06,4.49549e+06,4.49549e+06,4.49549e+06,159343,159343,159343,159138,159138,159138,1.18413e+08,1.18413e+08,1.18413e+08,166.718,166.718,166.718,214.189,214.189,214.189
456,318634,318634,318634,9114.75,9114.75,9114.75,9079.85,9079.85,9079.85,4.50795e+06,4.50795e+06,4.50795e+06,4.49599e+06,4.49599e+06,4.49599e+06,159336,159336,159336,159131,159131,159131,1.18411e+08,1.18411e+08,1.18411e+08,166.71,166.71,166.71,214.178,214.178,214.178
457,318686,318686,318686,9114.97,9114.97,9114.97,9080.06,9080.06,9080.06,4.50845e+06,4.50845e+06,4.50845e+06,4.49649e+06,4.49649e+06,4.49649e+06,159332,159332,159332,159127,159127,159127,1.18408e+08,1.18408e+08,1.18408e+08,166.705,166.705,166.705,214.172,214.172,214.172
458,318738,318738,318738,9115.32,9115.32,9115.32,9080.41,9080.41,9080.41,4.50896e+06,4.50896e+06,4.50896e+06,4.49699e+06,4.49699e+06,4.49699e+06,159330,159330,159330,159125,159125,159125,1.18406e+08,1.18406e+08,1.18406e+08,166.702,166.702,166.702,214.168,214.168,214.168
459,318788,318788,318788,9115.8,9115.8,9115.8,9080.89,9080.89,9080.89,4.50944e+06,4.50944e+06,4.50944e+06,4.49748e+06,4.49748e+06,4.49748e+06,159331,159331,159331,159126,159126,159126,1.18404e+08,1.18404e+08,1.18404e+08,166.702,166.702,166.702,214.168,214.168,214.168
460,318835,318835,318835,9116.39,9116.39,9116.39,9081.47,9081.47,9081.47,4.50991e+06,4.50991e+06,4.50991e+06,4.49795e+06,4.49795e+06,4.49795e+06,159335,159335,159335,159129,159129,159129,1.18401e+08,1.18401e+08,1.18401e+08,166.705,166.705,166.705,214.171,214.171,214.171
461,318878,318878,318878,9117.07,9117.07,9117.07,9082.15,9082.15,9082.15,4.51035e+06,4.51035e+06,4.51035e+06,4.49839e+06,4.49839e+06,4.49839e+06,159340,159340,159340,159135,159135,159135,1.18399e+08,1.18399e+08,1.18399e+08,166.71,166.71,166.71,214.178,214.178,214.178
462,318917,318917,318917,9117.84,9117.84,9117.84,9082.9,9082.9,9082.9,4.51076e+06,4.51076e+06,4.51076e+06,4.49879e+06,4.49879e+06,4.49879e+06,159349,159349,159349,159143,159143,159143,1.18396e+08,1.18396e+08,1.18396e+08,166.718,166.718,166.718,214.188,214.188,214.188
463,318951,318951,318951,9118.66,9118.66,9118.66,9083.72,9083.72,9083.72,4.51113e+06,4.51113e+06,4.51113e+06,4.49916e+06,4.49916e+06,4.49916e+06,159359,159359,159359,159153,159153,159153,1.18394e+08,1.18394e+08,1.18394e+08,166.727,166.727,166.727,214.2,214.2,214.2
464,318978,318978,318978,9119.53,9119.53,9119.53,9084.59,9084.59,9084.59,4.51145e+06,4.51145e+06,4.51145e+06,4.49947e+06,4.49947e+06,4.49947e+06,159371,159371,159371,159165,159165,159165,1.18392e+08,1.18392e+08,1.18392e+08,166.739,166.739,166.739,214.216,214.216,214.216
465,318999,318999,318999,9120.43,9120.43,9120.43,9085.48,9085.48,9085.48,4.51171e+06,4.51171e+06,4.51171e+06,4.49974e+06,4.49974e+06,4.49974e+06,159385,159385,159385,159179,159179,159179,1.1839e+08,1.1839e+08,1.1839e+08,166.753,166.753,166.753,214.234,214.234,214.234
466,319013,319013,319013,9121.33,9121.33,9121.33,9086.37,9086.37,9086.37,4.51193e+06,4.51193e+06,4.51193e+06,4.49995e+06,4.49995e+06,4.49995e+06,159401,159401,159401,159195,159195,159195,1.18388e+08,1.18388e+08,1.18388e+08,166.769,166.769,166.769,214.254,214.254,214.254
467,319019,319019,319019,9122.21,9122.21,9122.21,9087.25,9087.25,9087.25,4.51208e+06,4.51208e+06,4.51208e+06,4.5001e+06,4.5001e+06,4.5001e+06,159418,159418,159418,159212,159212,159212,1.18386e+08,1.18386e+08,1.18386e+08,166.786,166.786,166.786,214.276,214.276,214.276
468,319017,319017,319017,9123.06,9123.06,9123.06,9088.1,9088.1,9088.1,4.51217e+06,4.51217e+06,4.51217e+06,4.50019e+06,4.50019e+06,4.50019e+06,159436,159436,159436,159230,159230,159230,1.18385e+08,1.18385e+08,1.18385e+08,166.804,166.804,166.804,214.299,214.299,214.299
469,319008,319008,319008,9123.85,9123.85,9123.85,9088.89,9088.89,9088.89,4.5122e+06,4.5122e+06,4.5122e+06,4.50022e+06,4.50022e+06,4.50022e+06,159455,159455,159455,159249,159249,159249,1.18383e+08,1.18383e+08,1.18383e+08,166.823,166.823,166.823,214.324,214.324,214.324
470,318989,318989,318989,9124.57,9124.57,9124.57,9089.6,9089.6,9089.6,4.51216e+06,4.51216e+06,4.51216e+06,4.50018e+06,4.50018e+06,4.50018e+06,159474,159474,159474,159268,159268,159268,1.18382e+08,1.18382e+08,1.18382e+08,166.843,166.843,166.843,214.349,214.349,214.349
471,318963,318963,318963,9125.19,9125.19,9125.19,9090.22,9090.22,9090.22,4.51205e+06,4.51205e+06,4.51205e+06,4.50007e+06,4.50007e+06,4.50007e+06,159493,159493,159493,159287,159287,159287,1.18381e+08,1.18381e+08,1.18381e+08,166.863,166.863,166.863,214.374,214.374,214.374
472,318929,318929,318929,9125.7,9125.7,9125.7,9090.73,9090.73,9090.73,4.51189e+06,4.51189e+06,4.51189e+06,4.49991e+06,4.49991e+06,4.49991e+06,159512,159512,159512,159307,159307,159307,1.1838e+08,1.1838e+08,1.1838e+08,166.882,166.882,166.882,214.4,214.4,214.4
473,318887,318887,318887,9126.09,9126.09,9126.09,9091.12,9091.12,9091.12,4.51166e+06,4.51166e+06,4.51166e+06,4.49968e+06,4.49968e+06,4.49968e+06,159531,159531,159531,159325,159325,159325,1.18379e+08,1.18379e+08,1.18379e+08,166.901,166.901,166.901,214.424,214.424,214.424
474,318837,318837,318837,9126.33,9126.33,9126.33,9091.37,9091.37,9091.37,4.51137e+06,4.51137e+06,4.51137e+06,4.49939e+06,4.49939e+06,4.49939e+06,159549,159549,159549,159343,159343,159343,1.18378e+08,1.18378e+08,1.18378e+08,166.92,166.92,166.92,214.448,214.448,214.448
475,318781,318781,318781,9126.43,9126.43,9126.43,9091.46,9091.46,9091.46,4.51103e+06,4.51103e+06,4.51103e+06,4.49905e+06,4.49905e+06,4.49905e+06,159565,159565,159565,159360,159360,159360,1.18378e+08,1.18378e+08,1.18378e+08,166.937,166.937,166.937,214.47,214.47,214.47
476,318718,318718,318718,9126.36,9126.36,9126.36,9091.4,9091.4,9091.4,4.51064e+06,4.51064e+06,4.51064e+06,4.49866e+06,4.49866e+06,4.49866e+06,159580,159580,159580,159375,159375,159375,1.18377e+08,1.18377e+08,1.18377e+08,166.953,166.953,166.953,214.49,214.49,214.49
477,318650,318650,318650,9126.13,9126.13,9126.13,9091.17,9091.17,9091.17,4.51021e+06,4.51021e+06,4.51021e+06,4.49823e+06,4.49823e+06,4.49823e+06,159594,159594,159594,159388,159388,159388,1.18377e+08,1.18377e+08,1.18377e+08,166.967,166.967,166.967,214.509,214.509,214.509
478,318576,318576,318576,9125.72,9125.72,9125.72,9090.77,9090.77,9090.77,4.50974e+06,4.50974e+06,4.50974e+06,4.49775e+06,4.49775e+06,4.49775e+06,159606,159606,159606,159400,159400,159400,1.18377e+08,1.18377e+08,1.18377e+08,166.979,166.979,166.979,214.524,214.524,214.524
479,318499,318499,318499,9125.14,9125.14,9125.14,9090.2,9090.2,9090.2,4.50923e+06,4.50923e+06,4.50923e+06,4.49725e+06,4.49725e+06,4.49725e+06,159615,159615,159615,159410,159410,159410,1.18377e+08,1.18377e+08,1.18377e+08,166.989,166.989,166.989,214.537,214.537,214.537
480,318418,318418,318418,9124.38,9124.38,9124.38,9089.45,9089.45,9089.45,4.5087e+06,4.5087e+06,4.5087e+06,4.49672e+06,4.49672e+06,4.49672e+06,159622,159622,159622,159417,159417,159417,1.18377e+08,1.18377e+08,1.18377e+08,166.997,166.997,166.997,214.547,214.547,214.547
481,318335,318335,318335,9123.45,9123.45,9123.45,9088.53,9088.53,9088.53,4.50816e+06,4.50816e+06,4.50816e+06,4.49618e+06,4.49618e+06,4.49618e+06,159627,159627,159627,159422,159422,159422,1.18377e+08,1.18377e+08,1.18377e+08,167.002,167.002,167.002,214.554,214.554,214.554
482,318250,318250,318250,9122.36,9122.36,9122.36,9087.44,9087.44,9087.44,4.5076e+06,4.5076e+06,4.5076e+06,4.49562e+06,4.49562e+06,4.49562e+06,159630,159630,159630,159425,159425,159425,1.18378e+08,1.18378e+08,1.18378e+08,167.004,167.004,167.004,214.558,214.558,214.558
483,318166,318166,318166,9121.1,9121.1,9121.1,9086.2,9086.2,9086.2,4.50704e+06,4.50704e+06,4.50704e+06,4.49507e+06,4.49507e+06,4.49507e+06,159630,159630,159630,159425,159425,159425,1.18378e+08,1.18378e+08,1.18378e+08,167.004,167.004,167.004,214.558,214.558,214.558
484,318081,318081,318081,9119.7,9119.7,9119.7,9084.8,9084.8,9084.8,4.50649e+06,4.50649e+06,4.50649e+06,4.49452e+06,4.49452e+06,4.49452e+06,159627,159627,159627,159422,159422,159422,1.18379e+08,1.18379e+08,1.18379e+08,167.002,167.002,167.002,214.554,214.554,214.554
485,317999,317999,317999,9118.16,9118.16,9118.16,9083.27,9083.27,9083.27,4.50596e+06,4.50596e+06,4.50596e+06,4.49399e+06,4.49399e+06,4.49399e+06,159621,159621,159621,159417,159417,159417,1.18379e+08,1.18379e+08,1.18379e+08,166.996,166.996,166.996,214.547,214.547,214.547
486,317919,317919,317919,9116.49,9116.49,9116.49,9081.62,9081.62,9081.62,4.50544e+06,4.50544e+06,4.50544e+06,4.49347e+06,4.49347e+06,4.49347e+06,159614,159614,159614,159409,159409,159409,1.1838e+08,1.1838e+08,1.1838e+08,166.988,166.988,166.988,214.537,214.537,214.537
487,317842,317842,317842,9114.72,9114.72,9114.72,9079.86,9079.86,9079.86,4.50496e+06,4.50496e+06,4.50496e+06,4.49299e+06,4.49299e+06,4.49299e+06,159603,159603,159603,159399,159399,159399,1.1838e+08,1.1838e+08,1.1838e+08,166.977,166.977,166.977,214.523,214.523,214.523
488,317770,317770,317770,9112.86,9112.86,9112.86,9078,9078,9078,4.50451e+06,4.50451e+06,4.50451e+06,4.49255e+06,4.49255e+06,4.49255e+06,159591,159591,159591,159386,159386,159386,1.18381e+08,1.18381e+08,1.18381e+08,166.964,166.964,166.964,214.506,214.506,214.506
489,317703,317703,317703,9110.92,9110.92,9110.92,9076.08,9076.08,9076.08,4.50411e+06,4.50411e+06,4.50411e+06,4.49215e+06,4.49215e+06,4.49215e+06,159576,159576,159576,159371,159371,159371,1.18381e+08,1.18381e+08,1.18381e+08,166.949,166.949,166.949,214.486,214.486,214.486
490,317641,317641,317641,9108.93,9108.93,9108.93,9074.1,9074.1,9074.1,4.50376e+06,4.50376e+06,4.50376e+06,4.4918e+06,4.4918e+06,4.4918e+06,159559,159559,159559,159354,159354,159354,1.18382e+08,1.18382e+08,1.18382e+08,166.931,166.931,166.931,214.464,214.464,214.464
491,317586,317586,317586,9106.91,9106.91,9106.91,9072.09,9072.09,9072.09,4.50346e+06,4.50346e+06,4.50346e+06,4.4915e+06,4.4915e+06,4.4915e+06,159540,159540,159540,159336,159336,159336,1.18382e+08,1.18382e+08,1.18382e+08,166.911,166.911,166.911,214.439,214.439,214.439
492,317539,317539,317539,9104.88,9104.88,9104.88,9070.07,9070.07,9070.07,4.50322e+06,4.50322e+06,4.50322e+06,4.49127e+06,4.49127e+06,4.49127e+06,159520,159520,159520,159316,159316,159316,1.18383e+08,1.18383e+08,1.18383e+08,166.89,166.89,166.89,214.412,214.412,214.412
493,317498,317498,317498,9102.86,9102.86,9102.86,9068.06,9068.06,9068.06,4.50305e+06,4.50305e+06,4.50305e+06,4.49109e+06,4.49109e+06,4.49109e+06,159499,159499,159499,159294,159294,159294,1.18383e+08,1.18383e+08,1.18383e+08,166.868,166.868,166.868,214.382,214.382,214.382
494,317466,317466,317466,9100.87,9100.87,9100.87,9066.08,9066.08,9066.08,4.50294e+06,4.50294e+06,4.50294e+06,4.49098e+06,4.49098e+06,4.49098e+06,159476,159476,159476,159272,159272,159272,1.18384e+08,1.18384e+08,1.18384e+08,166.844,166.844,166.844,214.352,214.352,214.352
495,317442,317442,317442,9098.94,9098.94,9098.94,9064.15,9064.15,9064.15,4.5029e+06,4.5029e+06,4.5029e+06,4.49094e+06,4.49094e+06,4.49094e+06,159453,159453,159453,159249,159249,159249,1.18384e+08,1.18384e+08,1.18384e+08,166.82,166.82,166.82,214.321,214.321,214.321
496,317426,317426,317426,9097.07,9097.07,9097.07,9062.29,9062.29,9062.29,4.50292e+06,4.50292e+06,4.50292e+06,4.49097e+06,4.49097e+06,4.49097e+06,159430,159430,159430,159225,159225,159225,1.18384e+08,1.18384e+08,1.18384e+08,166.795,166.795,166.795,214.289,214.289,214.289
497,317418,317418,317418,9095.29,9095.29,9095.29,9060.52,9060.52,9060.52,4.50302e+06,4.50302e+06,4.50302e+06,4.49107e+06,4.49107e+06,4.49107e+06,159407,159407,159407,159202,159202,159202,1.18385e+08,1.18385e+08,1.18385e+08,166.77,166.77,166.77,214.256,214.256,214.256
498,317418,317418,317418,9093.63,9093.63,9093.63,9058.86,9058.86,9058.86,4.50319e+06,4.50319e+06,4.50319e+06,4.49124e+06,4.49124e+06,4.49124e+06,159384,159384,159384,159179,159179,159179,1.18385e+08,1.18385e+08,1.18385e+08,166.745,166.745,166.745,214.224,214.224,214.224
499,317427,317427,317427,9092.1,9092.1,9092.1,9057.33,9057.33,9057.33,4.50342e+06,4.50342e+06,4.50342e+06,4.49147e+06,4.49147e+06,4.49147e+06,159361,159361,159361,159156,159156,159156,1.18385e+08,1.18385e+08,1.18385e+08,166.721,166.721,166.721,214.193,214.193,214.193
500,317442,317442,317442,9090.71,9090.71,9090.71,9055.94,9055.94,9055.94,4.50371e+06,4.50371e+06,4.50371e+06,4.49177e+06,4.49177e+06,4.49177e+06,159340,159340,159340,159135,159135,159135,1.18385e+08,1.18385e+08,1.18385e+08,166.698,166.698,166.698,214.164,214.164,214.164
501,317465,317465,317465,9089.47,9089.47,9089.47,9054.71,9054.71,9054.71,4.50406e+06,4.50406e+06,4.50406e+06,4.49212e+06,4.49212e+06,4.49212e+06,159320,159320,159320,159115,159115,159115,1.18385e+08,1.18385e+08,1.18385e+08,166.676,166.676,166.676,214.136,214.136,214.136
502,317494,317494,317494,9088.4,9088.4,9088.4,9053.64,9053.64,9053.64,4.50447e+06,4.50447e+06,4.50447e+06,4.49253e+06,4.49253e+06,4.49253e+06,159301,159301,159301,159096,159096,159096,1.18386e+08,1.18386e+08,1.18386e+08,166.656,166.656,166.656,214.109,214.109,214.109
503,317529,317529,317529,9087.49,9087.49,9087.49,9052.73,9052.73,9052.73,4.50493e+06,4.50493e+06,4.50493e+06,4.49298e+06,4.49298e+06,4.49298e+06,159285,159285,159285,159080,159080,159080,1.18386e+08,1.18386e+08,1.18386e+08,166.637,166.637,166.637,214.086,214.086,214.086
504,317569,317569,317569,9086.76,9086.76,9086.76,9052,9052,9052,4.50542e+06,4.50542e+06,4.50542e+06,4.49348e+06,4.49348e+06,4.49348e+06,159270,159270,159270,159065,159065,159065,1.18386e+08,1.18386e+08,1.18386e+08,166.621,166.621,166.621,214.064,214.064,214.064
505,317613,317613,317613,9086.2,9086.2,9086.2,9051.44,9051.44,9051.44,4.50596e+06,4.50596e+06,4.50596e+06,4.49401e+06,4.49401e+06,4.49401e+06,159257,159257,159257,159052,159052,159052,1.18385e+08,1.18385e+08,1.18385e+08,166.607,166.607,166.607,214.046,214.046,214.046
506,317660,317660,317660,9085.82,9085.82,9085.82,9051.05,9051.05,9051.05,4.50652e+06,4.50652e+06,4.50652e+06,4.49457e+06,4.49457e+06,4.49457e+06,159247,159247,159247,159042,159042,159042,1.18385e+08,1.18385e+08,1.18385e+08,166.595,166.595,166.595,214.031,214.031,214.031
507,317710,317710,317710,9085.6,9085.6,9085.6,9050.83,9050.83,9050.83,4.5071e+06,4.5071e+06,4.5071e+06,4.49516e+06,4.49516e+06,4.49516e+06,159239,159239,159239,159034,159034,159034,1.18385e+08,1.18385e+08,1.18385e+08,166.586,166.586,166.586,214.019,214.019,214.019
508,317762,317762,317762,9085.56,9085.56,9085.56,9050.78,9050.78,9050.78,4.5077e+06,4.5077e+06,4.5077e+06,4.49575e+06,4.49575e+06,4.49575e+06,159234,159234,159234,159029,159029,159029,1.18385e+08,1.18385e+08,1.18385e+08,166.579,166.579,166.579,214.01,214.01,214.01
509,317814,317814,317814,9085.68,9085.68,9085.68,9050.9,9050.9,9050.9,4.50831e+06,4.50831e+06,4.50831e+06,4.49636e+06,4.49636e+06,4.49636e+06,159232,159232,159232,159026,159026,159026,1.18385e+08,1.18385e+08,1.18385e+08,166.576,166.576,166.576,214.006,214.006,214.006
510,317866,317866,317866,9085.95,9085.95,9085.95,9051.16,9051.16,9051.16,4.50891e+06,4.50891e+06,4.50891e+06,4.49696e+06,4.49696e+06,4.49696e+06,159232,159232,159232,159026,159026,159026,1.18385e+08,1.18385e+08,1.18385e+08,166.575,166.575,166.575,214.004,214.004,214.004
511,317917,317917,317917,9086.37,9086.37,9086.37,9051.58,9051.58,9051.58,4.5095e+06,4.5095e+06,4.5095e+06,4.49755e+06,4.49755e+06,4.49755e+06,159235,159235,159235,159029,159029,159029,1.18385e+08,1.18385e+08,1.18385e+08,166.577,166.577,166.577,214.007,214.007,214.007
512,317965,317965,317965,9086.92,9086.92,9086.92,9052.12,9052.12,9052.12,4.51007e+06,4.51007e+06,4.51007e+06,4.49812e+06,4.49812e+06,4.49812e+06,159241,159241,159241,159035,159035,159035,1.18385e+08,1.18385e+08,1.18385e+08,166.581,166.581,166.581,214.013,214.013,214.013
513,318010,318010,318010,9087.58,9087.58,9087.58,9052.78,9052.78,9052.78,4.51062e+06,4.51062e+06,4.51062e+06,4.49866e+06,4.49866e+06,4.49866e+06,159249,159249,159249,159043,159043,159043,1.18385e+08,1.18385e+08,1.18385e+08,166.589,166.589,166.589,214.022,214.022,214.022
514,318050,318050,318050,9088.35,9088.35,9088.35,9053.54,9053.54,9053.54,4.51114e+06,4.51114e+06,4.51114e+06,4.49917e+06,4.49917e+06,4.49917e+06,159260,159260,159260,159054,159054,159054,1.18385e+08,1.18385e+08,1.18385e+08,166.599,166.599,166.599,214.036,214.036,214.036
515,318086,318086,318086,9089.19,9089.19,9089.19,9054.37,9054.37,9054.37,4.51161e+06,4.51161e+06,4.51161e+06,4.49965e+06,4.49965e+06,4.49965e+06,159273,159273,159273,159067,159067,159067,1.18386e+08,1.18386e+08,1.18386e+08,166.612,166.612,166.612,214.052,214.052,214.052
516,318117,318117,318117,9090.1,9090.1,9090.1,9055.27,9055.27,9055.27,4.51204e+06,4.51204e+06,4.51204e+06,4.50007e+06,4.50007e+06,4.50007e+06,159289,159289,159289,159083,159083,159083,1.18386e+08,1.18386e+08,1.18386e+08,166.627,166.627,166.627,214.071,214.071,214.071
517,318140,318140,318140,9091.04,9091.04,9091.04,9056.21,9056.21,9056.21,4.51241e+06,4.51241e+06,4.51241e+06,4.50045e+06,4.50045e+06,4.50045e+06,159306,159306,159306,159100,159100,159100,1.18386e+08,1.18386e+08,1.18386e+08,166.644,166.644,166.644,214.093,214.093,214.093
518,318157,318157,318157,9092,9092,9092,9057.16,9057.16,9057.16,4.51273e+06,4.51273e+06,4.51273e+06,4.50076e+06,4.50076e+06,4.50076e+06,159325,159325,159325,159119,159119,159119,1.18387e+08,1.18387e+08,1.18387e+08,166.663,166.663,166.663,214.117,214.117,214.117
519,318167,318167,318167,9092.96,9092.96,9092.96,9058.12,9058.12,9058.12,4.51299e+06,4.51299e+06,4.51299e+06,4.50102e+06,4.50102e+06,4.50102e+06,159345,159345,159345,159139,159139,159139,1.18387e+08,1.18387e+08,1.18387e+08,166.683,166.683,166.683,214.144,214.144,214.144
520,318169,318169,318169,9093.89,9093.89,9093.89,9059.05,9059.05,9059.05,4.51318e+06,4.51318e+06,4.51318e+06,4.50121e+06,4.50121e+06,4.50121e+06,159367,159367,159367,159161,159161,159161,1.18388e+08,1.18388e+08,1.18388e+08,166.705,166.705,166.705,214.171,214.171,214.171
521,318162,318162,318162,9094.79,9094.79,9094.79,9059.93,9059.93,9059.93,4.51331e+06,4.51331e+06,4.51331e+06,4.50134e+06,4.50134e+06,4.50134e+06,159389,159389,159389,159183,159183,159183,1.18389e+08,1.18389e+08,1.18389e+08,166.728,166.728,166.728,214.201,214.201,214.201
522,318148,318148,318148,9095.61,9095.61,9095.61,9060.76,9060.76,9060.76,4.51338e+06,4.51338e+06,4.51338e+06,4.5014e+06,4.5014e+06,4.5014e+06,159412,159412,159412,159206,159206,159206,1.1839e+08,1.1839e+08,1.1839e+08,166.751,166.751,166.751,214.23,214.23,214.23
523,318126,318126,318126,9096.36,9096.36,9096.36,9061.5,9061.5,9061.5,4.51337e+06,4.51337e+06,4.51337e+06,4.50139e+06,4.50139e+06,4.50139e+06,159435,159435,159435,159229,159229,159229,1.18391e+08,1.18391e+08,1.18391e+08,166.774,166.774,166.774,214.261,214.261,214.261
524,318095,318095,318095,9097.01,9097.01,9097.01,9062.15,9062.15,9062.15,4.5133e+06,4.5133e+06,4.5133e+06,4.50132e+06,4.50132e+06,4.50132e+06,159458,159458,159458,159252,159252,159252,1.18392e+08,1.18392e+08,1.18392e+08,166.798,166.798,166.798,214.291,214.291,214.291
525,318057,318057,318057,9097.54,9097.54,9097.54,9062.68,9062.68,9062.68,4.51316e+06,4.51316e+06,4.51316e+06,4.50118e+06,4.50118e+06,4.50118e+06,159480,159480,159480,159274,159274,159274,1.18393e+08,1.18393e+08,1.18393e+08,166.821,166.821,166.821,214.321,214.321,214.321
526,318011,318011,318011,9097.93,9097.93,9097.93,9063.08,9063.08,9063.08,4.51296e+06,4.51296e+06,4.51296e+06,4.50098e+06,4.50098e+06,4.50098e+06,159502,159502,159502,159296,159296,159296,1.18394e+08,1.18394e+08,1.18394e+08,166.843,166.843,166.843,214.349,214.349,214.349
527,317958,317958,317958,9098.19,9098.19,9098.19,9063.33,9063.33,9063.33,4.5127e+06,4.5127e+06,4.5127e+06,4.50072e+06,4.50072e+06,4.50072e+06,159522,159522,159522,159317,159317,159317,1.18395e+08,1.18395e+08,1.18395e+08,166.864,166.864,166.864,214.377,214.377,214.377
528,317898,317898,317898,9098.29,9098.29,9098.29,9063.44,9063.44,9063.44,4.51239e+06,4.51239e+06,4.51239e+06,4.50041e+06,4.50041e+06,4.50041e+06,159541,159541,159541,159336,159336,159336,1.18397e+08,1.18397e+08,1.18397e+08,166.884,166.884,166.884,214.402,214.402,214.402
529,317833,317833,317833,9098.22,9098.22,9098.22,9063.37,9063.37,9063.37,4.51202e+06,4.51202e+06,4.51202e+06,4.50004e+06,4.50004e+06,4.50004e+06,159559,159559,159559,159353,159353,159353,1.18398e+08,1.18398e+08,1.18398e+08,166.902,166.902,166.902,214.426,214.426,214.426
530,317762,317762,317762,9097.99,9097.99,9097.99,9063.14,9063.14,9063.14,4.51161e+06,4.51161e+06,4.51161e+06,4.49963e+06,4.49963e+06,4.49963e+06,159575,159575,159575,159369,159369,159369,1.184e+08,1.184e+08,1.184e+08,166.919,166.919,166.919,214.447,214.447,214.447
531,317687,317687,317687,9097.58,9097.58,9097.58,9062.74,9062.74,9062.74,4.51117e+06,4.51117e+06,4.51117e+06,4.49919e+06,4.49919e+06,4.49919e+06,159588,159588,159588,159383,159383,159383,1.18401e+08,1.18401e+08,1.18401e+08,166.933,166.933,166.933,214.465,214.465,214.465
532,317608,317608,317608,9096.99,9096.99,9096.99,9062.16,9062.16,9062.16,4.51069e+06,4.51069e+06,4.51069e+06,4.49871e+06,4.49871e+06,4.49871e+06,159599,159599,159599,159394,159394,159394,1.18402e+08,1.18402e+08,1.18402e+08,166.944,166.944,166.944,214.48,214.48,214.48
533,317527,317527,317527,9096.24,9096.24,9096.24,9061.41,9061.41,9061.41,4.51019e+06,4.51019e+06,4.51019e+06,4.49821e+06,4.49821e+06,4.49821e+06,159608,159608,159608,159403,159403,159403,1.18403e+08,1.18403e+08,1.18403e+08,166.954,166.954,166.954,214.492,214.492,214.492
534,317444,317444,317444,9095.31,9095.31,9095.31,9060.5,9060.5,9060.5,4.50967e+06,4.50967e+06,4.50967e+06,4.49769e+06,4.49769e+06,4.49769e+06,159614,159614,159614,159409,159409,159409,1.18405e+08,1.18405e+08,1.18405e+08,166.96,166.96,166.96,214.501,214.501,214.501
535,317360,317360,317360,9094.23,9094.23,9094.23,9059.42,9059.42,9059.42,4.50914e+06,4.50914e+06,4.50914e+06,4.49716e+06,4.49716e+06,4.49716e+06,159617,159617,159617,159412,159412,159412,1.18406e+08,1.18406e+08,1.18406e+08,166.964,166.964,166.964,214.505,214.505,214.505
536,317276,317276,317276,9092.99,9092.99,9092.99,9058.19,9058.19,9058.19,4.50861e+06,4.50861e+06,4.50861e+06,4.49663e+06,4.49663e+06,4.49663e+06,159618,159618,159618,159413,159413,159413,1.18407e+08,1.18407e+08,1.18407e+08,166.965,166.965,166.965,214.507,214.507,214.507
537,317193,317193,317193,9091.61,9091.61,9091.61,9056.82,9056.82,9056.82,4.50808e+06,4.50808e+06,4.50808e+06,4.49611e+06,4.49611e+06,4.49611e+06,159616,159616,159616,159411,159411,159411,1.18408e+08,1.18408e+08,1.18408e+08,166.963,166.963,166.963,214.504,214.504,214.504
538,317113,317113,317113,9090.1,9090.1,9090.1,9055.32,9055.32,9055.32,4.50757e+06,4.50757e+06,4.50757e+06,4.4956e+06,4.4956e+06,4.4956e+06,159611,159611,159611,159406,159406,159406,1.18408e+08,1.18408e+08,1.18408e+08,166.958,166.958,166.958,214.498,214.498,214.498
539,317035,317035,317035,9088.47,9088.47,9088.47,9053.71,9053.71,9053.71,4.50709e+06,4.50709e+06,4.50709e+06,4.49512e+06,4.49512e+06,4.49512e+06,159604,159604,159604,159399,159399,159399,1.18409e+08,1.18409e+08,1.18409e+08,166.951,166.951,166.951,214.489,214.489,214.489
540,316961,316961,316961,9086.75,9086.75,9086.75,9051.99,9051.99,9051.99,4.50662e+06,4.50662e+06,4.50662e+06,4.49466e+06,4.49466e+06,4.49466e+06,159594,159594,159594,159389,159389,159389,1.18409e+08,1.18409e+08,1.18409e+08,166.94,166.94,166.94,214.476,214.476,214.476
541,316891,316891,316891,9084.94,9084.94,9084.94,9050.2,9050.2,9050.2,4.5062e+06,4.5062e+06,4.5062e+06,4.49423e+06,4.49423e+06,4.49423e+06,159582,159582,159582,159377,159377,159377,1.18409e+08,1.18409e+08,1.18409e+08,166.928,166.928,166.928,214.46,214.46,214.46
542,316827,316827,316827,9083.08,9083.08,9083.08,9048.34,9048.34,9048.34,4.50581e+06,4.50581e+06,4.50581e+06,4.49385e+06,4.49385e+06,4.49385e+06,159568,159568,159568,159363,159363,159363,1.18409e+08,1.18409e+08,1.18409e+08,166.913,166.913,166.913,214.44,214.44,214.44
543,316768,316768,316768,9081.17,9081.17,9081.17,9046.44,9046.44,9046.44,4.50547e+06,4.50547e+06,4.50547e+06,4.49351e+06,4.49351e+06,4.49351e+06,159551,159551,159551,159347,159347,159347,1.18409e+08,1.18409e+08,1.18409e+08,166.896,166.896,166.896,214.418,214.418,214.418
544,316716,316716,316716,9079.23,9079.23,9079.23,9044.52,9044.52,9044.52,4.50517e+06,4.50517e+06,4.50517e+06,4.49321e+06,4.49321e+06,4.49321e+06,159533,159533,159533,159328,159328,159328,1.18408e+08,1.18408e+08,1.18408e+08,166.876,166.876,166.876,214.394,214.394,214.394
545,316671,316671,316671,9077.3,9077.3,9077.3,9042.59,9042.59,9042.59,4.50493e+06,4.50493e+06,4.50493e+06,4.49298e+06,4.49298e+06,4.49298e+06,159513,159513,159513,159309,159309,159309,1.18407e+08,1.18407e+08,1.18407e+08,166.856,166.856,166.856,214.367,214.367,214.367
546,316633,316633,316633,9075.38,9075.38,9075.38,9040.68,9040.68,9040.68,4.50475e+06,4.50475e+06,4.50475e+06,4.49279e+06,4.49279e+06,4.49279e+06,159492,159492,159492,159288,159288,159288,1.18406e+08,1.18406e+08,1.18406e+08,166.834,166.834,166.834,214.339,214.339,214.339
547,316602,316602,316602,9073.5,9073.5,9073.5,9038.81,9038.81,9038.81,4.50462e+06,4.50462e+06,4.50462e+06,4.49267e+06,4.49267e+06,4.49267e+06,159470,159470,159470,159266,159266,159266,1.18404e+08,1.18404e+08,1.18404e+08,166.81,166.81,166.81,214.309,214.309,214.309
548,316579,316579,316579,9071.67,9071.67,9071.67,9036.99,9036.99,9036.99,4.50455e+06,4.50455e+06,4.50455e+06,4.4926e+06,4.4926e+06,4.4926e+06,159448,159448,159448,159243,159243,159243,1.18403e+08,1.18403e+08,1.18403e+08,166.787,166.787,166.787,214.278,214.278,214.278
549,316564,316564,316564,9069.92,9069.92,9069.92,9035.24,9035.24,9035.24,4.50454e+06,4.50454e+06,4.50454e+06,4.49259e+06,4.49259e+06,4.49259e+06,159425,159425,159425,159220,159220,159220,1.184e+08,1.184e+08,1.184e+08,166.762,166.762,166.762,214.247,214.247,214.247
550,316556,316556,316556,9068.25,9068.25,9068.25,9033.58,9033.58,9033.58,4.50459e+06,4.50459e+06,4.50459e+06,4.49264e+06,4.49264e+06,4.49264e+06,159401,159401,159401,159197,159197,159197,1.18398e+08,1.18398e+08,1.18398e+08,166.737,166.737,166.737,214.215,214.215,214.215
551,316555,316555,316555,9066.68,9066.68,9066.68,9032.02,9032.02,9032.02,4.50469e+06,4.50469e+06,4.50469e+06,4.49275e+06,4.49275e+06,4.49275e+06,159378,159378,159378,159174,159174,159174,1.18395e+08,1.18395e+08,1.18395e+08,166.713,166.713,166.713,214.184,214.184,214.184
552,316562,316562,316562,9065.23,9065.23,9065.23,9030.57,9030.57,9030.57,4.50485e+06,4.50485e+06,4.50485e+06,4.4929e+06,4.4929e+06,4.4929e+06,159356,159356,159356,159151,159151,159151,1.18392e+08,1.18392e+08,1.18392e+08,166.689,166.689,166.689,214.152,214.152,214.152
553,316575,316575,316575,9063.9,9063.9,9063.9,9029.25,9029.25,9029.25,4.50506e+06,4.50506e+06,4.50506e+06,4.49311e+06,4.49311e+06,4.49311e+06,159334,159334,159334,159129,159129,159129,1.18389e+08,1.18389e+08,1.18389e+08,166.665,166.665,166.665,214.122,214.122,214.122
554,316594,316594,316594,9062.72,9062.72,9062.72,9028.07,9028.07,9028.07,4.50531e+06,4.50531e+06,4.50531e+06,4.49337e+06,4.49337e+06,4.49337e+06,159313,159313,159313,159108,159108,159108,1.18385e+08,1.18385e+08,1.18385e+08,166.643,166.643,166.643,214.093,214.093,214.093
555,316619,316619,316619,9061.68,9061.68,9061.68,9027.03,9027.03,9027.03,4.50561e+06,4.50561e+06,4.50561e+06,4.49367e+06,4.49367e+06,4.49367e+06,159293,159293,159293,159088,159088,159088,1.18382e+08,1.18382e+08,1.18382e+08,166.622,166.622,166.622,214.066,214.066,214.066
556,316649,316649,316649,9060.8,9060.8,9060.8,9026.15,9026.15,9026.15,4.50595e+06,4.50595e+06,4.50595e+06,4.494e+06,4.494e+06,4.494e+06,159275,159275,159275,159070,159070,159070,1.18378e+08,1.18378e+08,1.18378e+08,166.602,166.602,166.602,214.041,214.041,214.041
557,316682,316682,316682,9060.08,9060.08,9060.08,9025.44,9025.44,9025.44,4.50631e+06,4.50631e+06,4.50631e+06,4.49437e+06,4.49437e+06,4.49437e+06,159259,159259,159259,159054,159054,159054,1.18373e+08,1.18373e+08,1.18373e+08,166.585,166.585,166.585,214.018,214.018,214.018
558,316719,316719,316719,9059.53,9059.53,9059.53,9024.89,9024.89,9024.89,4.5067e+06,4.5067e+06,4.5067e+06,4.49475e+06,4.49475e+06,4.49475e+06,159245,159245,159245,159040,159040,159040,1.18369e+08,1.18369e+08,1.18369e+08,166.569,166.569,166.569,213.998,213.998,213.998
559,316759,316759,316759,9059.14,9059.14,9059.14,9024.5,9024.5,9024.5,4.5071e+06,4.5071e+06,4.5071e+06,4.49516e+06,4.49516e+06,4.49516e+06,159233,159233,159233,159028,159028,159028,1.18364e+08,1.18364e+08,1.18364e+08,166.556,166.556,166.556,213.981,213.981,213.981
560,316799,316799,316799,9058.91,9058.91,9058.91,9024.26,9024.26,9024.26,4.50751e+06,4.50751e+06,4.50751e+06,4.49557e+06,4.49557e+06,4.49557e+06,159224,159224,159224,159018,159018,159018,1.1836e+08,1.1836e+08,1.1836e+08,166.545,166.545,166.545,213.966,213.966,213.966
561,316841,316841,316841,9058.84,9058.84,9058.84,9024.18,9024.18,9024.18,4.50793e+06,4.50793e+06,4.50793e+06,4.49598e+06,4.49598e+06,4.49598e+06,159216,159216,159216,159011,159011,159011,1.18355e+08,1.18355e+08,1.18355e+08,166.536,166.536,166.536,213.956,213.956,213.956
562,316881,316881,316881,9058.9,9058.9,9058.9,9024.25,9024.25,9024.25,4.50833e+06,4.50833e+06,4.50833e+06,4.49638e+06,4.49638e+06,4.49638e+06,159212,159212,159212,159006,159006,159006,1.1835e+08,1.1835e+08,1.1835e+08,166.53,166.53,166.53,213.948,213.948,213.948
563,316921,316921,316921,9059.1,9059.1,9059.1,9024.44,9024.44,9024.44,4.50872e+06,4.50872e+06,4.50872e+06,4.49677e+06,4.49677e+06,4.49677e+06,159209,159209,159209,159004,159004,159004,1.18344e+08,1.18344e+08,1.18344e+08,166.527,166.527,166.527,213.943,213.943,213.943
564,316958,316958,316958,9059.41,9059.41,9059.41,9024.75,9024.75,9024.75,4.50909e+06,4.50909e+06,4.50909e+06,4.49714e+06,4.49714e+06,4.49714e+06,159209,159209,159209,159004,159004,159004,1.18339e+08,1.18339e+08,1.18339e+08,166.526,166.526,166.526,213.942,213.942,213.942
565,316991,316991,316991,9059.83,9059.83,9059.83,9025.16,9025.16,9025.16,4.50943e+06,4.50943e+06,4.50943e+06,4.49748e+06,4.49748e+06,4.49748e+06,159212,159212,159212,159006,159006,159006,1.18334e+08,1.18334e+08,1.18334e+08,166.528,166.528,166.528,213.944,213.944,213.944
566,317021,317021,317021,9060.34,9060.34,9060.34,9025.66,9025.66,9025.66,4.50973e+06,4.50973e+06,4.50973e+06,4.49778e+06,4.49778e+06,4.49778e+06,159216,159216,159216,159011,159011,159011,1.18329e+08,1.18329e+08,1.18329e+08,166.532,166.532,166.532,213.949,213.949,213.949
567,317046,317046,317046,9060.91,9060.91,9060.91,9026.24,9026.24,9026.24,4.50999e+06,4.50999e+06,4.50999e+06,4.49804e+06,4.49804e+06,4.49804e+06,159223,159223,159223,159018,159018,159018,1.18323e+08,1.18323e+08,1.18323e+08,166.538,166.538,166.538,213.957,213.957,213.957
568,317065,317065,317065,9061.55,9061.55,9061.55,9026.87,9026.87,9026.87,4.5102e+06,4.5102e+06,4.5102e+06,4.49825e+06,4.49825e+06,4.49825e+06,159232,159232,159232,159026,159026,159026,1.18318e+08,1.18318e+08,1.18318e+08,166.546,166.546,166.546,213.968,213.968,213.968
569,317078,317078,317078,9062.22,9062.22,9062.22,9027.53,9027.53,9027.53,4.51036e+06,4.51036e+06,4.51036e+06,4.4984e+06,4.4984e+06,4.4984e+06,159242,159242,159242,159037,159037,159037,1.18312e+08,1.18312e+08,1.18312e+08,166.556,166.556,166.556,213.981,213.981,213.981
570,317083,317083,317083,9062.9,9062.9,9062.9,9028.21,9028.21,9028.21,4.51045e+06,4.51045e+06,4.51045e+06,4.4985e+06,4.4985e+06,4.4985e+06,159254,159254,159254,159049,159049,159049,1.18307e+08,1.18307e+08,1.18307e+08,166.568,166.568,166.568,213.996,213.996,213.996
571,317082,317082,317082,9063.58,9063.58,9063.58,9028.89,9028.89,9028.89,4.51049e+06,4.51049e+06,4.51049e+06,4.49853e+06,4.49853e+06,4.49853e+06,159267,159267,159267,159062,159062,159062,1.18302e+08,1.18302e+08,1.18302e+08,166.581,166.581,166.581,214.013,214.013,214.013
572,317073,317073,317073,9064.23,9064.23,9064.23,9029.54,9029.54,9029.54,4.51046e+06,4.51046e+06,4.51046e+06,4.4985e+06,4.4985e+06,4.4985e+06,159282,159282,159282,159076,159076,159076,1.18297e+08,1.18297e+08,1.18297e+08,166.595,166.595,166.595,214.031,214.031,214.031
573,317055,317055,317055,9064.83,9064.83,9064.83,9030.14,9030.14,9030.14,4.51036e+06,4.51036e+06,4.51036e+06,4.4984e+06,4.4984e+06,4.4984e+06,159297,159297,159297,159091,159091,159091,1.18291e+08,1.18291e+08,1.18291e+08,166.61,166.61,166.61,214.051,214.051,214.051
574,317030,317030,317030,9065.37,9065.37,9065.37,9030.68,9030.68,9030.68,4.51019e+06,4.51019e+06,4.51019e+06,4.49823e+06,4.49823e+06,4.49823e+06,159312,159312,159312,159107,159107,159107,1.18286e+08,1.18286e+08,1.18286e+08,166.626,166.626,166.626,214.071,214.071,214.071
575,316997,316997,316997,9065.82,9065.82,9065.82,9031.13,9031.13,9031.13,4.50995e+06,4.50995e+06,4.50995e+06,4.498e+06,4.498e+06,4.498e+06,159327,159327,159327,159122,159122,159122,1.18281e+08,1.18281e+08,1.18281e+08,166.642,166.642,166.642,214.091,214.091,214.091
576,316955,316955,316955,9066.16,9066.16,9066.16,9031.47,9031.47,9031.47,4.50965e+06,4.50965e+06,4.50965e+06,4.49769e+06,4.49769e+06,4.49769e+06,159342,159342,159342,159137,159137,159137,1.18276e+08,1.18276e+08,1.18276e+08,166.657,166.657,166.657,214.111,214.111,214.111
577,316906,316906,316906,9066.39,9066.39,9066.39,9031.7,9031.7,9031.7,4.50928e+06,4.50928e+06,4.50928e+06,4.49732e+06,4.49732e+06,4.49732e+06,159357,159357,159357,159152,159152,159152,1.18271e+08,1.18271e+08,1.18271e+08,166.672,166.672,166.672,214.13,214.13,214.13
578,316849,316849,316849,9066.48,9066.48,9066.48,9031.8,9031.8,9031.8,4.50885e+06,4.50885e+06,4.50885e+06,4.49689e+06,4.49689e+06,4.49689e+06,159371,159371,159371,159165,159165,159165,1.18266e+08,1.18266e+08,1.18266e+08,166.686,166.686,166.686,214.149,214.149,214.149
579,316786,316786,316786,9066.42,9066.42,9066.42,9031.74,9031.74,9031.74,4.50835e+06,4.50835e+06,4.50835e+06,4.4964e+06,4.4964e+06,4.4964e+06,159383,159383,159383,159178,159178,159178,1.18261e+08,1.18261e+08,1.18261e+08,166.699,166.699,166.699,214.165,214.165,214.165
580,316715,316715,316715,9066.21,9066.21,9066.21,9031.54,9031.54,9031.54,4.50781e+06,4.50781e+06,4.50781e+06,4.49585e+06,4.49585e+06,4.49585e+06,159394,159394,159394,159189,159189,159189,1.18256e+08,1.18256e+08,1.18256e+08,166.711,166.711,166.711,214.18,214.18,214.18
581,316639,316639,316639,9065.83,9065.83,9065.83,9031.17,9031.17,9031.17,4.50721e+06,4.50721e+06,4.50721e+06,4.49525e+06,4.49525e+06,4.49525e+06,159403,159403,159403,159199,159199,159199,1.18252e+08,1.18252e+08,1.18252e+08,166.721,166.721,166.721,214.193,214.193,214.193
582,316558,316558,316558,9065.29,9065.29,9065.29,9030.63,9030.63,9030.63,4.50657e+06,4.50657e+06,4.50657e+06,4.49461e+06,4.49461e+06,4.49461e+06,159411,159411,159411,159206,159206,159206,1.18247e+08,1.18247e+08,1.18247e+08,166.729,166.729,166.729,214.203,214.203,214.203
583,316472,316472,316472,9064.57,9064.57,9064.57,9029.92,9029.92,9029.92,4.50589e+06,4.50589e+06,4.50589e+06,4.49393e+06,4.49393e+06,4.49393e+06,159416,159416,159416,159211,159211,159211,1.18242e+08,1.18242e+08,1.18242e+08,166.734,166.734,166.734,214.211,214.211,214.211
584,316383,316383,316383,9063.67,9063.67,9063.67,9029.03,9029.03,9029.03,4.50517e+06,4.50517e+06,4.50517e+06,4.49322e+06,4.49322e+06,4.49322e+06,159419,159419,159419,159214,159214,159214,1.18238e+08,1.18238e+08,1.18238e+08,166.737,166.737,166.737,214.215,214.215,214.215
585,316292,316292,316292,9062.6,9062.6,9062.6,9027.97,9027.97,9027.97,4.50444e+06,4.50444e+06,4.50444e+06,4.49249e+06,4.49249e+06,4.49249e+06,159419,159419,159419,159215,159215,159215,1.18233e+08,1.18233e+08,1.18233e+08,166.738,166.738,166.738,214.216,214.216,214.216
586,316198,316198,316198,9061.36,9061.36,9061.36,9026.74,9026.74,9026.74,4.50369e+06,4.50369e+06,4.50369e+06,4.49174e+06,4.49174e+06,4.49174e+06,159417,159417,159417,159213,159213,159213,1.18228e+08,1.18228e+08,1.18228e+08,166.736,166.736,166.736,214.214,214.214,214.214
587,316104,316104,316104,9059.96,9059.96,9059.96,9025.36,9025.36,9025.36,4.50293e+06,4.50293e+06,4.50293e+06,4.49099e+06,4.49099e+06,4.49099e+06,159412,159412,159412,159208,159208,159208,1.18224e+08,1.18224e+08,1.18224e+08,166.731,166.731,166.731,214.208,214.208,214.208
588,316010,316010,316010,9058.41,9058.41,9058.41,9023.81,9023.81,9023.81,4.50218e+06,4.50218e+06,4.50218e+06,4.49024e+06,4.49024e+06,4.49024e+06,159405,159405,159405,159201,159201,159201,1.18219e+08,1.18219e+08,1.18219e+08,166.724,166.724,166.724,214.198,214.198,214.198
589,315917,315917,315917,9056.71,9056.71,9056.71,9022.13,9022.13,9022.13,4.50143e+06,4.50143e+06,4.50143e+06,4.48949e+06,4.48949e+06,4.48949e+06,159395,159395,159395,159191,159191,159191,1.18214e+08,1.18214e+08,1.18214e+08,166.713,166.713,166.713,214.185,214.185,214.185
590,315827,315827,315827,9054.88,9054.88,9054.88,9020.31,9020.31,9020.31,4.5007e+06,4.5007e+06,4.5007e+06,4.48876e+06,4.48876e+06,4.48876e+06,159382,159382,159382,159178,159178,159178,1.18209e+08,1.18209e+08,1.18209e+08,166.7,166.7,166.7,214.168,214.168,214.168
591,315739,315739,315739,9052.94,9052.94,9052.94,9018.38,9018.38,9018.38,4.49999e+06,4.49999e+06,4.49999e+06,4.48806e+06,4.48806e+06,4.48806e+06,159366,159366,159366,159162,159162,159162,1.18204e+08,1.18204e+08,1.18204e+08,166.684,166.684,166.684,214.147,214.147,214.147
592,315655,315655,315655,9050.9,9050.9,9050.9,9016.36,9016.36,9016.36,4.49932e+06,4.49932e+06,4.49932e+06,4.48739e+06,4.48739e+06,4.48739e+06,159348,159348,159348,159144,159144,159144,1.18199e+08,1.18199e+08,1.18199e+08,166.665,166.665,166.665,214.123,214.123,214.123
593,315577,315577,315577,9048.79,9048.79,9048.79,9014.25,9014.25,9014.25,4.49868e+06,4.49868e+06,4.49868e+06,4.48675e+06,4.48675e+06,4.48675e+06,159328,159328,159328,159124,159124,159124,1.18194e+08,1.18194e+08,1.18194e+08,166.644,166.644,166.644,214.096,214.096,214.096
594,315503,315503,315503,9046.61,9046.61,9046.61,9012.09,9012.09,9012.09,4.49808e+06,4.49808e+06,4.49808e+06,4.48616e+06,4.48616e+06,4.48616e+06,159305,159305,159305,159101,159101,159101,1.18189e+08,1.18189e+08,1.18189e+08,166.621,166.621,166.621,214.066,214.066,214.066
595,315436,315436,315436,9044.39,9044.39,9044.39,9009.88,9009.88,9009.88,4.49754e+06,4.49754e+06,4.49754e+06,4.48562e+06,4.48562e+06,4.48562e+06,159280,159280,159280,159077,159077,159077,1.18184e+08,1.18184e+08,1.18184e+08,166.595,166.595,166.595,214.034,214.034,214.034
596,315376,315376,315376,9042.14,9042.14,9042.14,9007.65,9007.65,9007.65,4.49705e+06,4.49705e+06,4.49705e+06,4.48513e+06,4.48513e+06,4.48513e+06,159254,159254,159254,159050,159050,159050,1.18178e+08,1.18178e+08,1.18178e+08,166.568,166.568,166.568,213.998,213.998,213.998
597,315322,315322,315322,9039.9,9039.9,9039.9,9005.42,9005.42,9005.42,4.49661e+06,4.49661e+06,4.49661e+06,4.4847e+06,4.4847e+06,4.4847e+06,159226,159226,159226,159023,159023,159023,1.18173e+08,1.18173e+08,1.18173e+08,166.539,166.539,166.539,213.961,213.961,213.961
598,315276,315276,315276,9037.68,9037.68,9037.68,9003.21,9003.21,9003.21,4.49624e+06,4.49624e+06,4.49624e+06,4.48433e+06,4.48433e+06,4.48433e+06,159197,159197,159197,158994,158994,158994,1.18167e+08,1.18167e+08,1.18167e+08,166.509,166.509,166.509,213.922,213.922,213.922
599,315238,315238,315238,9035.5,9035.5,9035.5,9001.03,9001.03,9001.03,4.49594e+06,4.49594e+06,4.49594e+06,4.48403e+06,4.48403e+06,4.48403e+06,159168,159168,159168,158964,158964,158964,1.18161e+08,1.18161e+08,1.18161e+08,166.477,166.477,166.477,213.882,213.882,213.882
600,315208,315208,315208,9033.37,9033.37,9033.37,8998.92,8998.92,8998.92,4.49569e+06,4.49569e+06,4.49569e+06,4.48379e+06,4.48379e+06,4.48379e+06,159137,159137,159137,158934,158934,158934,1.18155e+08,1.18155e+08,1.18155e+08,166.445,166.445,166.445,213.841,213.841,213.841
601,315186,315186,315186,9031.33,9031.33,9031.33,8996.88,8996.88,8996.88,4.49552e+06,4.49552e+06,4.49552e+06,4.48361e+06,4.48361e+06,4.48361e+06,159107,159107,159107,158903,158903,158903,1.18149e+08,1.18149e+08,1.18149e+08,166.413,166.413,166.413,213.799,213.799,213.799
602,315172,315172,315172,9029.38,9029.38,9029.38,8994.95,8994.95,8994.95,4.49541e+06,4.49541e+06,4.49541e+06,4.4835e+06,4.4835e+06,4.4835e+06,159076,159076,159076,158872,158872,158872,1.18143e+08,1.18143e+08,1.18143e+08,166.381,166.381,166.381,213.758,213.758,213.758
603,315166,315166,315166,9027.55,9027.55,9027.55,8993.12,8993.12,8993.12,4.49536e+06,4.49536e+06,4.49536e+06,4.48346e+06,4.48346e+06,4.48346e+06,159046,159046,159046,158842,158842,158842,1.18136e+08,1.18136e+08,1.18136e+08,166.349,166.349,166.349,213.717,213.717,213.717
604,315167,315167,315167,9025.85,9025.85,9025.85,8991.42,8991.42,8991.42,4.49537e+06,4.49537e+06,4.49537e+06,4.48347e+06,4.48347e+06,4.48347e+06,159016,159016,159016,158813,158813,158813,1.1813e+08,1.1813e+08,1.1813e+08,166.318,166.318,166.318,213.676,213.676,213.676
605,315175,315175,315175,9024.29,9024.29,9024.29,8989.87,8989.87,8989.87,4.49544e+06,4.49544e+06,4.49544e+06,4.48354e+06,4.48354e+06,4.48354e+06,158988,158988,158988,158784,158784,158784,1.18123e+08,1.18123e+08,1.18123e+08,166.287,166.287,166.287,213.637,213.637,213.637
606,315189,315189,315189,9022.88,9022.88,9022.88,8988.46,8988.46,8988.46,4.49556e+06,4.49556e+06,4.49556e+06,4.48366e+06,4.48366e+06,4.48366e+06,158961,158961,158961,158757,158757,158757,1.18116e+08,1.18116e+08,1.18116e+08,166.258,166.258,166.258,213.6,213.6,213.6
607,315210,315210,315210,9021.62,9021.62,9021.62,8987.21,8987.21,8987.21,4.49573e+06,4.49573e+06,4.49573e+06,4.48384e+06,4.48384e+06,4.48384e+06,158935,158935,158935,158731,158731,158731,1.1811e+08,1.1811e+08,1.1811e+08,166.231,166.231,166.231,213.565,213.565,213.565
608,315235,315235,315235,9020.54,9020.54,9020.54,8986.13,8986.13,8986.13,4.49594e+06,4.49594e+06,4.49594e+06,4.48405e+06,4.48405e+06,4.48405e+06,158911,158911,158911,158708,158708,158708,1.18103e+08,1.18103e+08,1.18103e+08,166.205,166.205,166.205,213.532,213.532,213.532
609,315265,315265,315265,9019.62,9019.62,9019.62,8985.21,8985.21,8985.21,4.49619e+06,4.49619e+06,4.49619e+06,4.4843e+06,4.4843e+06,4.4843e+06,158890,158890,158890,158686,158686,158686,1.18096e+08,1.18096e+08,1.18096e+08,166.182,166.182,166.182,213.501,213.501,213.501
610,315298,315298,315298,9018.86,9018.86,9018.86,8984.45,8984.45,8984.45,4.49647e+06,4.49647e+06,4.49647e+06,4.48457e+06,4.48457e+06,4.48457e+06,158870,158870,158870,158666,158666,158666,1.18089e+08,1.18089e+08,1.18089e+08,166.16,166.16,166.16,213.474,213.474,213.474
611,315334,315334,315334,9018.28,9018.28,9018.28,8983.87,8983.87,8983.87,4.49677e+06,4.49677e+06,4.49677e+06,4.48487e+06,4.48487e+06,4.48487e+06,158853,158853,158853,158649,158649,158649,1.18081e+08,1.18081e+08,1.18081e+08,166.141,166.141,166.141,213.449,213.449,213.449
612,315372,315372,315372,9017.86,9017.86,9017.86,8983.45,8983.45,8983.45,4.49708e+06,4.49708e+06,4.49708e+06,4.48519e+06,4.48519e+06,4.48519e+06,158838,158838,158838,158634,158634,158634,1.18074e+08,1.18074e+08,1.18074e+08,166.125,166.125,166.125,213.428,213.428,213.428
613,315411,315411,315411,9017.6,9017.6,9017.6,8983.19,8983.19,8983.19,4.4974e+06,4.4974e+06,4.4974e+06,4.48551e+06,4.48551e+06,4.48551e+06,158826,158826,158826,158621,158621,158621,1.18067e+08,1.18067e+08,1.18067e+08,166.111,166.111,166.111,213.41,213.41,213.41
614,315449,315449,315449,9017.49,9017.49,9017.49,8983.08,8983.08,8983.08,4.49772e+06,4.49772e+06,4.49772e+06,4.48583e+06,4.48583e+06,4.48583e+06,158816,158816,158816,158612,158612,158612,1.1806e+08,1.1806e+08,1.1806e+08,166.1,166.1,166.1,213.396,213.396,213.396
615,315486,315486,315486,9017.52,9017.52,9017.52,8983.11,8983.11,8983.11,4.49803e+06,4.49803e+06,4.49803e+06,4.48614e+06,4.48614e+06,4.48614e+06,158809,158809,158809,158605,158605,158605,1.18053e+08,1.18053e+08,1.18053e+08,166.092,166.092,166.092,213.385,213.385,213.385
616,315522,315522,315522,9017.69,9017.69,9017.69,8983.26,8983.26,8983.26,4.49833e+06,4.49833e+06,4.49833e+06,4.48643e+06,4.48643e+06,4.48643e+06,158805,158805,158805,158600,158600,158600,1.18046e+08,1.18046e+08,1.18046e+08,166.087,166.087,166.087,213.378,213.378,213.378
617,315554,315554,315554,9017.96,9017.96,9017.96,8983.54,8983.54,8983.54,4.4986e+06,4.4986e+06,4.4986e+06,4.4867e+06,4.4867e+06,4.4867e+06,158803,158803,158803,158598,158598,158598,1.18038e+08,1.18038e+08,1.18038e+08,166.084,166.084,166.084,213.375,213.375,213.375
618,315583,315583,315583,9018.34,9018.34,9018.34,8983.91,8983.91,8983.91,4.49884e+06,4.49884e+06,4.49884e+06,4.48694e+06,4.48694e+06,4.48694e+06,158803,158803,158803,158599,158599,158599,1.18031e+08,1.18031e+08,1.18031e+08,166.083,166.083,166.083,213.374,213.374,213.374
619,315607,315607,315607,9018.8,9018.8,9018.8,8984.37,8984.37,8984.37,4.49904e+06,4.49904e+06,4.49904e+06,4.48714e+06,4.48714e+06,4.48714e+06,158806,158806,158806,158602,158602,158602,1.18024e+08,1.18024e+08,1.18024e+08,166.086,166.086,166.086,213.377,213.377,213.377
620,315625,315625,315625,9019.32,9019.32,9019.32,8984.88,8984.88,8984.88,4.49919e+06,4.49919e+06,4.49919e+06,4.4873e+06,4.4873e+06,4.4873e+06,158811,158811,158811,158607,158607,158607,1.18017e+08,1.18017e+08,1.18017e+08,166.09,166.09,166.09,213.383,213.383,213.383
621,315638,315638,315638,9019.88,9019.88,9019.88,8985.44,8985.44,8985.44,4.4993e+06,4.4993e+06,4.4993e+06,4.4874e+06,4.4874e+06,4.4874e+06,158819,158819,158819,158614,158614,158614,1.18011e+08,1.18011e+08,1.18011e+08,166.097,166.097,166.097,213.391,213.391,213.391
622,315644,315644,315644,9020.46,9020.46,9020.46,8986.02,8986.02,8986.02,4.49935e+06,4.49935e+06,4.49935e+06,4.48745e+06,4.48745e+06,4.48745e+06,158827,158827,158827,158623,158623,158623,1.18004e+08,1.18004e+08,1.18004e+08,166.105,166.105,166.105,213.402,213.402,213.402
623,315643,315643,315643,9021.05,9021.05,9021.05,8986.61,8986.61,8986.61,4.49935e+06,4.49935e+06,4.49935e+06,4.48745e+06,4.48745e+06,4.48745e+06,158837,158837,158837,158633,158633,158633,1.17997e+08,1.17997e+08,1.17997e+08,166.115,166.115,166.115,213.415,213.415,213.415
624,315634,315634,315634,9021.62,9021.62,9021.62,8987.17,8987.17,8987.17,4.49928e+06,4.49928e+06,4.49928e+06,4.48738e+06,4.48738e+06,4.48738e+06,158849,158849,158849,158644,158644,158644,1.17991e+08,1.17991e+08,1.17991e+08,166.126,166.126,166.126,213.429,213.429,213.429
625,315617,315617,315617,9022.15,9022.15,9022.15,8987.7,8987.7,8987.7,4.49915e+06,4.49915e+06,4.49915e+06,4.48725e+06,4.48725e+06,4.48725e+06,158861,158861,158861,158657,158657,158657,1.17985e+08,1.17985e+08,1.17985e+08,166.138,166.138,166.138,213.445,213.445,213.445
626,315593,315593,315593,9022.62,9022.62,9022.62,8988.17,8988.17,8988.17,4.49895e+06,4.49895e+06,4.49895e+06,4.48705e+06,4.48705e+06,4.48705e+06,158874,158874,158874,158669,158669,158669,1.17979e+08,1.17979e+08,1.17979e+08,166.151,166.151,166.151,213.462,213.462,213.462
627,315560,315560,315560,9023.01,9023.01,9023.01,8988.56,8988.56,8988.56,4.49869e+06,4.49869e+06,4.49869e+06,4.48679e+06,4.48679e+06,4.48679e+06,158887,158887,158887,158683,158683,158683,1.17973e+08,1.17973e+08,1.17973e+08,166.165,166.165,166.165,213.479,213.479,213.479
628,315520,315520,315520,9023.29,9023.29,9023.29,8988.85,8988.85,8988.85,4.49837e+06,4.49837e+06,4.49837e+06,4.48646e+06,4.48646e+06,4.48646e+06,158900,158900,158900,158695,158695,158695,1.17967e+08,1.17967e+08,1.17967e+08,166.178,166.178,166.178,213.496,213.496,213.496
629,315472,315472,315472,9023.46,9023.46,9023.46,8989.02,8989.02,8989.02,4.49798e+06,4.49798e+06,4.49798e+06,4.48608e+06,4.48608e+06,4.48608e+06,158912,158912,158912,158708,158708,158708,1.17961e+08,1.17961e+08,1.17961e+08,166.191,166.191,166.191,213.512,213.512,213.512
630,315417,315417,315417,9023.5,9023.5,9023.5,8989.06,8989.06,8989.06,4.49753e+06,4.49753e+06,4.49753e+06,4.48563e+06,4.48563e+06,4.48563e+06,158923,158923,158923,158719,158719,158719,1.17956e+08,1.17956e+08,1.17956e+08,166.202,166.202,166.202,213.528,213.528,213.528
631,315355,315355,315355,9023.39,9023.39,9023.39,8988.96,8988.96,8988.96,4.49703e+06,4.49703e+06,4.49703e+06,4.48513e+06,4.48513e+06,4.48513e+06,158934,158934,158934,158730,158730,158730,1.1795e+08,1.1795e+08,1.1795e+08,166.213,166.213,166.213,213.542,213.542,213.542
632,315287,315287,315287,9023.14,9023.14,9023.14,8988.72,8988.72,8988.72,4.49648e+06,4.49648e+06,4.49648e+06,4.48458e+06,4.48458e+06,4.48458e+06,158943,158943,158943,158739,158739,158739,1.17945e+08,1.17945e+08,1.17945e+08,166.223,166.223,166.223,213.554,213.554,213.554
633,315214,315214,315214,9022.75,9022.75,9022.75,8988.33,8988.33,8988.33,4.49588e+06,4.49588e+06,4.49588e+06,4.48398e+06,4.48398e+06,4.48398e+06,158951,158951,158951,158747,158747,158747,1.1794e+08,1.1794e+08,1.1794e+08,166.231,166.231,166.231,213.565,213.565,213.565
634,315135,315135,315135,9022.2,9022.2,9022.2,8987.78,8987.78,8987.78,4.49524e+06,4.49524e+06,4.49524e+06,4.48334e+06,4.48334e+06,4.48334e+06,158957,158957,158957,158753,158753,158753,1.17935e+08,1.17935e+08,1.17935e+08,166.237,166.237,166.237,213.573,213.573,213.573
635,315052,315052,315052,9021.49,9021.49,9021.49,8987.09,8987.09,8987.09,4.49456e+06,4.49456e+06,4.49456e+06,4.48267e+06,4.48267e+06,4.48267e+06,158961,158961,158961,158758,158758,158758,1.17931e+08,1.17931e+08,1.17931e+08,166.242,166.242,166.242,213.579,213.579,213.579
636,314966,314966,314966,9020.63,9020.63,9020.63,8986.23,8986.23,8986.23,4.49386e+06,4.49386e+06,4.49386e+06,4.48197e+06,4.48197e+06,4.48197e+06,158964,158964,158964,158760,158760,158760,1.17926e+08,1.17926e+08,1.17926e+08,166.245,166.245,166.245,213.583,213.583,213.583
637,314877,314877,314877,9019.6,9019.6,9019.6,8985.21,8985.21,8985.21,4.49313e+06,4.49313e+06,4.49313e+06,4.48124e+06,4.48124e+06,4.48124e+06,158964,158964,158964,158760,158760,158760,1.17921e+08,1.17921e+08,1.17921e+08,166.245,166.245,166.245,213.583,213.583,213.583
638,314787,314787,314787,9018.42,9018.42,9018.42,8984.04,8984.04,8984.04,4.49239e+06,4.49239e+06,4.49239e+06,4.48051e+06,4.48051e+06,4.48051e+06,158962,158962,158962,158758,158758,158758,1.17917e+08,1.17917e+08,1.17917e+08,166.243,166.243,166.243,213.58,213.58,213.58
639,314695,314695,314695,9017.07,9017.07,9017.07,8982.7,8982.7,8982.7,4.49165e+06,4.49165e+06,4.49165e+06,4.47976e+06,4.47976e+06,4.47976e+06,158957,158957,158957,158753,158753,158753,1.17912e+08,1.17912e+08,1.17912e+08,166.238,166.238,166.238,213.574,213.574,213.574
640,314604,314604,314604,9015.57,9015.57,9015.57,8981.22,8981.22,8981.22,4.4909e+06,4.4909e+06,4.4909e+06,4.47902e+06,4.47902e+06,4.47902e+06,158949,158949,158949,158746,158746,158746,1.17908e+08,1.17908e+08,1.17908e+08,166.23,166.23,166.23,213.565,213.565,213.565
641,314515,314515,314515,9013.93,9013.93,9013.93,8979.59,8979.59,8979.59,4.49017e+06,4.49017e+06,4.49017e+06,4.47829e+06,4.47829e+06,4.47829e+06,158939,158939,158939,158736,158736,158736,1.17904e+08,1.17904e+08,1.17904e+08,166.22,166.22,166.22,213.552,213.552,213.552
642,314427,314427,314427,9012.17,9012.17,9012.17,8977.84,8977.84,8977.84,4.48945e+06,4.48945e+06,4.48945e+06,4.47758e+06,4.47758e+06,4.47758e+06,158926,158926,158926,158723,158723,158723,1.17899e+08,1.17899e+08,1.17899e+08,166.207,166.207,166.207,213.535,213.535,213.535
643,314343,314343,314343,9010.29,9010.29,9010.29,8975.98,8975.98,8975.98,4.48876e+06,4.48876e+06,4.48876e+06,4.47689e+06,4.47689e+06,4.47689e+06,158911,158911,158911,158708,158708,158708,1.17895e+08,1.17895e+08,1.17895e+08,166.191,166.191,166.191,213.515,213.515,213.515
644,314262,314262,314262,9008.33,9008.33,9008.33,8974.02,8974.02,8974.02,4.48811e+06,4.48811e+06,4.48811e+06,4.47624e+06,4.47624e+06,4.47624e+06,158893,158893,158893,158690,158690,158690,1.17891e+08,1.17891e+08,1.17891e+08,166.173,166.173,166.173,213.491,213.491,213.491
645,314187,314187,314187,9006.29,9006.29,9006.29,8971.99,8971.99,8971.99,4.48749e+06,4.48749e+06,4.48749e+06,4.47562e+06,4.47562e+06,4.47562e+06,158873,158873,158873,158670,158670,158670,1.17886e+08,1.17886e+08,1.17886e+08,166.152,166.152,166.152,213.465,213.465,213.465
646,314117,314117,314117,9004.19,9004.19,9004.19,8969.91,8969.91,8969.91,4.48692e+06,4.48692e+06,4.48692e+06,4.47505e+06,4.47505e+06,4.47505e+06,158851,158851,158851,158649,158649,158649,1.17882e+08,1.17882e+08,1.17882e+08,166.13,166.13,166.13,213.436,213.436,213.436
647,314053,314053,314053,9002.07,9002.07,9002.07,8967.8,8967.8,8967.8,4.48639e+06,4.48639e+06,4.48639e+06,4.47453e+06,4.47453e+06,4.47453e+06,158828,158828,158828,158625,158625,158625,1.17877e+08,1.17877e+08,1.17877e+08,166.105,166.105,166.105,213.404,213.404,213.404
648,313995,313995,313995,8999.93,8999.93,8999.93,8965.67,8965.67,8965.67,4.48593e+06,4.48593e+06,4.48593e+06,4.47407e+06,4.47407e+06,4.47407e+06,158802,158802,158802,158600,158600,158600,1.17873e+08,1.17873e+08,1.17873e+08,166.078,166.078,166.078,213.37,213.37,213.37
649,313945,313945,313945,8997.79,8997.79,8997.79,8963.54,8963.54,8963.54,4.48552e+06,4.48552e+06,4.48552e+06,4.47366e+06,4.47366e+06,4.47366e+06,158776,158776,158776,158573,158573,158573,1.17868e+08,1.17868e+08,1.17868e+08,166.051,166.051,166.051,213.334,213.334,213.334
650,313903,313903,313903,8995.68,8995.68,8995.68,8961.44,8961.44,8961.44,4.48517e+06,4.48517e+06,4.48517e+06,4.47332e+06,4.47332e+06,4.47332e+06,158748,158748,158748,158545,158545,158545,1.17863e+08,1.17863e+08,1.17863e+08,166.021,166.021,166.021,213.297,213.297,213.297
651,313868,313868,313868,8993.6,8993.6,8993.6,8959.37,8959.37,8959.37,4.48489e+06,4.48489e+06,4.48489e+06,4.47304e+06,4.47304e+06,4.47304e+06,158719,158719,158719,158516,158516,158516,1.17858e+08,1.17858e+08,1.17858e+08,165.991,165.991,165.991,213.258,213.258,213.258
652,313842,313842,313842,8991.59,8991.59,8991.59,8957.37,8957.37,8957.37,4.48467e+06,4.48467e+06,4.48467e+06,4.47282e+06,4.47282e+06,4.47282e+06,158690,158690,158690,158487,158487,158487,1.17853e+08,1.17853e+08,1.17853e+08,165.961,165.961,165.961,213.219,213.219,213.219
653,313823,313823,313823,8989.65,8989.65,8989.65,8955.44,8955.44,8955.44,4.48452e+06,4.48452e+06,4.48452e+06,4.47268e+06,4.47268e+06,4.47268e+06,158660,158660,158660,158457,158457,158457,1.17848e+08,1.17848e+08,1.17848e+08,165.929,165.929,165.929,213.179,213.179,213.179
654,313813,313813,313813,8987.82,8987.82,8987.82,8953.61,8953.61,8953.61,4.48444e+06,4.48444e+06,4.48444e+06,4.4726e+06,4.4726e+06,4.4726e+06,158631,158631,158631,158428,158428,158428,1.17843e+08,1.17843e+08,1.17843e+08,165.898,165.898,165.898,213.139,213.139,213.139
655,313810,313810,313810,8986.09,8986.09,8986.09,8951.9,8951.9,8951.9,4.48442e+06,4.48442e+06,4.48442e+06,4.47258e+06,4.47258e+06,4.47258e+06,158602,158602,158602,158399,158399,158399,1.17838e+08,1.17838e+08,1.17838e+08,165.868,165.868,165.868,213.099,213.099,213.099
656,313815,313815,313815,8984.5,8984.5,8984.5,8950.31,8950.31,8950.31,4.48446e+06,4.48446e+06,4.48446e+06,4.47262e+06,4.47262e+06,4.47262e+06,158573,158573,158573,158370,158370,158370,1.17832e+08,1.17832e+08,1.17832e+08,165.837,165.837,165.837,213.06,213.06,213.06
657,313827,313827,313827,8983.05,8983.05,8983.05,8948.86,8948.86,8948.86,4.48457e+06,4.48457e+06,4.48457e+06,4.47273e+06,4.47273e+06,4.47273e+06,158546,158546,158546,158343,158343,158343,1.17827e+08,1.17827e+08,1.17827e+08,165.808,165.808,165.808,213.023,213.023,213.023
658,313846,313846,313846,8981.75,8981.75,8981.75,8947.57,8947.57,8947.57,4.48472e+06,4.48472e+06,4.48472e+06,4.47289e+06,4.47289e+06,4.47289e+06,158520,158520,158520,158317,158317,158317,1.17821e+08,1.17821e+08,1.17821e+08,165.78,165.78,165.78,212.987,212.987,212.987
659,313871,313871,313871,8980.62,8980.62,8980.62,8946.44,8946.44,8946.44,4.48493e+06,4.48493e+06,4.48493e+06,4.4731e+06,4.4731e+06,4.4731e+06,158495,158495,158495,158292,158292,158292,1.17816e+08,1.17816e+08,1.17816e+08,165.754,165.754,165.754,212.953,212.953,212.953
660,313901,313901,313901,8979.66,8979.66,8979.66,8945.48,8945.48,8945.48,4.48518e+06,4.48518e+06,4.48518e+06,4.47335e+06,4.47335e+06,4.47335e+06,158472,158472,158472,158269,158269,158269,1.1781e+08,1.1781e+08,1.1781e+08,165.73,165.73,165.73,212.921,212.921,212.921
661,313936,313936,313936,8978.86,8978.86,8978.86,8944.68,8944.68,8944.68,4.48547e+06,4.48547e+06,4.48547e+06,4.47364e+06,4.47364e+06,4.47364e+06,158452,158452,158452,158249,158249,158249,1.17804e+08,1.17804e+08,1.17804e+08,165.708,165.708,165.708,212.893,212.893,212.893
662,313975,313975,313975,8978.25,8978.25,8978.25,8944.06,8944.06,8944.06,4.48579e+06,4.48579e+06,4.48579e+06,4.47396e+06,4.47396e+06,4.47396e+06,158433,158433,158433,158230,158230,158230,1.17798e+08,1.17798e+08,1.17798e+08,165.687,165.687,165.687,212.867,212.867,212.867
663,314017,314017,314017,8977.8,8977.8,8977.8,8943.62,8943.62,8943.62,4.48614e+06,4.48614e+06,4.48614e+06,4.4743e+06,4.4743e+06,4.4743e+06,158417,158417,158417,158214,158214,158214,1.17793e+08,1.17793e+08,1.17793e+08,165.67,165.67,165.67,212.844,212.844,212.844
664,314060,314060,314060,8977.52,8977.52,8977.52,8943.34,8943.34,8943.34,4.4865e+06,4.4865e+06,4.4865e+06,4.47467e+06,4.47467e+06,4.47467e+06,158404,158404,158404,158200,158200,158200,1.17787e+08,1.17787e+08,1.17787e+08,165.655,165.655,165.655,212.825,212.825,212.825
665,314105,314105,314105,8977.41,8977.41,8977.41,8943.22,8943.22,8943.22,4.48687e+06,4.48687e+06,4.48687e+06,4.47504e+06,4.47504e+06,4.47504e+06,158393,158393,158393,158189,158189,158189,1.17781e+08,1.17781e+08,1.17781e+08,165.642,165.642,165.642,212.809,212.809,212.809
666,314150,314150,314150,8977.45,8977.45,8977.45,8943.26,8943.26,8943.26,4.48725e+06,4.48725e+06,4.48725e+06,4.47541e+06,4.47541e+06,4.47541e+06,158384,158384,158384,158181,158181,158181,1.17775e+08,1.17775e+08,1.17775e+08,165.633,165.633,165.633,212.796,212.796,212.796
667,314195,314195,314195,8977.64,8977.64,8977.64,8943.44,8943.44,8943.44,4.48761e+06,4.48761e+06,4.48761e+06,4.47578e+06,4.47578e+06,4.47578e+06,158379,158379,158379,158175,158175,158175,1.1777e+08,1.1777e+08,1.1777e+08,165.626,165.626,165.626,212.787,212.787,212.787
668,314237,314237,314237,8977.97,8977.97,8977.97,8943.77,8943.77,8943.77,4.48797e+06,4.48797e+06,4.48797e+06,4.47613e+06,4.47613e+06,4.47613e+06,158376,158376,158376,158172,158172,158172,1.17764e+08,1.17764e+08,1.17764e+08,165.622,165.622,165.622,212.782,212.782,212.782
669,314277,314277,314277,8978.41,8978.41,8978.41,8944.21,8944.21,8944.21,4.4883e+06,4.4883e+06,4.4883e+06,4.47646e+06,4.47646e+06,4.47646e+06,158375,158375,158375,158172,158172,158172,1.17759e+08,1.17759e+08,1.17759e+08,165.621,165.621,165.621,212.78,212.78,212.78
670,314313,314313,314313,8978.97,8978.97,8978.97,8944.76,8944.76,8944.76,4.4886e+06,4.4886e+06,4.4886e+06,4.47676e+06,4.47676e+06,4.47676e+06,158378,158378,158378,158174,158174,158174,1.17753e+08,1.17753e+08,1.17753e+08,165.622,165.622,165.622,212.782,212.782,212.782
671,314345,314345,314345,8979.61,8979.61,8979.61,8945.39,8945.39,8945.39,4.48886e+06,4.48886e+06,4.48886e+06,4.47702e+06,4.47702e+06,4.47702e+06,158382,158382,158382,158178,158178,158178,1.17748e+08,1.17748e+08,1.17748e+08,165.626,165.626,165.626,212.787,212.787,212.787
672,314372,314372,314372,8980.32,8980.32,8980.32,8946.1,8946.1,8946.1,4.48909e+06,4.48909e+06,4.48909e+06,4.47725e+06,4.47725e+06,4.47725e+06,158389,158389,158389,158185,158185,158185,1.17742e+08,1.17742e+08,1.17742e+08,165.632,165.632,165.632,212.795,212.795,212.795
673,314393,314393,314393,8981.08,8981.08,8981.08,8946.86,8946.86,8946.86,4.48927e+06,4.48927e+06,4.48927e+06,4.47742e+06,4.47742e+06,4.47742e+06,158398,158398,158398,158194,158194,158194,1.17737e+08,1.17737e+08,1.17737e+08,165.641,165.641,165.641,212.806,212.806,212.806
674,314408,314408,314408,8981.87,8981.87,8981.87,8947.64,8947.64,8947.64,4.48939e+06,4.48939e+06,4.48939e+06,4.47755e+06,4.47755e+06,4.47755e+06,158408,158408,158408,158204,158204,158204,1.17732e+08,1.17732e+08,1.17732e+08,165.651,165.651,165.651,212.819,212.819,212.819
675,314416,314416,314416,8982.67,8982.67,8982.67,8948.44,8948.44,8948.44,4.48946e+06,4.48946e+06,4.48946e+06,4.47761e+06,4.47761e+06,4.47761e+06,158420,158420,158420,158216,158216,158216,1.17728e+08,1.17728e+08,1.17728e+08,165.663,165.663,165.663,212.835,212.835,212.835
676,314416,314416,314416,8983.46,8983.46,8983.46,8949.23,8949.23,8949.23,4.48946e+06,4.48946e+06,4.48946e+06,4.47762e+06,4.47762e+06,4.47762e+06,158434,158434,158434,158230,158230,158230,1.17723e+08,1.17723e+08,1.17723e+08,165.676,165.676,165.676,212.852,212.852,212.852
677,314409,314409,314409,8984.22,8984.22,8984.22,8949.98,8949.98,8949.98,4.48941e+06,4.48941e+06,4.48941e+06,4.47756e+06,4.47756e+06,4.47756e+06,158448,158448,158448,158244,158244,158244,1.17719e+08,1.17719e+08,1.17719e+08,165.691,165.691,165.691,212.87,212.87,212.87
678,314395,314395,314395,8984.93,8984.93,8984.93,8950.69,8950.69,8950.69,4.48929e+06,4.48929e+06,4.48929e+06,4.47744e+06,4.47744e+06,4.47744e+06,158463,158463,158463,158259,158259,158259,1.17714e+08,1.17714e+08,1.17714e+08,165.706,165.706,165.706,212.89,212.89,212.89
679,314372,314372,314372,8985.57,8985.57,8985.57,8951.33,8951.33,8951.33,4.48911e+06,4.48911e+06,4.48911e+06,4.47726e+06,4.47726e+06,4.47726e+06,158478,158478,158478,158275,158275,158275,1.1771e+08,1.1771e+08,1.1771e+08,165.722,165.722,165.722,212.91,212.91,212.91
680,314342,314342,314342,8986.11,8986.11,8986.11,8951.87,8951.87,8951.87,4.48886e+06,4.48886e+06,4.48886e+06,4.47702e+06,4.47702e+06,4.47702e+06,158494,158494,158494,158290,158290,158290,1.17706e+08,1.17706e+08,1.17706e+08,165.738,165.738,165.738,212.931,212.931,212.931
681,314304,314304,314304,8986.56,8986.56,8986.56,8952.32,8952.32,8952.32,4.48856e+06,4.48856e+06,4.48856e+06,4.47671e+06,4.47671e+06,4.47671e+06,158509,158509,158509,158305,158305,158305,1.17702e+08,1.17702e+08,1.17702e+08,165.753,165.753,165.753,212.951,212.951,212.951
682,314259,314259,314259,8986.88,8986.88,8986.88,8952.65,8952.65,8952.65,4.48819e+06,4.48819e+06,4.48819e+06,4.47634e+06,4.47634e+06,4.47634e+06,158523,158523,158523,158320,158320,158320,1.17699e+08,1.17699e+08,1.17699e+08,165.768,165.768,165.768,212.97,212.97,212.97
683,314206,314206,314206,8987.08,8987.08,8987.08,8952.84,8952.84,8952.84,4.48776e+06,4.48776e+06,4.48776e+06,4.47592e+06,4.47592e+06,4.47592e+06,158537,158537,158537,158333,158333,158333,1.17695e+08,1.17695e+08,1.17695e+08,165.783,165.783,165.783,212.989,212.989,212.989
684,314148,314148,314148,8987.12,8987.12,8987.12,8952.89,8952.89,8952.89,4.48729e+06,4.48729e+06,4.48729e+06,4.47544e+06,4.47544e+06,4.47544e+06,158549,158549,158549,158346,158346,158346,1.17692e+08,1.17692e+08,1.17692e+08,165.796,165.796,165.796,213.006,213.006,213.006
685,314084,314084,314084,8987.02,8987.02,8987.02,8952.79,8952.79,8952.79,4.48676e+06,4.48676e+06,4.48676e+06,4.47491e+06,4.47491e+06,4.47491e+06,158560,158560,158560,158357,158357,158357,1.17689e+08,1.17689e+08,1.17689e+08,165.807,165.807,165.807,213.021,213.021,213.021
686,314014,314014,314014,8986.76,8986.76,8986.76,8952.53,8952.53,8952.53,4.48619e+06,4.48619e+06,4.48619e+06,4.47435e+06,4.47435e+06,4.47435e+06,158570,158570,158570,158366,158366,158366,1.17686e+08,1.17686e+08,1.17686e+08,165.817,165.817,165.817,213.033,213.033,213.033
687,313940,313940,313940,8986.33,8986.33,8986.33,8952.11,8952.11,8952.11,4.48559e+06,4.48559e+06,4.48559e+06,4.47375e+06,4.47375e+06,4.47375e+06,158577,158577,158577,158374,158374,158374,1.17683e+08,1.17683e+08,1.17683e+08,165.825,165.825,165.825,213.044,213.044,213.044
688,313863,313863,313863,8985.73,8985.73,8985.73,8951.53,8951.53,8951.53,4.48496e+06,4.48496e+06,4.48496e+06,4.47311e+06,4.47311e+06,4.47311e+06,158582,158582,158582,158379,158379,158379,1.1768e+08,1.1768e+08,1.1768e+08,165.831,165.831,165.831,213.051,213.051,213.051
689,313783,313783,313783,8984.97,8984.97,8984.97,8950.77,8950.77,8950.77,4.4843e+06,4.4843e+06,4.4843e+06,4.47246e+06,4.47246e+06,4.47246e+06,158585,158585,158585,158382,158382,158382,1.17677e+08,1.17677e+08,1.17677e+08,165.834,165.834,165.834,213.056,213.056,213.056
690,313701,313701,313701,8984.05,8984.05,8984.05,8949.86,8949.86,8949.86,4.48363e+06,4.48363e+06,4.48363e+06,4.47179e+06,4.47179e+06,4.47179e+06,158586,158586,158586,158383,158383,158383,1.17675e+08,1.17675e+08,1.17675e+08,165.835,165.835,165.835,213.057,213.057,213.057
691,313618,313618,313618,8982.98,8982.98,8982.98,8948.8,8948.8,8948.8,4.48296e+06,4.48296e+06,4.48296e+06,4.47112e+06,4.47112e+06,4.47112e+06,158584,158584,158584,158381,158381,158381,1.17672e+08,1.17672e+08,1.17672e+08,165.833,165.833,165.833,213.055,213.055,213.055
692,313536,313536,313536,8981.75,8981.75,8981.75,8947.58,8947.58,8947.58,4.48228e+06,4.48228e+06,4.48228e+06,4.47044e+06,4.47044e+06,4.47044e+06,158579,158579,158579,158377,158377,158377,1.17669e+08,1.17669e+08,1.17669e+08,165.829,165.829,165.829,213.05,213.05,213.05
693,313454,313454,313454,8980.39,8980.39,8980.39,8946.23,8946.23,8946.23,4.48161e+06,4.48161e+06,4.48161e+06,4.46978e+06,4.46978e+06,4.46978e+06,158572,158572,158572,158370,158370,158370,1.17667e+08,1.17667e+08,1.17667e+08,165.822,165.822,165.822,213.041,213.041,213.041
694,313375,313375,313375,8978.9,8978.9,8978.9,8944.75,8944.75,8944.75,4.48096e+06,4.48096e+06,4.48096e+06,4.46913e+06,4.46913e+06,4.46913e+06,158562,158562,158562,158360,158360,158360,1.17664e+08,1.17664e+08,1.17664e+08,165.812,165.812,165.812,213.028,213.028,213.028
695,313298,313298,313298,8977.31,8977.31,8977.31,8943.17,8943.17,8943.17,4.48033e+06,4.48033e+06,4.48033e+06,4.46851e+06,4.46851e+06,4.46851e+06,158550,158550,158550,158348,158348,158348,1.17662e+08,1.17662e+08,1.17662e+08,165.8,165.8,165.8,213.012,213.012,213.012
696,313226,313226,313226,8975.61,8975.61,8975.61,8941.48,8941.48,8941.48,4.47974e+06,4.47974e+06,4.47974e+06,4.46791e+06,4.46791e+06,4.46791e+06,158536,158536,158536,158333,158333,158333,1.17659e+08,1.17659e+08,1.17659e+08,165.785,165.785,165.785,212.993,212.993,212.993
697,313158,313158,313158,8973.84,8973.84,8973.84,8939.72,8939.72,8939.72,4.47918e+06,4.47918e+06,4.47918e+06,4.46736e+06,4.46736e+06,4.46736e+06,158519,158519,158519,158317,158317,158317,1.17657e+08,1.17657e+08,1.17657e+08,165.768,165.768,165.768,212.971,212.971,212.971
698,313095,313095,313095,8972.01,8972.01,8972.01,8937.9,8937.9,8937.9,4.47867e+06,4.47867e+06,4.47867e+06,4.46685e+06,4.46685e+06,4.46685e+06,158500,158500,158500,158298,158298,158298,1.17654e+08,1.17654e+08,1.17654e+08,165.748,165.748,165.748,212.946,212.946,212.946
699,313038,313038,313038,8970.14,8970.14,8970.14,8936.04,8936.04,8936.04,4.4782e+06,4.4782e+06,4.4782e+06,4.46638e+06,4.46638e+06,4.46638e+06,158479,158479,158479,158277,158277,158277,1.17651e+08,1.17651e+08,1.17651e+08,165.727,165.727,165.727,212.919,212.919,212.919
700,312988,312988,312988,8968.24,8968.24,8968.24,8934.16,8934.16,8934.16,4.47779e+06,4.47779e+06,4.47779e+06,4.46598e+06,4.46598e+06,4.46598e+06,158457,158457,158457,158255,158255,158255,1.17648e+08,1.17648e+08,1.17648e+08,165.704,165.704,165.704,212.889,212.889,212.889
701,312945,312945,312945,8966.35,8966.35,8966.35,8932.27,8932.27,8932.27,4.47744e+06,4.47744e+06,4.47744e+06,4.46563e+06,4.46563e+06,4.46563e+06,158433,158433,158433,158231,158231,158231,1.17645e+08,1.17645e+08,1.17645e+08,165.679,165.679,165.679,212.857,212.857,212.857
702,312909,312909,312909,8964.48,8964.48,8964.48,8930.41,8930.41,8930.41,4.47715e+06,4.47715e+06,4.47715e+06,4.46534e+06,4.46534e+06,4.46534e+06,158408,158408,158408,158206,158206,158206,1.17642e+08,1.17642e+08,1.17642e+08,165.653,165.653,165.653,212.823,212.823,212.823
703,312882,312882,312882,8962.64,8962.64,8962.64,8928.58,8928.58,8928.58,4.47692e+06,4.47692e+06,4.47692e+06,4.46511e+06,4.46511e+06,4.46511e+06,158382,158382,158382,158180,158180,158180,1.17639e+08,1.17639e+08,1.17639e+08,165.625,165.625,165.625,212.788,212.788,212.788
704,312862,312862,312862,8960.87,8960.87,8960.87,8926.81,8926.81,8926.81,4.47676e+06,4.47676e+06,4.47676e+06,4.46496e+06,4.46496e+06,4.46496e+06,158355,158355,158355,158153,158153,158153,1.17636e+08,1.17636e+08,1.17636e+08,165.598,165.598,165.598,212.753,212.753,212.753
705,312850,312850,312850,8959.17,8959.17,8959.17,8925.12,8925.12,8925.12,4.47667e+06,4.47667e+06,4.47667e+06,4.46486e+06,4.46486e+06,4.46486e+06,158328,158328,158328,158126,158126,158126,1.17633e+08,1.17633e+08,1.17633e+08,165.569,165.569,165.569,212.716,212.716,212.716
706,312847,312847,312847,8957.57,8957.57,8957.57,8923.53,8923.53,8923.53,4.47664e+06,4.47664e+06,4.47664e+06,4.46484e+06,4.46484e+06,4.46484e+06,158301,158301,158301,158099,158099,158099,1.17629e+08,1.17629e+08,1.17629e+08,165.541,165.541,165.541,212.68,212.68,212.68
707,312851,312851,312851,8956.07,8956.07,8956.07,8922.04,8922.04,8922.04,4.47667e+06,4.47667e+06,4.47667e+06,4.46487e+06,4.46487e+06,4.46487e+06,158275,158275,158275,158073,158073,158073,1.17626e+08,1.17626e+08,1.17626e+08,165.513,165.513,165.513,212.644,212.644,212.644
708,312863,312863,312863,8954.71,8954.71,8954.71,8920.68,8920.68,8920.68,4.47677e+06,4.47677e+06,4.47677e+06,4.46497e+06,4.46497e+06,4.46497e+06,158249,158249,158249,158047,158047,158047,1.17622e+08,1.17622e+08,1.17622e+08,165.486,165.486,165.486,212.609,212.609,212.609
709,312881,312881,312881,8953.48,8953.48,8953.48,8919.46,8919.46,8919.46,4.47693e+06,4.47693e+06,4.47693e+06,4.46513e+06,4.46513e+06,4.46513e+06,158224,158224,158224,158022,158022,158022,1.17618e+08,1.17618e+08,1.17618e+08,165.459,165.459,165.459,212.575,212.575,212.575
710,312907,312907,312907,8952.41,8952.41,8952.41,8918.38,8918.38,8918.38,4.47714e+06,4.47714e+06,4.47714e+06,4.46534e+06,4.46534e+06,4.46534e+06,158201,158201,158201,157998,157998,157998,1.17615e+08,1.17615e+08,1.17615e+08,165.434,165.434,165.434,212.542,212.542,212.542
711,312939,312939,312939,8951.49,8951.49,8951.49,8917.47,8917.47,8917.47,4.4774e+06,4.4774e+06,4.4774e+06,4.46561e+06,4.46561e+06,4.46561e+06,158178,158178,158178,157976,157976,157976,1.17611e+08,1.17611e+08,1.17611e+08,165.411,165.411,165.411,212.512,212.512,212.512
712,312976,312976,312976,8950.74,8950.74,8950.74,8916.72,8916.72,8916.72,4.47771e+06,4.47771e+06,4.47771e+06,4.46592e+06,4.46592e+06,4.46592e+06,158158,158158,158158,157955,157955,157955,1.17607e+08,1.17607e+08,1.17607e+08,165.389,165.389,165.389,212.483,212.483,212.483
713,313018,313018,313018,8950.16,8950.16,8950.16,8916.13,8916.13,8916.13,4.47806e+06,4.47806e+06,4.47806e+06,4.46626e+06,4.46626e+06,4.46626e+06,158140,158140,158140,157937,157937,157937,1.17603e+08,1.17603e+08,1.17603e+08,165.369,165.369,165.369,212.458,212.458,212.458
714,313064,313064,313064,8949.75,8949.75,8949.75,8915.72,8915.72,8915.72,4.47844e+06,4.47844e+06,4.47844e+06,4.46664e+06,4.46664e+06,4.46664e+06,158123,158123,158123,157921,157921,157921,1.17599e+08,1.17599e+08,1.17599e+08,165.351,165.351,165.351,212.435,212.435,212.435
715,313113,313113,313113,8949.52,8949.52,8949.52,8915.49,8915.49,8915.49,4.47884e+06,4.47884e+06,4.47884e+06,4.46705e+06,4.46705e+06,4.46705e+06,158109,158109,158109,157907,157907,157907,1.17595e+08,1.17595e+08,1.17595e+08,165.336,165.336,165.336,212.415,212.415,212.415
716,313164,313164,313164,8949.45,8949.45,8949.45,8915.42,8915.42,8915.42,4.47926e+06,4.47926e+06,4.47926e+06,4.46747e+06,4.46747e+06,4.46747e+06,158098,158098,158098,157895,157895,157895,1.17591e+08,1.17591e+08,1.17591e+08,165.323,165.323,165.323,212.399,212.399,212.399
717,313216,313216,313216,8949.55,8949.55,8949.55,8915.51,8915.51,8915.51,4.4797e+06,4.4797e+06,4.4797e+06,4.4679e+06,4.4679e+06,4.4679e+06,158089,158089,158089,157886,157886,157886,1.17587e+08,1.17587e+08,1.17587e+08,165.313,165.313,165.313,212.386,212.386,212.386
718,313269,313269,313269,8949.81,8949.81,8949.81,8915.76,8915.76,8915.76,4.48013e+06,4.48013e+06,4.48013e+06,4.46833e+06,4.46833e+06,4.46833e+06,158083,158083,158083,157880,157880,157880,1.17583e+08,1.17583e+08,1.17583e+08,165.306,165.306,165.306,212.377,212.377,212.377
719,313321,313321,313321,8950.21,8950.21,8950.21,8916.16,8916.16,8916.16,4.48056e+06,4.48056e+06,4.48056e+06,4.46876e+06,4.46876e+06,4.46876e+06,158080,158080,158080,157877,157877,157877,1.17579e+08,1.17579e+08,1.17579e+08,165.302,165.302,165.302,212.371,212.371,212.371
720,313371,313371,313371,8950.75,8950.75,8950.75,8916.7,8916.7,8916.7,4.48097e+06,4.48097e+06,4.48097e+06,4.46917e+06,4.46917e+06,4.46917e+06,158079,158079,158079,157876,157876,157876,1.17575e+08,1.17575e+08,1.17575e+08,165.3,165.3,165.3,212.368,212.368,212.368
721,313419,313419,313419,8951.41,8951.41,8951.41,8917.35,8917.35,8917.35,4.48137e+06,4.48137e+06,4.48137e+06,4.46957e+06,4.46957e+06,4.46957e+06,158080,158080,158080,157877,157877,157877,1.17571e+08,1.17571e+08,1.17571e+08,165.301,165.301,165.301,212.37,212.37,212.37
722,313463,313463,313463,8952.18,8952.18,8952.18,8918.11,8918.11,8918.11,4.48174e+06,4.48174e+06,4.48174e+06,4.46993e+06,4.46993e+06,4.46993e+06,158085,158085,158085,157882,157882,157882,1.17567e+08,1.17567e+08,1.17567e+08,165.305,165.305,165.305,212.374,212.374,212.374
723,313504,313504,313504,8953.04,8953.04,8953.04,8918.97,8918.97,8918.97,4.48207e+06,4.48207e+06,4.48207e+06,4.47026e+06,4.47026e+06,4.47026e+06,158091,158091,158091,157888,157888,157888,1.17563e+08,1.17563e+08,1.17563e+08,165.311,165.311,165.311,212.382,212.382,212.382
724,313539,313539,313539,8953.97,8953.97,8953.97,8919.89,8919.89,8919.89,4.48236e+06,4.48236e+06,4.48236e+06,4.47055e+06,4.47055e+06,4.47055e+06,158100,158100,158100,157897,157897,157897,1.1756e+08,1.1756e+08,1.1756e+08,165.319,165.319,165.319,212.393,212.393,212.393
725,313568,313568,313568,8954.95,8954.95,8954.95,8920.87,8920.87,8920.87,4.4826e+06,4.4826e+06,4.4826e+06,4.4708e+06,4.4708e+06,4.4708e+06,158111,158111,158111,157908,157908,157908,1.17556e+08,1.17556e+08,1.17556e+08,165.33,165.33,165.33,212.407,212.407,212.407
726,313591,313591,313591,8955.96,8955.96,8955.96,8921.88,8921.88,8921.88,4.4828e+06,4.4828e+06,4.4828e+06,4.47099e+06,4.47099e+06,4.47099e+06,158124,158124,158124,157921,157921,157921,1.17553e+08,1.17553e+08,1.17553e+08,165.343,165.343,165.343,212.423,212.423,212.423
727,313608,313608,313608,8956.99,8956.99,8956.99,8922.9,8922.9,8922.9,4.48293e+06,4.48293e+06,4.48293e+06,4.47112e+06,4.47112e+06,4.47112e+06,158138,158138,158138,157935,157935,157935,1.1755e+08,1.1755e+08,1.1755e+08,165.357,165.357,165.357,212.442,212.442,212.442
728,313617,313617,313617,8958.01,8958.01,8958.01,8923.91,8923.91,8923.91,4.48301e+06,4.48301e+06,4.48301e+06,4.4712e+06,4.4712e+06,4.4712e+06,158154,158154,158154,157951,157951,157951,1.17547e+08,1.17547e+08,1.17547e+08,165.373,165.373,165.373,212.462,212.462,212.462
729,313618,313618,313618,8959,8959,8959,8924.9,8924.9,8924.9,4.48302e+06,4.48302e+06,4.48302e+06,4.47121e+06,4.47121e+06,4.47121e+06,158170,158170,158170,157967,157967,157967,1.17544e+08,1.17544e+08,1.17544e+08,165.39,165.39,165.39,212.484,212.484,212.484
730,313612,313612,313612,8959.94,8959.94,8959.94,8925.84,8925.84,8925.84,4.48297e+06,4.48297e+06,4.48297e+06,4.47116e+06,4.47116e+06,4.47116e+06,158188,158188,158188,157984,157984,157984,1.17541e+08,1.17541e+08,1.17541e+08,165.408,165.408,165.408,212.507,212.507,212.507
731,313598,313598,313598,8960.81,8960.81,8960.81,8926.71,8926.71,8926.71,4.48286e+06,4.48286e+06,4.48286e+06,4.47105e+06,4.47105e+06,4.47105e+06,158205,158205,158205,158002,158002,158002,1.17539e+08,1.17539e+08,1.17539e+08,165.426,165.426,165.426,212.531,212.531,212.531
732,313576,313576,313576,8961.6,8961.6,8961.6,8927.49,8927.49,8927.49,4.48268e+06,4.48268e+06,4.48268e+06,4.47087e+06,4.47087e+06,4.47087e+06,158223,158223,158223,158020,158020,158020,1.17536e+08,1.17536e+08,1.17536e+08,165.445,165.445,165.445,212.554,212.554,212.554
733,313547,313547,313547,8962.29,8962.29,8962.29,8928.18,8928.18,8928.18,4.48244e+06,4.48244e+06,4.48244e+06,4.47063e+06,4.47063e+06,4.47063e+06,158241,158241,158241,158038,158038,158038,1.17534e+08,1.17534e+08,1.17534e+08,165.463,165.463,165.463,212.578,212.578,212.578
734,313510,313510,313510,8962.85,8962.85,8962.85,8928.74,8928.74,8928.74,4.48214e+06,4.48214e+06,4.48214e+06,4.47033e+06,4.47033e+06,4.47033e+06,158258,158258,158258,158055,158055,158055,1.17532e+08,1.17532e+08,1.17532e+08,165.481,165.481,165.481,212.601,212.601,212.601
735,313466,313466,313466,8963.29,8963.29,8963.29,8929.18,8929.18,8929.18,4.48179e+06,4.48179e+06,4.48179e+06,4.46997e+06,4.46997e+06,4.46997e+06,158274,158274,158274,158071,158071,158071,1.1753e+08,1.1753e+08,1.1753e+08,165.498,165.498,165.498,212.623,212.623,212.623
736,313416,313416,313416,8963.58,8963.58,8963.58,8929.47,8929.47,8929.47,4.48138e+06,4.48138e+06,4.48138e+06,4.46956e+06,4.46956e+06,4.46956e+06,158289,158289,158289,158086,158086,158086,1.17528e+08,1.17528e+08,1.17528e+08,165.513,165.513,165.513,212.643,212.643,212.643
737,313360,313360,313360,8963.72,8963.72,8963.72,8929.61,8929.61,8929.61,4.48092e+06,4.48092e+06,4.48092e+06,4.4691e+06,4.4691e+06,4.4691e+06,158303,158303,158303,158100,158100,158100,1.17527e+08,1.17527e+08,1.17527e+08,165.528,165.528,165.528,212.662,212.662,212.662
738,313298,313298,313298,8963.7,8963.7,8963.7,8929.6,8929.6,8929.6,4.48041e+06,4.48041e+06,4.48041e+06,4.4686e+06,4.4686e+06,4.4686e+06,158314,158314,158314,158112,158112,158112,1.17525e+08,1.17525e+08,1.17525e+08,165.54,165.54,165.54,212.678,212.678,212.678
739,313232,313232,313232,8963.51,8963.51,8963.51,8929.42,8929.42,8929.42,4.47987e+06,4.47987e+06,4.47987e+06,4.46806e+06,4.46806e+06,4.46806e+06,158324,158324,158324,158122,158122,158122,1.17524e+08,1.17524e+08,1.17524e+08,165.551,165.551,165.551,212.692,212.692,212.692
740,313163,313163,313163,8963.16,8963.16,8963.16,8929.08,8929.08,8929.08,4.4793e+06,4.4793e+06,4.4793e+06,4.46749e+06,4.46749e+06,4.46749e+06,158332,158332,158332,158130,158130,158130,1.17523e+08,1.17523e+08,1.17523e+08,165.56,165.56,165.56,212.703,212.703,212.703
741,313090,313090,313090,8962.65,8962.65,8962.65,8928.57,8928.57,8928.57,4.47871e+06,4.47871e+06,4.47871e+06,4.4669e+06,4.4669e+06,4.4669e+06,158338,158338,158338,158136,158136,158136,1.17522e+08,1.17522e+08,1.17522e+08,165.566,165.566,165.566,212.711,212.711,212.711
742,313016,313016,313016,8961.97,8961.97,8961.97,8927.9,8927.9,8927.9,4.4781e+06,4.4781e+06,4.4781e+06,4.46629e+06,4.46629e+06,4.46629e+06,158341,158341,158341,158139,158139,158139,1.17521e+08,1.17521e+08,1.17521e+08,165.57,165.57,165.57,212.716,212.716,212.716
743,312941,312941,312941,8961.14,8961.14,8961.14,8927.07,8927.07,8927.07,4.47748e+06,4.47748e+06,4.47748e+06,4.46567e+06,4.46567e+06,4.46567e+06,158342,158342,158342,158140,158140,158140,1.17519e+08,1.17519e+08,1.17519e+08,165.571,165.571,165.571,212.718,212.718,212.718
744,312865,312865,312865,8960.15,8960.15,8960.15,8926.1,8926.1,8926.1,4.47686e+06,4.47686e+06,4.47686e+06,4.46506e+06,4.46506e+06,4.46506e+06,158340,158340,158340,158138,158138,158138,1.17518e+08,1.17518e+08,1.17518e+08,165.57,165.57,165.57,212.716,212.716,212.716
745,312791,312791,312791,8959.03,8959.03,8959.03,8924.98,8924.98,8924.98,4.47625e+06,4.47625e+06,4.47625e+06,4.46445e+06,4.46445e+06,4.46445e+06,158336,158336,158336,158134,158134,158134,1.17517e+08,1.17517e+08,1.17517e+08,165.566,165.566,165.566,212.711,212.711,212.711
746,312718,312718,312718,8957.78,8957.78,8957.78,8923.74,8923.74,8923.74,4.47565e+06,4.47565e+06,4.47565e+06,4.46385e+06,4.46385e+06,4.46385e+06,158329,158329,158329,158127,158127,158127,1.17516e+08,1.17516e+08,1.17516e+08,165.559,165.559,165.559,212.703,212.703,212.703
747,312648,312648,312648,8956.41,8956.41,8956.41,8922.38,8922.38,8922.38,4.47508e+06,4.47508e+06,4.47508e+06,4.46328e+06,4.46328e+06,4.46328e+06,158319,158319,158319,158117,158117,158117,1.17515e+08,1.17515e+08,1.17515e+08,165.549,165.549,165.549,212.691,212.691,212.691
748,312582,312582,312582,8954.95,8954.95,8954.95,8920.93,8920.93,8920.93,4.47454e+06,4.47454e+06,4.47454e+06,4.46274e+06,4.46274e+06,4.46274e+06,158308,158308,158308,158106,158106,158106,1.17514e+08,1.17514e+08,1.17514e+08,165.537,165.537,165.537,212.675,212.675,212.675
749,312520,312520,312520,8953.4,8953.4,8953.4,8919.4,8919.4,8919.4,4.47403e+06,4.47403e+06,4.47403e+06,4.46224e+06,4.46224e+06,4.46224e+06,158293,158293,158293,158091,158091,158091,1.17513e+08,1.17513e+08,1.17513e+08,165.523,165.523,165.523,212.657,212.657,212.657
750,312464,312464,312464,8951.8,8951.8,8951.8,8917.8,8917.8,8917.8,4.47357e+06,4.47357e+06,4.47357e+06,4.46177e+06,4.46177e+06,4.46177e+06,158277,158277,158277,158075,158075,158075,1.17512e+08,1.17512e+08,1.17512e+08,165.506,165.506,165.506,212.636,212.636,212.636
751,312413,312413,312413,8950.14,8950.14,8950.14,8916.16,8916.16,8916.16,4.47315e+06,4.47315e+06,4.47315e+06,4.46136e+06,4.46136e+06,4.46136e+06,158259,158259,158259,158057,158057,158057,1.17511e+08,1.17511e+08,1.17511e+08,165.488,165.488,165.488,212.612,212.612,212.612
752,312369,312369,312369,8948.47,8948.47,8948.47,8914.49,8914.49,8914.49,4.47279e+06,4.47279e+06,4.47279e+06,4.461e+06,4.461e+06,4.461e+06,158239,158239,158239,158037,158037,158037,1.1751e+08,1.1751e+08,1.1751e+08,165.467,165.467,165.467,212.585,212.585,212.585
753,312332,312332,312332,8946.79,8946.79,8946.79,8912.82,8912.82,8912.82,4.47248e+06,4.47248e+06,4.47248e+06,4.4607e+06,4.4607e+06,4.4607e+06,158217,158217,158217,158016,158016,158016,1.17508e+08,1.17508e+08,1.17508e+08,165.445,165.445,165.445,212.557,212.557,212.557
754,312302,312302,312302,8945.12,8945.12,8945.12,8911.16,8911.16,8911.16,4.47224e+06,4.47224e+06,4.47224e+06,4.46046e+06,4.46046e+06,4.46046e+06,158195,158195,158195,157993,157993,157993,1.17507e+08,1.17507e+08,1.17507e+08,165.421,165.421,165.421,212.526,212.526,212.526
755,312280,312280,312280,8943.5,8943.5,8943.5,8909.54,8909.54,8909.54,4.47206e+06,4.47206e+06,4.47206e+06,4.46028e+06,4.46028e+06,4.46028e+06,158171,158171,158171,157969,157969,157969,1.17505e+08,1.17505e+08,1.17505e+08,165.397,165.397,165.397,212.495,212.495,212.495
756,312266,312266,312266,8941.92,8941.92,8941.92,8907.97,8907.97,8907.97,4.47195e+06,4.47195e+06,4.47195e+06,4.46017e+06,4.46017e+06,4.46017e+06,158147,158147,158147,157945,157945,157945,1.17504e+08,1.17504e+08,1.17504e+08,165.372,165.372,165.372,212.462,212.462,212.462
757,312260,312260,312260,8940.42,8940.42,8940.42,8906.48,8906.48,8906.48,4.4719e+06,4.4719e+06,4.4719e+06,4.46012e+06,4.46012e+06,4.46012e+06,158122,158122,158122,157921,157921,157921,1.17502e+08,1.17502e+08,1.17502e+08,165.346,165.346,165.346,212.429,212.429,212.429
758,312262,312262,312262,8939.02,8939.02,8939.02,8905.08,8905.08,8905.08,4.47191e+06,4.47191e+06,4.47191e+06,4.46014e+06,4.46014e+06,4.46014e+06,158098,158098,158098,157896,157896,157896,1.175e+08,1.175e+08,1.175e+08,165.32,165.32,165.32,212.396,212.396,212.396
759,312272,312272,312272,8937.72,8937.72,8937.72,8903.78,8903.78,8903.78,4.47199e+06,4.47199e+06,4.47199e+06,4.46022e+06,4.46022e+06,4.46022e+06,158073,158073,158073,157872,157872,157872,1.17498e+08,1.17498e+08,1.17498e+08,165.295,165.295,165.295,212.363,212.363,212.363
760,312289,312289,312289,8936.54,8936.54,8936.54,8902.61,8902.61,8902.61,4.47214e+06,4.47214e+06,4.47214e+06,4.46036e+06,4.46036e+06,4.46036e+06,158050,158050,158050,157848,157848,157848,1.17496e+08,1.17496e+08,1.17496e+08,165.27,165.27,165.27,212.331,212.331,212.331
761,312314,312314,312314,8935.5,8935.5,8935.5,8901.57,8901.57,8901.57,4.47234e+06,4.47234e+06,4.47234e+06,4.46057e+06,4.46057e+06,4.46057e+06,158027,158027,158027,157825,157825,157825,1.17494e+08,1.17494e+08,1.17494e+08,165.245,165.245,165.245,212.3,212.3,212.3
762,312345,312345,312345,8934.61,8934.61,8934.61,8900.68,8900.68,8900.68,4.4726e+06,4.4726e+06,4.4726e+06,4.46083e+06,4.46083e+06,4.46083e+06,158005,158005,158005,157803,157803,157803,1.17491e+08,1.17491e+08,1.17491e+08,165.222,165.222,165.222,212.27,212.27,212.27
763,312383,312383,312383,8933.88,8933.88,8933.88,8899.95,8899.95,8899.95,4.47291e+06,4.47291e+06,4.47291e+06,4.46114e+06,4.46114e+06,4.46114e+06,157985,157985,157985,157783,157783,157783,1.17489e+08,1.17489e+08,1.17489e+08,165.201,165.201,165.201,212.242,212.242,212.242
764,312426,312426,312426,8933.31,8933.31,8933.31,8899.38,8899.38,8899.38,4.47326e+06,4.47326e+06,4.47326e+06,4.46149e+06,4.46149e+06,4.46149e+06,157967,157967,157967,157765,157765,157765,1.17486e+08,1.17486e+08,1.17486e+08,165.181,165.181,165.181,212.217,212.217,212.217
765,312474,312474,312474,8932.91,8932.91,8932.91,8898.97,8898.97,8898.97,4.47366e+06,4.47366e+06,4.47366e+06,4.46189e+06,4.46189e+06,4.46189e+06,157950,157950,157950,157748,157748,157748,1.17484e+08,1.17484e+08,1.17484e+08,165.163,165.163,165.163,212.194,212.194,212.194
766,312526,312526,312526,8932.68,8932.68,8932.68,8898.74,8898.74,8898.74,4.47409e+06,4.47409e+06,4.47409e+06,4.46231e+06,4.46231e+06,4.46231e+06,157936,157936,157936,157734,157734,157734,1.17481e+08,1.17481e+08,1.17481e+08,165.148,165.148,165.148,212.174,212.174,212.174
767,312581,312581,312581,8932.62,8932.62,8932.62,8898.68,8898.68,8898.68,4.47454e+06,4.47454e+06,4.47454e+06,4.46277e+06,4.46277e+06,4.46277e+06,157924,157924,157924,157721,157721,157721,1.17479e+08,1.17479e+08,1.17479e+08,165.135,165.135,165.135,212.157,212.157,212.157
768,312638,312638,312638,8932.73,8932.73,8932.73,8898.79,8898.79,8898.79,4.47501e+06,4.47501e+06,4.47501e+06,4.46324e+06,4.46324e+06,4.46324e+06,157914,157914,157914,157712,157712,157712,1.17476e+08,1.17476e+08,1.17476e+08,165.124,165.124,165.124,212.143,212.143,212.143
769,312697,312697,312697,8933.01,8933.01,8933.01,8899.06,8899.06,8899.06,4.4755e+06,4.4755e+06,4.4755e+06,4.46372e+06,4.46372e+06,4.46372e+06,157907,157907,157907,157705,157705,157705,1.17474e+08,1.17474e+08,1.17474e+08,165.116,165.116,165.116,212.132,212.132,212.132
770,312756,312756,312756,8933.44,8933.44,8933.44,8899.49,8899.49,8899.49,4.47598e+06,4.47598e+06,4.47598e+06,4.46421e+06,4.46421e+06,4.46421e+06,157903,157903,157903,157700,157700,157700,1.17471e+08,1.17471e+08,1.17471e+08,165.111,165.111,165.111,212.125,212.125,212.125
771,312814,312814,312814,8934.02,8934.02,8934.02,8900.06,8900.06,8900.06,4.47647e+06,4.47647e+06,4.47647e+06,4.46469e+06,4.46469e+06,4.46469e+06,157901,157901,157901,157698,157698,157698,1.17468e+08,1.17468e+08,1.17468e+08,165.108,165.108,165.108,212.122,212.122,212.122
772,312872,312872,312872,8934.74,8934.74,8934.74,8900.77,8900.77,8900.77,4.47694e+06,4.47694e+06,4.47694e+06,4.46516e+06,4.46516e+06,4.46516e+06,157902,157902,157902,157699,157699,157699,1.17466e+08,1.17466e+08,1.17466e+08,165.108,165.108,165.108,212.122,212.122,212.122
773,312926,312926,312926,8935.58,8935.58,8935.58,8901.61,8901.61,8901.61,4.47739e+06,4.47739e+06,4.47739e+06,4.46561e+06,4.46561e+06,4.46561e+06,157905,157905,157905,157703,157703,157703,1.17463e+08,1.17463e+08,1.17463e+08,165.111,165.111,165.111,212.126,212.126,212.126
774,312977,312977,312977,8936.53,8936.53,8936.53,8902.55,8902.55,8902.55,4.47781e+06,4.47781e+06,4.47781e+06,4.46603e+06,4.46603e+06,4.46603e+06,157911,157911,157911,157709,157709,157709,1.17461e+08,1.17461e+08,1.17461e+08,165.117,165.117,165.117,212.133,212.133,212.133
775,313025,313025,313025,8937.58,8937.58,8937.58,8903.59,8903.59,8903.59,4.4782e+06,4.4782e+06,4.4782e+06,4.46642e+06,4.46642e+06,4.46642e+06,157920,157920,157920,157717,157717,157717,1.17459e+08,1.17459e+08,1.17459e+08,165.125,165.125,165.125,212.143,212.143,212.143
776,313067,313067,313067,8938.69,8938.69,8938.69,8904.7,8904.7,8904.7,4.47855e+06,4.47855e+06,4.47855e+06,4.46676e+06,4.46676e+06,4.46676e+06,157931,157931,157931,157728,157728,157728,1.17457e+08,1.17457e+08,1.17457e+08,165.135,165.135,165.135,212.157,212.157,212.157
777,313104,313104,313104,8939.86,8939.86,8939.86,8905.86,8905.86,8905.86,4.47885e+06,4.47885e+06,4.47885e+06,4.46706e+06,4.46706e+06,4.46706e+06,157943,157943,157943,157740,157740,157740,1.17454e+08,1.17454e+08,1.17454e+08,165.148,165.148,165.148,212.173,212.173,212.173
778,313134,313134,313134,8941.07,8941.07,8941.07,8907.06,8907.06,8907.06,4.4791e+06,4.4791e+06,4.4791e+06,4.46731e+06,4.46731e+06,4.46731e+06,157958,157958,157958,157755,157755,157755,1.17453e+08,1.17453e+08,1.17453e+08,165.163,165.163,165.163,212.192,212.192,212.192
779,313158,313158,313158,8942.29,8942.29,8942.29,8908.27,8908.27,8908.27,4.4793e+06,4.4793e+06,4.4793e+06,4.46751e+06,4.46751e+06,4.46751e+06,157974,157974,157974,157771,157771,157771,1.17451e+08,1.17451e+08,1.17451e+08,165.179,165.179,165.179,212.213,212.213,212.213
780,313174,313174,313174,8943.5,8943.5,8943.5,8909.48,8909.48,8909.48,4.47943e+06,4.47943e+06,4.47943e+06,4.46764e+06,4.46764e+06,4.46764e+06,157992,157992,157992,157789,157789,157789,1.17449e+08,1.17449e+08,1.17449e+08,165.197,165.197,165.197,212.236,212.236,212.236
781,313183,313183,313183,8944.69,8944.69,8944.69,8910.66,8910.66,8910.66,4.47951e+06,4.47951e+06,4.47951e+06,4.46771e+06,4.46771e+06,4.46771e+06,158010,158010,158010,157807,157807,157807,1.17448e+08,1.17448e+08,1.17448e+08,165.216,165.216,165.216,212.261,212.261,212.261
782,313184,313184,313184,8945.83,8945.83,8945.83,8911.8,8911.8,8911.8,4.47952e+06,4.47952e+06,4.47952e+06,4.46772e+06,4.46772e+06,4.46772e+06,158029,158029,158029,157826,157826,157826,1.17446e+08,1.17446e+08,1.17446e+08,165.236,165.236,165.236,212.286,212.286,212.286
783,313177,313177,313177,8946.9,8946.9,8946.9,8912.87,8912.87,8912.87,4.47946e+06,4.47946e+06,4.47946e+06,4.46767e+06,4.46767e+06,4.46767e+06,158049,158049,158049,157846,157846,157846,1.17445e+08,1.17445e+08,1.17445e+08,165.257,165.257,165.257,212.313,212.313,212.313
784,313163,313163,313163,8947.89,8947.89,8947.89,8913.86,8913.86,8913.86,4.47935e+06,4.47935e+06,4.47935e+06,4.46755e+06,4.46755e+06,4.46755e+06,158069,158069,158069,157866,157866,157866,1.17444e+08,1.17444e+08,1.17444e+08,165.277,165.277,165.277,212.339,212.339,212.339
785,313141,313141,313141,8948.78,8948.78,8948.78,8914.74,8914.74,8914.74,4.47917e+06,4.47917e+06,4.47917e+06,4.46737e+06,4.46737e+06,4.46737e+06,158089,158089,158089,157886,157886,157886,1.17443e+08,1.17443e+08,1.17443e+08,165.298,165.298,165.298,212.366,212.366,212.366
786,313111,313111,313111,8949.55,8949.55,8949.55,8915.52,8915.52,8915.52,4.47892e+06,4.47892e+06,4.47892e+06,4.46713e+06,4.46713e+06,4.46713e+06,158108,158108,158108,157905,157905,157905,1.17443e+08,1.17443e+08,1.17443e+08,165.318,165.318,165.318,212.392,212.392,212.392
787,313075,313075,313075,8950.2,8950.2,8950.2,8916.16,8916.16,8916.16,4.47863e+06,4.47863e+06,4.47863e+06,4.46683e+06,4.46683e+06,4.46683e+06,158126,158126,158126,157923,157923,157923,1.17442e+08,1.17442e+08,1.17442e+08,165.337,165.337,165.337,212.417,212.417,212.417
788,313032,313032,313032,8950.7,8950.7,8950.7,8916.66,8916.66,8916.66,4.47827e+06,4.47827e+06,4.47827e+06,4.46647e+06,4.46647e+06,4.46647e+06,158143,158143,158143,157941,157941,157941,1.17442e+08,1.17442e+08,1.17442e+08,165.355,165.355,165.355,212.44,212.44,212.44
789,312982,312982,312982,8951.05,8951.05,8951.05,8917.01,8917.01,8917.01,4.47787e+06,4.47787e+06,4.47787e+06,4.46607e+06,4.46607e+06,4.46607e+06,158159,158159,158159,157957,157957,157957,1.17441e+08,1.17441e+08,1.17441e+08,165.372,165.372,165.372,212.462,212.462,212.462
790,312928,312928,312928,8951.24,8951.24,8951.24,8917.2,8917.2,8917.2,4.47742e+06,4.47742e+06,4.47742e+06,4.46562e+06,4.46562e+06,4.46562e+06,158173,158173,158173,157971,157971,157971,1.17441e+08,1.17441e+08,1.17441e+08,165.387,165.387,165.387,212.481,212.481,212.481
791,312869,312869,312869,8951.26,8951.26,8951.26,8917.24,8917.24,8917.24,4.47694e+06,4.47694e+06,4.47694e+06,4.46514e+06,4.46514e+06,4.46514e+06,158186,158186,158186,157983,157983,157983,1.17441e+08,1.17441e+08,1.17441e+08,165.4,165.4,165.4,212.498,212.498,212.498
792,312806,312806,312806,8951.12,8951.12,8951.12,8917.1,8917.1,8917.1,4.47642e+06,4.47642e+06,4.47642e+06,4.46462e+06,4.46462e+06,4.46462e+06,158196,158196,158196,157993,157993,157993,1.17441e+08,1.17441e+08,1.17441e+08,165.412,165.412,165.412,212.513,212.513,212.513
793,312740,312740,312740,8950.82,8950.82,8950.82,8916.8,8916.8,8916.8,4.47588e+06,4.47588e+06,4.47588e+06,4.46408e+06,4.46408e+06,4.46408e+06,158204,158204,158204,158002,158002,158002,1.17442e+08,1.17442e+08,1.17442e+08,165.42,165.42,165.42,212.524,212.524,212.524
794,312672,312672,312672,8950.35,8950.35,8950.35,8916.34,8916.34,8916.34,4.47532e+06,4.47532e+06,4.47532e+06,4.46352e+06,4.46352e+06,4.46352e+06,158209,158209,158209,158007,158007,158007,1.17442e+08,1.17442e+08,1.17442e+08,165.427,165.427,165.427,212.532,212.532,212.532
795,312602,312602,312602,8949.72,8949.72,8949.72,8915.72,8915.72,8915.72,4.47475e+06,4.47475e+06,4.47475e+06,4.46296e+06,4.46296e+06,4.46296e+06,158212,158212,158212,158010,158010,158010,1.17442e+08,1.17442e+08,1.17442e+08,165.43,165.43,165.43,212.537,212.537,212.537
796,312533,312533,312533,8948.94,8948.94,8948.94,8914.95,8914.95,8914.95,4.47418e+06,4.47418e+06,4.47418e+06,4.46239e+06,4.46239e+06,4.46239e+06,158213,158213,158213,158011,158011,158011,1.17442e+08,1.17442e+08,1.17442e+08,165.431,165.431,165.431,212.539,212.539,212.539
797,312464,312464,312464,8948.02,8948.02,8948.02,8914.03,8914.03,8914.03,4.47361e+06,4.47361e+06,4.47361e+06,4.46183e+06,4.46183e+06,4.46183e+06,158211,158211,158211,158009,158009,158009,1.17443e+08,1.17443e+08,1.17443e+08,165.43,165.43,165.43,212.537,212.537,212.537
798,312397,312397,312397,8946.97,8946.97,8946.97,8912.99,8912.99,8912.99,4.47306e+06,4.47306e+06,4.47306e+06,4.46128e+06,4.46128e+06,4.46128e+06,158206,158206,158206,158004,158004,158004,1.17443e+08,1.17443e+08,1.17443e+08,165.426,165.426,165.426,212.532,212.532,212.532
799,312333,312333,312333,8945.81,8945.81,8945.81,8911.83,8911.83,8911.83,4.47253e+06,4.47253e+06,4.47253e+06,4.46075e+06,4.46075e+06,4.46075e+06,158199,158199,158199,157997,157997,157997,1.17443e+08,1.17443e+08,1.17443e+08,165.419,165.419,165.419,212.523,212.523,212.523
800,312272,312272,312272,8944.54,8944.54,8944.54,8910.57,8910.57,8910.57,4.47203e+06,4.47203e+06,4.47203e+06,4.46025e+06,4.46025e+06,4.46025e+06,158190,158190,158190,157988,157988,157988,1.17444e+08,1.17444e+08,1.17444e+08,165.409,165.409,165.409,212.511,212.511,212.511
801,312216,312216,312216,8943.18,8943.18,8943.18,8909.23,8909.23,8909.23,4.47157e+06,4.47157e+06,4.47157e+06,4.45979e+06,4.45979e+06,4.45979e+06,158178,158178,158178,157976,157976,157976,1.17444e+08,1.17444e+08,1.17444e+08,165.397,165.397,165.397,212.495,212.495,212.495
802,312164,312164,312164,8941.77,8941.77,8941.77,8907.82,8907.82,8907.82,4.47115e+06,4.47115e+06,4.47115e+06,4.45937e+06,4.45937e+06,4.45937e+06,158164,158164,158164,157962,157962,157962,1.17444e+08,1.17444e+08,1.17444e+08,165.383,165.383,165.383,212.477,212.477,212.477
803,312119,312119,312119,8940.3,8940.3,8940.3,8906.36,8906.36,8906.36,4.47077e+06,4.47077e+06,4.47077e+06,4.45899e+06,4.45899e+06,4.45899e+06,158148,158148,158148,157946,157946,157946,1.17444e+08,1.17444e+08,1.17444e+08,165.367,165.367,165.367,212.456,212.456,212.456
804,312079,312079,312079,8938.8,8938.8,8938.8,8904.87,8904.87,8904.87,4.47045e+06,4.47045e+06,4.47045e+06,4.45867e+06,4.45867e+06,4.45867e+06,158130,158130,158130,157928,157928,157928,1.17444e+08,1.17444e+08,1.17444e+08,165.348,165.348,165.348,212.433,212.433,212.433
805,312047,312047,312047,8937.3,8937.3,8937.3,8903.38,8903.38,8903.38,4.47018e+06,4.47018e+06,4.47018e+06,4.45841e+06,4.45841e+06,4.45841e+06,158111,158111,158111,157909,157909,157909,1.17444e+08,1.17444e+08,1.17444e+08,165.329,165.329,165.329,212.407,212.407,212.407
806,312022,312022,312022,8935.81,8935.81,8935.81,8901.9,8901.9,8901.9,4.46997e+06,4.46997e+06,4.46997e+06,4.4582e+06,4.4582e+06,4.4582e+06,158090,158090,158090,157888,157888,157888,1.17444e+08,1.17444e+08,1.17444e+08,165.307,165.307,165.307,212.38,212.38,212.38
807,312005,312005,312005,8934.35,8934.35,8934.35,8900.44,8900.44,8900.44,4.46983e+06,4.46983e+06,4.46983e+06,4.45806e+06,4.45806e+06,4.45806e+06,158068,158068,158068,157867,157867,157867,1.17444e+08,1.17444e+08,1.17444e+08,165.285,165.285,165.285,212.351,212.351,212.351
808,311995,311995,311995,8932.95,8932.95,8932.95,8899.04,8899.04,8899.04,4.46975e+06,4.46975e+06,4.46975e+06,4.45799e+06,4.45799e+06,4.45799e+06,158046,158046,158046,157844,157844,157844,1.17443e+08,1.17443e+08,1.17443e+08,165.262,165.262,165.262,212.321,212.321,212.321
809,311994,311994,311994,8931.61,8931.61,8931.61,8897.71,8897.71,8897.71,4.46974e+06,4.46974e+06,4.46974e+06,4.45798e+06,4.45798e+06,4.45798e+06,158023,158023,158023,157822,157822,157822,1.17443e+08,1.17443e+08,1.17443e+08,165.238,165.238,165.238,212.291,212.291,212.291
810,312000,312000,312000,8930.37,8930.37,8930.37,8896.47,8896.47,8896.47,4.46979e+06,4.46979e+06,4.46979e+06,4.45803e+06,4.45803e+06,4.45803e+06,158001,158001,158001,157799,157799,157799,1.17442e+08,1.17442e+08,1.17442e+08,165.215,165.215,165.215,212.26,212.26,212.26
811,312014,312014,312014,8929.23,8929.23,8929.23,8895.33,8895.33,8895.33,4.46991e+06,4.46991e+06,4.46991e+06,4.45815e+06,4.45815e+06,4.45815e+06,157978,157978,157978,157776,157776,157776,1.17441e+08,1.17441e+08,1.17441e+08,165.191,165.191,165.191,212.23,212.23,212.23
812,312036,312036,312036,8928.2,8928.2,8928.2,8894.32,8894.32,8894.32,4.47009e+06,4.47009e+06,4.47009e+06,4.45833e+06,4.45833e+06,4.45833e+06,157956,157956,157956,157755,157755,157755,1.1744e+08,1.1744e+08,1.1744e+08,165.168,165.168,165.168,212.2,212.2,212.2
813,312065,312065,312065,8927.32,8927.32,8927.32,8893.43,8893.43,8893.43,4.47033e+06,4.47033e+06,4.47033e+06,4.45857e+06,4.45857e+06,4.45857e+06,157935,157935,157935,157733,157733,157733,1.17439e+08,1.17439e+08,1.17439e+08,165.146,165.146,165.146,212.172,212.172,212.172
814,312101,312101,312101,8926.58,8926.58,8926.58,8892.69,8892.69,8892.69,4.47063e+06,4.47063e+06,4.47063e+06,4.45887e+06,4.45887e+06,4.45887e+06,157915,157915,157915,157713,157713,157713,1.17438e+08,1.17438e+08,1.17438e+08,165.124,165.124,165.124,212.144,212.144,212.144
815,312144,312144,312144,8925.99,8925.99,8925.99,8892.1,8892.1,8892.1,4.47097e+06,4.47097e+06,4.47097e+06,4.45921e+06,4.45921e+06,4.45921e+06,157897,157897,157897,157695,157695,157695,1.17437e+08,1.17437e+08,1.17437e+08,165.105,165.105,165.105,212.119,212.119,212.119
816,312191,312191,312191,8925.57,8925.57,8925.57,8891.68,8891.68,8891.68,4.47137e+06,4.47137e+06,4.47137e+06,4.45961e+06,4.45961e+06,4.45961e+06,157880,157880,157880,157678,157678,157678,1.17436e+08,1.17436e+08,1.17436e+08,165.087,165.087,165.087,212.096,212.096,212.096
817,312244,312244,312244,8925.31,8925.31,8925.31,8891.42,8891.42,8891.42,4.4718e+06,4.4718e+06,4.4718e+06,4.46004e+06,4.46004e+06,4.46004e+06,157865,157865,157865,157663,157663,157663,1.17435e+08,1.17435e+08,1.17435e+08,165.071,165.071,165.071,212.075,212.075,212.075
818,312301,312301,312301,8925.23,8925.23,8925.23,8891.33,8891.33,8891.33,4.47227e+06,4.47227e+06,4.47227e+06,4.46051e+06,4.46051e+06,4.46051e+06,157852,157852,157852,157650,157650,157650,1.17433e+08,1.17433e+08,1.17433e+08,165.057,165.057,165.057,212.057,212.057,212.057
819,312361,312361,312361,8925.31,8925.31,8925.31,8891.41,8891.41,8891.41,4.47276e+06,4.47276e+06,4.47276e+06,4.461e+06,4.461e+06,4.461e+06,157842,157842,157842,157639,157639,157639,1.17432e+08,1.17432e+08,1.17432e+08,165.045,165.045,165.045,212.042,212.042,212.042
820,312423,312423,312423,8925.57,8925.57,8925.57,8891.66,8891.66,8891.66,4.47328e+06,4.47328e+06,4.47328e+06,4.46151e+06,4.46151e+06,4.46151e+06,157833,157833,157833,157631,157631,157631,1.17431e+08,1.17431e+08,1.17431e+08,165.036,165.036,165.036,212.03,212.03,212.03
821,312487,312487,312487,8925.99,8925.99,8925.99,8892.07,8892.07,8892.07,4.4738e+06,4.4738e+06,4.4738e+06,4.46204e+06,4.46204e+06,4.46204e+06,157828,157828,157828,157625,157625,157625,1.17429e+08,1.17429e+08,1.17429e+08,165.03,165.03,165.03,212.021,212.021,212.021
822,312552,312552,312552,8926.56,8926.56,8926.56,8892.64,8892.64,8892.64,4.47433e+06,4.47433e+06,4.47433e+06,4.46257e+06,4.46257e+06,4.46257e+06,157825,157825,157825,157622,157622,157622,1.17428e+08,1.17428e+08,1.17428e+08,165.026,165.026,165.026,212.017,212.017,212.017
823,312616,312616,312616,8927.29,8927.29,8927.29,8893.36,8893.36,8893.36,4.47486e+06,4.47486e+06,4.47486e+06,4.46309e+06,4.46309e+06,4.46309e+06,157824,157824,157824,157622,157622,157622,1.17426e+08,1.17426e+08,1.17426e+08,165.025,165.025,165.025,212.015,212.015,212.015
824,312679,312679,312679,8928.15,8928.15,8928.15,8894.22,8894.22,8894.22,4.47538e+06,4.47538e+06,4.47538e+06,4.46361e+06,4.46361e+06,4.46361e+06,157827,157827,157827,157624,157624,157624,1.17425e+08,1.17425e+08,1.17425e+08,165.027,165.027,165.027,212.017,212.017,212.017
825,312739,312739,312739,8929.14,8929.14,8929.14,8895.2,8895.2,8895.2,4.47587e+06,4.47587e+06,4.47587e+06,4.4641e+06,4.4641e+06,4.4641e+06,157832,157832,157832,157629,157629,157629,1.17424e+08,1.17424e+08,1.17424e+08,165.031,165.031,165.031,212.023,212.023,212.023
826,312796,312796,312796,8930.24,8930.24,8930.24,8896.29,8896.29,8896.29,4.47634e+06,4.47634e+06,4.47634e+06,4.46457e+06,4.46457e+06,4.46457e+06,157839,157839,157839,157636,157636,157636,1.17422e+08,1.17422e+08,1.17422e+08,165.038,165.038,165.038,212.032,212.032,212.032
827,312849,312849,312849,8931.43,8931.43,8931.43,8897.48,8897.48,8897.48,4.47678e+06,4.47678e+06,4.47678e+06,4.46501e+06,4.46501e+06,4.46501e+06,157849,157849,157849,157646,157646,157646,1.17421e+08,1.17421e+08,1.17421e+08,165.048,165.048,165.048,212.044,212.044,212.044
828,312897,312897,312897,8932.7,8932.7,8932.7,8898.74,8898.74,8898.74,4.47718e+06,4.47718e+06,4.47718e+06,4.4654e+06,4.4654e+06,4.4654e+06,157861,157861,157861,157658,157658,157658,1.1742e+08,1.1742e+08,1.1742e+08,165.06,165.06,165.06,212.06,212.06,212.06
829,312940,312940,312940,8934.03,8934.03,8934.03,8900.05,8900.05,8900.05,4.47753e+06,4.47753e+06,4.47753e+06,4.46575e+06,4.46575e+06,4.46575e+06,157875,157875,157875,157672,157672,157672,1.17419e+08,1.17419e+08,1.17419e+08,165.074,165.074,165.074,212.078,212.078,212.078
830,312977,312977,312977,8935.39,8935.39,8935.39,8901.41,8901.41,8901.41,4.47783e+06,4.47783e+06,4.47783e+06,4.46605e+06,4.46605e+06,4.46605e+06,157891,157891,157891,157688,157688,157688,1.17419e+08,1.17419e+08,1.17419e+08,165.091,165.091,165.091,212.099,212.099,212.099
831,313006,313006,313006,8936.77,8936.77,8936.77,8902.78,8902.78,8902.78,4.47808e+06,4.47808e+06,4.47808e+06,4.46629e+06,4.46629e+06,4.46629e+06,157909,157909,157909,157706,157706,157706,1.17418e+08,1.17418e+08,1.17418e+08,165.109,165.109,165.109,212.122,212.122,212.122
832,313029,313029,313029,8938.14,8938.14,8938.14,8904.15,8904.15,8904.15,4.47826e+06,4.47826e+06,4.47826e+06,4.46648e+06,4.46648e+06,4.46648e+06,157928,157928,157928,157725,157725,157725,1.17417e+08,1.17417e+08,1.17417e+08,165.128,165.128,165.128,212.148,212.148,212.148
833,313044,313044,313044,8939.49,8939.49,8939.49,8905.49,8905.49,8905.49,4.47839e+06,4.47839e+06,4.47839e+06,4.4666e+06,4.4666e+06,4.4666e+06,157948,157948,157948,157745,157745,157745,1.17417e+08,1.17417e+08,1.17417e+08,165.149,165.149,165.149,212.174,212.174,212.174
834,313052,313052,313052,8940.8,8940.8,8940.8,8906.79,8906.79,8906.79,4.47845e+06,4.47845e+06,4.47845e+06,4.46666e+06,4.46666e+06,4.46666e+06,157969,157969,157969,157766,157766,157766,1.17417e+08,1.17417e+08,1.17417e+08,165.171,165.171,165.171,212.202,212.202,212.202
835,313051,313051,313051,8942.04,8942.04,8942.04,8908.03,8908.03,8908.03,4.47845e+06,4.47845e+06,4.47845e+06,4.46666e+06,4.46666e+06,4.46666e+06,157991,157991,157991,157788,157788,157788,1.17417e+08,1.17417e+08,1.17417e+08,165.193,165.193,165.193,212.231,212.231,212.231
836,313043,313043,313043,8943.2,8943.2,8943.2,8909.19,8909.19,8909.19,4.47838e+06,4.47838e+06,4.47838e+06,4.46659e+06,4.46659e+06,4.46659e+06,158012,158012,158012,157809,157809,157809,1.17417e+08,1.17417e+08,1.17417e+08,165.215,165.215,165.215,212.26,212.26,212.26
837,313027,313027,313027,8944.26,8944.26,8944.26,8910.24,8910.24,8910.24,4.47825e+06,4.47825e+06,4.47825e+06,4.46646e+06,4.46646e+06,4.46646e+06,158033,158033,158033,157831,157831,157831,1.17417e+08,1.17417e+08,1.17417e+08,165.238,165.238,165.238,212.289,212.289,212.289
838,313004,313004,313004,8945.21,8945.21,8945.21,8911.19,8911.19,8911.19,4.47806e+06,4.47806e+06,4.47806e+06,4.46627e+06,4.46627e+06,4.46627e+06,158054,158054,158054,157852,157852,157852,1.17418e+08,1.17418e+08,1.17418e+08,165.26,165.26,165.26,212.317,212.317,212.317
839,312973,312973,312973,8946.02,8946.02,8946.02,8912,8912,8912,4.47781e+06,4.47781e+06,4.47781e+06,4.46601e+06,4.46601e+06,4.46601e+06,158075,158075,158075,157872,157872,157872,1.17418e+08,1.17418e+08,1.17418e+08,165.281,165.281,165.281,212.344,212.344,212.344
840,312936,312936,312936,8946.7,8946.7,8946.7,8912.68,8912.68,8912.68,4.4775e+06,4.4775e+06,4.4775e+06,4.46571e+06,4.46571e+06,4.46571e+06,158094,158094,158094,157891,157891,157891,1.17419e+08,1.17419e+08,1.17419e+08,165.301,165.301,165.301,212.37,212.37,212.37
841,312893,312893,312893,8947.23,8947.23,8947.23,8913.21,8913.21,8913.21,4.47715e+06,4.47715e+06,4.47715e+06,4.46535e+06,4.46535e+06,4.46535e+06,158111,158111,158111,157909,157909,157909,1.1742e+08,1.1742e+08,1.1742e+08,165.32,165.32,165.32,212.395,212.395,212.395
842,312844,312844,312844,8947.59,8947.59,8947.59,8913.58,8913.58,8913.58,4.47674e+06,4.47674e+06,4.47674e+06,4.46495e+06,4.46495e+06,4.46495e+06,158127,158127,158127,157925,157925,157925,1.17421e+08,1.17421e+08,1.17421e+08,165.337,165.337,165.337,212.417,212.417,212.417
843,312790,312790,312790,8947.8,8947.8,8947.8,8913.78,8913.78,8913.78,4.4763e+06,4.4763e+06,4.4763e+06,4.46451e+06,4.46451e+06,4.46451e+06,158142,158142,158142,157939,157939,157939,1.17422e+08,1.17422e+08,1.17422e+08,165.352,165.352,165.352,212.437,212.437,212.437
844,312733,312733,312733,8947.83,8947.83,8947.83,8913.82,8913.82,8913.82,4.47583e+06,4.47583e+06,4.47583e+06,4.46404e+06,4.46404e+06,4.46404e+06,158154,158154,158154,157951,157951,157951,1.17423e+08,1.17423e+08,1.17423e+08,165.366,165.366,165.366,212.454,212.454,212.454
845,312672,312672,312672,8947.7,8947.7,8947.7,8913.7,8913.7,8913.7,4.47533e+06,4.47533e+06,4.47533e+06,4.46354e+06,4.46354e+06,4.46354e+06,158164,158164,158164,157961,157961,157961,1.17424e+08,1.17424e+08,1.17424e+08,165.376,165.376,165.376,212.468,212.468,212.468
846,312609,312609,312609,8947.41,8947.41,8947.41,8913.41,8913.41,8913.41,4.47481e+06,4.47481e+06,4.47481e+06,4.46302e+06,4.46302e+06,4.46302e+06,158171,158171,158171,157969,157969,157969,1.17425e+08,1.17425e+08,1.17425e+08,165.385,165.385,165.385,212.479,212.479,212.479
847,312545,312545,312545,8946.95,8946.95,8946.95,8912.96,8912.96,8912.96,4.47429e+06,4.47429e+06,4.47429e+06,4.4625e+06,4.4625e+06,4.4625e+06,158176,158176,158176,157974,157974,157974,1.17427e+08,1.17427e+08,1.17427e+08,165.391,165.391,165.391,212.486,212.486,212.486
848,312480,312480,312480,8946.34,8946.34,8946.34,8912.36,8912.36,8912.36,4.47375e+06,4.47375e+06,4.47375e+06,4.46197e+06,4.46197e+06,4.46197e+06,158179,158179,158179,157977,157977,157977,1.17428e+08,1.17428e+08,1.17428e+08,165.394,165.394,165.394,212.491,212.491,212.491
849,312416,312416,312416,8945.59,8945.59,8945.59,8911.61,8911.61,8911.61,4.47323e+06,4.47323e+06,4.47323e+06,4.46144e+06,4.46144e+06,4.46144e+06,158179,158179,158179,157977,157977,157977,1.17429e+08,1.17429e+08,1.17429e+08,165.395,165.395,165.395,212.491,212.491,212.491
850,312354,312354,312354,8944.71,8944.71,8944.71,8910.73,8910.73,8910.73,4.47271e+06,4.47271e+06,4.47271e+06,4.46093e+06,4.46093e+06,4.46093e+06,158176,158176,158176,157974,157974,157974,1.17431e+08,1.17431e+08,1.17431e+08,165.392,165.392,165.392,212.489,212.489,212.489
851,312294,312294,312294,8943.7,8943.7,8943.7,8909.74,8909.74,8909.74,4.47222e+06,4.47222e+06,4.47222e+06,4.46044e+06,4.46044e+06,4.46044e+06,158171,158171,158171,157969,157969,157969,1.17432e+08,1.17432e+08,1.17432e+08,165.388,165.388,165.388,212.483,212.483,212.483
852,312237,312237,312237,8942.6,8942.6,8942.6,8908.64,8908.64,8908.64,4.47175e+06,4.47175e+06,4.47175e+06,4.45997e+06,4.45997e+06,4.45997e+06,158163,158163,158163,157961,157961,157961,1.17434e+08,1.17434e+08,1.17434e+08,165.38,165.38,165.38,212.473,212.473,212.473
853,312185,312185,312185,8941.4,8941.4,8941.4,8907.45,8907.45,8907.45,4.47132e+06,4.47132e+06,4.47132e+06,4.45954e+06,4.45954e+06,4.45954e+06,158153,158153,158153,157951,157951,157951,1.17435e+08,1.17435e+08,1.17435e+08,165.37,165.37,165.37,212.461,212.461,212.461
854,312137,312137,312137,8940.13,8940.13,8940.13,8906.19,8906.19,8906.19,4.47093e+06,4.47093e+06,4.47093e+06,4.45915e+06,4.45915e+06,4.45915e+06,158141,158141,158141,157939,157939,157939,1.17436e+08,1.17436e+08,1.17436e+08,165.358,165.358,165.358,212.445,212.445,212.445
855,312095,312095,312095,8938.82,8938.82,8938.82,8904.88,8904.88,8904.88,4.47058e+06,4.47058e+06,4.47058e+06,4.45881e+06,4.45881e+06,4.45881e+06,158127,158127,158127,157925,157925,157925,1.17437e+08,1.17437e+08,1.17437e+08,165.344,165.344,165.344,212.427,212.427,212.427
856,312060,312060,312060,8937.47,8937.47,8937.47,8903.54,8903.54,8903.54,4.47029e+06,4.47029e+06,4.47029e+06,4.45852e+06,4.45852e+06,4.45852e+06,158111,158111,158111,157909,157909,157909,1.17438e+08,1.17438e+08,1.17438e+08,165.327,165.327,165.327,212.406,212.406,212.406
857,312031,312031,312031,8936.11,8936.11,8936.11,8902.19,8902.19,8902.19,4.47005e+06,4.47005e+06,4.47005e+06,4.45828e+06,4.45828e+06,4.45828e+06,158093,158093,158093,157892,157892,157892,1.17439e+08,1.17439e+08,1.17439e+08,165.309,165.309,165.309,212.383,212.383,212.383
858,312009,312009,312009,8934.76,8934.76,8934.76,8900.85,8900.85,8900.85,4.46988e+06,4.46988e+06,4.46988e+06,4.45811e+06,4.45811e+06,4.45811e+06,158074,158074,158074,157873,157873,157873,1.1744e+08,1.1744e+08,1.1744e+08,165.29,165.29,165.29,212.358,212.358,212.358
859,311996,311996,311996,8933.44,8933.44,8933.44,8899.53,8899.53,8899.53,4.46976e+06,4.46976e+06,4.46976e+06,4.45799e+06,4.45799e+06,4.45799e+06,158055,158055,158055,157853,157853,157853,1.17441e+08,1.17441e+08,1.17441e+08,165.27,165.27,165.27,212.331,212.331,212.331
860,311990,311990,311990,8932.17,8932.17,8932.17,8898.26,8898.26,8898.26,4.46971e+06,4.46971e+06,4.46971e+06,4.45794e+06,4.45794e+06,4.45794e+06,158034,158034,158034,157832,157832,157832,1.17441e+08,1.17441e+08,1.17441e+08,165.248,165.248,165.248,212.304,212.304,212.304
861,311991,311991,311991,8930.96,8930.96,8930.96,8897.06,8897.06,8897.06,4.46973e+06,4.46973e+06,4.46973e+06,4.45796e+06,4.45796e+06,4.45796e+06,158013,158013,158013,157811,157811,157811,1.17442e+08,1.17442e+08,1.17442e+08,165.226,165.226,165.226,212.276,212.276,212.276
862,312001,312001,312001,8929.84,8929.84,8929.84,8895.95,8895.95,8895.95,4.46981e+06,4.46981e+06,4.46981e+06,4.45804e+06,4.45804e+06,4.45804e+06,157992,157992,157992,157790,157790,157790,1.17442e+08,1.17442e+08,1.17442e+08,165.204,165.204,165.204,212.247,212.247,212.247
863,312019,312019,312019,8928.82,8928.82,8928.82,8894.93,8894.93,8894.93,4.46995e+06,4.46995e+06,4.46995e+06,4.45819e+06,4.45819e+06,4.45819e+06,157971,157971,157971,157769,157769,157769,1.17443e+08,1.17443e+08,1.17443e+08,165.182,165.182,165.182,212.219,212.219,212.219
864,312044,312044,312044,8927.92,8927.92,8927.92,8894.03,8894.03,8894.03,4.47016e+06,4.47016e+06,4.47016e+06,4.4584e+06,4.4584e+06,4.4584e+06,157950,157950,157950,157748,157748,157748,1.17443e+08,1.17443e+08,1.17443e+08,165.161,165.161,165.161,212.191,212.191,212.191
865,312077,312077,312077,8927.15,8927.15,8927.15,8893.26,8893.26,8893.26,4.47043e+06,4.47043e+06,4.47043e+06,4.45866e+06,4.45866e+06,4.45866e+06,157930,157930,157930,157728,157728,157728,1.17443e+08,1.17443e+08,1.17443e+08,165.14,165.14,165.14,212.164,212.164,212.164
866,312116,312116,312116,8926.53,8926.53,8926.53,8892.64,8892.64,8892.64,4.47075e+06,4.47075e+06,4.47075e+06,4.45899e+06,4.45899e+06,4.45899e+06,157912,157912,157912,157710,157710,157710,1.17443e+08,1.17443e+08,1.17443e+08,165.12,165.12,165.12,212.139,212.139,212.139
867,312162,312162,312162,8926.06,8926.06,8926.06,8892.16,8892.16,8892.16,4.47113e+06,4.47113e+06,4.47113e+06,4.45936e+06,4.45936e+06,4.45936e+06,157894,157894,157894,157692,157692,157692,1.17443e+08,1.17443e+08,1.17443e+08,165.102,165.102,165.102,212.115,212.115,212.115
868,312213,312213,312213,8925.75,8925.75,8925.75,8891.85,8891.85,8891.85,4.47155e+06,4.47155e+06,4.47155e+06,4.45979e+06,4.45979e+06,4.45979e+06,157879,157879,157879,157677,157677,157677,1.17442e+08,1.17442e+08,1.17442e+08,165.085,165.085,165.085,212.093,212.093,212.093
869,312270,312270,312270,8925.6,8925.6,8925.6,8891.7,8891.7,8891.7,4.47201e+06,4.47201e+06,4.47201e+06,4.46025e+06,4.46025e+06,4.46025e+06,157865,157865,157865,157663,157663,157663,1.17442e+08,1.17442e+08,1.17442e+08,165.07,165.07,165.07,212.074,212.074,212.074
870,312331,312331,312331,8925.63,8925.63,8925.63,8891.72,8891.72,8891.72,4.47251e+06,4.47251e+06,4.47251e+06,4.46075e+06,4.46075e+06,4.46075e+06,157853,157853,157853,157651,157651,157651,1.17442e+08,1.17442e+08,1.17442e+08,165.058,165.058,165.058,212.058,212.058,212.058
871,312395,312395,312395,8925.82,8925.82,8925.82,8891.91,8891.91,8891.91,4.47304e+06,4.47304e+06,4.47304e+06,4.46127e+06,4.46127e+06,4.46127e+06,157844,157844,157844,157641,157641,157641,1.17441e+08,1.17441e+08,1.17441e+08,165.047,165.047,165.047,212.044,212.044,212.044
872,312461,312461,312461,8926.19,8926.19,8926.19,8892.27,8892.27,8892.27,4.47358e+06,4.47358e+06,4.47358e+06,4.46182e+06,4.46182e+06,4.46182e+06,157837,157837,157837,157634,157634,157634,1.17441e+08,1.17441e+08,1.17441e+08,165.039,165.039,165.039,212.034,212.034,212.034
873,312529,312529,312529,8926.71,8926.71,8926.71,8892.79,8892.79,8892.79,4.47414e+06,4.47414e+06,4.47414e+06,4.46238e+06,4.46238e+06,4.46238e+06,157832,157832,157832,157630,157630,157630,1.1744e+08,1.1744e+08,1.1744e+08,165.034,165.034,165.034,212.027,212.027,212.027
874,312598,312598,312598,8927.4,8927.4,8927.4,8893.47,8893.47,8893.47,4.47471e+06,4.47471e+06,4.47471e+06,4.46294e+06,4.46294e+06,4.46294e+06,157830,157830,157830,157628,157628,157628,1.1744e+08,1.1744e+08,1.1744e+08,165.031,165.031,165.031,212.024,212.024,212.024
875,312666,312666,312666,8928.24,8928.24,8928.24,8894.3,8894.3,8894.3,4.47527e+06,4.47527e+06,4.47527e+06,4.4635e+06,4.4635e+06,4.4635e+06,157831,157831,157831,157628,157628,157628,1.17439e+08,1.17439e+08,1.17439e+08,165.032,165.032,165.032,212.024,212.024,212.024
876,312733,312733,312733,8929.22,8929.22,8929.22,8895.27,8895.27,8895.27,4.47582e+06,4.47582e+06,4.47582e+06,4.46405e+06,4.46405e+06,4.46405e+06,157834,157834,157834,157632,157632,157632,1.17439e+08,1.17439e+08,1.17439e+08,165.035,165.035,165.035,212.027,212.027,212.027
877,312798,312798,312798,8930.32,8930.32,8930.32,8896.36,8896.36,8896.36,4.47636e+06,4.47636e+06,4.47636e+06,4.46458e+06,4.46458e+06,4.46458e+06,157840,157840,157840,157637,157637,157637,1.17439e+08,1.17439e+08,1.17439e+08,165.04,165.04,165.04,212.035,212.035,212.035
878,312860,312860,312860,8931.53,8931.53,8931.53,8897.57,8897.57,8897.57,4.47687e+06,4.47687e+06,4.47687e+06,4.46509e+06,4.46509e+06,4.46509e+06,157849,157849,157849,157646,157646,157646,1.17438e+08,1.17438e+08,1.17438e+08,165.048,165.048,165.048,212.045,212.045,212.045
879,312918,312918,312918,8932.84,8932.84,8932.84,8898.87,8898.87,8898.87,4.47734e+06,4.47734e+06,4.47734e+06,4.46556e+06,4.46556e+06,4.46556e+06,157860,157860,157860,157657,157657,157657,1.17438e+08,1.17438e+08,1.17438e+08,165.059,165.059,165.059,212.059,212.059,212.059
880,312971,312971,312971,8934.23,8934.23,8934.23,8900.25,8900.25,8900.25,4.47778e+06,4.47778e+06,4.47778e+06,4.466e+06,4.466e+06,4.466e+06,157873,157873,157873,157670,157670,157670,1.17438e+08,1.17438e+08,1.17438e+08,165.073,165.073,165.073,212.076,212.076,212.076
881,313019,313019,313019,8935.67,8935.67,8935.67,8901.68,8901.68,8901.68,4.47817e+06,4.47817e+06,4.47817e+06,4.46639e+06,4.46639e+06,4.46639e+06,157888,157888,157888,157685,157685,157685,1.17438e+08,1.17438e+08,1.17438e+08,165.088,165.088,165.088,212.096,212.096,212.096
882,313061,313061,313061,8937.16,8937.16,8937.16,8903.16,8903.16,8903.16,4.47851e+06,4.47851e+06,4.47851e+06,4.46673e+06,4.46673e+06,4.46673e+06,157905,157905,157905,157702,157702,157702,1.17438e+08,1.17438e+08,1.17438e+08,165.106,165.106,165.106,212.118,212.118,212.118
883,313095,313095,313095,8938.66,8938.66,8938.66,8904.66,8904.66,8904.66,4.4788e+06,4.4788e+06,4.4788e+06,4.46701e+06,4.46701e+06,4.46701e+06,157924,157924,157924,157721,157721,157721,1.17438e+08,1.17438e+08,1.17438e+08,165.125,165.125,165.125,212.143,212.143,212.143
884,313123,313123,313123,8940.16,8940.16,8940.16,8906.15,8906.15,8906.15,4.47903e+06,4.47903e+06,4.47903e+06,4.46724e+06,4.46724e+06,4.46724e+06,157944,157944,157944,157741,157741,157741,1.17439e+08,1.17439e+08,1.17439e+08,165.146,165.146,165.146,212.17,212.17,212.17
885,313143,313143,313143,8941.64,8941.64,8941.64,8907.63,8907.63,8907.63,4.47919e+06,4.47919e+06,4.47919e+06,4.4674e+06,4.4674e+06,4.4674e+06,157966,157966,157966,157763,157763,157763,1.17439e+08,1.17439e+08,1.17439e+08,165.168,165.168,165.168,212.198,212.198,212.198
886,313156,313156,313156,8943.08,8943.08,8943.08,8909.06,8909.06,8909.06,4.4793e+06,4.4793e+06,4.4793e+06,4.46751e+06,4.46751e+06,4.46751e+06,157988,157988,157988,157785,157785,157785,1.1744e+08,1.1744e+08,1.1744e+08,165.191,165.191,165.191,212.228,212.228,212.228
887,313161,313161,313161,8944.46,8944.46,8944.46,8910.43,8910.43,8910.43,4.47934e+06,4.47934e+06,4.47934e+06,4.46754e+06,4.46754e+06,4.46754e+06,158011,158011,158011,157808,157808,157808,1.17441e+08,1.17441e+08,1.17441e+08,165.215,165.215,165.215,212.259,212.259,212.259
888,313158,313158,313158,8945.76,8945.76,8945.76,8911.72,8911.72,8911.72,4.47931e+06,4.47931e+06,4.47931e+06,4.46752e+06,4.46752e+06,4.46752e+06,158034,158034,158034,157831,157831,157831,1.17442e+08,1.17442e+08,1.17442e+08,165.238,165.238,165.238,212.289,212.289,212.289
889,313147,313147,313147,8946.95,8946.95,8946.95,8912.92,8912.92,8912.92,4.47922e+06,4.47922e+06,4.47922e+06,4.46742e+06,4.46742e+06,4.46742e+06,158056,158056,158056,157853,157853,157853,1.17443e+08,1.17443e+08,1.17443e+08,165.262,165.262,165.262,212.32,212.32,212.32
890,313128,313128,313128,8948.04,8948.04,8948.04,8914,8914,8914,4.47907e+06,4.47907e+06,4.47907e+06,4.46727e+06,4.46727e+06,4.46727e+06,158079,158079,158079,157876,157876,157876,1.17444e+08,1.17444e+08,1.17444e+08,165.286,165.286,165.286,212.35,212.35,212.35
891,313103,313103,313103,8949,8949,8949,8914.96,8914.96,8914.96,4.47886e+06,4.47886e+06,4.47886e+06,4.46706e+06,4.46706e+06,4.46706e+06,158100,158100,158100,157897,157897,157897,1.17445e+08,1.17445e+08,1.17445e+08,165.309,165.309,165.309,212.38,212.38,212.38
892,313070,313070,313070,8949.82,8949.82,8949.82,8915.77,8915.77,8915.77,4.47859e+06,4.47859e+06,4.47859e+06,4.46679e+06,4.46679e+06,4.46679e+06,158121,158121,158121,157918,157918,157918,1.17447e+08,1.17447e+08,1.17447e+08,165.33,165.33,165.33,212.408,212.408,212.408
893,313032,313032,313032,8950.48,8950.48,8950.48,8916.44,8916.44,8916.44,4.47827e+06,4.47827e+06,4.47827e+06,4.46647e+06,4.46647e+06,4.46647e+06,158140,158140,158140,157937,157937,157937,1.17449e+08,1.17449e+08,1.17449e+08,165.351,165.351,165.351,212.434,212.434,212.434
894,312987,312987,312987,8950.99,8950.99,8950.99,8916.95,8916.95,8916.95,4.47791e+06,4.47791e+06,4.47791e+06,4.46611e+06,4.46611e+06,4.46611e+06,158158,158158,158158,157955,157955,157955,1.1745e+08,1.1745e+08,1.1745e+08,165.37,165.37,165.37,212.458,212.458,212.458
895,312938,312938,312938,8951.34,8951.34,8951.34,8917.3,8917.3,8917.3,4.4775e+06,4.4775e+06,4.4775e+06,4.46571e+06,4.46571e+06,4.46571e+06,158173,158173,158173,157971,157971,157971,1.17452e+08,1.17452e+08,1.17452e+08,165.387,165.387,165.387,212.48,212.48,212.48
896,312885,312885,312885,8951.52,8951.52,8951.52,8917.48,8917.48,8917.48,4.47707e+06,4.47707e+06,4.47707e+06,4.46527e+06,4.46527e+06,4.46527e+06,158187,158187,158187,157985,157985,157985,1.17454e+08,1.17454e+08,1.17454e+08,165.401,165.401,165.401,212.5,212.5,212.5
897,312828,312828,312828,8951.53,8951.53,8951.53,8917.5,8917.5,8917.5,4.4766e+06,4.4766e+06,4.4766e+06,4.4648e+06,4.4648e+06,4.4648e+06,158199,158199,158199,157996,157996,157996,1.17456e+08,1.17456e+08,1.17456e+08,165.414,165.414,165.414,212.516,212.516,212.516
898,312769,312769,312769,8951.37,8951.37,8951.37,8917.35,8917.35,8917.35,4.47612e+06,4.47612e+06,4.47612e+06,4.46432e+06,4.46432e+06,4.46432e+06,158208,158208,158208,158006,158006,158006,1.17458e+08,1.17458e+08,1.17458e+08,165.424,165.424,165.424,212.529,212.529,212.529
899,312709,312709,312709,8951.06,8951.06,8951.06,8917.03,8917.03,8917.03,4.47562e+06,4.47562e+06,4.47562e+06,4.46382e+06,4.46382e+06,4.46382e+06,158215,158215,158215,158012,158012,158012,1.17461e+08,1.17461e+08,1.17461e+08,165.432,165.432,165.432,212.539,212.539,212.539
900,312648,312648,312648,8950.58,8950.58,8950.58,8916.57,8916.57,8916.57,4.47512e+06,4.47512e+06,4.47512e+06,4.46332e+06,4.46332e+06,4.46332e+06,158219,158219,158219,158017,158017,158017,1.17463e+08,1.17463e+08,1.17463e+08,165.437,165.437,165.437,212.546,212.546,212.546
901,312587,312587,312587,8949.97,8949.97,8949.97,8915.96,8915.96,8915.96,4.47462e+06,4.47462e+06,4.47462e+06,4.46283e+06,4.46283e+06,4.46283e+06,158220,158220,158220,158018,158018,158018,1.17465e+08,1.17465e+08,1.17465e+08,165.439,165.439,165.439,212.549,212.549,212.549
902,312528,312528,312528,8949.21,8949.21,8949.21,8915.21,8915.21,8915.21,4.47413e+06,4.47413e+06,4.47413e+06,4.46234e+06,4.46234e+06,4.46234e+06,158219,158219,158219,158017,158017,158017,1.17467e+08,1.17467e+08,1.17467e+08,165.439,165.439,165.439,212.548,212.548,212.548
903,312472,312472,312472,8948.34,8948.34,8948.34,8914.34,8914.34,8914.34,4.47366e+06,4.47366e+06,4.47366e+06,4.46187e+06,4.46187e+06,4.46187e+06,158216,158216,158216,158014,158014,158014,1.17469e+08,1.17469e+08,1.17469e+08,165.436,165.436,165.436,212.544,212.544,212.544
904,312418,312418,312418,8947.36,8947.36,8947.36,8913.37,8913.37,8913.37,4.47322e+06,4.47322e+06,4.47322e+06,4.46143e+06,4.46143e+06,4.46143e+06,158210,158210,158210,158008,158008,158008,1.17471e+08,1.17471e+08,1.17471e+08,165.43,165.43,165.43,212.537,212.537,212.537
905,312368,312368,312368,8946.28,8946.28,8946.28,8912.3,8912.3,8912.3,4.47281e+06,4.47281e+06,4.47281e+06,4.46103e+06,4.46103e+06,4.46103e+06,158201,158201,158201,157999,157999,157999,1.17474e+08,1.17474e+08,1.17474e+08,165.422,165.422,165.422,212.526,212.526,212.526
906,312324,312324,312324,8945.14,8945.14,8945.14,8911.17,8911.17,8911.17,4.47244e+06,4.47244e+06,4.47244e+06,4.46066e+06,4.46066e+06,4.46066e+06,158190,158190,158190,157989,157989,157989,1.17476e+08,1.17476e+08,1.17476e+08,165.411,165.411,165.411,212.513,212.513,212.513
907,312284,312284,312284,8943.94,8943.94,8943.94,8909.97,8909.97,8909.97,4.47212e+06,4.47212e+06,4.47212e+06,4.46034e+06,4.46034e+06,4.46034e+06,158178,158178,158178,157976,157976,157976,1.17478e+08,1.17478e+08,1.17478e+08,165.398,165.398,165.398,212.497,212.497,212.497
908,312251,312251,312251,8942.7,8942.7,8942.7,8908.74,8908.74,8908.74,4.47185e+06,4.47185e+06,4.47185e+06,4.46007e+06,4.46007e+06,4.46007e+06,158163,158163,158163,157961,157961,157961,1.17479e+08,1.17479e+08,1.17479e+08,165.384,165.384,165.384,212.478,212.478,212.478
909,312225,312225,312225,8941.45,8941.45,8941.45,8907.5,8907.5,8907.5,4.47163e+06,4.47163e+06,4.47163e+06,4.45985e+06,4.45985e+06,4.45985e+06,158147,158147,158147,157945,157945,157945,1.17481e+08,1.17481e+08,1.17481e+08,165.367,165.367,165.367,212.457,212.457,212.457
910,312206,312206,312206,8940.21,8940.21,8940.21,8906.26,8906.26,8906.26,4.47147e+06,4.47147e+06,4.47147e+06,4.4597e+06,4.4597e+06,4.4597e+06,158129,158129,158129,157928,157928,157928,1.17483e+08,1.17483e+08,1.17483e+08,165.349,165.349,165.349,212.433,212.433,212.433
911,312195,312195,312195,8938.99,8938.99,8938.99,8905.05,8905.05,8905.05,4.47138e+06,4.47138e+06,4.47138e+06,4.4596e+06,4.4596e+06,4.4596e+06,158111,158111,158111,157909,157909,157909,1.17484e+08,1.17484e+08,1.17484e+08,165.33,165.33,165.33,212.409,212.409,212.409
912,312191,312191,312191,8937.82,8937.82,8937.82,8903.88,8903.88,8903.88,4.47134e+06,4.47134e+06,4.47134e+06,4.45957e+06,4.45957e+06,4.45957e+06,158091,158091,158091,157890,157890,157890,1.17486e+08,1.17486e+08,1.17486e+08,165.31,165.31,165.31,212.383,212.383,212.383
913,312195,312195,312195,8936.71,8936.71,8936.71,8902.77,8902.77,8902.77,4.47138e+06,4.47138e+06,4.47138e+06,4.4596e+06,4.4596e+06,4.4596e+06,158072,158072,158072,157870,157870,157870,1.17487e+08,1.17487e+08,1.17487e+08,165.289,165.289,165.289,212.357,212.357,212.357
914,312207,312207,312207,8935.68,8935.68,8935.68,8901.75,8901.75,8901.75,4.47148e+06,4.47148e+06,4.47148e+06,4.4597e+06,4.4597e+06,4.4597e+06,158052,158052,158052,157850,157850,157850,1.17488e+08,1.17488e+08,1.17488e+08,165.269,165.269,165.269,212.33,212.33,212.33
915,312227,312227,312227,8934.75,8934.75,8934.75,8900.82,8900.82,8900.82,4.47164e+06,4.47164e+06,4.47164e+06,4.45987e+06,4.45987e+06,4.45987e+06,158032,158032,158032,157830,157830,157830,1.17489e+08,1.17489e+08,1.17489e+08,165.248,165.248,165.248,212.303,212.303,212.303
916,312255,312255,312255,8933.93,8933.93,8933.93,8900.01,8900.01,8900.01,4.47186e+06,4.47186e+06,4.47186e+06,4.46009e+06,4.46009e+06,4.46009e+06,158012,158012,158012,157810,157810,157810,1.1749e+08,1.1749e+08,1.1749e+08,165.227,165.227,165.227,212.277,212.277,212.277
917,312290,312290,312290,8933.25,8933.25,8933.25,8899.32,8899.32,8899.32,4.47215e+06,4.47215e+06,4.47215e+06,4.46038e+06,4.46038e+06,4.46038e+06,157993,157993,157993,157791,157791,157791,1.17491e+08,1.17491e+08,1.17491e+08,165.208,165.208,165.208,212.251,212.251,212.251
918,312332,312332,312332,8932.71,8932.71,8932.71,8898.78,8898.78,8898.78,4.47249e+06,4.47249e+06,4.47249e+06,4.46072e+06,4.46072e+06,4.46072e+06,157976,157976,157976,157773,157773,157773,1.17492e+08,1.17492e+08,1.17492e+08,165.189,165.189,165.189,212.227,212.227,212.227
919,312380,312380,312380,8932.31,8932.31,8932.31,8898.38,8898.38,8898.38,4.47289e+06,4.47289e+06,4.47289e+06,4.46112e+06,4.46112e+06,4.46112e+06,157959,157959,157959,157757,157757,157757,1.17492e+08,1.17492e+08,1.17492e+08,165.172,165.172,165.172,212.205,212.205,212.205
920,312434,312434,312434,8932.08,8932.08,8932.08,8898.15,8898.15,8898.15,4.47333e+06,4.47333e+06,4.47333e+06,4.46156e+06,4.46156e+06,4.46156e+06,157945,157945,157945,157742,157742,157742,1.17493e+08,1.17493e+08,1.17493e+08,165.156,165.156,165.156,212.184,212.184,212.184
921,312493,312493,312493,8932.01,8932.01,8932.01,8898.08,8898.08,8898.08,4.47382e+06,4.47382e+06,4.47382e+06,4.46205e+06,4.46205e+06,4.46205e+06,157932,157932,157932,157729,157729,157729,1.17493e+08,1.17493e+08,1.17493e+08,165.142,165.142,165.142,212.166,212.166,212.166
922,312556,312556,312556,8932.11,8932.11,8932.11,8898.17,8898.17,8898.17,4.47434e+06,4.47434e+06,4.47434e+06,4.46257e+06,4.46257e+06,4.46257e+06,157921,157921,157921,157718,157718,157718,1.17493e+08,1.17493e+08,1.17493e+08,165.13,165.13,165.13,212.151,212.151,212.151
923,312623,312623,312623,8932.39,8932.39,8932.39,8898.44,8898.44,8898.44,4.47489e+06,4.47489e+06,4.47489e+06,4.46311e+06,4.46311e+06,4.46311e+06,157912,157912,157912,157709,157709,157709,1.17494e+08,1.17494e+08,1.17494e+08,165.121,165.121,165.121,212.139,212.139,212.139
924,312692,312692,312692,8932.83,8932.83,8932.83,8898.87,8898.87,8898.87,4.47546e+06,4.47546e+06,4.47546e+06,4.46368e+06,4.46368e+06,4.46368e+06,157906,157906,157906,157703,157703,157703,1.17494e+08,1.17494e+08,1.17494e+08,165.114,165.114,165.114,212.129,212.129,212.129
925,312764,312764,312764,8933.43,8933.43,8933.43,8899.47,8899.47,8899.47,4.47604e+06,4.47604e+06,4.47604e+06,4.46427e+06,4.46427e+06,4.46427e+06,157902,157902,157902,157699,157699,157699,1.17494e+08,1.17494e+08,1.17494e+08,165.109,165.109,165.109,212.124,212.124,212.124
926,312835,312835,312835,8934.19,8934.19,8934.19,8900.22,8900.22,8900.22,4.47663e+06,4.47663e+06,4.47663e+06,4.46485e+06,4.46485e+06,4.46485e+06,157901,157901,157901,157698,157698,157698,1.17494e+08,1.17494e+08,1.17494e+08,165.107,165.107,165.107,212.121,212.121,212.121
927,312907,312907,312907,8935.11,8935.11,8935.11,8901.13,8901.13,8901.13,4.47722e+06,4.47722e+06,4.47722e+06,4.46544e+06,4.46544e+06,4.46544e+06,157902,157902,157902,157699,157699,157699,1.17495e+08,1.17495e+08,1.17495e+08,165.108,165.108,165.108,212.122,212.122,212.122
928,312978,312978,312978,8936.16,8936.16,8936.16,8902.18,8902.18,8902.18,4.4778e+06,4.4778e+06,4.4778e+06,4.46602e+06,4.46602e+06,4.46602e+06,157906,157906,157906,157703,157703,157703,1.17495e+08,1.17495e+08,1.17495e+08,165.112,165.112,165.112,212.127,212.127,212.127
929,313046,313046,313046,8937.34,8937.34,8937.34,8903.35,8903.35,8903.35,4.47836e+06,4.47836e+06,4.47836e+06,4.46658e+06,4.46658e+06,4.46658e+06,157913,157913,157913,157710,157710,157710,1.17495e+08,1.17495e+08,1.17495e+08,165.118,165.118,165.118,212.135,212.135,212.135
930,313112,313112,313112,8938.64,8938.64,8938.64,8904.63,8904.63,8904.63,4.4789e+06,4.4789e+06,4.4789e+06,4.46711e+06,4.46711e+06,4.46711e+06,157922,157922,157922,157719,157719,157719,1.17496e+08,1.17496e+08,1.17496e+08,165.127,165.127,165.127,212.146,212.146,212.146
931,313173,313173,313173,8940.03,8940.03,8940.03,8906.02,8906.02,8906.02,4.4794e+06,4.4794e+06,4.4794e+06,4.46762e+06,4.46762e+06,4.46762e+06,157933,157933,157933,157730,157730,157730,1.17496e+08,1.17496e+08,1.17496e+08,165.139,165.139,165.139,212.161,212.161,212.161
932,313230,313230,313230,8941.5,8941.5,8941.5,8907.48,8907.48,8907.48,4.47987e+06,4.47987e+06,4.47987e+06,4.46808e+06,4.46808e+06,4.46808e+06,157947,157947,157947,157744,157744,157744,1.17497e+08,1.17497e+08,1.17497e+08,165.153,165.153,165.153,212.179,212.179,212.179
933,313282,313282,313282,8943.04,8943.04,8943.04,8909,8909,8909,4.48029e+06,4.48029e+06,4.48029e+06,4.4685e+06,4.4685e+06,4.4685e+06,157963,157963,157963,157760,157760,157760,1.17497e+08,1.17497e+08,1.17497e+08,165.169,165.169,165.169,212.2,212.2,212.2
934,313327,313327,313327,8944.61,8944.61,8944.61,8910.57,8910.57,8910.57,4.48067e+06,4.48067e+06,4.48067e+06,4.46887e+06,4.46887e+06,4.46887e+06,157981,157981,157981,157778,157778,157778,1.17498e+08,1.17498e+08,1.17498e+08,165.188,165.188,165.188,212.224,212.224,212.224
935,313366,313366,313366,8946.21,8946.21,8946.21,8912.16,8912.16,8912.16,4.48099e+06,4.48099e+06,4.48099e+06,4.46919e+06,4.46919e+06,4.46919e+06,158001,158001,158001,157798,157798,157798,1.17499e+08,1.17499e+08,1.17499e+08,165.208,165.208,165.208,212.25,212.25,212.25
936,313398,313398,313398,8947.8,8947.8,8947.8,8913.74,8913.74,8913.74,4.48125e+06,4.48125e+06,4.48125e+06,4.46945e+06,4.46945e+06,4.46945e+06,158022,158022,158022,157819,157819,157819,1.175e+08,1.175e+08,1.175e+08,165.23,165.23,165.23,212.278,212.278,212.278
937,313422,313422,313422,8949.38,8949.38,8949.38,8915.31,8915.31,8915.31,4.48145e+06,4.48145e+06,4.48145e+06,4.46965e+06,4.46965e+06,4.46965e+06,158044,158044,158044,157841,157841,157841,1.17501e+08,1.17501e+08,1.17501e+08,165.253,165.253,165.253,212.307,212.307,212.307
938,313438,313438,313438,8950.92,8950.92,8950.92,8916.84,8916.84,8916.84,4.48158e+06,4.48158e+06,4.48158e+06,4.46978e+06,4.46978e+06,4.46978e+06,158067,158067,158067,157864,157864,157864,1.17502e+08,1.17502e+08,1.17502e+08,165.277,165.277,165.277,212.338,212.338,212.338
939,313447,313447,313447,8952.39,8952.39,8952.39,8918.32,8918.32,8918.32,4.48165e+06,4.48165e+06,4.48165e+06,4.46985e+06,4.46985e+06,4.46985e+06,158091,158091,158091,157888,157888,157888,1.17504e+08,1.17504e+08,1.17504e+08,165.301,165.301,165.301,212.37,212.37,212.37
940,313448,313448,313448,8953.79,8953.79,8953.79,8919.71,8919.71,8919.71,4.48166e+06,4.48166e+06,4.48166e+06,4.46985e+06,4.46985e+06,4.46985e+06,158115,158115,158115,157911,157911,157911,1.17505e+08,1.17505e+08,1.17505e+08,165.326,165.326,165.326,212.402,212.402,212.402
941,313441,313441,313441,8955.1,8955.1,8955.1,8921.01,8921.01,8921.01,4.4816e+06,4.4816e+06,4.4816e+06,4.4698e+06,4.4698e+06,4.4698e+06,158139,158139,158139,157935,157935,157935,1.17507e+08,1.17507e+08,1.17507e+08,165.351,165.351,165.351,212.434,212.434,212.434
942,313426,313426,313426,8956.29,8956.29,8956.29,8922.2,8922.2,8922.2,4.48148e+06,4.48148e+06,4.48148e+06,4.46967e+06,4.46967e+06,4.46967e+06,158162,158162,158162,157959,157959,157959,1.17509e+08,1.17509e+08,1.17509e+08,165.376,165.376,165.376,212.466,212.466,212.466
943,313404,313404,313404,8957.35,8957.35,8957.35,8923.26,8923.26,8923.26,4.4813e+06,4.4813e+06,4.4813e+06,4.46949e+06,4.46949e+06,4.46949e+06,158185,158185,158185,157981,157981,157981,1.17511e+08,1.17511e+08,1.17511e+08,165.4,165.4,165.4,212.497,212.497,212.497
944,313376,313376,313376,8958.28,8958.28,8958.28,8924.19,8924.19,8924.19,4.48106e+06,4.48106e+06,4.48106e+06,4.46925e+06,4.46925e+06,4.46925e+06,158206,158206,158206,158003,158003,158003,1.17513e+08,1.17513e+08,1.17513e+08,165.423,165.423,165.423,212.526,212.526,212.526
945,313341,313341,313341,8959.06,8959.06,8959.06,8924.96,8924.96,8924.96,4.48078e+06,4.48078e+06,4.48078e+06,4.46897e+06,4.46897e+06,4.46897e+06,158227,158227,158227,158024,158024,158024,1.17515e+08,1.17515e+08,1.17515e+08,165.444,165.444,165.444,212.554,212.554,212.554
946,313300,313300,313300,8959.67,8959.67,8959.67,8925.58,8925.58,8925.58,4.48044e+06,4.48044e+06,4.48044e+06,4.46863e+06,4.46863e+06,4.46863e+06,158245,158245,158245,158042,158042,158042,1.17518e+08,1.17518e+08,1.17518e+08,165.464,165.464,165.464,212.58,212.58,212.58
947,313254,313254,313254,8960.13,8960.13,8960.13,8926.04,8926.04,8926.04,4.48006e+06,4.48006e+06,4.48006e+06,4.46825e+06,4.46825e+06,4.46825e+06,158262,158262,158262,158060,158060,158060,1.1752e+08,1.1752e+08,1.1752e+08,165.483,165.483,165.483,212.604,212.604,212.604
948,313204,313204,313204,8960.41,8960.41,8960.41,8926.33,8926.33,8926.33,4.47965e+06,4.47965e+06,4.47965e+06,4.46784e+06,4.46784e+06,4.46784e+06,158277,158277,158277,158075,158075,158075,1.17523e+08,1.17523e+08,1.17523e+08,165.499,165.499,165.499,212.625,212.625,212.625
949,313150,313150,313150,8960.53,8960.53,8960.53,8926.45,8926.45,8926.45,4.47921e+06,4.47921e+06,4.47921e+06,4.4674e+06,4.4674e+06,4.4674e+06,158290,158290,158290,158087,158087,158087,1.17525e+08,1.17525e+08,1.17525e+08,165.513,165.513,165.513,212.643,212.643,212.643
950,313094,313094,313094,8960.48,8960.48,8960.48,8926.4,8926.4,8926.4,4.47875e+06,4.47875e+06,4.47875e+06,4.46694e+06,4.46694e+06,4.46694e+06,158301,158301,158301,158098,158098,158098,1.17528e+08,1.17528e+08,1.17528e+08,165.524,165.524,165.524,212.658,212.658,212.658
951,313036,313036,313036,8960.27,8960.27,8960.27,8926.19,8926.19,8926.19,4.47827e+06,4.47827e+06,4.47827e+06,4.46646e+06,4.46646e+06,4.46646e+06,158309,158309,158309,158106,158106,158106,1.17531e+08,1.17531e+08,1.17531e+08,165.533,165.533,165.533,212.669,212.669,212.669
952,312978,312978,312978,8959.9,8959.9,8959.9,8925.83,8925.83,8925.83,4.47779e+06,4.47779e+06,4.47779e+06,4.46598e+06,4.46598e+06,4.46598e+06,158314,158314,158314,158112,158112,158112,1.17533e+08,1.17533e+08,1.17533e+08,165.54,165.54,165.54,212.677,212.677,212.677
953,312920,312920,312920,8959.38,8959.38,8959.38,8925.32,8925.32,8925.32,4.47731e+06,4.47731e+06,4.47731e+06,4.46551e+06,4.46551e+06,4.46551e+06,158317,158317,158317,158114,158114,158114,1.17536e+08,1.17536e+08,1.17536e+08,165.543,165.543,165.543,212.682,212.682,212.682
954,312863,312863,312863,8958.73,8958.73,8958.73,8924.67,8924.67,8924.67,4.47684e+06,4.47684e+06,4.47684e+06,4.46504e+06,4.46504e+06,4.46504e+06,158317,158317,158317,158115,158115,158115,1.17539e+08,1.17539e+08,1.17539e+08,165.544,165.544,165.544,212.683,212.683,212.683
955,312808,312808,312808,8957.95,8957.95,8957.95,8923.9,8923.9,8923.9,4.47639e+06,4.47639e+06,4.47639e+06,4.46459e+06,4.46459e+06,4.46459e+06,158315,158315,158315,158112,158112,158112,1.17542e+08,1.17542e+08,1.17542e+08,165.542,165.542,165.542,212.681,212.681,212.681
956,312757,312757,312757,8957.06,8957.06,8957.06,8923.02,8923.02,8923.02,4.47596e+06,4.47596e+06,4.47596e+06,4.46416e+06,4.46416e+06,4.46416e+06,158310,158310,158310,158108,158108,158108,1.17544e+08,1.17544e+08,1.17544e+08,165.538,165.538,165.538,212.676,212.676,212.676
957,312709,312709,312709,8956.08,8956.08,8956.08,8922.04,8922.04,8922.04,4.47557e+06,4.47557e+06,4.47557e+06,4.46377e+06,4.46377e+06,4.46377e+06,158303,158303,158303,158100,158100,158100,1.17547e+08,1.17547e+08,1.17547e+08,165.531,165.531,165.531,212.667,212.667,212.667
958,312666,312666,312666,8955.02,8955.02,8955.02,8920.99,8920.99,8920.99,4.47521e+06,4.47521e+06,4.47521e+06,4.46342e+06,4.46342e+06,4.46342e+06,158293,158293,158293,158091,158091,158091,1.1755e+08,1.1755e+08,1.1755e+08,165.522,165.522,165.522,212.655,212.655,212.655
959,312628,312628,312628,8953.9,8953.9,8953.9,8919.88,8919.88,8919.88,4.4749e+06,4.4749e+06,4.4749e+06,4.46311e+06,4.46311e+06,4.46311e+06,158281,158281,158281,158079,158079,158079,1.17552e+08,1.17552e+08,1.17552e+08,165.51,165.51,165.51,212.64,212.64,212.64
960,312597,312597,312597,8952.74,8952.74,8952.74,8918.73,8918.73,8918.73,4.47464e+06,4.47464e+06,4.47464e+06,4.46285e+06,4.46285e+06,4.46285e+06,158268,158268,158268,158066,158066,158066,1.17554e+08,1.17554e+08,1.17554e+08,165.497,165.497,165.497,212.623,212.623,212.623
961,312572,312572,312572,8951.57,8951.57,8951.57,8917.56,8917.56,8917.56,4.47444e+06,4.47444e+06,4.47444e+06,4.46264e+06,4.46264e+06,4.46264e+06,158253,158253,158253,158051,158051,158051,1.17557e+08,1.17557e+08,1.17557e+08,165.481,165.481,165.481,212.603,212.603,212.603
962,312554,312554,312554,8950.4,8950.4,8950.4,8916.39,8916.39,8916.39,4.47429e+06,4.47429e+06,4.47429e+06,4.4625e+06,4.4625e+06,4.4625e+06,158236,158236,158236,158034,158034,158034,1.17559e+08,1.17559e+08,1.17559e+08,165.464,165.464,165.464,212.581,212.581,212.581
963,312544,312544,312544,8949.24,8949.24,8949.24,8915.24,8915.24,8915.24,4.4742e+06,4.4742e+06,4.4742e+06,4.46241e+06,4.46241e+06,4.46241e+06,158219,158219,158219,158016,158016,158016,1.17561e+08,1.17561e+08,1.17561e+08,165.446,165.446,165.446,212.558,212.558,212.558
964,312541,312541,312541,8948.14,8948.14,8948.14,8914.14,8914.14,8914.14,4.47418e+06,4.47418e+06,4.47418e+06,4.46239e+06,4.46239e+06,4.46239e+06,158200,158200,158200,157998,157998,157998,1.17563e+08,1.17563e+08,1.17563e+08,165.427,165.427,165.427,212.533,212.533,212.533
965,312546,312546,312546,8947.09,8947.09,8947.09,8913.09,8913.09,8913.09,4.47422e+06,4.47422e+06,4.47422e+06,4.46243e+06,4.46243e+06,4.46243e+06,158181,158181,158181,157979,157979,157979,1.17565e+08,1.17565e+08,1.17565e+08,165.408,165.408,165.408,212.508,212.508,212.508
966,312560,312560,312560,8946.12,8946.12,8946.12,8912.12,8912.12,8912.12,4.47433e+06,4.47433e+06,4.47433e+06,4.46254e+06,4.46254e+06,4.46254e+06,158162,158162,158162,157959,157959,157959,1.17566e+08,1.17566e+08,1.17566e+08,165.388,165.388,165.388,212.482,212.482,212.482
967,312581,312581,312581,8945.24,8945.24,8945.24,8911.25,8911.25,8911.25,4.4745e+06,4.4745e+06,4.4745e+06,4.46272e+06,4.46272e+06,4.46272e+06,158143,158143,158143,157940,157940,157940,1.17568e+08,1.17568e+08,1.17568e+08,165.368,165.368,165.368,212.457,212.457,212.457
968,312610,312610,312610,8944.48,8944.48,8944.48,8910.49,8910.49,8910.49,4.47474e+06,4.47474e+06,4.47474e+06,4.46295e+06,4.46295e+06,4.46295e+06,158124,158124,158124,157921,157921,157921,1.17569e+08,1.17569e+08,1.17569e+08,165.348,165.348,165.348,212.431,212.431,212.431
969,312646,312646,312646,8943.85,8943.85,8943.85,8909.86,8909.86,8909.86,4.47503e+06,4.47503e+06,4.47503e+06,4.46325e+06,4.46325e+06,4.46325e+06,158106,158106,158106,157903,157903,157903,1.17571e+08,1.17571e+08,1.17571e+08,165.329,165.329,165.329,212.407,212.407,212.407
970,312689,312689,312689,8943.35,8943.35,8943.35,8909.36,8909.36,8909.36,4.47539e+06,4.47539e+06,4.47539e+06,4.4636e+06,4.4636e+06,4.4636e+06,158089,158089,158089,157886,157886,157886,1.17572e+08,1.17572e+08,1.17572e+08,165.311,165.311,165.311,212.383,212.383,212.383
971,312738,312738,312738,8943,8943,8943,8909.01,8909.01,8909.01,4.47579e+06,4.47579e+06,4.47579e+06,4.46401e+06,4.46401e+06,4.46401e+06,158073,158073,158073,157870,157870,157870,1.17573e+08,1.17573e+08,1.17573e+08,165.294,165.294,165.294,212.362,212.362,212.362
972,312794,312794,312794,8942.82,8942.82,8942.82,8908.82,8908.82,8908.82,4.47625e+06,4.47625e+06,4.47625e+06,4.46446e+06,4.46446e+06,4.46446e+06,158058,158058,158058,157856,157856,157856,1.17574e+08,1.17574e+08,1.17574e+08,165.279,165.279,165.279,212.342,212.342,212.342
973,312854,312854,312854,8942.79,8942.79,8942.79,8908.79,8908.79,8908.79,4.47674e+06,4.47674e+06,4.47674e+06,4.46496e+06,4.46496e+06,4.46496e+06,158046,158046,158046,157843,157843,157843,1.17575e+08,1.17575e+08,1.17575e+08,165.266,165.266,165.266,212.325,212.325,212.325
974,312919,312919,312919,8942.94,8942.94,8942.94,8908.93,8908.93,8908.93,4.47728e+06,4.47728e+06,4.47728e+06,4.46549e+06,4.46549e+06,4.46549e+06,158035,158035,158035,157833,157833,157833,1.17576e+08,1.17576e+08,1.17576e+08,165.254,165.254,165.254,212.31,212.31,212.31
975,312988,312988,312988,8943.25,8943.25,8943.25,8909.24,8909.24,8909.24,4.47784e+06,4.47784e+06,4.47784e+06,4.46605e+06,4.46605e+06,4.46605e+06,158027,158027,158027,157824,157824,157824,1.17576e+08,1.17576e+08,1.17576e+08,165.245,165.245,165.245,212.298,212.298,212.298
976,313059,313059,313059,8943.73,8943.73,8943.73,8909.71,8909.71,8909.71,4.47842e+06,4.47842e+06,4.47842e+06,4.46663e+06,4.46663e+06,4.46663e+06,158021,158021,158021,157818,157818,157818,1.17577e+08,1.17577e+08,1.17577e+08,165.239,165.239,165.239,212.29,212.29,212.29
977,313132,313132,313132,8944.38,8944.38,8944.38,8910.35,8910.35,8910.35,4.47902e+06,4.47902e+06,4.47902e+06,4.46723e+06,4.46723e+06,4.46723e+06,158018,158018,158018,157815,157815,157815,1.17578e+08,1.17578e+08,1.17578e+08,165.234,165.234,165.234,212.284,212.284,212.284
978,313206,313206,313206,8945.18,8945.18,8945.18,8911.15,8911.15,8911.15,4.47963e+06,4.47963e+06,4.47963e+06,4.46784e+06,4.46784e+06,4.46784e+06,158017,158017,158017,157814,157814,157814,1.17578e+08,1.17578e+08,1.17578e+08,165.233,165.233,165.233,212.282,212.282,212.282
979,313280,313280,313280,8946.14,8946.14,8946.14,8912.1,8912.1,8912.1,4.48023e+06,4.48023e+06,4.48023e+06,4.46844e+06,4.46844e+06,4.46844e+06,158018,158018,158018,157815,157815,157815,1.17579e+08,1.17579e+08,1.17579e+08,165.234,165.234,165.234,212.284,212.284,212.284
980,313353,313353,313353,8947.24,8947.24,8947.24,8913.19,8913.19,8913.19,4.48083e+06,4.48083e+06,4.48083e+06,4.46904e+06,4.46904e+06,4.46904e+06,158023,158023,158023,157820,157820,157820,1.1758e+08,1.1758e+08,1.1758e+08,165.238,165.238,165.238,212.289,212.289,212.289
981,313423,313423,313423,8948.47,8948.47,8948.47,8914.41,8914.41,8914.41,4.48141e+06,4.48141e+06,4.48141e+06,4.46961e+06,4.46961e+06,4.46961e+06,158030,158030,158030,157826,157826,157826,1.17581e+08,1.17581e+08,1.17581e+08,165.245,165.245,165.245,212.297,212.297,212.297
982,313491,313491,313491,8949.81,8949.81,8949.81,8915.74,8915.74,8915.74,4.48197e+06,4.48197e+06,4.48197e+06,4.47017e+06,4.47017e+06,4.47017e+06,158039,158039,158039,157836,157836,157836,1.17581e+08,1.17581e+08,1.17581e+08,165.254,165.254,165.254,212.309,212.309,212.309
983,313556,313556,313556,8951.25,8951.25,8951.25,8917.17,8917.17,8917.17,4.4825e+06,4.4825e+06,4.4825e+06,4.47069e+06,4.47069e+06,4.47069e+06,158051,158051,158051,157848,157848,157848,1.17582e+08,1.17582e+08,1.17582e+08,165.266,165.266,165.266,212.325,212.325,212.325
984,313615,313615,313615,8952.77,8952.77,8952.77,8918.69,8918.69,8918.69,4.48298e+06,4.48298e+06,4.48298e+06,4.47118e+06,4.47118e+06,4.47118e+06,158065,158065,158065,157862,157862,157862,1.17583e+08,1.17583e+08,1.17583e+08,165.281,165.281,165.281,212.343,212.343,212.343
985,313669,313669,313669,8954.36,8954.36,8954.36,8920.26,8920.26,8920.26,4.48343e+06,4.48343e+06,4.48343e+06,4.47162e+06,4.47162e+06,4.47162e+06,158082,158082,158082,157878,157878,157878,1.17584e+08,1.17584e+08,1.17584e+08,165.298,165.298,165.298,212.365,212.365,212.365
986,313718,313718,313718,8955.99,8955.99,8955.99,8921.88,8921.88,8921.88,4.48383e+06,4.48383e+06,4.48383e+06,4.47202e+06,4.47202e+06,4.47202e+06,158100,158100,158100,157897,157897,157897,1.17585e+08,1.17585e+08,1.17585e+08,165.316,165.316,165.316,212.389,212.389,212.389
987,313759,313759,313759,8957.64,8957.64,8957.64,8923.53,8923.53,8923.53,4.48417e+06,4.48417e+06,4.48417e+06,4.47236e+06,4.47236e+06,4.47236e+06,158120,158120,158120,157917,157917,157917,1.17587e+08,1.17587e+08,1.17587e+08,165.337,165.337,165.337,212.415,212.415,212.415
988,313794,313794,313794,8959.3,8959.3,8959.3,8925.18,8925.18,8925.18,4.48445e+06,4.48445e+06,4.48445e+06,4.47264e+06,4.47264e+06,4.47264e+06,158142,158142,158142,157938,157938,157938,1.17588e+08,1.17588e+08,1.17588e+08,165.359,165.359,165.359,212.444,212.444,212.444
989,313821,313821,313821,8960.94,8960.94,8960.94,8926.81,8926.81,8926.81,4.48467e+06,4.48467e+06,4.48467e+06,4.47286e+06,4.47286e+06,4.47286e+06,158165,158165,158165,157961,157961,157961,1.17589e+08,1.17589e+08,1.17589e+08,165.383,165.383,165.383,212.474,212.474,212.474
990,313841,313841,313841,8962.54,8962.54,8962.54,8928.4,8928.4,8928.4,4.48483e+06,4.48483e+06,4.48483e+06,4.47301e+06,4.47301e+06,4.47301e+06,158188,158188,158188,157985,157985,157985,1.17591e+08,1.17591e+08,1.17591e+08,165.407,165.407,165.407,212.506,212.506,212.506
991,313852,313852,313852,8964.09,8964.09,8964.09,8929.94,8929.94,8929.94,4.48493e+06,4.48493e+06,4.48493e+06,4.47311e+06,4.47311e+06,4.47311e+06,158212,158212,158212,158009,158009,158009,1.17593e+08,1.17593e+08,1.17593e+08,165.433,165.433,165.433,212.538,212.538,212.538
992,313856,313856,313856,8965.56,8965.56,8965.56,8931.41,8931.41,8931.41,4.48496e+06,4.48496e+06,4.48496e+06,4.47313e+06,4.47313e+06,4.47313e+06,158237,158237,158237,158033,158033,158033,1.17595e+08,1.17595e+08,1.17595e+08,165.458,165.458,165.458,212.571,212.571,212.571
993,313851,313851,313851,8966.93,8966.93,8966.93,8932.77,8932.77,8932.77,4.48492e+06,4.48492e+06,4.48492e+06,4.4731e+06,4.4731e+06,4.4731e+06,158261,158261,158261,158058,158058,158058,1.17597e+08,1.17597e+08,1.17597e+08,165.484,165.484,165.484,212.604,212.604,212.604
994,313840,313840,313840,8968.19,8968.19,8968.19,8934.03,8934.03,8934.03,4.48482e+06,4.48482e+06,4.48482e+06,4.473e+06,4.473e+06,4.473e+06,158285,158285,158285,158082,158082,158082,1.17599e+08,1.17599e+08,1.17599e+08,165.509,165.509,165.509,212.637,212.637,212.637
995,313820,313820,313820,8969.33,8969.33,8969.33,8935.17,8935.17,8935.17,4.48466e+06,4.48466e+06,4.48466e+06,4.47284e+06,4.47284e+06,4.47284e+06,158309,158309,158309,158105,158105,158105,1.17601e+08,1.17601e+08,1.17601e+08,165.534,165.534,165.534,212.669,212.669,212.669
996,313794,313794,313794,8970.33,8970.33,8970.33,8936.17,8936.17,8936.17,4.48445e+06,4.48445e+06,4.48445e+06,4.47262e+06,4.47262e+06,4.47262e+06,158331,158331,158331,158128,158128,158128,1.17604e+08,1.17604e+08,1.17604e+08,165.558,165.558,165.558,212.699,212.699,212.699
997,313761,313761,313761,8971.18,8971.18,8971.18,8937.02,8937.02,8937.02,4.48418e+06,4.48418e+06,4.48418e+06,4.47235e+06,4.47235e+06,4.47235e+06,158352,158352,158352,158149,158149,158149,1.17606e+08,1.17606e+08,1.17606e+08,165.58,165.58,165.58,212.729,212.729,212.729
998,313723,313723,313723,8971.88,8971.88,8971.88,8937.71,8937.71,8937.71,4.48386e+06,4.48386e+06,4.48386e+06,4.47203e+06,4.47203e+06,4.47203e+06,158372,158372,158372,158169,158169,158169,1.17609e+08,1.17609e+08,1.17609e+08,165.601,165.601,165.601,212.756,212.756,212.756
999,313679,313679,313679,8972.4,8972.4,8972.4,8938.24,8938.24,8938.24,4.4835e+06,4.4835e+06,4.4835e+06,4.47167e+06,4.47167e+06,4.47167e+06,158390,158390,158390,158187,158187,158187,1.17612e+08,1.17612e+08,1.17612e+08,165.62,165.62,165.62,212.78,212.78,212.78
1000,313631,313631,313631,8972.77,8972.77,8972.77,8938.61,8938.61,8938.61,4.48311e+06,4.48311e+06,4.48311e+06,4.47128e+06,4.47128e+06,4.47128e+06,158406,158406,158406,158203,158203,158203,1.17615e+08,1.17615e+08,1.17615e+08,165.638,165.638,165.638,212.802,212.802,212.802
