time,low95:SS:Japan__all,SS:Japan__all,high95:SS:Japan__all,low95:IS:Japan__all,IS:Japan__all,high95:IS:Japan__all,low95:SI:Japan__all,SI:Japan__all,high95:SI:Japan__all,low95:RS:Japan__all,RS:Japan__all,high95:RS:Japan__all,low95:SR:Japan__all,SR:Japan__all,high95:SR:Japan__all,low95:IR:Japan__all,IR:Japan__all,high95:IR:Japan__all,low95:RI:Japan__all,RI:Japan__all,high95:RI:Japan__all,low95:SQ:Japan__all,SQ:Japan__all,high95:SQ:Japan__all,low95:QS:Japan__all,QS:Japan__all,high95:QS:Japan__all,low95:QR:Japan__all,QR:Japan__all,high95:QR:Japan__all,low95:RQ:Japan__all,RQ:Japan__all,high95:RQ:Japan__all,low95:RR:Japan__all,RR:Japan__all,high95:RR:Japan__all,low95:EV71_JAP__IASR__inc,EV71_JAP__IASR__inc,high95:EV71_JAP__IASR__inc,low95:CA16_JAP__IASR__inc,CA16_JAP__IASR__inc,high95:CA16_JAP__IASR__inc
0,6.0086e+06,6.0086e+06,6.0086e+06,122603,122603,122603,67007.1,67007.1,67007.1,3.64702e+07,3.64702e+07,3.64702e+07,2.77588e+07,2.77588e+07,2.77588e+07,99974.6,99974.6,99974.6,71616.7,71616.7,71616.7,5.03197e+06,5.03197e+06,5.03197e+06,1.31939e+07,1.31939e+07,1.31939e+07,9.44681e+06,9.44681e+06,9.44681e+06,2.44078e+06,2.44078e+06,2.44078e+06,2.59962e+07,2.59962e+07,2.59962e+07,0,0,0,0,0,0
1,5.91886e+06,5.91886e+06,5.91886e+06,109016,109016,109016,91121.6,91121.6,91121.6,3.65052e+07,3.65052e+07,3.65052e+07,2.76431e+07,2.76431e+07,2.76431e+07,89689.1,89689.1,89689.1,98906,98906,98906,5.11511e+06,5.11511e+06,5.11511e+06,1.31983e+07,1.31983e+07,1.31983e+07,9.38044e+06,9.38044e+06,9.38044e+06,2.57745e+06,2.57745e+06,2.57745e+06,2.59813e+07,2.59813e+07,2.59813e+07,175.81,175.81,175.81,141.414,141.414,141.414
2,5.79215e+06,5.79215e+06,5.79215e+06,93931.8,93931.8,93931.8,120596,120596,120596,3.64522e+07,3.64522e+07,3.64522e+07,2.75601e+07,2.75601e+07,2.75601e+07,78471,78471,78471,133348,133348,133348,5.26605e+06,5.26605e+06,5.26605e+06,1.31653e+07,1.31653e+07,1.31653e+07,9.28874e+06,9.28874e+06,9.28874e+06,2.78862e+06,2.78862e+06,2.78862e+06,2.59777e+07,2.59777e+07,2.59777e+07,154.87,154.87,154.87,191.476,191.476,191.476
3,5.62218e+06,5.62218e+06,5.62218e+06,77722.2,77722.2,77722.2,153089,153089,153089,3.62954e+07,3.62954e+07,3.62954e+07,2.75136e+07,2.75136e+07,2.75136e+07,66504.1,66504.1,66504.1,173277,173277,173277,5.49471e+06,5.49471e+06,5.49471e+06,1.30923e+07,1.30923e+07,1.30923e+07,9.17036e+06,9.17036e+06,9.17036e+06,3.08858e+06,3.08858e+06,3.08858e+06,2.59782e+07,2.59782e+07,2.59782e+07,132.099,132.099,132.099,251.015,251.015,251.015
4,5.41256e+06,5.41256e+06,5.41256e+06,61226.2,61226.2,61226.2,183698,183698,183698,3.60305e+07,3.60305e+07,3.60305e+07,2.75065e+07,2.75065e+07,2.75065e+07,54170.4,54170.4,54170.4,213942,213942,213942,5.80156e+06,5.80156e+06,5.80156e+06,1.29783e+07,1.29783e+07,1.29783e+07,9.02471e+06,9.02471e+06,9.02471e+06,3.48303e+06,3.48303e+06,3.48303e+06,2.59844e+07,2.59844e+07,2.59844e+07,108.222,108.222,108.222,314.154,314.154,314.154
5,5.18033e+06,5.18033e+06,5.18033e+06,45675.3,45675.3,45675.3,206046,206046,206046,3.5672e+07,3.5672e+07,3.5672e+07,2.75402e+07,2.75402e+07,2.75402e+07,42129.9,42129.9,42129.9,247872,247872,247872,6.1721e+06,6.1721e+06,6.1721e+06,1.2825e+07,1.2825e+07,1.2825e+07,8.85252e+06,8.85252e+06,8.85252e+06,3.96154e+06,3.96154e+06,3.96154e+06,2.59979e+07,2.59979e+07,2.59979e+07,84.5537,84.5537,84.5537,370.444,370.444,370.444
6,4.95324e+06,4.95324e+06,4.95324e+06,32305.3,32305.3,32305.3,215240,215240,215240,3.52544e+07,3.52544e+07,3.52544e+07,2.7613e+07,2.7613e+07,2.7613e+07,31202.8,31202.8,31202.8,267635,267635,267635,6.57692e+06,6.57692e+06,6.57692e+06,1.26374e+07,1.26374e+07,1.26374e+07,8.65646e+06,8.65646e+06,8.65646e+06,4.49418e+06,4.49418e+06,4.49418e+06,2.602e+07,2.602e+07,2.602e+07,62.791,62.791,62.791,408.03,408.03,408.03
7,4.76046e+06,4.76046e+06,4.76046e+06,21854,21854,21854,210593,210593,210593,3.48237e+07,3.48237e+07,3.48237e+07,2.77208e+07,2.77208e+07,2.77208e+07,22078,22078,22078,269638,269638,269638,6.97972e+06,6.97972e+06,6.97972e+06,1.24229e+07,1.24229e+07,1.24229e+07,8.4411e+06,8.4411e+06,8.4411e+06,5.03725e+06,5.03725e+06,5.03725e+06,2.60507e+07,2.60507e+07,2.60507e+07,44.4374,44.4374,44.4374,419.36,419.36,419.36
8,4.62291e+06,4.62291e+06,4.62291e+06,14350.3,14350.3,14350.3,195624,195624,195624,3.44219e+07,3.44219e+07,3.44219e+07,2.78573e+07,2.78573e+07,2.78573e+07,15059.4,15059.4,15059.4,255851,255851,255851,7.34885e+06,7.34885e+06,7.34885e+06,1.21898e+07,1.21898e+07,1.21898e+07,8.21216e+06,8.21216e+06,8.21216e+06,5.54646e+06,5.54646e+06,5.54646e+06,2.60892e+07,2.60892e+07,2.60892e+07,30.2368,30.2368,30.2368,405.08,405.08,405.08
9,4.5491e+06,4.5491e+06,4.5491e+06,9305.13,9305.13,9305.13,175609,175609,175609,3.40766e+07,3.40766e+07,3.40766e+07,2.80159e+07,2.80159e+07,2.80159e+07,10033.8,10033.8,10033.8,232090,232090,232090,7.66515e+06,7.66515e+06,7.66515e+06,1.19455e+07,1.19455e+07,1.19455e+07,7.9754e+06,7.9754e+06,7.9754e+06,5.98957e+06,5.98957e+06,5.98957e+06,2.61337e+07,2.61337e+07,2.61337e+07,20.0477,20.0477,20.0477,372.802,372.802,372.802
10,4.53694e+06,4.53694e+06,4.53694e+06,6057.06,6057.06,6057.06,155099,155099,155099,3.37984e+07,3.37984e+07,3.37984e+07,2.81908e+07,2.81908e+07,2.81908e+07,6627.21,6627.21,6627.21,204773,204773,204773,7.92283e+06,7.92283e+06,7.92283e+06,1.16958e+07,1.16958e+07,1.16958e+07,7.73571e+06,7.73571e+06,7.73571e+06,6.3517e+06,6.3517e+06,6.3517e+06,2.61821e+07,2.61821e+07,2.61821e+07,13.1509,13.1509,13.1509,332.433,332.433,332.433
11,4.5781e+06,4.5781e+06,4.5781e+06,4012.65,4012.65,4012.65,136910,136910,136910,3.35843e+07,3.35843e+07,3.35843e+07,2.83769e+07,2.83769e+07,2.83769e+07,4401.7,4401.7,4401.7,178691,178691,178691,8.12565e+06,8.12565e+06,8.12565e+06,1.14446e+07,1.14446e+07,1.14446e+07,7.49677e+06,7.49677e+06,7.49677e+06,6.63303e+06,6.63303e+06,6.63303e+06,2.6232e+07,2.6232e+07,2.6232e+07,8.66195,8.66195,8.66195,292.136,292.136,292.136
12,4.66174e+06,4.66174e+06,4.66174e+06,2733.91,2733.91,2733.91,122302,122302,122302,3.34244e+07,3.34244e+07,3.34244e+07,2.85709e+07,2.85709e+07,2.85709e+07,2976.92,2976.92,2976.92,156478,156478,156478,8.28245e+06,8.28245e+06,8.28245e+06,1.11944e+07,1.11944e+07,1.11944e+07,7.26104e+06,7.26104e+06,7.26104e+06,6.84317e+06,6.84317e+06,6.84317e+06,2.62815e+07,2.62815e+07,2.62815e+07,5.80275,5.80275,5.80275,256.842,256.842,256.842
13,4.77678e+06,4.77678e+06,4.77678e+06,1930.12,1930.12,1930.12,111581,111581,111581,3.33058e+07,3.33058e+07,3.33058e+07,2.87701e+07,2.87701e+07,2.87701e+07,2070.9,2070.9,2070.9,139104,139104,139104,8.40377e+06,8.40377e+06,8.40377e+06,1.09468e+07,1.09468e+07,1.09468e+07,7.0301e+06,7.0301e+06,7.0301e+06,6.99584e+06,6.99584e+06,6.99584e+06,2.6329e+07,2.6329e+07,2.6329e+07,3.99491,3.99491,3.99491,228.696,228.696,228.696
14,4.91286e+06,4.91286e+06,4.91286e+06,1419.04,1419.04,1419.04,104615,104615,104615,3.32155e+07,3.32155e+07,3.32155e+07,2.89727e+07,2.89727e+07,2.89727e+07,1493.1,1493.1,1493.1,126603,126603,126603,8.50008e+06,8.50008e+06,8.50008e+06,1.07028e+07,1.07028e+07,1.07028e+07,6.80485e+06,6.80485e+06,6.80485e+06,7.10545e+06,7.10545e+06,7.10545e+06,2.63732e+07,2.63732e+07,2.63732e+07,2.84846,2.84846,2.84846,208.13,208.13,208.13
15,5.06049e+06,5.06049e+06,5.06049e+06,1089.53,1089.53,1089.53,101157,101157,101157,3.31416e+07,3.31416e+07,3.31416e+07,2.91776e+07,2.91776e+07,2.91776e+07,1121.49,1121.49,1121.49,118625,118625,118625,8.58113e+06,8.58113e+06,8.58113e+06,1.04627e+07,1.04627e+07,1.04627e+07,6.58576e+06,6.58576e+06,6.58576e+06,7.18545e+06,7.18545e+06,7.18545e+06,2.64135e+07,2.64135e+07,2.64135e+07,2.11476,2.11476,2.11476,194.792,194.792,194.792
16,5.21084e+06,5.21084e+06,5.21084e+06,874.347,874.347,874.347,100994,100994,100994,3.30732e+07,3.30732e+07,3.30732e+07,2.93842e+07,2.93842e+07,2.93842e+07,880.05,880.05,880.05,114753,114753,114753,8.65587e+06,8.65587e+06,8.65587e+06,1.02271e+07,1.02271e+07,1.02271e+07,6.37307e+06,6.37307e+06,6.37307e+06,7.24781e+06,7.24781e+06,7.24781e+06,2.64494e+07,2.64494e+07,2.64494e+07,1.63977,1.63977,1.63977,188.132,188.132,188.132
17,5.35553e+06,5.35553e+06,5.35553e+06,732.625,732.625,732.625,104000,104000,104000,3.30005e+07,3.30005e+07,3.30005e+07,2.95921e+07,2.95921e+07,2.95921e+07,721.965,721.965,721.965,114643,114643,114643,8.73267e+06,8.73267e+06,8.73267e+06,9.99596e+06,9.99596e+06,9.99596e+06,6.16682e+06,6.16682e+06,6.16682e+06,7.30314e+06,7.30314e+06,7.30314e+06,2.64808e+07,2.64808e+07,2.64808e+07,1.32913,1.32913,1.32913,187.666,187.666,187.666
18,5.48633e+06,5.48633e+06,5.48633e+06,639.091,639.091,639.091,110101,110101,110101,3.29146e+07,3.29146e+07,3.29146e+07,2.98014e+07,2.98014e+07,2.98014e+07,618.287,618.287,618.287,118036,118036,118036,8.81947e+06,8.81947e+06,8.81947e+06,9.76942e+06,9.76942e+06,9.76942e+06,5.96699e+06,5.96699e+06,5.96699e+06,7.36092e+06,7.36092e+06,7.36092e+06,2.65079e+07,2.65079e+07,2.65079e+07,1.12487,1.12487,1.12487,193.054,193.054,193.054
19,5.59527e+06,5.59527e+06,5.59527e+06,577.626,577.626,577.626,119186,119186,119186,3.2807e+07,3.2807e+07,3.2807e+07,3.00121e+07,3.00121e+07,3.00121e+07,550.82,550.82,550.82,124699,124699,124699,8.92386e+06,8.92386e+06,8.92386e+06,9.54749e+06,9.54749e+06,9.54749e+06,5.77347e+06,5.77347e+06,5.77347e+06,7.42973e+06,7.42973e+06,7.42973e+06,2.65311e+07,2.65311e+07,2.65311e+07,0.990797,0.990797,0.990797,204.019,204.019,204.019
20,5.67508e+06,5.67508e+06,5.67508e+06,537.396,537.396,537.396,130948,130948,130948,3.26703e+07,3.26703e+07,3.26703e+07,3.02249e+07,3.02249e+07,3.02249e+07,507.721,507.721,507.721,134285,134285,134285,9.05278e+06,9.05278e+06,9.05278e+06,9.33016e+06,9.33016e+06,9.33016e+06,5.58614e+06,5.58614e+06,5.58614e+06,7.51716e+06,7.51716e+06,7.51716e+06,2.6551e+07,2.6551e+07,2.6551e+07,0.903602,0.903602,0.903602,220.154,220.154,220.154
21,5.72009e+06,5.72009e+06,5.72009e+06,510.566,510.566,510.566,144688,144688,144688,3.24985e+07,3.24985e+07,3.24985e+07,3.04403e+07,3.04403e+07,3.04403e+07,480.806,480.806,480.806,146155,146155,146155,9.21177e+06,9.21177e+06,9.21177e+06,9.11738e+06,9.11738e+06,9.11738e+06,5.40484e+06,5.40484e+06,5.40484e+06,7.62933e+06,7.62933e+06,7.62933e+06,2.65684e+07,2.65684e+07,2.65684e+07,0.847411,0.847411,0.847411,240.624,240.624,240.624
22,5.72772e+06,5.72772e+06,5.72772e+06,491.071,491.071,491.071,159148,159148,159148,3.22885e+07,3.22885e+07,3.22885e+07,3.06592e+07,3.06592e+07,3.06592e+07,463.965,463.965,463.965,159198,159198,159198,9.40378e+06,9.40378e+06,9.40378e+06,8.90909e+06,8.90909e+06,8.90909e+06,5.22941e+06,5.22941e+06,5.22941e+06,7.76995e+06,7.76995e+06,7.76995e+06,2.65842e+07,2.65842e+07,2.65842e+07,0.810606,0.810606,0.810606,263.842,263.842,263.842
23,5.69995e+06,5.69995e+06,5.69995e+06,474.146,474.146,474.146,172509,172509,172509,3.20413e+07,3.20413e+07,3.20413e+07,3.08824e+07,3.08824e+07,3.08824e+07,452.347,452.347,452.347,171763,171763,171763,9.62771e+06,9.62771e+06,9.62771e+06,8.70524e+06,8.70524e+06,8.70524e+06,5.05968e+06,5.05968e+06,5.05968e+06,7.93908e+06,7.93908e+06,7.93908e+06,2.65993e+07,2.65993e+07,2.65993e+07,0.784145,0.784145,0.784145,287.267,287.267,287.267
24,5.64422e+06,5.64422e+06,5.64422e+06,456.434,456.434,456.434,182702,182702,182702,3.1763e+07,3.1763e+07,3.1763e+07,3.11106e+07,3.11106e+07,3.11106e+07,442.146,442.146,442.146,181851,181851,181851,9.87739e+06,9.87739e+06,9.87739e+06,8.50572e+06,8.50572e+06,8.50572e+06,4.89547e+06,4.89547e+06,4.89547e+06,8.13203e+06,8.13203e+06,8.13203e+06,2.66147e+07,2.66147e+07,2.66147e+07,0.761012,0.761012,0.761012,307.575,307.575,307.575
25,5.5727e+06,5.5727e+06,5.5727e+06,436.29,436.29,436.29,188009,188009,188009,3.14648e+07,3.14648e+07,3.14648e+07,3.13444e+07,3.13444e+07,3.13444e+07,430.78,430.78,430.78,187605,187605,187605,1.01418e+07,1.01418e+07,1.01418e+07,8.31047e+06,8.31047e+06,8.31047e+06,4.73659e+06,4.73659e+06,4.73659e+06,8.33922e+06,8.33922e+06,8.33922e+06,2.66309e+07,2.66309e+07,2.66309e+07,0.736419,0.736419,0.736419,321.361,321.361,321.361
26,5.49999e+06,5.49999e+06,5.49999e+06,413.879,413.879,413.879,187682,187682,187682,3.11608e+07,3.11608e+07,3.11608e+07,3.15839e+07,3.15839e+07,3.15839e+07,417.151,417.151,417.151,187917,187917,187917,1.04068e+07,1.04068e+07,1.04068e+07,8.11938e+06,8.11938e+06,8.11938e+06,4.58288e+06,4.58288e+06,4.58288e+06,8.54746e+06,8.54746e+06,8.54746e+06,2.66483e+07,2.66483e+07,2.66483e+07,0.70821,0.70821,0.70821,326.196,326.196,326.196
27,5.4399e+06,5.4399e+06,5.4399e+06,390.794,390.794,390.794,182195,182195,182195,3.08656e+07,3.08656e+07,3.08656e+07,3.1829e+07,3.1829e+07,3.1829e+07,401.653,401.653,401.653,182832,182832,182832,1.06584e+07,1.06584e+07,1.06584e+07,7.93239e+06,7.93239e+06,7.93239e+06,4.43415e+06,4.43415e+06,4.43415e+06,8.74263e+06,8.74263e+06,8.74263e+06,2.66669e+07,2.66669e+07,2.66669e+07,0.676881,0.676881,0.676881,321.489,321.489,321.489
28,5.40276e+06,5.40276e+06,5.40276e+06,369.338,369.338,369.338,172985,172985,172985,3.05907e+07,3.05907e+07,3.05907e+07,3.20791e+07,3.20791e+07,3.20791e+07,385.828,385.828,385.828,173468,173468,173468,1.08851e+07,1.08851e+07,1.08851e+07,7.7494e+06,7.7494e+06,7.7494e+06,4.29025e+06,4.29025e+06,4.29025e+06,8.91261e+06,8.91261e+06,8.91261e+06,2.66862e+07,2.66862e+07,2.66862e+07,0.644952,0.644952,0.644952,308.628,308.628,308.628
29,5.39424e+06,5.39424e+06,5.39424e+06,351.827,351.827,351.827,161873,161873,161873,3.03435e+07,3.03435e+07,3.03435e+07,3.23334e+07,3.23334e+07,3.23334e+07,371.792,371.792,371.792,161549,161549,161549,1.10804e+07,1.10804e+07,1.10804e+07,7.57035e+06,7.57035e+06,7.57035e+06,4.15101e+06,4.15101e+06,4.15101e+06,9.04945e+06,9.04945e+06,9.04945e+06,2.67057e+07,2.67057e+07,2.67057e+07,0.615952,0.615952,0.615952,290.342,290.342,290.342
30,5.41552e+06,5.41552e+06,5.41552e+06,340.222,340.222,340.222,150534,150534,150534,3.01264e+07,3.01264e+07,3.01264e+07,3.25909e+07,3.25909e+07,3.25909e+07,361.74,361.74,361.74,148839,148839,148839,1.12421e+07,1.12421e+07,1.12421e+07,7.39518e+06,7.39518e+06,7.39518e+06,4.01628e+06,4.01628e+06,4.01628e+06,9.15e+06,9.15e+06,9.15e+06,2.67243e+07,2.67243e+07,2.67243e+07,0.593501,0.593501,0.593501,269.724,269.724,269.724
31,5.46439e+06,5.46439e+06,5.46439e+06,336.126,336.126,336.126,140214,140214,140214,2.99378e+07,2.99378e+07,2.99378e+07,3.28509e+07,3.28509e+07,3.28509e+07,357.711,357.711,357.711,136759,136759,136759,1.13721e+07,1.13721e+07,1.13721e+07,7.22383e+06,7.22383e+06,7.22383e+06,3.88595e+06,3.88595e+06,3.88595e+06,9.21537e+06,9.21537e+06,9.21537e+06,2.67415e+07,2.67415e+07,2.67415e+07,0.580847,0.580847,0.580847,249.448,249.448,249.448
32,5.53651e+06,5.53651e+06,5.53651e+06,341.02,341.02,341.02,131690,131690,131690,2.9774e+07,2.9774e+07,2.9774e+07,3.31124e+07,3.31124e+07,3.31124e+07,361.615,361.615,361.615,126243,126243,126243,1.14746e+07,1.14746e+07,1.14746e+07,7.05624e+06,7.05624e+06,7.05624e+06,3.75987e+06,3.75987e+06,3.75987e+06,9.24961e+06,9.24961e+06,9.24961e+06,2.67563e+07,2.67563e+07,2.67563e+07,0.580889,0.580889,0.580889,231.407,231.407,231.407
33,5.62633e+06,5.62633e+06,5.62633e+06,356.602,356.602,356.602,125365,125365,125365,2.96295e+07,2.96295e+07,2.96295e+07,3.33746e+07,3.33746e+07,3.33746e+07,375.478,375.478,375.478,117796,117796,117796,1.15555e+07,1.15555e+07,1.15555e+07,6.89236e+06,6.89236e+06,6.89236e+06,3.63793e+06,3.63793e+06,3.63793e+06,9.25845e+06,9.25845e+06,9.25845e+06,2.67681e+07,2.67681e+07,2.67681e+07,0.596546,0.596546,0.596546,216.719,216.719,216.719
34,5.72782e+06,5.72782e+06,5.72782e+06,385.181,385.181,385.181,121400,121400,121400,2.94984e+07,2.94984e+07,2.94984e+07,3.36372e+07,3.36372e+07,3.36372e+07,401.792,401.792,401.792,111611,111611,111611,1.16211e+07,1.16211e+07,1.16211e+07,6.73216e+06,6.73216e+06,6.73216e+06,3.52003e+06,3.52003e+06,3.52003e+06,9.24832e+06,9.24832e+06,9.24832e+06,2.67766e+07,2.67766e+07,2.67766e+07,0.631317,0.631317,0.631317,205.913,205.913,205.913
35,5.83482e+06,5.83482e+06,5.83482e+06,430.106,430.106,430.106,119814,119814,119814,2.93748e+07,2.93748e+07,2.93748e+07,3.38996e+07,3.38996e+07,3.38996e+07,443.973,443.973,443.973,107695,107695,107695,1.16777e+07,1.16777e+07,1.16777e+07,6.57559e+06,6.57559e+06,6.57559e+06,3.40607e+06,3.40607e+06,3.40607e+06,9.22565e+06,9.22565e+06,9.22565e+06,2.67814e+07,2.67814e+07,2.67814e+07,0.689956,0.689956,0.689956,199.139,199.139,199.139
36,5.94125e+06,5.94125e+06,5.94125e+06,496.267,496.267,496.267,120554,120554,120554,2.9253e+07,2.9253e+07,2.9253e+07,3.41617e+07,3.41617e+07,3.41617e+07,506.908,506.908,506.908,105957,105957,105957,1.17316e+07,1.17316e+07,1.17316e+07,6.42264e+06,6.42264e+06,6.42264e+06,3.29596e+06,3.29596e+06,3.29596e+06,9.19653e+06,9.19653e+06,9.19653e+06,2.67824e+07,2.67824e+07,2.67824e+07,0.779279,0.779279,0.779279,196.339,196.339,196.339
37,6.04125e+06,6.04125e+06,6.04125e+06,590.727,590.727,590.727,123508,123508,123508,2.91277e+07,2.91277e+07,2.91277e+07,3.44233e+07,3.44233e+07,3.44233e+07,597.662,597.662,597.662,106248,106248,106248,1.17887e+07,1.17887e+07,1.17887e+07,6.27329e+06,6.27329e+06,6.27329e+06,3.18965e+06,3.18965e+06,3.18965e+06,9.16657e+06,9.16657e+06,9.16657e+06,2.67798e+07,2.67798e+07,2.67798e+07,0.909147,0.909147,0.909147,197.335,197.335,197.335
38,6.12936e+06,6.12936e+06,6.12936e+06,723.492,723.492,723.492,128490,128490,128490,2.89943e+07,2.89943e+07,2.89943e+07,3.46846e+07,3.46846e+07,3.46846e+07,726.378,726.378,726.378,108367,108367,108367,1.18542e+07,1.18542e+07,1.18542e+07,6.12755e+06,6.12755e+06,6.12755e+06,3.08709e+06,3.08709e+06,3.08709e+06,9.14073e+06,9.14073e+06,9.14073e+06,2.67736e+07,2.67736e+07,2.67736e+07,1.09372,1.09372,1.09372,201.85,201.85,201.85
39,6.2008e+06,6.2008e+06,6.2008e+06,908.443,908.443,908.443,135194,135194,135194,2.88486e+07,2.88486e+07,2.88486e+07,3.49456e+07,3.49456e+07,3.49456e+07,907.434,907.434,907.434,112038,112038,112038,1.1933e+07,1.1933e+07,1.1933e+07,5.98547e+06,5.98547e+06,5.98547e+06,2.98828e+06,2.98828e+06,2.98828e+06,9.12321e+06,9.12321e+06,9.12321e+06,2.67642e+07,2.67642e+07,2.67642e+07,1.35302,1.35302,1.35302,209.471,209.471,209.471
40,6.25191e+06,6.25191e+06,6.25191e+06,1164.38,1164.38,1164.38,143137,143137,143137,2.86879e+07,2.86879e+07,2.86879e+07,3.52065e+07,3.52065e+07,3.52065e+07,1160.85,1160.85,1160.85,116872,116872,116872,1.20285e+07,1.20285e+07,1.20285e+07,5.84713e+06,5.84713e+06,5.84713e+06,2.89325e+06,2.89325e+06,2.89325e+06,9.11723e+06,9.11723e+06,9.11723e+06,2.6752e+07,2.6752e+07,2.6752e+07,1.71483,1.71483,1.71483,219.574,219.574,219.574
41,6.2807e+06,6.2807e+06,6.2807e+06,1516.17,1516.17,1516.17,151617,151617,151617,2.85103e+07,2.85103e+07,2.85103e+07,3.54676e+07,3.54676e+07,3.54676e+07,1513.93,1513.93,1513.93,122331,122331,122331,1.21427e+07,1.21427e+07,1.21427e+07,5.71266e+06,5.71266e+06,5.71266e+06,2.80209e+06,2.80209e+06,2.80209e+06,9.12472e+06,9.12472e+06,9.12472e+06,2.67374e+07,2.67374e+07,2.67374e+07,2.21688,2.21688,2.21688,231.249,231.249,231.249
42,6.28739e+06,6.28739e+06,6.28739e+06,1996.02,1996.02,1996.02,159733,159733,159733,2.8316e+07,2.8316e+07,2.8316e+07,3.5729e+07,3.5729e+07,3.5729e+07,2003.23,2003.23,2003.23,127728,127728,127728,1.22754e+07,1.22754e+07,1.22754e+07,5.58228e+06,5.58228e+06,5.58228e+06,2.71497e+06,2.71497e+06,2.71497e+06,9.14599e+06,9.14599e+06,9.14599e+06,2.6721e+07,2.6721e+07,2.6721e+07,2.90934,2.90934,2.90934,243.265,243.265,243.265
43,6.27473e+06,6.27473e+06,6.27473e+06,2645.26,2645.26,2645.26,166477,166477,166477,2.81071e+07,2.81071e+07,2.81071e+07,3.59907e+07,3.59907e+07,3.59907e+07,2676.93,2676.93,2676.93,132284,132284,132284,1.2424e+07,1.2424e+07,1.2424e+07,5.45627e+06,5.45627e+06,5.45627e+06,2.63218e+06,2.63218e+06,2.63218e+06,9.17944e+06,9.17944e+06,9.17944e+06,2.67033e+07,2.67033e+07,2.67033e+07,3.85784,3.85784,3.85784,254.143,254.143,254.143
44,6.24779e+06,6.24779e+06,6.24779e+06,3517.58,3517.58,3517.58,170924,170924,170924,2.78879e+07,2.78879e+07,2.78879e+07,3.62525e+07,3.62525e+07,3.62525e+07,3598.37,3598.37,3598.37,135248,135248,135248,1.25833e+07,1.25833e+07,1.25833e+07,5.33506e+06,5.33506e+06,5.33506e+06,2.55412e+06,2.55412e+06,2.55412e+06,9.22154e+06,9.22154e+06,9.22154e+06,2.66846e+07,2.66846e+07,2.66846e+07,5.14788,5.14788,5.14788,262.355,262.355,262.355
45,6.21329e+06,6.21329e+06,6.21329e+06,4684.93,4684.93,4684.93,172446,172446,172446,2.7664e+07,2.7664e+07,2.7664e+07,3.65137e+07,3.65137e+07,3.65137e+07,4852.08,4852.08,4852.08,136060,136060,136060,1.27465e+07,1.27465e+07,1.27465e+07,5.2192e+06,5.2192e+06,5.2192e+06,2.48137e+06,2.48137e+06,2.48137e+06,9.26715e+06,9.26715e+06,9.26715e+06,2.66652e+07,2.66652e+07,2.66652e+07,6.89239,6.89239,6.89239,266.636,266.636,266.636
46,6.17829e+06,6.17829e+06,6.17829e+06,6248.24,6248.24,6248.24,170866,170866,170866,2.74417e+07,2.74417e+07,2.74417e+07,3.67731e+07,3.67731e+07,3.67731e+07,6554.24,6554.24,6554.24,134485,134485,134485,1.29054e+07,1.29054e+07,1.29054e+07,5.10946e+06,5.10946e+06,5.10946e+06,2.41474e+06,2.41474e+06,2.41474e+06,9.31029e+06,9.31029e+06,9.31029e+06,2.66454e+07,2.66454e+07,2.66454e+07,9.24523,9.24523,9.24523,266.279,266.279,266.279
47,6.14894e+06,6.14894e+06,6.14894e+06,8354.85,8354.85,8354.85,166475,166475,166475,2.72272e+07,2.72272e+07,2.72272e+07,3.70291e+07,3.70291e+07,3.70291e+07,8870.54,8870.54,8870.54,130659,130659,130659,1.30526e+07,1.30526e+07,1.30526e+07,5.00692e+06,5.00692e+06,5.00692e+06,2.35539e+06,2.35539e+06,2.35539e+06,9.34505e+06,9.34505e+06,9.34505e+06,2.66252e+07,2.66252e+07,2.66252e+07,12.4244,12.4244,12.4244,261.296,261.296,261.296
48,6.12928e+06,6.12928e+06,6.12928e+06,11225.1,11225.1,11225.1,159897,159897,159897,2.70255e+07,2.70255e+07,2.70255e+07,3.72791e+07,3.72791e+07,3.72791e+07,12044.4,12044.4,12044.4,125022,125022,125022,1.31819e+07,1.31819e+07,1.31819e+07,4.91308e+06,4.91308e+06,4.91308e+06,2.30493e+06,2.30493e+06,2.30493e+06,9.36645e+06,9.36645e+06,9.36645e+06,2.66045e+07,2.66045e+07,2.66045e+07,16.749,16.749,16.749,252.353,252.353,252.353
49,6.12057e+06,6.12057e+06,6.12057e+06,15190.7,15190.7,15190.7,151890,151890,151890,2.68401e+07,2.68401e+07,2.68401e+07,3.75196e+07,3.75196e+07,3.75196e+07,16439.7,16439.7,16439.7,118169,118169,118169,1.32889e+07,1.32889e+07,1.32889e+07,4.83014e+06,4.83014e+06,4.83014e+06,2.2657e+06,2.2657e+06,2.2657e+06,9.37106e+06,9.37106e+06,9.37106e+06,2.65831e+07,2.65831e+07,2.65831e+07,22.6957,22.6957,22.6957,240.527,240.527,240.527
50,6.12102e+06,6.12102e+06,6.12102e+06,20747,20747,20747,143137,143137,143137,2.66731e+07,2.66731e+07,2.66731e+07,3.77456e+07,3.77456e+07,3.77456e+07,22601,22601,22601,110692,110692,110692,1.33714e+07,1.33714e+07,1.33714e+07,4.76129e+06,4.76129e+06,4.76129e+06,2.24111e+06,2.24111e+06,2.24111e+06,9.3571e+06,9.3571e+06,9.3571e+06,2.6561e+07,2.6561e+07,2.6561e+07,30.9791,30.9791,30.9791,226.979,226.979,226.979
51,6.12571e+06,6.12571e+06,6.12571e+06,28617.7,28617.7,28617.7,134104,134104,134104,2.65253e+07,2.65253e+07,2.65253e+07,3.79502e+07,3.79502e+07,3.79502e+07,31332.8,31332.8,31332.8,103049,103049,103049,1.34288e+07,1.34288e+07,1.34288e+07,4.7112e+06,4.7112e+06,4.7112e+06,2.23615e+06,2.23615e+06,2.23615e+06,9.32421e+06,9.32421e+06,9.32421e+06,2.6538e+07,2.6538e+07,2.6538e+07,42.6592,42.6592,42.6592,212.675,212.675,212.675
52,6.12661e+06,6.12661e+06,6.12661e+06,39813.9,39813.9,39813.9,124969,124969,124969,2.63969e+07,2.63969e+07,2.63969e+07,3.81237e+07,3.81237e+07,3.81237e+07,43784.4,43784.4,43784.4,95494,95494,95494,1.34611e+07,1.34611e+07,1.34611e+07,4.68669e+06,4.68669e+06,4.68669e+06,2.25815e+06,2.25815e+06,2.25815e+06,9.27296e+06,9.27296e+06,9.27296e+06,2.65144e+07,2.65144e+07,2.65144e+07,59.265,59.265,59.265,198.211,198.211,198.211
53,6.11257e+06,6.11257e+06,6.11257e+06,55631.2,55631.2,55631.2,115604,115604,115604,2.62883e+07,2.62883e+07,2.62883e+07,3.82524e+07,3.82524e+07,3.82524e+07,61494.5,61494.5,61494.5,88057.4,88057.4,88057.4,1.34685e+07,1.34685e+07,1.34685e+07,4.69741e+06,4.69741e+06,4.69741e+06,2.31762e+06,2.31762e+06,2.31762e+06,9.20425e+06,9.20425e+06,9.20425e+06,2.64905e+07,2.64905e+07,2.64905e+07,82.8841,82.8841,82.8841,183.73,183.73,183.73
54,6.06965e+06,6.06965e+06,6.06965e+06,77453.6,77453.6,77453.6,105618,105618,105618,2.62005e+07,2.62005e+07,2.62005e+07,3.83182e+07,3.83182e+07,3.83182e+07,86267.1,86267.1,86267.1,80561.4,80561.4,80561.4,1.34506e+07,1.34506e+07,1.34506e+07,4.75635e+06,4.75635e+06,4.75635e+06,2.42906e+06,2.42906e+06,2.42906e+06,9.11878e+06,9.11878e+06,9.11878e+06,2.6467e+07,2.6467e+07,2.6467e+07,116.071,116.071,116.071,168.935,168.935,168.935
55,5.98264e+06,5.98264e+06,5.98264e+06,106138,106138,106138,94477.4,94477.4,94477.4,2.61358e+07,2.61358e+07,2.61358e+07,3.82989e+07,3.82989e+07,3.82989e+07,119639,119639,119639,72677.9,72677.9,72677.9,1.34055e+07,1.34055e+07,1.34055e+07,4.8793e+06,4.8793e+06,4.8793e+06,2.61095e+06,2.61095e+06,2.61095e+06,9.01653e+06,9.01653e+06,9.01653e+06,2.64451e+07,2.64451e+07,2.64451e+07,161.274,161.274,161.274,153.189,153.189,153.189
56,5.83882e+06,5.83882e+06,5.83882e+06,140812,140812,140812,81758,81758,81758,2.60978e+07,2.60978e+07,2.60978e+07,3.81712e+07,3.81712e+07,3.81712e+07,161657,161657,161657,64051.6,64051.6,64051.6,1.33305e+07,1.33305e+07,1.33305e+07,5.08205e+06,5.08205e+06,5.08205e+06,2.88351e+06,2.88351e+06,2.88351e+06,8.8966e+06,8.8966e+06,8.8966e+06,2.64264e+07,2.64264e+07,2.64264e+07,219.359,219.359,219.359,135.744,135.744,135.744
57,5.63469e+06,5.63469e+06,5.63469e+06,177455,177455,177455,67516.5,67516.5,67516.5,2.60911e+07,2.60911e+07,2.60911e+07,3.79192e+07,3.79192e+07,3.79192e+07,209067,209067,209067,54502.7,54502.7,54502.7,1.32221e+07,1.32221e+07,1.32221e+07,5.37404e+06,5.37404e+06,5.37404e+06,3.26256e+06,3.26256e+06,3.26256e+06,8.75737e+06,8.75737e+06,8.75737e+06,2.64131e+07,2.64131e+07,2.64131e+07,287.159,287.159,287.159,116.164,116.164,116.164
58,5.3831e+06,5.3831e+06,5.3831e+06,208744,208744,208744,52584.6,52584.6,52584.6,2.61198e+07,2.61198e+07,2.61198e+07,3.75455e+07,3.75455e+07,3.75455e+07,254186,254186,254186,44255,44255,44255,1.30779e+07,1.30779e+07,1.30779e+07,5.74973e+06,5.74973e+06,5.74973e+06,3.74946e+06,3.74946e+06,3.74946e+06,8.5973e+06,8.5973e+06,8.5973e+06,2.64075e+07,2.64075e+07,2.64075e+07,355.313,355.313,355.313,94.8301,94.8301,94.8301
59,5.11445e+06,5.11445e+06,5.11445e+06,226788,226788,226788,38425.4,38425.4,38425.4,2.61859e+07,2.61859e+07,2.61859e+07,3.70796e+07,3.70796e+07,3.70796e+07,286653,286653,286653,34009,34009,34009,1.2899e+07,1.2899e+07,1.2899e+07,6.18328e+06,6.18328e+06,6.18328e+06,4.32162e+06,4.32162e+06,4.32162e+06,8.4161e+06,8.4161e+06,8.4161e+06,2.64115e+07,2.64115e+07,2.64115e+07,409.403,409.403,409.403,73.1729,73.1729,73.1729
60,4.86768e+06,4.86768e+06,4.86768e+06,227699,227699,227699,26468.5,26468.5,26468.5,2.62883e+07,2.62883e+07,2.62883e+07,3.65736e+07,3.65736e+07,3.65736e+07,298505,298505,298505,24702.3,24702.3,24702.3,1.26899e+07,1.26899e+07,1.26899e+07,6.63334e+06,6.63334e+06,6.63334e+06,4.93258e+06,4.93258e+06,4.93258e+06,8.21566e+06,8.21566e+06,8.21566e+06,2.64262e+07,2.64262e+07,2.64262e+07,436.179,436.179,436.179,53.2419,53.2419,53.2419
61,4.67565e+06,4.67565e+06,4.67565e+06,213792,213792,213792,17431.8,17431.8,17431.8,2.64222e+07,2.64222e+07,2.64222e+07,3.60844e+07,3.60844e+07,3.60844e+07,288782,288782,288782,17074.8,17074.8,17074.8,1.24582e+07,1.24582e+07,1.24582e+07,7.05739e+06,7.05739e+06,7.05739e+06,5.5255e+06,5.5255e+06,5.5255e+06,8.00005e+06,8.00005e+06,8.00005e+06,2.64512e+07,2.64512e+07,2.64512e+07,431.091,431.091,431.091,36.7573,36.7573,36.7573
62,4.55569e+06,4.55569e+06,4.55569e+06,191347,191347,191347,11193.7,11193.7,11193.7,2.65815e+07,2.65815e+07,2.65815e+07,3.56552e+07,3.56552e+07,3.56552e+07,263365,263365,263365,11384.7,11384.7,11384.7,1.22117e+07,1.22117e+07,1.22117e+07,7.42555e+06,7.42555e+06,7.42555e+06,6.05231e+06,6.05231e+06,6.05231e+06,7.77449e+06,7.77449e+06,7.77449e+06,2.64849e+07,2.64849e+07,2.64849e+07,400.239,400.239,400.239,24.4047,24.4047,24.4047
63,4.5096e+06,4.5096e+06,4.5096e+06,166728,166728,166728,7151.92,7151.92,7151.92,2.67596e+07,2.67596e+07,2.67596e+07,3.53065e+07,3.53065e+07,3.53065e+07,230777,230777,230777,7447.24,7447.24,7447.24,1.19575e+07,1.19575e+07,1.19575e+07,7.72542e+06,7.72542e+06,7.72542e+06,6.48599e+06,6.48599e+06,6.48599e+06,7.54409e+06,7.54409e+06,7.54409e+06,2.65248e+07,2.65248e+07,2.65248e+07,355.475,355.475,355.475,15.8568,15.8568,15.8568
64,4.52926e+06,4.52926e+06,4.52926e+06,144166,144166,144166,4627.79,4627.79,4627.79,2.69509e+07,2.69509e+07,2.69509e+07,3.50393e+07,3.50393e+07,3.50393e+07,198137,198137,198137,4862.64,4862.64,4862.64,1.17003e+07,1.17003e+07,1.17003e+07,7.95862e+06,7.95862e+06,7.95862e+06,6.821e+06,6.821e+06,6.821e+06,7.313e+06,7.313e+06,7.313e+06,2.65683e+07,2.65683e+07,2.65683e+07,308.008,308.008,308.008,10.2648,10.2648,10.2648
65,4.60228e+06,4.60228e+06,4.60228e+06,125630,125630,125630,3074.5,3074.5,3074.5,2.71512e+07,2.71512e+07,2.71512e+07,3.48431e+07,3.48431e+07,3.48431e+07,169621,169621,169621,3219.12,3219.12,3219.12,1.14433e+07,1.14433e+07,1.14433e+07,8.13455e+06,8.13455e+06,8.13455e+06,7.06641e+06,7.06641e+06,7.06641e+06,7.08415e+06,7.08415e+06,7.08415e+06,2.66126e+07,2.66126e+07,2.66126e+07,265.115,265.115,265.115,6.72761,6.72761,6.72761
66,4.7157e+06,4.7157e+06,4.7157e+06,111608,111608,111608,2118.14,2118.14,2118.14,2.73573e+07,2.73573e+07,2.73573e+07,3.47024e+07,3.47024e+07,3.47024e+07,146866,146866,146866,2188.74,2188.74,2188.74,1.11887e+07,1.11887e+07,1.11887e+07,8.26539e+06,8.26539e+06,8.26539e+06,7.23821e+06,7.23821e+06,7.23821e+06,6.85943e+06,6.85943e+06,6.85943e+06,2.66558e+07,2.66558e+07,2.66558e+07,230.117,230.117,230.117,4.52366,4.52366,4.52366
67,4.85757e+06,4.85757e+06,4.85757e+06,101900,101900,101900,1523.69,1523.69,1523.69,2.75672e+07,2.75672e+07,2.75672e+07,3.46017e+07,3.46017e+07,3.46017e+07,130007,130007,130007,1543.67,1543.67,1543.67,1.09375e+07,1.09375e+07,1.09375e+07,8.36333e+06,8.36333e+06,8.36333e+06,7.35392e+06,7.35392e+06,7.35392e+06,6.63995e+06,6.63995e+06,6.63995e+06,2.66962e+07,2.66962e+07,2.66962e+07,203.756,203.756,203.756,3.15243,3.15243,3.15243
68,5.01724e+06,5.01724e+06,5.01724e+06,96105.4,96105.4,96105.4,1149.44,1149.44,1149.44,2.77794e+07,2.77794e+07,2.77794e+07,3.45263e+07,3.45263e+07,3.45263e+07,118540,118540,118540,1137.37,1137.37,1137.37,1.06904e+07,1.06904e+07,1.06904e+07,8.4395e+06,8.4395e+06,8.4395e+06,7.42984e+06,7.42984e+06,7.42984e+06,6.42633e+06,6.42633e+06,6.42633e+06,2.67327e+07,2.67327e+07,2.67327e+07,185.556,185.556,185.556,2.29347,2.29347,2.29347
69,5.18518e+06,5.18518e+06,5.18518e+06,93871.2,93871.2,93871.2,911.29,911.29,911.29,2.7993e+07,2.7993e+07,2.7993e+07,3.44638e+07,3.44638e+07,3.44638e+07,111835,111835,111835,879.38,879.38,879.38,1.04479e+07,1.04479e+07,1.04479e+07,8.50383e+06,8.50383e+06,8.50383e+06,7.48024e+06,7.48024e+06,7.48024e+06,6.21885e+06,6.21885e+06,6.21885e+06,2.67647e+07,2.67647e+07,2.67647e+07,174.695,174.695,174.695,1.75009,1.75009,1.75009
70,5.35251e+06,5.35251e+06,5.35251e+06,94983.1,94983.1,94983.1,759.356,759.356,759.356,2.82075e+07,2.82075e+07,2.82075e+07,3.44031e+07,3.44031e+07,3.44031e+07,109373,109373,109373,714.908,714.908,714.908,1.021e+07,1.021e+07,1.021e+07,8.56532e+06,8.56532e+06,8.56532e+06,7.5174e+06,7.5174e+06,7.5174e+06,6.01763e+06,6.01763e+06,6.01763e+06,2.67919e+07,2.67919e+07,2.67919e+07,170.445,170.445,170.445,1.40389,1.40389,1.40389
71,5.5106e+06,5.5106e+06,5.5106e+06,99367.1,99367.1,99367.1,663.757,663.757,663.757,2.84227e+07,2.84227e+07,2.84227e+07,3.4334e+07,3.4334e+07,3.4334e+07,110809,110809,110809,610.919,610.919,610.919,9.97691e+06,9.97691e+06,9.97691e+06,8.63246e+06,8.63246e+06,8.63246e+06,7.55212e+06,7.55212e+06,7.55212e+06,5.82265e+06,5.82265e+06,5.82265e+06,2.68143e+07,2.68143e+07,2.68143e+07,172.328,172.328,172.328,1.18388,1.18388,1.18388
72,5.65079e+06,5.65079e+06,5.65079e+06,107030,107030,107030,606.177,606.177,606.177,2.86389e+07,2.86389e+07,2.86389e+07,3.4247e+07,3.4247e+07,3.4247e+07,115944,115944,115944,547.324,547.324,547.324,9.74864e+06,9.74864e+06,9.74864e+06,8.7135e+06,8.7135e+06,8.7135e+06,7.59415e+06,7.59415e+06,7.59415e+06,5.63383e+06,5.63383e+06,5.63383e+06,2.68322e+07,2.68322e+07,2.68322e+07,180.099,180.099,180.099,1.0471,1.0471,1.0471
73,5.76444e+06,5.76444e+06,5.76444e+06,117935,117935,117935,574.858,574.858,574.858,2.88563e+07,2.88563e+07,2.88563e+07,3.41332e+07,3.41332e+07,3.41332e+07,124615,124615,124615,511.613,511.613,511.613,9.52518e+06,9.52518e+06,9.52518e+06,8.81652e+06,8.81652e+06,8.81652e+06,7.6525e+06,7.6525e+06,7.6525e+06,5.45105e+06,5.45105e+06,5.45105e+06,2.68461e+07,2.68461e+07,2.68461e+07,193.618,193.618,193.618,0.966987,0.966987,0.966987
74,5.84351e+06,5.84351e+06,5.84351e+06,131796,131796,131796,561.556,561.556,561.556,2.90756e+07,2.90756e+07,2.90756e+07,3.39843e+07,3.39843e+07,3.39843e+07,136512,136512,136512,495.537,495.537,495.537,9.30649e+06,9.30649e+06,9.30649e+06,8.94909e+06,8.94909e+06,8.94909e+06,7.73533e+06,7.73533e+06,7.73533e+06,5.27418e+06,5.27418e+06,5.27418e+06,2.68568e+07,2.68568e+07,2.68568e+07,212.582,212.582,212.582,0.926241,0.926241,0.926241
75,5.88176e+06,5.88176e+06,5.88176e+06,147819,147819,147819,559.657,559.657,559.657,2.92975e+07,2.92975e+07,2.92975e+07,3.37937e+07,3.37937e+07,3.37937e+07,150935,150935,150935,493.042,493.042,493.042,9.09253e+06,9.09253e+06,9.09253e+06,9.11727e+06,9.11727e+06,9.11727e+06,7.84929e+06,7.84929e+06,7.84929e+06,5.10307e+06,5.10307e+06,5.10307e+06,2.68652e+07,2.68652e+07,2.68652e+07,236.161,236.161,236.161,0.912452,0.912452,0.912452
76,5.87667e+06,5.87667e+06,5.87667e+06,164479,164479,164479,563.181,563.181,563.181,2.95231e+07,2.95231e+07,2.95231e+07,3.35582e+07,3.35582e+07,3.35582e+07,166553,166553,166553,498.984,498.984,498.984,8.88322e+06,8.88322e+06,8.88322e+06,9.32408e+06,9.32408e+06,9.32408e+06,7.99827e+06,7.99827e+06,7.99827e+06,4.93756e+06,4.93756e+06,4.93756e+06,2.68724e+07,2.68724e+07,2.68724e+07,262.562,262.562,262.562,0.915423,0.915423,0.915423
77,5.83137e+06,5.83137e+06,5.83137e+06,179529,179529,179529,566.624,566.624,566.624,2.97533e+07,2.97533e+07,2.97533e+07,3.32796e+07,3.32796e+07,3.32796e+07,181317,181317,181317,508.54,508.54,508.54,8.67848e+06,8.67848e+06,8.67848e+06,9.56756e+06,9.56756e+06,9.56756e+06,8.18167e+06,8.18167e+06,8.18167e+06,4.77748e+06,4.77748e+06,4.77748e+06,2.68795e+07,2.68795e+07,2.68795e+07,288.786,288.786,288.786,0.925862,0.925862,0.925862
78,5.75564e+06,5.75564e+06,5.75564e+06,190451,190451,190451,565.588,565.588,565.588,2.99889e+07,2.99889e+07,2.99889e+07,3.29662e+07,3.29662e+07,3.29662e+07,192747,192747,192747,517.301,517.301,517.301,8.47821e+06,8.47821e+06,8.47821e+06,9.83956e+06,9.83956e+06,9.83956e+06,8.39304e+06,8.39304e+06,8.39304e+06,4.62265e+06,4.62265e+06,4.62265e+06,2.68875e+07,2.68875e+07,2.68875e+07,310.876,310.876,310.876,0.935384,0.935384,0.935384
79,5.66478e+06,5.66478e+06,5.66478e+06,195281,195281,195281,557.771,557.771,557.771,3.02306e+07,3.02306e+07,3.02306e+07,3.26324e+07,3.26324e+07,3.26324e+07,198617,198617,198617,521.933,521.933,521.933,8.28231e+06,8.28231e+06,8.28231e+06,1.01261e+07,1.01261e+07,1.01261e+07,8.61995e+06,8.61995e+06,8.61995e+06,4.47291e+06,4.47291e+06,4.47291e+06,2.6897e+07,2.6897e+07,2.6897e+07,324.88,324.88,324.88,0.937605,0.937605,0.937605
80,5.57637e+06,5.57637e+06,5.57637e+06,193385,193385,193385,543.563,543.563,543.563,3.04784e+07,3.04784e+07,3.04784e+07,3.22956e+07,3.22956e+07,3.22956e+07,197775,197775,197775,520.961,520.961,520.961,8.09069e+06,8.09069e+06,8.09069e+06,1.04102e+07,1.04102e+07,1.04102e+07,8.8459e+06,8.8459e+06,8.8459e+06,4.32806e+06,4.32806e+06,4.32806e+06,2.69084e+07,2.69084e+07,2.69084e+07,328.216,328.216,328.216,0.929553,0.929553,0.929553
81,5.50612e+06,5.50612e+06,5.50612e+06,185665,185665,185665,525.707,525.707,525.707,3.07321e+07,3.07321e+07,3.07321e+07,3.1973e+07,3.1973e+07,3.1973e+07,190583,190583,190583,515.114,515.114,515.114,7.90323e+06,7.90323e+06,7.90323e+06,1.06753e+07,1.06753e+07,1.06753e+07,9.05393e+06,9.05393e+06,9.05393e+06,4.18793e+06,4.18793e+06,4.18793e+06,2.69216e+07,2.69216e+07,2.69216e+07,320.672,320.672,320.672,0.912322,0.912322,0.912322
82,5.46494e+06,5.46494e+06,5.46494e+06,174081,174081,174081,508.225,508.225,508.225,3.0991e+07,3.0991e+07,3.0991e+07,3.16775e+07,3.16775e+07,3.16775e+07,178681,178681,178681,506.963,506.963,506.963,7.71986e+06,7.71986e+06,7.71986e+06,1.09094e+07,1.09094e+07,1.09094e+07,9.2303e+06,9.2303e+06,9.2303e+06,4.05237e+06,4.05237e+06,4.05237e+06,2.6936e+07,2.6936e+07,2.6936e+07,304.365,304.365,304.365,0.89041,0.89041,0.89041
83,5.45792e+06,5.45792e+06,5.45792e+06,160857,160857,160857,495.306,495.306,495.306,3.12542e+07,3.12542e+07,3.12542e+07,3.14163e+07,3.14163e+07,3.14163e+07,164293,164293,164293,500.103,500.103,500.103,7.54051e+06,7.54051e+06,7.54051e+06,1.1106e+07,1.1106e+07,1.1106e+07,9.36683e+06,9.36683e+06,9.36683e+06,3.92121e+06,3.92121e+06,3.92121e+06,2.69507e+07,2.69507e+07,2.69507e+07,282.756,282.756,282.756,0.870172,0.870172,0.870172
84,5.48509e+06,5.48509e+06,5.48509e+06,147867,147867,147867,490.718,490.718,490.718,3.15204e+07,3.15204e+07,3.15204e+07,3.11907e+07,3.11907e+07,3.11907e+07,149503,149503,149503,498.41,498.41,498.41,7.3651e+06,7.3651e+06,7.3651e+06,1.12641e+07,1.12641e+07,1.12641e+07,9.46124e+06,9.46124e+06,9.46124e+06,3.79433e+06,3.79433e+06,3.79433e+06,2.69648e+07,2.69648e+07,2.69648e+07,259.424,259.424,259.424,0.85835,0.85835,0.85835
85,5.543e+06,5.543e+06,5.543e+06,136384,136384,136384,497.86,497.86,497.86,3.17888e+07,3.17888e+07,3.17888e+07,3.0998e+07,3.0998e+07,3.0998e+07,135852,135852,135852,505.711,505.711,505.711,7.19358e+06,7.19358e+06,7.19358e+06,1.13869e+07,1.13869e+07,1.13869e+07,9.51599e+06,9.51599e+06,9.51599e+06,3.67161e+06,3.67161e+06,3.67161e+06,2.69772e+07,2.69772e+07,2.69772e+07,237.213,237.213,237.213,0.86137,0.86137,0.86137
86,5.62615e+06,5.62615e+06,5.62615e+06,127121,127121,127121,520.245,520.245,520.245,3.20583e+07,3.20583e+07,3.20583e+07,3.08329e+07,3.08329e+07,3.08329e+07,124261,124261,124261,525.93,525.93,525.93,7.02592e+06,7.02592e+06,7.02592e+06,1.14801e+07,1.14801e+07,1.14801e+07,9.53659e+06,9.53659e+06,9.53659e+06,3.55293e+06,3.55293e+06,3.55293e+06,2.69871e+07,2.69871e+07,2.69871e+07,217.963,217.963,217.963,0.88551,0.88551,0.88551
87,5.72813e+06,5.72813e+06,5.72813e+06,120385,120385,120385,562.234,562.234,562.234,3.23283e+07,3.23283e+07,3.23283e+07,3.0689e+07,3.0689e+07,3.0689e+07,115150,115150,115150,563.615,563.615,563.615,6.86208e+06,6.86208e+06,6.86208e+06,1.15502e+07,1.15502e+07,1.15502e+07,9.53006e+06,9.53006e+06,9.53006e+06,3.4382e+06,3.4382e+06,3.4382e+06,2.69939e+07,2.69939e+07,2.69939e+07,202.635,202.635,202.635,0.937741,0.937741,0.937741
88,5.84222e+06,5.84222e+06,5.84222e+06,116254,116254,116254,629.967,629.967,629.967,3.2598e+07,3.2598e+07,3.2598e+07,3.05594e+07,3.05594e+07,3.05594e+07,108621,108621,108621,624.762,624.762,624.762,6.70203e+06,6.70203e+06,6.70203e+06,1.16045e+07,1.16045e+07,1.16045e+07,9.50378e+06,9.50378e+06,9.50378e+06,3.32734e+06,3.32734e+06,3.32734e+06,2.6997e+07,2.6997e+07,2.6997e+07,191.584,191.584,191.584,1.02703,1.02703,1.02703
89,5.9617e+06,5.9617e+06,5.9617e+06,114694,114694,114694,732.56,732.56,732.56,3.28671e+07,3.28671e+07,3.28671e+07,3.04375e+07,3.04375e+07,3.04375e+07,104607,104607,104607,717.973,717.973,717.973,6.54579e+06,6.54579e+06,6.54579e+06,1.16499e+07,1.16499e+07,1.16499e+07,9.46493e+06,9.46493e+06,9.46493e+06,3.2203e+06,3.2203e+06,3.2203e+06,2.69963e+07,2.69963e+07,2.69963e+07,184.829,184.829,184.829,1.16612,1.16612,1.16612
90,6.08001e+06,6.08001e+06,6.08001e+06,115625,115625,115625,883.745,883.745,883.745,3.31353e+07,3.31353e+07,3.31353e+07,3.03172e+07,3.03172e+07,3.03172e+07,102969,102969,102969,856.054,856.054,856.054,6.39337e+06,6.39337e+06,6.39337e+06,1.16931e+07,1.16931e+07,1.16931e+07,9.42019e+06,9.42019e+06,9.42019e+06,3.11706e+06,3.11706e+06,3.11706e+06,2.69915e+07,2.69915e+07,2.69915e+07,182.228,182.228,182.228,1.3739,1.3739,1.3739
91,6.19074e+06,6.19074e+06,6.19074e+06,118935,118935,118935,1104.17,1104.17,1104.17,3.34024e+07,3.34024e+07,3.34024e+07,3.01927e+07,3.01927e+07,3.01927e+07,103536,103536,103536,1058.33,1058.33,1058.33,6.24484e+06,6.24484e+06,6.24484e+06,1.17402e+07,1.17402e+07,1.17402e+07,9.3756e+06,9.3756e+06,9.3756e+06,3.01762e+06,3.01762e+06,3.01762e+06,2.69828e+07,2.69828e+07,2.69828e+07,183.571,183.571,183.571,1.67878,1.67878,1.67878
92,6.28782e+06,6.28782e+06,6.28782e+06,124451,124451,124451,1424.63,1424.63,1424.63,3.36684e+07,3.36684e+07,3.36684e+07,3.0059e+07,3.0059e+07,3.0059e+07,106105,106105,106105,1353.95,1353.95,1353.95,6.10035e+06,6.10035e+06,6.10035e+06,1.17973e+07,1.17973e+07,1.17973e+07,9.33653e+06,9.33653e+06,9.33653e+06,2.92205e+06,2.92205e+06,2.92205e+06,2.69704e+07,2.69704e+07,2.69704e+07,188.59,188.59,188.59,2.12348,2.12348,2.12348
93,6.36573e+06,6.36573e+06,6.36573e+06,131880,131880,131880,1890.36,1890.36,1890.36,3.39333e+07,3.39333e+07,3.39333e+07,2.99115e+07,2.99115e+07,2.99115e+07,110403,110403,110403,1786.57,1786.57,1786.57,5.96012e+06,5.96012e+06,5.96012e+06,1.18693e+07,1.18693e+07,1.18693e+07,9.30758e+06,9.30758e+06,9.30758e+06,2.83053e+06,2.83053e+06,2.83053e+06,2.69547e+07,2.69547e+07,2.69547e+07,196.898,196.898,196.898,2.77174,2.77174,2.77174
94,6.41998e+06,6.41998e+06,6.41998e+06,140727,140727,140727,2566.48,2566.48,2566.48,3.41969e+07,3.41969e+07,3.41969e+07,2.97469e+07,2.97469e+07,2.97469e+07,116030,116030,116030,2420.65,2420.65,2420.65,5.82451e+06,5.82451e+06,5.82451e+06,1.19602e+07,1.19602e+07,1.19602e+07,9.29237e+06,9.29237e+06,9.29237e+06,2.74335e+06,2.74335e+06,2.74335e+06,2.69361e+07,2.69361e+07,2.69361e+07,207.898,207.898,207.898,3.71722,3.71722,3.71722
95,6.44772e+06,6.44772e+06,6.44772e+06,150223,150223,150223,3544.39,3544.39,3544.39,3.44592e+07,3.44592e+07,3.44592e+07,2.95631e+07,2.95631e+07,2.95631e+07,122407,122407,122407,3349.46,3349.46,3349.46,5.69408e+06,5.69408e+06,5.69408e+06,1.20724e+07,1.20724e+07,1.20724e+07,9.29314e+06,9.29314e+06,9.29314e+06,2.66099e+06,2.66099e+06,2.66099e+06,2.69152e+07,2.69152e+07,2.69152e+07,220.661,220.661,220.661,5.09492,5.09492,5.09492
96,6.44845e+06,6.44845e+06,6.44845e+06,159319,159319,159319,4948.62,4948.62,4948.62,3.47196e+07,3.47196e+07,3.47196e+07,2.93603e+07,2.93603e+07,2.93603e+07,128746,128746,128746,4704.78,4704.78,4704.78,5.56965e+06,5.56965e+06,5.56965e+06,1.22057e+07,1.22057e+07,1.22057e+07,9.31031e+06,9.31031e+06,9.31031e+06,2.58421e+06,2.58421e+06,2.58421e+06,2.68927e+07,2.68927e+07,2.68927e+07,233.856,233.856,233.856,7.09458,7.09458,7.09458
97,6.42442e+06,6.42442e+06,6.42442e+06,166777,166777,166777,6944.42,6944.42,6944.42,3.49771e+07,3.49771e+07,3.49771e+07,2.91411e+07,2.91411e+07,2.91411e+07,134106,134106,134106,6667.79,6667.79,6667.79,5.4524e+06,5.4524e+06,5.4524e+06,1.2357e+07,1.2357e+07,1.2357e+07,9.34205e+06,9.34205e+06,9.34205e+06,2.51414e+06,2.51414e+06,2.51414e+06,2.68691e+07,2.68691e+07,2.68691e+07,245.791,245.791,245.791,9.97586,9.97586,9.97586
98,6.38057e+06,6.38057e+06,6.38057e+06,171390,171390,171390,9747.08,9747.08,9747.08,3.523e+07,3.523e+07,3.523e+07,2.89104e+07,2.89104e+07,2.89104e+07,137527,137527,137527,9482.01,9482.01,9482.01,5.34395e+06,5.34395e+06,5.34395e+06,1.25203e+07,1.25203e+07,1.25203e+07,9.38416e+06,9.38416e+06,9.38416e+06,2.4524e+06,2.4524e+06,2.4524e+06,2.6845e+07,2.6845e+07,2.6845e+07,254.623,254.623,254.623,14.0857,14.0857,14.0857
99,6.32362e+06,6.32362e+06,6.32362e+06,172267,172267,172267,13636.2,13636.2,13636.2,3.54757e+07,3.54757e+07,3.54757e+07,2.86755e+07,2.86755e+07,2.86755e+07,138242,138242,138242,13469.9,13469.9,13469.9,5.24655e+06,5.24655e+06,5.24655e+06,1.26867e+07,1.26867e+07,1.26867e+07,9.43028e+06,9.43028e+06,9.43028e+06,2.4013e+06,2.4013e+06,2.4013e+06,2.68208e+07,2.68208e+07,2.68208e+07,258.725,258.725,258.725,19.8809,19.8809,19.8809
100,6.26052e+06,6.26052e+06,6.26052e+06,169046,169046,169046,18978.2,18978.2,18978.2,3.57101e+07,3.57101e+07,3.57101e+07,2.84447e+07,2.84447e+07,2.84447e+07,135859,135859,135859,19056.4,19056.4,19056.4,5.1632e+06,5.1632e+06,5.1632e+06,1.28459e+07,1.28459e+07,1.28459e+07,9.47278e+06,9.47278e+06,9.47278e+06,2.36401e+06,2.36401e+06,2.36401e+06,2.67969e+07,2.67969e+07,2.67969e+07,257.067,257.067,257.067,27.961,27.961,27.961
101,6.19663e+06,6.19663e+06,6.19663e+06,161940,161940,161940,26257.6,26257.6,26257.6,3.59275e+07,3.59275e+07,3.59275e+07,2.82265e+07,2.82265e+07,2.82265e+07,130445,130445,130445,26801.9,26801.9,26801.9,5.09796e+06,5.09796e+06,5.09796e+06,1.29877e+07,1.29877e+07,1.29877e+07,9.50385e+06,9.50385e+06,9.50385e+06,2.34483e+06,2.34483e+06,2.34483e+06,2.67735e+07,2.67735e+07,2.67735e+07,249.459,249.459,249.459,39.1164,39.1164,39.1164
102,6.13417e+06,6.13417e+06,6.13417e+06,151590,151590,151590,36106.3,36106.3,36106.3,3.61204e+07,3.61204e+07,3.61204e+07,2.80282e+07,2.80282e+07,2.80282e+07,122450,122450,122450,37439,37439,37439,5.05621e+06,5.05621e+06,5.05621e+06,1.31033e+07,1.31033e+07,1.31033e+07,9.51663e+06,9.51663e+06,9.51663e+06,2.34961e+06,2.34961e+06,2.34961e+06,2.67507e+07,2.67507e+07,2.67507e+07,236.497,236.497,236.497,54.3866,54.3866,54.3866
103,6.07125e+06,6.07125e+06,6.07125e+06,138802,138802,138802,49302.5,49302.5,49302.5,3.62784e+07,3.62784e+07,3.62784e+07,2.78556e+07,2.78556e+07,2.78556e+07,112527,112527,112527,51888,51888,51888,5.04505e+06,5.04505e+06,5.04505e+06,1.31861e+07,1.31861e+07,1.31861e+07,9.50595e+06,9.50595e+06,9.50595e+06,2.38608e+06,2.38608e+06,2.38608e+06,2.67288e+07,2.67288e+07,2.67288e+07,219.277,219.277,219.277,75.1012,75.1012,75.1012
104,6.00176e+06,6.00176e+06,6.00176e+06,124321,124321,124321,66678.2,66678.2,66678.2,3.63885e+07,3.63885e+07,3.63885e+07,2.7713e+07,2.7713e+07,2.7713e+07,101328,101328,101328,71197.5,71197.5,71197.5,5.07356e+06,5.07356e+06,5.07356e+06,1.32314e+07,1.32314e+07,1.32314e+07,9.46851e+06,9.46851e+06,9.46851e+06,2.46428e+06,2.46428e+06,2.46428e+06,2.6708e+07,2.6708e+07,2.6708e+07,199.014,199.014,199.014,102.832,102.832,102.832
105,5.91629e+06,5.91629e+06,5.91629e+06,108717,108717,108717,88840.8,88840.8,88840.8,3.64353e+07,3.64353e+07,3.64353e+07,2.76035e+07,2.76035e+07,2.76035e+07,89375.4,89375.4,89375.4,96304.1,96304.1,96304.1,5.15256e+06,5.15256e+06,5.15256e+06,1.32366e+07,1.32366e+07,1.32366e+07,9.40263e+06,9.40263e+06,9.40263e+06,2.59653e+06,2.59653e+06,2.59653e+06,2.66888e+07,2.66888e+07,2.66888e+07,176.757,176.757,176.757,139.117,139.117,139.117
106,5.80427e+06,5.80427e+06,5.80427e+06,92424.8,92424.8,92424.8,115616,115616,115616,3.6402e+07,3.6402e+07,3.6402e+07,2.75294e+07,2.75294e+07,2.75294e+07,77035.3,77035.3,77035.3,127490,127490,127490,5.29337e+06,5.29337e+06,5.29337e+06,1.32001e+07,1.32001e+07,1.32001e+07,9.3078e+06,9.3078e+06,9.3078e+06,2.79646e+06,2.79646e+06,2.79646e+06,2.66721e+07,2.66721e+07,2.66721e+07,153.282,153.282,153.282,184.777,184.777,184.777
107,5.65775e+06,5.65775e+06,5.65775e+06,75897.7,75897.7,75897.7,145279,145279,145279,3.62748e+07,3.62748e+07,3.62748e+07,2.74928e+07,2.74928e+07,2.74928e+07,64589.6,64589.6,64589.6,163513,163513,163513,5.50481e+06,5.50481e+06,5.50481e+06,1.31218e+07,1.31218e+07,1.31218e+07,9.18436e+06,9.18436e+06,9.18436e+06,3.07622e+06,3.07622e+06,3.07622e+06,2.6659e+07,2.6659e+07,2.6659e+07,129.211,129.211,129.211,238.698,238.698,238.698
108,5.47634e+06,5.47634e+06,5.47634e+06,59777.3,59777.3,59777.3,174044,174044,174044,3.60483e+07,3.60483e+07,3.60483e+07,2.74948e+07,2.74948e+07,2.74948e+07,52362.9,52362.9,52362.9,200758,200758,200758,5.78849e+06,5.78849e+06,5.78849e+06,1.30028e+07,1.30028e+07,1.30028e+07,9.03337e+06,9.03337e+06,9.03337e+06,3.44146e+06,3.44146e+06,3.44146e+06,2.66511e+07,2.66511e+07,2.66511e+07,105.235,105.235,105.235,296.441,296.441,296.441
109,5.27094e+06,5.27094e+06,5.27094e+06,44920.7,44920.7,44920.7,196657,196657,196657,3.57323e+07,3.57323e+07,3.57323e+07,2.75355e+07,2.75355e+07,2.75355e+07,40810.1,40810.1,40810.1,233294,233294,233294,6.13407e+06,6.13407e+06,6.13407e+06,1.2846e+07,1.2846e+07,1.2846e+07,8.85683e+06,8.85683e+06,8.85683e+06,3.88527e+06,3.88527e+06,3.88527e+06,2.66496e+07,2.66496e+07,2.66496e+07,82.3065,82.3065,82.3065,349.795,349.795,349.795
110,5.06301e+06,5.06301e+06,5.06301e+06,32191.6,32191.6,32191.6,208486,208486,208486,3.53536e+07,3.53536e+07,3.53536e+07,2.76131e+07,2.76131e+07,2.76131e+07,30479.8,30479.8,30479.8,254677,254677,254677,6.5182e+06,6.5182e+06,6.5182e+06,1.26567e+07,1.26567e+07,1.26567e+07,8.65801e+06,8.65801e+06,8.65801e+06,4.38458e+06,4.38458e+06,4.38458e+06,2.66558e+07,2.66558e+07,2.66558e+07,61.5921,61.5921,61.5921,388.736,388.736,388.736
111,4.87811e+06,4.87811e+06,4.87811e+06,22129.5,22129.5,22129.5,207905,207905,207905,3.49509e+07,3.49509e+07,3.49509e+07,2.77237e+07,2.77237e+07,2.77237e+07,21845.2,21845.2,21845.2,260911,260911,260911,6.90957e+06,6.90957e+06,6.90957e+06,1.2442e+07,1.2442e+07,1.2442e+07,8.44139e+06,8.44139e+06,8.44139e+06,4.90314e+06,4.90314e+06,4.90314e+06,2.66701e+07,2.66701e+07,2.66701e+07,44.1381,44.1381,44.1381,405.685,405.685,405.685
112,4.73739e+06,4.73739e+06,4.73739e+06,14762.9,14762.9,14762.9,196979,196979,196979,3.45631e+07,3.45631e+07,3.45631e+07,2.78619e+07,2.78619e+07,2.78619e+07,15123.1,15123.1,15123.1,252409,252409,252409,7.27813e+06,7.27813e+06,7.27813e+06,1.22093e+07,1.22093e+07,1.22093e+07,8.21225e+06,8.21225e+06,8.21225e+06,5.40118e+06,5.40118e+06,5.40118e+06,2.66918e+07,2.66918e+07,2.66918e+07,30.4814,30.4814,30.4814,399.27,399.27,399.27
113,4.6523e+06,4.6523e+06,4.6523e+06,9700.09,9700.09,9700.09,179956,179956,179956,3.42189e+07,3.42189e+07,3.42189e+07,2.80219e+07,2.80219e+07,2.80219e+07,10221.8,10221.8,10221.8,233353,233353,233353,7.603e+06,7.603e+06,7.603e+06,1.19655e+07,1.19655e+07,1.19655e+07,7.97582e+06,7.97582e+06,7.97582e+06,5.84653e+06,5.84653e+06,5.84653e+06,2.67197e+07,2.67197e+07,2.67197e+07,20.5062,20.5062,20.5062,374.509,374.509,374.509
114,4.62435e+06,4.62435e+06,4.62435e+06,6373.2,6373.2,6373.2,161120,161120,161120,3.39328e+07,3.39328e+07,3.39328e+07,2.81982e+07,2.81982e+07,2.81982e+07,6833.42,6833.42,6833.42,209280,209280,209280,7.87501e+06,7.87501e+06,7.87501e+06,1.17162e+07,1.17162e+07,1.17162e+07,7.73662e+06,7.73662e+06,7.73662e+06,6.22106e+06,6.22106e+06,6.22106e+06,2.67518e+07,2.67518e+07,2.67518e+07,13.6186,13.6186,13.6186,339.632,339.632,339.632
115,4.64814e+06,4.64814e+06,4.64814e+06,4243.41,4243.41,4243.41,143514,143514,143514,3.37059e+07,3.37059e+07,3.37059e+07,2.83862e+07,2.83862e+07,2.83862e+07,4578.46,4578.46,4578.46,184903,184903,184903,8.0947e+06,8.0947e+06,8.0947e+06,1.14651e+07,1.14651e+07,1.14651e+07,7.49812e+06,7.49812e+06,7.49812e+06,6.52064e+06,6.52064e+06,6.52064e+06,2.67862e+07,2.67862e+07,2.67862e+07,9.0508,9.0508,9.0508,302.414,302.414,302.414
116,4.71474e+06,4.71474e+06,4.71474e+06,2893.95,2893.95,2893.95,128770,128770,128770,3.35316e+07,3.35316e+07,3.35316e+07,2.85825e+07,2.85825e+07,2.85825e+07,3111.75,3111.75,3111.75,163206,163206,163206,8.26854e+06,8.26854e+06,8.26854e+06,1.12148e+07,1.12148e+07,1.12148e+07,7.26273e+06,7.26273e+06,7.26273e+06,6.75117e+06,6.75117e+06,6.75117e+06,2.68209e+07,2.68209e+07,2.68209e+07,6.09442,6.09442,6.09442,268.218,268.218,268.218
117,4.81415e+06,4.81415e+06,4.81415e+06,2037.7,2037.7,2037.7,117507,117507,117507,3.33991e+07,3.33991e+07,3.33991e+07,2.87844e+07,2.87844e+07,2.87844e+07,2167.12,2167.12,2167.12,145588,145588,145588,8.40563e+06,8.40563e+06,8.40563e+06,1.0967e+07,1.0967e+07,1.0967e+07,7.032e+06,7.032e+06,7.032e+06,6.92381e+06,6.92381e+06,6.92381e+06,2.68543e+07,2.68543e+07,2.68543e+07,4.20111,4.20111,4.20111,239.85,239.85,239.85
118,4.93656e+06,4.93656e+06,4.93656e+06,1489.55,1489.55,1489.55,109788,109788,109788,3.32965e+07,3.32965e+07,3.32965e+07,2.89902e+07,2.89902e+07,2.89902e+07,1558.7,1558.7,1558.7,132416,132416,132416,8.51573e+06,8.51573e+06,8.51573e+06,1.07226e+07,1.07226e+07,1.07226e+07,6.80687e+06,6.80687e+06,6.80687e+06,7.05152e+06,7.05152e+06,7.05152e+06,2.68852e+07,2.68852e+07,2.68852e+07,2.98866,2.98866,2.98866,218.296,218.296,218.296
119,5.07275e+06,5.07275e+06,5.07275e+06,1134.22,1134.22,1134.22,105461,105461,105461,3.32125e+07,3.32125e+07,3.32125e+07,2.91985e+07,2.91985e+07,2.91985e+07,1164.31,1164.31,1164.31,123542,123542,123542,8.6082e+06,8.6082e+06,8.6082e+06,1.04822e+07,1.04822e+07,1.04822e+07,6.58784e+06,6.58784e+06,6.58784e+06,7.147e+06,7.147e+06,7.147e+06,2.69127e+07,2.69127e+07,2.69127e+07,2.20685,2.20685,2.20685,203.563,203.563,203.563
120,5.21415e+06,5.21415e+06,5.21415e+06,900.928,900.928,900.928,104344,104344,104344,3.31368e+07,3.31368e+07,3.31368e+07,2.94088e+07,2.94088e+07,2.94088e+07,906.297,906.297,906.297,118645,118645,118645,8.69183e+06,8.69183e+06,8.69183e+06,1.02461e+07,1.02461e+07,1.02461e+07,6.37515e+06,6.37515e+06,6.37515e+06,7.22186e+06,7.22186e+06,7.22186e+06,2.69365e+07,2.69365e+07,2.69365e+07,1.69748,1.69748,1.69748,195.277,195.277,195.277
121,5.35258e+06,5.35258e+06,5.35258e+06,746.198,746.198,746.198,106296,106296,106296,3.30596e+07,3.30596e+07,3.30596e+07,2.96205e+07,2.96205e+07,2.96205e+07,736.078,736.078,736.078,117406,117406,117406,8.77476e+06,8.77476e+06,8.77476e+06,1.00145e+07,1.00145e+07,1.00145e+07,6.16886e+06,6.16886e+06,6.16886e+06,7.28652e+06,7.28652e+06,7.28652e+06,2.69563e+07,2.69563e+07,2.69563e+07,1.36215,1.36215,1.36215,193.01,193.01,193.01
122,5.48016e+06,5.48016e+06,5.48016e+06,643.026,643.026,643.026,111218,111218,111218,3.29723e+07,3.29723e+07,3.29723e+07,2.98335e+07,2.98335e+07,2.98335e+07,623.306,623.306,623.306,119557,119557,119557,8.86473e+06,8.86473e+06,8.86473e+06,9.78747e+06,9.78747e+06,9.78747e+06,5.96897e+06,5.96897e+06,5.96897e+06,7.35031e+06,7.35031e+06,7.35031e+06,2.69721e+07,2.69721e+07,2.69721e+07,1.13978,1.13978,1.13978,196.407,196.407,196.407
123,5.58932e+06,5.58932e+06,5.58932e+06,574.224,574.224,574.224,118983,118983,118983,3.28667e+07,3.28667e+07,3.28667e+07,3.0048e+07,3.0048e+07,3.0048e+07,548.814,548.814,548.814,124849,124849,124849,8.96902e+06,8.96902e+06,8.96902e+06,9.56505e+06,9.56505e+06,9.56505e+06,5.77537e+06,5.77537e+06,5.77537e+06,7.4216e+06,7.4216e+06,7.4216e+06,2.69843e+07,2.69843e+07,2.69843e+07,0.992021,0.992021,0.992021,205.157,205.157,205.157
124,5.67308e+06,5.67308e+06,5.67308e+06,528.39,528.39,528.39,129315,129315,129315,3.27358e+07,3.27358e+07,3.27358e+07,3.02645e+07,3.02645e+07,3.02645e+07,500.169,500.169,500.169,132953,132953,132953,9.09431e+06,9.09431e+06,9.09431e+06,9.34721e+06,9.34721e+06,9.34721e+06,5.58795e+06,5.58795e+06,5.58795e+06,7.50777e+06,7.50777e+06,7.50777e+06,2.69935e+07,2.69935e+07,2.69935e+07,0.894244,0.894244,0.894244,218.857,218.857,218.857
125,5.72584e+06,5.72584e+06,5.72584e+06,497.497,497.497,497.497,141632,141632,141632,3.25736e+07,3.25736e+07,3.25736e+07,3.04833e+07,3.04833e+07,3.04833e+07,468.924,468.924,468.924,143313,143313,143313,9.24606e+06,9.24606e+06,9.24606e+06,9.13393e+06,9.13393e+06,9.13393e+06,5.40655e+06,5.40655e+06,5.40655e+06,7.61487e+06,7.61487e+06,7.61487e+06,2.70002e+07,2.70002e+07,2.70002e+07,0.829918,0.829918,0.829918,236.774,236.774,236.774
126,5.74454e+06,5.74454e+06,5.74454e+06,475.518,475.518,475.518,154893,154893,154893,3.23767e+07,3.23767e+07,3.23767e+07,3.07053e+07,3.07053e+07,3.07053e+07,448.953,448.953,448.953,154998,154998,154998,9.42756e+06,9.42756e+06,9.42756e+06,8.92515e+06,8.92515e+06,8.92515e+06,5.23101e+06,5.23101e+06,5.23101e+06,7.74688e+06,7.74688e+06,7.74688e+06,2.70053e+07,2.70053e+07,2.70053e+07,0.787261,0.787261,0.787261,257.579,257.579,257.579
127,5.72994e+06,5.72994e+06,5.72994e+06,457.796,457.796,457.796,167570,167570,167570,3.2145e+07,3.2145e+07,3.2145e+07,3.09312e+07,3.09312e+07,3.09312e+07,435.529,435.529,435.529,166623,166623,166623,9.63872e+06,9.63872e+06,9.63872e+06,8.72081e+06,8.72081e+06,8.72081e+06,5.06117e+06,5.06117e+06,5.06117e+06,7.90469e+06,7.90469e+06,7.90469e+06,2.70098e+07,2.70098e+07,2.70098e+07,0.757359,0.757359,0.757359,279.151,279.151,279.151
128,5.68751e+06,5.68751e+06,5.68751e+06,440.938,440.938,440.938,177852,177852,177852,3.1883e+07,3.1883e+07,3.1883e+07,3.11617e+07,3.11617e+07,3.11617e+07,424.966,424.966,424.966,176463,176463,176463,9.87511e+06,9.87511e+06,9.87511e+06,8.52082e+06,8.52082e+06,8.52082e+06,4.89685e+06,4.89685e+06,4.89685e+06,8.08512e+06,8.08512e+06,8.08512e+06,2.70142e+07,2.70142e+07,2.70142e+07,0.733352,0.733352,0.733352,298.655,298.655,298.655
129,5.62722e+06,5.62722e+06,5.62722e+06,422.991,422.991,422.991,184094,184094,184094,3.15995e+07,3.15995e+07,3.15995e+07,3.13974e+07,3.13974e+07,3.13974e+07,414.634,414.634,414.634,182807,182807,182807,1.01278e+07,1.01278e+07,1.01278e+07,8.32511e+06,8.32511e+06,8.32511e+06,4.73787e+06,4.73787e+06,4.73787e+06,8.28063e+06,8.28063e+06,8.28063e+06,2.70195e+07,2.70195e+07,2.70195e+07,0.710355,0.710355,0.710355,313.033,313.033,313.033
130,5.5618e+06,5.5618e+06,5.5618e+06,403.547,403.547,403.547,185366,185366,185366,3.13069e+07,3.13069e+07,3.13069e+07,3.16384e+07,3.16384e+07,3.16384e+07,403.135,403.135,403.135,184469,184469,184469,1.03847e+07,1.03847e+07,1.03847e+07,8.13359e+06,8.13359e+06,8.13359e+06,4.58406e+06,4.58406e+06,4.58406e+06,8.4801e+06,8.4801e+06,8.4801e+06,2.70259e+07,2.70259e+07,2.70259e+07,0.685693,0.685693,0.685693,319.843,319.843,319.843
131,5.50415e+06,5.50415e+06,5.50415e+06,383.542,383.542,383.542,181766,181766,181766,3.10181e+07,3.10181e+07,3.10181e+07,3.18847e+07,3.18847e+07,3.18847e+07,390.367,390.367,390.367,181185,181185,181185,1.06329e+07,1.06329e+07,1.06329e+07,7.94617e+06,7.94617e+06,7.94617e+06,4.43525e+06,4.43525e+06,4.43525e+06,8.6709e+06,8.6709e+06,8.6709e+06,2.70334e+07,2.70334e+07,2.70334e+07,0.658994,0.658994,0.658994,318.069,318.069,318.069
132,5.46479e+06,5.46479e+06,5.46479e+06,364.737,364.737,364.737,174327,174327,174327,3.07448e+07,3.07448e+07,3.07448e+07,3.21359e+07,3.21359e+07,3.21359e+07,377.319,377.319,377.319,173672,173672,173672,1.08611e+07,1.08611e+07,1.08611e+07,7.76278e+06,7.76278e+06,7.76278e+06,4.29127e+06,4.29127e+06,4.29127e+06,8.84139e+06,8.84139e+06,8.84139e+06,2.70419e+07,2.70419e+07,2.70419e+07,0.631815,0.631815,0.631815,308.429,308.429,308.429
133,5.4503e+06,5.4503e+06,5.4503e+06,349.138,349.138,349.138,164592,164592,164592,3.04948e+07,3.04948e+07,3.04948e+07,3.23914e+07,3.23914e+07,3.23914e+07,365.661,365.661,365.661,163319,163319,163319,1.10618e+07,1.10618e+07,1.10618e+07,7.58335e+06,7.58335e+06,7.58335e+06,4.15196e+06,4.15196e+06,4.15196e+06,8.98314e+06,8.98314e+06,8.98314e+06,2.70508e+07,2.70508e+07,2.70508e+07,0.606905,0.606905,0.606905,293.02,293.02,293.02
134,5.46315e+06,5.46315e+06,5.46315e+06,338.605,338.605,338.605,154131,154131,154131,3.02718e+07,3.02718e+07,3.02718e+07,3.26502e+07,3.26502e+07,3.26502e+07,357.315,357.315,357.315,151713,151713,151713,1.12318e+07,1.12318e+07,1.12318e+07,7.4078e+06,7.4078e+06,7.4078e+06,4.01718e+06,4.01718e+06,4.01718e+06,9.09188e+06,9.09188e+06,9.09188e+06,2.70593e+07,2.70593e+07,2.70593e+07,0.587416,0.587416,0.587416,274.544,274.544,274.544
135,5.5024e+06,5.5024e+06,5.5024e+06,334.754,334.754,334.754,144217,144217,144217,3.00757e+07,3.00757e+07,3.00757e+07,3.29116e+07,3.29116e+07,3.29116e+07,354.196,354.196,354.196,140247,140247,140247,1.13715e+07,1.13715e+07,1.13715e+07,7.23609e+06,7.23609e+06,7.23609e+06,3.88679e+06,3.88679e+06,3.88679e+06,9.16734e+06,9.16734e+06,9.16734e+06,2.70668e+07,2.70668e+07,2.70668e+07,0.576404,0.576404,0.576404,255.56,255.56,255.56
136,5.56469e+06,5.56469e+06,5.56469e+06,339.092,339.092,339.092,135716,135716,135716,2.99037e+07,2.99037e+07,2.99037e+07,3.31747e+07,3.31747e+07,3.31747e+07,358.171,358.171,358.171,129927,129927,129927,1.14841e+07,1.14841e+07,1.14841e+07,7.06815e+06,7.06815e+06,7.06815e+06,3.76066e+06,3.76066e+06,3.76066e+06,9.21235e+06,9.21235e+06,9.21235e+06,2.70723e+07,2.70723e+07,2.70723e+07,0.576726,0.576726,0.576726,238.041,238.041,238.041
137,5.64525e+06,5.64525e+06,5.64525e+06,353.296,353.296,353.296,129134,129134,129134,2.97512e+07,2.97512e+07,2.97512e+07,3.34388e+07,3.34388e+07,3.34388e+07,371.221,371.221,371.221,121357,121357,121357,1.15746e+07,1.15746e+07,1.15746e+07,6.90393e+06,6.90393e+06,6.90393e+06,3.63867e+06,3.63867e+06,3.63867e+06,9.23169e+06,9.23169e+06,9.23169e+06,2.70754e+07,2.70754e+07,2.70754e+07,0.591278,0.591278,0.591278,223.27,223.27,223.27
138,5.73858e+06,5.73858e+06,5.73858e+06,379.547,379.547,379.547,124710,124710,124710,2.96129e+07,2.96129e+07,2.96129e+07,3.37034e+07,3.37034e+07,3.37034e+07,395.728,395.728,395.728,114828,114828,114828,1.16485e+07,1.16485e+07,1.16485e+07,6.74339e+06,6.74339e+06,6.74339e+06,3.52072e+06,3.52072e+06,3.52072e+06,9.23109e+06,9.23109e+06,9.23109e+06,2.70756e+07,2.70756e+07,2.70756e+07,0.623436,0.623436,0.623436,211.941,211.941,211.941
139,5.83894e+06,5.83894e+06,5.83894e+06,420.926,420.926,420.926,122522,122522,122522,2.94833e+07,2.94833e+07,2.94833e+07,3.39679e+07,3.39679e+07,3.39679e+07,434.874,434.874,434.874,110417,110417,110417,1.1712e+07,1.1712e+07,1.1712e+07,6.58649e+06,6.58649e+06,6.58649e+06,3.40671e+06,3.40671e+06,3.40671e+06,9.21655e+06,9.21655e+06,9.21655e+06,2.70726e+07,2.70726e+07,2.70726e+07,0.677654,0.677654,0.677654,204.337,204.337,204.337
140,5.94053e+06,5.94053e+06,5.94053e+06,481.88,481.88,481.88,122549,122549,122549,2.93571e+07,2.93571e+07,2.93571e+07,3.42323e+07,3.42323e+07,3.42323e+07,493.136,493.136,493.136,108079,108079,108079,1.1771e+07,1.1771e+07,1.1771e+07,6.43319e+06,6.43319e+06,6.43319e+06,3.29654e+06,3.29654e+06,3.29654e+06,9.19391e+06,9.19391e+06,9.19391e+06,2.70661e+07,2.70661e+07,2.70661e+07,0.760187,0.760187,0.760187,200.487,200.487,200.487
141,6.03776e+06,6.03776e+06,6.03776e+06,568.799,568.799,568.799,124700,124700,124700,2.92291e+07,2.92291e+07,2.92291e+07,3.44962e+07,3.44962e+07,3.44962e+07,576.927,576.927,576.927,107694,107694,107694,1.1831e+07,1.1831e+07,1.1831e+07,6.28349e+06,6.28349e+06,6.28349e+06,3.19016e+06,3.19016e+06,3.19016e+06,9.16856e+06,9.16856e+06,9.16856e+06,2.70563e+07,2.70563e+07,2.70563e+07,0.88,0.88,0.88,200.271,200.271,200.271
142,6.12536e+06,6.12536e+06,6.12536e+06,690.748,690.748,690.748,128814,128814,128814,2.90947e+07,2.90947e+07,2.90947e+07,3.47598e+07,3.47598e+07,3.47598e+07,695.436,695.436,695.436,109086,109086,109086,1.18974e+07,1.18974e+07,1.18974e+07,6.13739e+06,6.13739e+06,6.13739e+06,3.0875e+06,3.0875e+06,3.0875e+06,9.14539e+06,9.14539e+06,9.14539e+06,2.70432e+07,2.70432e+07,2.70432e+07,1.04992,1.04992,1.04992,203.451,203.451,203.451
143,6.19865e+06,6.19865e+06,6.19865e+06,860.367,860.367,860.367,134625,134625,134625,2.89502e+07,2.89502e+07,2.89502e+07,3.50231e+07,3.50231e+07,3.50231e+07,861.7,861.7,861.7,112009,112009,112009,1.19747e+07,1.19747e+07,1.19747e+07,5.99493e+06,5.99493e+06,5.99493e+06,2.98857e+06,2.98857e+06,2.98857e+06,9.12856e+06,9.12856e+06,9.12856e+06,2.70271e+07,2.70271e+07,2.70271e+07,1.2881,1.2881,1.2881,209.663,209.663,209.663
144,6.25392e+06,6.25392e+06,6.25392e+06,1094.94,1094.94,1094.94,141715,141715,141715,2.87922e+07,2.87922e+07,2.87922e+07,3.52862e+07,3.52862e+07,3.52862e+07,1093.98,1093.98,1093.98,116119,116119,116119,1.20665e+07,1.20665e+07,1.20665e+07,5.85616e+06,5.85616e+06,5.85616e+06,2.89337e+06,2.89337e+06,2.89337e+06,9.12135e+06,9.12135e+06,9.12135e+06,2.70083e+07,2.70083e+07,2.70083e+07,1.61988,1.61988,1.61988,218.363,218.363,218.363
145,6.28889e+06,6.28889e+06,6.28889e+06,1417.63,1417.63,1417.63,149482,149482,149482,2.86191e+07,2.86191e+07,2.86191e+07,3.55495e+07,3.55495e+07,3.55495e+07,1417.42,1417.42,1417.42,120948,120948,120948,1.2175e+07,1.2175e+07,1.2175e+07,5.72122e+06,5.72122e+06,5.72122e+06,2.80199e+06,2.80199e+06,2.80199e+06,9.12591e+06,9.12591e+06,9.12591e+06,2.69873e+07,2.69873e+07,2.69873e+07,2.08001,2.08001,2.08001,228.76,228.76,228.76
146,6.30318e+06,6.30318e+06,6.30318e+06,1858.94,1858.94,1858.94,157140,157140,157140,2.84304e+07,2.84304e+07,2.84304e+07,3.58129e+07,3.58129e+07,3.58129e+07,1866.12,1866.12,1866.12,125893,125893,125893,1.23007e+07,1.23007e+07,1.23007e+07,5.59028e+06,5.59028e+06,5.59028e+06,2.71457e+06,2.71457e+06,2.71457e+06,9.14295e+06,9.14295e+06,9.14295e+06,2.69645e+07,2.69645e+07,2.69645e+07,2.71528,2.71528,2.71528,239.784,239.784,239.784
147,6.29867e+06,6.29867e+06,6.29867e+06,2458.71,2458.71,2458.71,163785,163785,163785,2.82277e+07,2.82277e+07,2.82277e+07,3.60765e+07,3.60765e+07,3.60765e+07,2485.68,2485.68,2485.68,130258,130258,130258,1.24417e+07,1.24417e+07,1.24417e+07,5.46363e+06,5.46363e+06,5.46363e+06,2.63136e+06,2.63136e+06,2.63136e+06,9.17147e+06,9.17147e+06,9.17147e+06,2.69404e+07,2.69404e+07,2.69404e+07,3.58786,3.58786,3.58786,250.131,250.131,250.131
148,6.27939e+06,6.27939e+06,6.27939e+06,3269.21,3269.21,3269.21,168547,168547,168547,2.80143e+07,2.80143e+07,2.80143e+07,3.634e+07,3.634e+07,3.634e+07,3336.89,3336.89,3336.89,133347,133347,133347,1.25939e+07,1.25939e+07,1.25939e+07,5.34163e+06,5.34163e+06,5.34163e+06,2.55274e+06,2.55274e+06,2.55274e+06,9.2087e+06,9.2087e+06,9.2087e+06,2.69154e+07,2.69154e+07,2.69154e+07,4.77994,4.77994,4.77994,258.406,258.406,258.406
149,6.25105e+06,6.25105e+06,6.25105e+06,4360.73,4360.73,4360.73,170766,170766,170766,2.7795e+07,2.7795e+07,2.7795e+07,3.6603e+07,3.6603e+07,3.6603e+07,4501.53,4501.53,4501.53,134596,134596,134596,1.27513e+07,1.27513e+07,1.27513e+07,5.22483e+06,5.22483e+06,5.22483e+06,2.47925e+06,2.47925e+06,2.47925e+06,9.25034e+06,9.25034e+06,9.25034e+06,2.68898e+07,2.68898e+07,2.68898e+07,6.40101,6.40101,6.40101,263.377,263.377,263.377
150,6.22004e+06,6.22004e+06,6.22004e+06,5831.2,5831.2,5831.2,170151,170151,170151,2.75755e+07,2.75755e+07,2.75755e+07,3.68643e+07,3.68643e+07,3.68643e+07,6092.13,6092.13,6092.13,133698,133698,133698,1.29069e+07,1.29069e+07,1.29069e+07,5.11396e+06,5.11396e+06,5.11396e+06,2.41165e+06,2.41165e+06,2.41165e+06,9.29109e+06,9.29109e+06,9.29109e+06,2.68637e+07,2.68637e+07,2.68637e+07,8.60048,8.60048,8.60048,264.24,264.24,264.24
151,6.19222e+06,6.19222e+06,6.19222e+06,7822.08,7822.08,7822.08,166826,166826,166826,2.73617e+07,2.73617e+07,2.73617e+07,3.71224e+07,3.71224e+07,3.71224e+07,8268.31,8268.31,8268.31,130673,130673,130673,1.30534e+07,1.30534e+07,1.30534e+07,5.01005e+06,5.01005e+06,5.01005e+06,2.35103e+06,2.35103e+06,2.35103e+06,9.32544e+06,9.32544e+06,9.32544e+06,2.68373e+07,2.68373e+07,2.68373e+07,11.5888,11.5888,11.5888,260.798,260.798,260.798
152,6.17179e+06,6.17179e+06,6.17179e+06,10542.9,10542.9,10542.9,161255,161255,161255,2.71585e+07,2.71585e+07,2.71585e+07,3.7375e+07,3.7375e+07,3.7375e+07,11262.8,11262.8,11262.8,125828,125828,125828,1.31847e+07,1.31847e+07,1.31847e+07,4.91453e+06,4.91453e+06,4.91453e+06,2.29895e+06,2.29895e+06,2.29895e+06,9.34851e+06,9.34851e+06,9.34851e+06,2.68106e+07,2.68106e+07,2.68106e+07,15.6717,15.6717,15.6717,253.462,253.462,253.462
153,6.1606e+06,6.1606e+06,6.1606e+06,14307.3,14307.3,14307.3,154080,154080,154080,2.69698e+07,2.69698e+07,2.69698e+07,3.76187e+07,3.76187e+07,3.76187e+07,15421.3,15421.3,15421.3,119656,119656,119656,1.3296e+07,1.3296e+07,1.3296e+07,4.82949e+06,4.82949e+06,4.82949e+06,2.25762e+06,2.25762e+06,2.25762e+06,9.35663e+06,9.35663e+06,9.35663e+06,2.67834e+07,2.67834e+07,2.67834e+07,21.3019,21.3019,21.3019,243.083,243.083,243.083
154,6.15761e+06,6.15761e+06,6.15761e+06,19582.6,19582.6,19582.6,145930,145930,145930,2.6798e+07,2.6798e+07,2.6798e+07,3.78488e+07,3.78488e+07,3.78488e+07,21259.1,21259.1,21259.1,112689,112689,112689,1.33847e+07,1.33847e+07,1.33847e+07,4.75797e+06,4.75797e+06,4.75797e+06,2.23029e+06,2.23029e+06,2.23029e+06,9.3476e+06,9.3476e+06,9.3476e+06,2.67556e+07,2.67556e+07,2.67556e+07,29.1555,29.1555,29.1555,230.676,230.676,230.676
155,6.15881e+06,6.15881e+06,6.15881e+06,27052.5,27052.5,27052.5,137274,137274,137274,2.66443e+07,2.66443e+07,2.66443e+07,3.80587e+07,3.80587e+07,3.80587e+07,29537.4,29537.4,29537.4,105374,105374,105374,1.34493e+07,1.34493e+07,1.34493e+07,4.70441e+06,4.70441e+06,4.70441e+06,2.2217e+06,2.2217e+06,2.2217e+06,9.32054e+06,9.32054e+06,9.32054e+06,2.67272e+07,2.67272e+07,2.67272e+07,40.2341,40.2341,40.2341,217.158,217.158,217.158
156,6.15709e+06,6.15709e+06,6.15709e+06,37678.1,37678.1,37678.1,128331,128331,128331,2.65096e+07,2.65096e+07,2.65096e+07,3.82392e+07,3.82392e+07,3.82392e+07,41347.7,41347.7,41347.7,97987.7,97987.7,97987.7,1.34894e+07,1.34894e+07,1.34894e+07,4.67525e+06,4.67525e+06,4.67525e+06,2.2388e+06,2.2388e+06,2.2388e+06,9.27555e+06,9.27555e+06,9.27555e+06,2.66984e+07,2.66984e+07,2.66984e+07,55.9866,55.9866,55.9866,203.149,203.149,203.149
157,6.14219e+06,6.14219e+06,6.14219e+06,52708.8,52708.8,52708.8,119034,119034,119034,2.63943e+07,2.63943e+07,2.63943e+07,3.83773e+07,3.83773e+07,3.83773e+07,58166.5,58166.5,58166.5,90602.1,90602.1,90602.1,1.35047e+07,1.35047e+07,1.35047e+07,4.67968e+06,4.67968e+06,4.67968e+06,2.29158e+06,2.29158e+06,2.29158e+06,9.21317e+06,9.21317e+06,9.21317e+06,2.66694e+07,2.66694e+07,2.66694e+07,78.4073,78.4073,78.4073,188.868,188.868,188.868
158,6.10098e+06,6.10098e+06,6.10098e+06,73526.9,73526.9,73526.9,109052,109052,109052,2.62996e+07,2.62996e+07,2.62996e+07,3.84556e+07,3.84556e+07,3.84556e+07,81767.5,81767.5,81767.5,83087.5,83087.5,83087.5,1.34946e+07,1.34946e+07,1.34946e+07,4.73014e+06,4.73014e+06,4.73014e+06,2.39391e+06,2.39391e+06,2.39391e+06,9.13385e+06,9.13385e+06,9.13385e+06,2.6641e+07,2.6641e+07,2.6641e+07,109.984,109.984,109.984,174.11,174.11,174.11
159,6.0186e+06,6.0186e+06,6.0186e+06,101115,101115,101115,97895.8,97895.8,97895.8,2.6228e+07,2.6228e+07,2.6228e+07,3.84523e+07,3.84523e+07,3.84523e+07,113772,113772,113772,75157.4,75157.4,75157.4,1.34573e+07,1.34573e+07,1.34573e+07,4.84203e+06,4.84203e+06,4.84203e+06,2.56371e+06,2.56371e+06,2.56371e+06,9.03746e+06,9.03746e+06,9.03746e+06,2.66141e+07,2.66141e+07,2.66141e+07,153.224,153.224,153.224,158.326,158.326,158.326
160,5.88189e+06,5.88189e+06,5.88189e+06,134956,134956,134956,85143.8,85143.8,85143.8,2.61828e+07,2.61828e+07,2.61828e+07,3.83442e+07,3.83442e+07,3.83442e+07,154549,154549,154549,66477.8,66477.8,66477.8,1.33897e+07,1.33897e+07,1.33897e+07,5.03136e+06,5.03136e+06,5.03136e+06,2.82113e+06,2.82113e+06,2.82113e+06,8.92307e+06,8.92307e+06,8.92307e+06,2.65905e+07,2.65905e+07,2.65905e+07,209.351,209.351,209.351,140.819,140.819,140.819
161,5.68554e+06,5.68554e+06,5.68554e+06,171607,171607,171607,70799.5,70799.5,70799.5,2.61687e+07,2.61687e+07,2.61687e+07,3.81134e+07,3.81134e+07,3.81134e+07,201479,201479,201479,56857.7,56857.7,56857.7,1.32884e+07,1.32884e+07,1.32884e+07,5.309e+06,5.309e+06,5.309e+06,3.1832e+06,3.1832e+06,3.1832e+06,8.78905e+06,8.78905e+06,8.78905e+06,2.6572e+07,2.6572e+07,2.6572e+07,275.994,275.994,275.994,121.134,121.134,121.134
162,5.43941e+06,5.43941e+06,5.43941e+06,204223,204223,204223,55610.5,55610.5,55610.5,2.619e+07,2.619e+07,2.619e+07,3.77589e+07,3.77589e+07,3.77589e+07,247596,247596,247596,46477.4,46477.4,46477.4,1.31507e+07,1.31507e+07,1.31507e+07,5.67228e+06,5.67228e+06,5.67228e+06,3.6542e+06,3.6542e+06,3.6542e+06,8.63377e+06,8.63377e+06,8.63377e+06,2.65611e+07,2.65611e+07,2.65611e+07,344.861,344.861,344.861,99.5654,99.5654,99.5654
163,5.17109e+06,5.17109e+06,5.17109e+06,224788,224788,224788,41000.8,41000.8,41000.8,2.62491e+07,2.62491e+07,2.62491e+07,3.73056e+07,3.73056e+07,3.73056e+07,282763,282763,282763,35993.3,35993.3,35993.3,1.29772e+07,1.29772e+07,1.29772e+07,6.09871e+06,6.09871e+06,6.09871e+06,4.21577e+06,4.21577e+06,4.21577e+06,8.45673e+06,8.45673e+06,8.45673e+06,2.65598e+07,2.65598e+07,2.65598e+07,402.15,402.15,402.15,77.4427,77.4427,77.4427
164,4.91862e+06,4.91862e+06,4.91862e+06,228553,228553,228553,28463.1,28463.1,28463.1,2.63452e+07,2.63452e+07,2.63452e+07,3.68027e+07,3.68027e+07,3.68027e+07,298307,298307,298307,26343.5,26343.5,26343.5,1.27721e+07,1.27721e+07,1.27721e+07,6.54891e+06,6.54891e+06,6.54891e+06,4.8249e+06,4.8249e+06,4.8249e+06,8.25957e+06,8.25957e+06,8.25957e+06,2.65691e+07,2.65691e+07,2.65691e+07,433.986,433.986,433.986,56.8028,56.8028,56.8028
165,4.71632e+06,4.71632e+06,4.71632e+06,216846,216846,216846,18844.4,18844.4,18844.4,2.6474e+07,2.6474e+07,2.6474e+07,3.63075e+07,3.63075e+07,3.63075e+07,292000,292000,292000,18323.6,18323.6,18323.6,1.25428e+07,1.25428e+07,1.25428e+07,6.97976e+06,6.97976e+06,6.97976e+06,5.42537e+06,5.42537e+06,5.42537e+06,8.04617e+06,8.04617e+06,8.04617e+06,2.65891e+07,2.65891e+07,2.65891e+07,434.11,434.11,434.11,39.4812,39.4812,39.4812
166,4.5841e+06,4.5841e+06,4.5841e+06,195500,195500,195500,12125.4,12125.4,12125.4,2.66293e+07,2.66293e+07,2.66293e+07,3.58661e+07,3.58661e+07,3.58661e+07,268772,268772,268772,12265.8,12265.8,12265.8,1.22973e+07,1.22973e+07,1.22973e+07,7.35884e+06,7.35884e+06,7.35884e+06,5.96677e+06,5.96677e+06,5.96677e+06,7.82177e+06,7.82177e+06,7.82177e+06,2.66183e+07,2.66183e+07,2.66183e+07,407.017,407.017,407.017,26.3293,26.3293,26.3293
167,4.52601e+06,4.52601e+06,4.52601e+06,171025,171025,171025,7738.3,7738.3,7738.3,2.68046e+07,2.68046e+07,2.68046e+07,3.55029e+07,3.55029e+07,3.55029e+07,236970,236970,236970,8033.17,8033.17,8033.17,1.20429e+07,1.20429e+07,1.20429e+07,7.67097e+06,7.67097e+06,7.67097e+06,6.41831e+06,6.41831e+06,6.41831e+06,7.59165e+06,7.59165e+06,7.59165e+06,2.66544e+07,2.66544e+07,2.66544e+07,363.976,363.976,363.976,17.1341,17.1341,17.1341
168,4.5352e+06,4.5352e+06,4.5352e+06,148031,148031,148031,4987.67,4987.67,4987.67,2.6994e+07,2.6994e+07,2.6994e+07,3.52217e+07,3.52217e+07,3.52217e+07,204079,204079,204079,5237.03,5237.03,5237.03,1.17848e+07,1.17848e+07,1.17848e+07,7.91575e+06,7.91575e+06,7.91575e+06,6.77116e+06,6.77116e+06,6.77116e+06,7.36017e+06,7.36017e+06,7.36017e+06,2.66945e+07,2.66945e+07,2.66945e+07,316.551,316.551,316.551,11.0774,11.0774,11.0774
169,4.59978e+06,4.59978e+06,4.59978e+06,128817,128817,128817,3293.55,3293.55,3293.55,2.7193e+07,2.7193e+07,2.7193e+07,3.50135e+07,3.50135e+07,3.50135e+07,174761,174761,174761,3452.91,3452.91,3452.91,1.15266e+07,1.15266e+07,1.15266e+07,8.10158e+06,8.10158e+06,8.10158e+06,7.03238e+06,7.03238e+06,7.03238e+06,7.1305e+06,7.1305e+06,7.1305e+06,2.67361e+07,2.67361e+07,2.67361e+07,272.707,272.707,272.707,7.23239,7.23239,7.23239
170,4.70681e+06,4.70681e+06,4.70681e+06,114070,114070,114070,2251.69,2251.69,2251.69,2.73983e+07,2.73983e+07,2.73983e+07,3.48634e+07,3.48634e+07,3.48634e+07,151021,151021,151021,2333.3,2333.3,2333.3,1.12704e+07,1.12704e+07,1.12704e+07,8.24031e+06,8.24031e+06,8.24031e+06,7.21714e+06,7.21714e+06,7.21714e+06,6.9047e+06,6.9047e+06,6.9047e+06,2.6777e+07,2.6777e+07,2.6777e+07,236.35,236.35,236.35,4.83416,4.83416,4.83416
171,4.84416e+06,4.84416e+06,4.84416e+06,103674,103674,103674,1605.5,1605.5,1605.5,2.76077e+07,2.76077e+07,2.76077e+07,3.47558e+07,3.47558e+07,3.47558e+07,133191,133191,133191,1632.87,1632.87,1632.87,1.10176e+07,1.10176e+07,1.10176e+07,8.34419e+06,8.34419e+06,8.34419e+06,7.34285e+06,7.34285e+06,7.34285e+06,6.684e+06,6.684e+06,6.684e+06,2.68156e+07,2.68156e+07,2.68156e+07,208.573,208.573,208.573,3.34319,3.34319,3.34319
172,5.00101e+06,5.00101e+06,5.00101e+06,97248.1,97248.1,97248.1,1199.55,1199.55,1199.55,2.78196e+07,2.78196e+07,2.78196e+07,3.4676e+07,3.4676e+07,3.4676e+07,120844,120844,120844,1192.32,1192.32,1192.32,1.07688e+07,1.07688e+07,1.07688e+07,8.42451e+06,8.42451e+06,8.42451e+06,7.42608e+06,7.42608e+06,7.42608e+06,6.46909e+06,6.46909e+06,6.46909e+06,2.68505e+07,2.68505e+07,2.68505e+07,189.049,189.049,189.049,2.41077,2.41077,2.41077
173,5.16767e+06,5.16767e+06,5.16767e+06,94426.3,94426.3,94426.3,941.509,941.509,941.509,2.80331e+07,2.80331e+07,2.80331e+07,3.4611e+07,3.4611e+07,3.4611e+07,113357,113357,113357,912.89,912.89,912.89,1.05244e+07,1.05244e+07,1.05244e+07,8.49135e+06,8.49135e+06,8.49135e+06,7.48142e+06,7.48142e+06,7.48142e+06,6.2603e+06,6.2603e+06,6.2603e+06,2.68812e+07,2.68812e+07,2.68812e+07,176.989,176.989,176.989,1.82185,1.82185,1.82185
174,5.33522e+06,5.33522e+06,5.33522e+06,94970.7,94970.7,94970.7,776.639,776.639,776.639,2.82475e+07,2.82475e+07,2.82475e+07,3.45495e+07,3.45495e+07,3.45495e+07,110187,110187,110187,734.649,734.649,734.649,1.02848e+07,1.02848e+07,1.02848e+07,8.55384e+06,8.55384e+06,8.55384e+06,7.52147e+06,7.52147e+06,7.52147e+06,6.05775e+06,6.05775e+06,6.05775e+06,2.69072e+07,2.69072e+07,2.69072e+07,171.64,171.64,171.64,1.44674,1.44674,1.44674
175,5.49502e+06,5.49502e+06,5.49502e+06,98784.8,98784.8,98784.8,672.23,672.23,672.23,2.84628e+07,2.84628e+07,2.84628e+07,3.44814e+07,3.44814e+07,3.44814e+07,110962,110962,110962,621.457,621.457,621.457,1.00499e+07,1.00499e+07,1.00499e+07,8.62051e+06,8.62051e+06,8.62051e+06,7.55723e+06,7.55723e+06,7.55723e+06,5.86147e+06,5.86147e+06,5.86147e+06,2.69286e+07,2.69286e+07,2.69286e+07,172.481,172.481,172.481,1.20767,1.20767,1.20767
176,5.63844e+06,5.63844e+06,5.63844e+06,105866,105866,105866,608.329,608.329,608.329,2.86789e+07,2.86789e+07,2.86789e+07,3.4397e+07,3.4397e+07,3.4397e+07,115462,115462,115462,551.387,551.387,551.387,9.81989e+06,9.81989e+06,9.81989e+06,8.69961e+06,8.69961e+06,8.69961e+06,7.59863e+06,7.59863e+06,7.59863e+06,5.67136e+06,5.67136e+06,5.67136e+06,2.69455e+07,2.69455e+07,2.69455e+07,179.233,179.233,179.233,1.05774,1.05774,1.05774
177,5.75686e+06,5.75686e+06,5.75686e+06,116190,116190,116190,572.261,572.261,572.261,2.88962e+07,2.88962e+07,2.88962e+07,3.42873e+07,3.42873e+07,3.42873e+07,123521,123521,123521,510.856,510.856,510.856,9.59471e+06,9.59471e+06,9.59471e+06,8.79924e+06,8.79924e+06,8.79924e+06,7.65477e+06,7.65477e+06,7.65477e+06,5.48734e+06,5.48734e+06,5.48734e+06,2.69584e+07,2.69584e+07,2.69584e+07,191.744,191.744,191.744,0.968041,0.968041,0.968041
178,5.84212e+06,5.84212e+06,5.84212e+06,129528,129528,129528,555.32,555.32,555.32,2.91152e+07,2.91152e+07,2.91152e+07,3.41439e+07,3.41439e+07,3.41439e+07,134868,134868,134868,491.027,491.027,491.027,9.37434e+06,9.37434e+06,9.37434e+06,8.92706e+06,8.92706e+06,8.92706e+06,7.73397e+06,7.73397e+06,7.73397e+06,5.30925e+06,5.30925e+06,5.30925e+06,2.69682e+07,2.69682e+07,2.69682e+07,209.755,209.755,209.755,0.919999,0.919999,0.919999
179,5.88761e+06,5.88761e+06,5.88761e+06,145189,145189,145189,550.726,550.726,550.726,2.93368e+07,2.93368e+07,2.93368e+07,3.39598e+07,3.39598e+07,3.39598e+07,148884,148884,148884,485.573,485.573,485.573,9.15871e+06,9.15871e+06,9.15871e+06,9.08943e+06,9.08943e+06,9.08943e+06,7.84317e+06,7.84317e+06,7.84317e+06,5.13695e+06,5.13695e+06,5.13695e+06,2.69756e+07,2.69756e+07,2.69756e+07,232.549,232.549,232.549,0.900574,0.900574,0.900574
180,5.89007e+06,5.89007e+06,5.89007e+06,161786,161786,161786,552.494,552.494,552.494,2.95618e+07,2.95618e+07,2.95618e+07,3.37312e+07,3.37312e+07,3.37312e+07,164359,164359,164359,489.284,489.284,489.284,8.94777e+06,8.94777e+06,8.94777e+06,9.28997e+06,9.28997e+06,9.28997e+06,7.98681e+06,7.98681e+06,7.98681e+06,4.97028e+06,4.97028e+06,4.97028e+06,2.69817e+07,2.69817e+07,2.69817e+07,258.524,258.524,258.524,0.899367,0.899367,0.899367
181,5.85157e+06,5.85157e+06,5.85157e+06,177198,177198,177198,555.131,555.131,555.131,2.97913e+07,2.97913e+07,2.97913e+07,3.34589e+07,3.34589e+07,3.34589e+07,179368,179368,179368,497.364,497.364,497.364,8.74144e+06,8.74144e+06,8.74144e+06,9.52769e+06,9.52769e+06,9.52769e+06,8.16516e+06,8.16516e+06,8.16516e+06,4.80908e+06,4.80908e+06,4.80908e+06,2.69876e+07,2.69876e+07,2.69876e+07,284.902,284.902,284.902,0.907091,0.907091,0.907091
182,5.78069e+06,5.78069e+06,5.78069e+06,188925,188925,188925,554.115,554.115,554.115,3.00261e+07,3.00261e+07,3.00261e+07,3.31502e+07,3.31502e+07,3.31502e+07,191484,191484,191484,505.409,505.409,505.409,8.53961e+06,8.53961e+06,8.53961e+06,9.79556e+06,9.79556e+06,9.79556e+06,8.37284e+06,8.37284e+06,8.37284e+06,4.65316e+06,4.65316e+06,4.65316e+06,2.69944e+07,2.69944e+07,2.69944e+07,307.871,307.871,307.871,0.915343,0.915343,0.915343
183,5.69187e+06,5.69187e+06,5.69187e+06,194865,194865,194865,546.824,546.824,546.824,3.02669e+07,3.02669e+07,3.02669e+07,3.28181e+07,3.28181e+07,3.28181e+07,198396,198396,198396,509.949,509.949,509.949,8.34219e+06,8.34219e+06,8.34219e+06,1.00806e+07,1.00806e+07,1.00806e+07,8.59841e+06,8.59841e+06,8.59841e+06,4.50236e+06,4.50236e+06,4.50236e+06,2.70027e+07,2.70027e+07,2.70027e+07,323.419,323.419,323.419,0.917494,0.917494,0.917494
184,5.60241e+06,5.60241e+06,5.60241e+06,194128,194128,194128,533.201,533.201,533.201,3.05138e+07,3.05138e+07,3.05138e+07,3.24801e+07,3.24801e+07,3.24801e+07,198731,198731,198731,509.224,509.224,509.224,8.14908e+06,8.14908e+06,8.14908e+06,1.03661e+07,1.03661e+07,1.03661e+07,8.82597e+06,8.82597e+06,8.82597e+06,4.35649e+06,4.35649e+06,4.35649e+06,2.7013e+07,2.7013e+07,2.7013e+07,328.665,328.665,328.665,0.910049,0.910049,0.910049
185,5.52854e+06,5.52854e+06,5.52854e+06,187358,187358,187358,515.578,515.578,515.578,3.07667e+07,3.07667e+07,3.07667e+07,3.21534e+07,3.21534e+07,3.21534e+07,192581,192581,192581,503.592,503.592,503.592,7.96017e+06,7.96017e+06,7.96017e+06,1.06355e+07,1.06355e+07,1.06355e+07,9.03843e+06,9.03843e+06,9.03843e+06,4.21538e+06,4.21538e+06,4.21538e+06,2.70252e+07,2.70252e+07,2.70252e+07,322.958,322.958,322.958,0.893425,0.893425,0.893425
186,5.48204e+06,5.48204e+06,5.48204e+06,176363,176363,176363,497.709,497.709,497.709,3.10249e+07,3.10249e+07,3.10249e+07,3.18518e+07,3.18518e+07,3.18518e+07,181394,181394,181394,495.286,495.286,495.286,7.77538e+06,7.77538e+06,7.77538e+06,1.08756e+07,1.08756e+07,1.08756e+07,9.22136e+06,9.22136e+06,9.22136e+06,4.07887e+06,4.07887e+06,4.07887e+06,2.70389e+07,2.70389e+07,2.70389e+07,308.04,308.04,308.04,0.871506,0.871506,0.871506
187,5.469e+06,5.469e+06,5.469e+06,163352,163352,163352,483.653,483.653,483.653,3.12875e+07,3.12875e+07,3.12875e+07,3.15835e+07,3.15835e+07,3.15835e+07,167328,167328,167328,487.663,487.663,487.663,7.59464e+06,7.59464e+06,7.59464e+06,1.10792e+07,1.10792e+07,1.10792e+07,9.36555e+06,9.36555e+06,9.36555e+06,3.9468e+06,3.9468e+06,3.9468e+06,2.7053e+07,2.7053e+07,2.7053e+07,287.195,287.195,287.195,0.85023,0.85023,0.85023
188,5.49026e+06,5.49026e+06,5.49026e+06,150275,150275,150275,477.113,477.113,477.113,3.15534e+07,3.15534e+07,3.15534e+07,3.13508e+07,3.13508e+07,3.13508e+07,152519,152519,152519,484.44,484.44,484.44,7.41787e+06,7.41787e+06,7.41787e+06,1.12443e+07,1.12443e+07,1.12443e+07,9.46774e+06,9.46774e+06,9.46774e+06,3.81903e+06,3.81903e+06,3.81903e+06,2.70668e+07,2.70668e+07,2.70668e+07,264.029,264.029,264.029,0.836093,0.836093,0.836093
189,5.54293e+06,5.54293e+06,5.54293e+06,138507,138507,138507,481.377,481.377,481.377,3.18216e+07,3.18216e+07,3.18216e+07,3.11517e+07,3.11517e+07,3.11517e+07,138609,138609,138609,489.302,489.302,489.302,7.24502e+06,7.24502e+06,7.24502e+06,1.13735e+07,1.13735e+07,1.13735e+07,9.52963e+06,9.52963e+06,9.52963e+06,3.69543e+06,3.69543e+06,3.69543e+06,2.70792e+07,2.70792e+07,2.70792e+07,241.532,241.532,241.532,0.835324,0.835324,0.835324
190,5.62181e+06,5.62181e+06,5.62181e+06,128848,128848,128848,499.735,499.735,499.735,3.20911e+07,3.20911e+07,3.20911e+07,3.09812e+07,3.09812e+07,3.09812e+07,126622,126622,126622,505.959,505.959,505.959,7.07605e+06,7.07605e+06,7.07605e+06,1.1472e+07,1.1472e+07,1.1472e+07,9.55629e+06,9.55629e+06,9.55629e+06,3.57591e+06,3.57591e+06,3.57591e+06,2.70893e+07,2.70893e+07,2.70893e+07,221.714,221.714,221.714,0.853914,0.853914,0.853914
191,5.72064e+06,5.72064e+06,5.72064e+06,121667,121667,121667,536.141,536.141,536.141,3.23612e+07,3.23612e+07,3.23612e+07,3.0833e+07,3.0833e+07,3.0833e+07,117057,117057,117057,538.603,538.603,538.603,6.91091e+06,6.91091e+06,6.91091e+06,1.15463e+07,1.15463e+07,1.15463e+07,9.55451e+06,9.55451e+06,9.55451e+06,3.46035e+06,3.46035e+06,3.46035e+06,2.70964e+07,2.70964e+07,2.70964e+07,205.673,205.673,205.673,0.898327,0.898327,0.898327
192,5.83277e+06,5.83277e+06,5.83277e+06,117076,117076,117076,596.071,596.071,596.071,3.26312e+07,3.26312e+07,3.26312e+07,3.07003e+07,3.07003e+07,3.07003e+07,110061,110061,110061,592.64,592.64,592.64,6.74959e+06,6.74959e+06,6.74959e+06,1.16035e+07,1.16035e+07,1.16035e+07,9.53164e+06,9.53164e+06,9.53164e+06,3.34868e+06,3.34868e+06,3.34868e+06,2.71e+07,2.71e+07,2.71e+07,193.857,193.857,193.857,0.976671,0.976671,0.976671
193,5.9515e+06,5.9515e+06,5.9515e+06,115055,115055,115055,687.597,687.597,687.597,3.29007e+07,3.29007e+07,3.29007e+07,3.05766e+07,3.05766e+07,3.05766e+07,105594,105594,105594,675.727,675.727,675.727,6.59207e+06,6.59207e+06,6.59207e+06,1.16505e+07,1.16505e+07,1.16505e+07,9.49493e+06,9.49493e+06,9.49493e+06,3.24083e+06,3.24083e+06,3.24083e+06,2.70998e+07,2.70998e+07,2.70998e+07,186.332,186.332,186.332,1.1003,1.1003,1.1003
194,6.07026e+06,6.07026e+06,6.07026e+06,115532,115532,115532,822.859,822.859,822.859,3.31693e+07,3.31693e+07,3.31693e+07,3.04555e+07,3.04555e+07,3.04555e+07,103525,103525,103525,799.206,799.206,799.206,6.43837e+06,6.43837e+06,6.43837e+06,1.16941e+07,1.16941e+07,1.16941e+07,9.45111e+06,9.45111e+06,9.45111e+06,3.13677e+06,3.13677e+06,3.13677e+06,2.70956e+07,2.70956e+07,2.70956e+07,182.98,182.98,182.98,1.28594,1.28594,1.28594
195,6.18265e+06,6.18265e+06,6.18265e+06,118401,118401,118401,1020.1,1020.1,1020.1,3.34368e+07,3.34368e+07,3.34368e+07,3.03313e+07,3.03313e+07,3.03313e+07,103690,103690,103690,980.142,980.142,980.142,6.28854e+06,6.28854e+06,6.28854e+06,1.17406e+07,1.17406e+07,1.17406e+07,9.40635e+06,9.40635e+06,9.40635e+06,3.03649e+06,3.03649e+06,3.03649e+06,2.70875e+07,2.70875e+07,2.70875e+07,183.603,183.603,183.603,1.55873,1.55873,1.55873
196,6.28255e+06,6.28255e+06,6.28255e+06,123506,123506,123506,1306.55,1306.55,1306.55,3.37033e+07,3.37033e+07,3.37033e+07,3.01988e+07,3.01988e+07,3.01988e+07,105894,105894,105894,1244.26,1244.26,1244.26,6.14271e+06,6.14271e+06,6.14271e+06,1.17958e+07,1.17958e+07,1.17958e+07,9.36613e+06,9.36613e+06,9.36613e+06,2.94005e+06,2.94005e+06,2.94005e+06,2.70757e+07,2.70757e+07,2.70757e+07,187.944,187.944,187.944,1.95638,1.95638,1.95638
197,6.36435e+06,6.36435e+06,6.36435e+06,130582,130582,130582,1722.26,1722.26,1722.26,3.39687e+07,3.39687e+07,3.39687e+07,3.00532e+07,3.00532e+07,3.00532e+07,109880,109880,109880,1630.1,1630.1,1630.1,6.00106e+06,6.00106e+06,6.00106e+06,1.18651e+07,1.18651e+07,1.18651e+07,9.33521e+06,9.33521e+06,9.33521e+06,2.84759e+06,2.84759e+06,2.84759e+06,2.70605e+07,2.70605e+07,2.70605e+07,195.647,195.647,195.647,2.53522,2.53522,2.53522
198,6.42337e+06,6.42337e+06,6.42337e+06,139180,139180,139180,2325.06,2325.06,2325.06,3.4233e+07,3.4233e+07,3.4233e+07,2.98912e+07,2.98912e+07,2.98912e+07,115278,115278,115278,2194.64,2194.64,2194.64,5.86391e+06,5.86391e+06,5.86391e+06,1.19525e+07,1.19525e+07,1.19525e+07,9.31739e+06,9.31739e+06,9.31739e+06,2.75935e+06,2.75935e+06,2.75935e+06,2.70424e+07,2.70424e+07,2.70424e+07,206.165,206.165,206.165,3.37815,3.37815,3.37815
199,6.45644e+06,6.45644e+06,6.45644e+06,148593,148593,148593,3196.43,3196.43,3196.43,3.4496e+07,3.4496e+07,3.4496e+07,2.97102e+07,2.97102e+07,2.97102e+07,121547,121547,121547,3020.62,3020.62,3020.62,5.73175e+06,5.73175e+06,5.73175e+06,1.20609e+07,1.20609e+07,1.20609e+07,9.31519e+06,9.31519e+06,9.31519e+06,2.67575e+06,2.67575e+06,2.67575e+06,2.7022e+07,2.7022e+07,2.7022e+07,218.641,218.641,218.641,4.60499,4.60499,4.60499
200,6.46261e+06,6.46261e+06,6.46261e+06,157827,157827,157827,4448,4448,4448,3.47575e+07,3.47575e+07,3.47575e+07,2.95101e+07,2.95101e+07,2.95101e+07,127944,127944,127944,4225.32,4225.32,4225.32,5.60529e+06,5.60529e+06,5.60529e+06,1.21905e+07,1.21905e+07,1.21905e+07,9.32942e+06,9.32942e+06,9.32942e+06,2.59745e+06,2.59745e+06,2.59745e+06,2.69997e+07,2.69997e+07,2.69997e+07,231.831,231.831,231.831,6.38486,6.38486,6.38486
201,6.44363e+06,6.44363e+06,6.44363e+06,165683,165683,165683,6228.59,6228.59,6228.59,3.50164e+07,3.50164e+07,3.50164e+07,2.92929e+07,2.92929e+07,2.92929e+07,133555,133555,133555,5970.86,5970.86,5970.86,5.48559e+06,5.48559e+06,5.48559e+06,1.23389e+07,1.23389e+07,1.23389e+07,9.35872e+06,9.35872e+06,9.35872e+06,2.52544e+06,2.52544e+06,2.52544e+06,2.69762e+07,2.69762e+07,2.69762e+07,244.117,244.117,244.117,8.95025,8.95025,8.95025
202,6.40397e+06,6.40397e+06,6.40397e+06,170943,170943,170943,8732.96,8732.96,8732.96,3.52716e+07,3.52716e+07,3.52716e+07,2.9063e+07,2.9063e+07,2.9063e+07,137420,137420,137420,8476.15,8476.15,8476.15,5.37409e+06,5.37409e+06,5.37409e+06,1.25007e+07,1.25007e+07,1.25007e+07,9.39935e+06,9.39935e+06,9.39935e+06,2.46117e+06,2.46117e+06,2.46117e+06,2.69522e+07,2.69522e+07,2.69522e+07,253.679,253.679,253.679,12.6133,12.6133,12.6133
203,6.35013e+06,6.35013e+06,6.35013e+06,172647,172647,172647,12214.8,12214.8,12214.8,3.55205e+07,3.55205e+07,3.55205e+07,2.88273e+07,2.88273e+07,2.88273e+07,138726,138726,138726,12032.4,12032.4,12032.4,5.2728e+06,5.2728e+06,5.2728e+06,1.26674e+07,1.26674e+07,1.26674e+07,9.44538e+06,9.44538e+06,9.44538e+06,2.40667e+06,2.40667e+06,2.40667e+06,2.69279e+07,2.69279e+07,2.69279e+07,258.836,258.836,258.836,17.7868,17.7868,17.7868
204,6.28918e+06,6.28918e+06,6.28918e+06,170331,170331,170331,17007.8,17007.8,17007.8,3.57596e+07,3.57596e+07,3.57596e+07,2.85939e+07,2.85939e+07,2.85939e+07,137007,137007,137007,17025.1,17025.1,17025.1,5.18443e+06,5.18443e+06,5.18443e+06,1.28293e+07,1.28293e+07,1.28293e+07,9.4894e+06,9.4894e+06,9.4894e+06,2.36479e+06,2.36479e+06,2.36479e+06,2.69039e+07,2.69039e+07,2.69039e+07,258.438,258.438,258.438,25.0144,25.0144,25.0144
205,6.22697e+06,6.22697e+06,6.22697e+06,164105,164105,164105,23556.3,23556.3,23556.3,3.59839e+07,3.59839e+07,3.59839e+07,2.83712e+07,2.83712e+07,2.83712e+07,132244,132244,132244,23966.3,23966.3,23966.3,5.11263e+06,5.11263e+06,5.11263e+06,1.2976e+07,1.2976e+07,1.2976e+07,9.52365e+06,9.52365e+06,9.52365e+06,2.33941e+06,2.33941e+06,2.33941e+06,2.68802e+07,2.68802e+07,2.68802e+07,252.134,252.134,252.134,35.0167,35.0167,35.0167
206,6.16653e+06,6.16653e+06,6.16653e+06,154541,154541,154541,32449.9,32449.9,32449.9,3.61863e+07,3.61863e+07,3.61863e+07,2.81667e+07,2.81667e+07,2.81667e+07,124824,124824,124824,33534.1,33534.1,33534.1,5.0623e+06,5.0623e+06,5.0623e+06,1.30986e+07,1.30986e+07,1.30986e+07,9.54108e+06,9.54108e+06,9.54108e+06,2.3358e+06,2.3358e+06,2.3358e+06,2.68571e+07,2.68571e+07,2.68571e+07,240.384,240.384,240.384,48.7519,48.7519,48.7519
207,6.10692e+06,6.10692e+06,6.10692e+06,142423,142423,142423,44439.1,44439.1,44439.1,3.63576e+07,3.63576e+07,3.63576e+07,2.79865e+07,2.79865e+07,2.79865e+07,115369,115369,115369,46603.1,46603.1,46603.1,5.03996e+06,5.03996e+06,5.03996e+06,1.31901e+07,1.31901e+07,1.31901e+07,9.53623e+06,9.53623e+06,9.53623e+06,2.36103e+06,2.36103e+06,2.36103e+06,2.68347e+07,2.68347e+07,2.68347e+07,224.206,224.206,224.206,67.4721,67.4721,67.4721
208,6.04296e+06,6.04296e+06,6.04296e+06,128506,128506,128506,60383.9,60383.9,60383.9,3.64854e+07,3.64854e+07,3.64854e+07,2.7835e+07,2.7835e+07,2.7835e+07,104541,104541,104541,64221.4,64221.4,64221.4,5.05411e+06,5.05411e+06,5.05411e+06,1.32454e+07,1.32454e+07,1.32454e+07,9.50549e+06,9.50549e+06,9.50549e+06,2.42442e+06,2.42442e+06,2.42442e+06,2.68132e+07,2.68132e+07,2.68132e+07,204.806,204.806,204.806,92.7212,92.7212,92.7212
209,5.96575e+06,5.96575e+06,5.96575e+06,113374,113374,113374,81047.5,81047.5,81047.5,3.65549e+07,3.65549e+07,3.65549e+07,2.77154e+07,2.77154e+07,2.77154e+07,92879.3,92879.3,92879.3,87445,87445,87445,5.11522e+06,5.11522e+06,5.11522e+06,1.32617e+07,1.32617e+07,1.32617e+07,9.44693e+06,9.44693e+06,9.44693e+06,2.53774e+06,2.53774e+06,2.53774e+06,2.6793e+07,2.6793e+07,2.6793e+07,183.254,183.254,183.254,126.157,126.157,126.157
210,5.86439e+06,5.86439e+06,5.86439e+06,97439.7,97439.7,97439.7,106626,106626,106626,3.65491e+07,3.65491e+07,3.65491e+07,2.76302e+07,2.76302e+07,2.76302e+07,80760.2,80760.2,80760.2,116900,116900,116900,5.23493e+06,5.23493e+06,5.23493e+06,1.32372e+07,1.32372e+07,1.32372e+07,9.35985e+06,9.35985e+06,9.35985e+06,2.71463e+06,2.71463e+06,2.71463e+06,2.6775e+07,2.6775e+07,2.6775e+07,160.343,160.343,160.343,169.012,169.012,169.012
211,5.72928e+06,5.72928e+06,5.72928e+06,81085.8,81085.8,81085.8,135996,135996,135996,3.64524e+07,3.64524e+07,3.64524e+07,2.75815e+07,2.75815e+07,2.75815e+07,68444.3,68444.3,68444.3,151982,151982,151982,5.42363e+06,5.42363e+06,5.42363e+06,1.31713e+07,1.31713e+07,1.31713e+07,9.24436e+06,9.24436e+06,9.24436e+06,2.96853e+06,2.96853e+06,2.96853e+06,2.67602e+07,2.67602e+07,2.67602e+07,136.649,136.649,136.649,221.024,221.024,221.024
212,5.55692e+06,5.55692e+06,5.55692e+06,64850.7,64850.7,64850.7,166005,166005,166005,3.62555e+07,3.62555e+07,3.62555e+07,2.75709e+07,2.75709e+07,2.75709e+07,56201.7,56201.7,56201.7,189890,189890,189890,5.68612e+06,5.68612e+06,5.68612e+06,1.30645e+07,1.30645e+07,1.30645e+07,9.10121e+06,9.10121e+06,9.10121e+06,3.30825e+06,3.30825e+06,3.30825e+06,2.67499e+07,2.67499e+07,2.67499e+07,112.756,112.756,112.756,278.966,278.966,278.966
213,5.35452e+06,5.35452e+06,5.35452e+06,49527.1,49527.1,49527.1,191594,191594,191594,3.59626e+07,3.59626e+07,3.59626e+07,2.75991e+07,2.75991e+07,2.75991e+07,44428.9,44428.9,44428.9,225235,225235,225235,6.0164e+06,6.0164e+06,6.0164e+06,1.29189e+07,1.29189e+07,1.29189e+07,8.93196e+06,8.93196e+06,8.93196e+06,3.73177e+06,3.73177e+06,3.73177e+06,2.67457e+07,2.67457e+07,2.67457e+07,89.491,89.491,89.491,335.651,335.651,335.651
214,5.14111e+06,5.14111e+06,5.14111e+06,36028.5,36028.5,36028.5,207489,207489,207489,3.55954e+07,3.55954e+07,3.55954e+07,2.7665e+07,2.7665e+07,2.7665e+07,33661,33661,33661,251258,251258,251258,6.39478e+06,6.39478e+06,6.39478e+06,1.2739e+07,1.2739e+07,1.2739e+07,8.73935e+06,8.73935e+06,8.73935e+06,4.22117e+06,4.22117e+06,4.22117e+06,2.6749e+07,2.6749e+07,2.6749e+07,67.9774,67.9774,67.9774,381.006,381.006,381.006
215,4.9426e+06,4.9426e+06,4.9426e+06,25057.6,25057.6,25057.6,210816,210816,210816,3.51906e+07,3.51906e+07,3.51906e+07,2.77655e+07,2.77655e+07,2.77655e+07,24432.7,24432.7,24432.7,262701,262701,262701,6.79102e+06,6.79102e+06,6.79102e+06,1.25311e+07,1.25311e+07,1.25311e+07,8.52741e+06,8.52741e+06,8.52741e+06,4.74305e+06,4.74305e+06,4.74305e+06,2.67603e+07,2.67603e+07,2.67603e+07,49.3733,49.3733,49.3733,405.885,405.885,405.885
216,4.78303e+06,4.78303e+06,4.78303e+06,16830.6,16830.6,16830.6,202557,202557,202557,3.47893e+07,3.47893e+07,3.47893e+07,2.78956e+07,2.78956e+07,2.78956e+07,17074.1,17074.1,17074.1,258453,258453,258453,7.17296e+06,7.17296e+06,7.17296e+06,1.23029e+07,1.23029e+07,1.23029e+07,8.30119e+06,8.30119e+06,8.30119e+06,5.25666e+06,5.25666e+06,5.25666e+06,2.67794e+07,2.67794e+07,2.67794e+07,34.4463,34.4463,34.4463,406.566,406.566,406.566
217,4.67753e+06,4.67753e+06,4.67753e+06,11075.2,11075.2,11075.2,186616,186616,186616,3.4425e+07,3.4425e+07,3.4425e+07,2.80494e+07,2.80494e+07,2.80494e+07,11599.3,11599.3,11599.3,241794,241794,241794,7.51576e+06,7.51576e+06,7.51576e+06,1.20615e+07,1.20615e+07,1.20615e+07,8.06602e+06,8.06602e+06,8.06602e+06,5.72564e+06,5.72564e+06,5.72564e+06,2.68052e+07,2.68052e+07,2.68052e+07,23.3084,23.3084,23.3084,386.337,386.337,386.337
218,4.6306e+06,4.6306e+06,4.6306e+06,7251.76,7251.76,7251.76,167579,167579,167579,3.41168e+07,3.41168e+07,3.41168e+07,2.82213e+07,2.82213e+07,2.82213e+07,7757.94,7757.94,7757.94,218259,218259,218259,7.8064e+06,7.8064e+06,7.8064e+06,1.18129e+07,1.18129e+07,1.18129e+07,7.82673e+06,7.82673e+06,7.82673e+06,6.12668e+06,6.12668e+06,6.12668e+06,2.6836e+07,2.6836e+07,2.6836e+07,15.4956,15.4956,15.4956,353.051,353.051,353.051
219,4.63851e+06,4.63851e+06,4.63851e+06,4792.6,4792.6,4792.6,149017,149017,149017,3.387e+07,3.387e+07,3.387e+07,2.84063e+07,2.84063e+07,2.84063e+07,5177.78,5177.78,5177.78,193110,193110,193110,8.04279e+06,8.04279e+06,8.04279e+06,1.15615e+07,1.15615e+07,1.15615e+07,7.58715e+06,7.58715e+06,7.58715e+06,6.45145e+06,6.45145e+06,6.45145e+06,2.68696e+07,2.68696e+07,2.68696e+07,10.2629,10.2629,10.2629,315.146,315.146,315.146
220,4.69293e+06,4.69293e+06,4.69293e+06,3234.56,3234.56,3234.56,133009,133009,133009,3.36794e+07,3.36794e+07,3.36794e+07,2.86005e+07,2.86005e+07,2.86005e+07,3492.52,3492.52,3492.52,169966,169966,169966,8.2301e+06,8.2301e+06,8.2301e+06,1.13103e+07,1.13103e+07,1.13103e+07,7.35003e+06,7.35003e+06,7.35003e+06,6.70338e+06,6.70338e+06,6.70338e+06,2.6904e+07,2.6904e+07,2.6904e+07,6.86075,6.86075,6.86075,278.961,278.961,278.961
221,4.78383e+06,4.78383e+06,4.78383e+06,2249.25,2249.25,2249.25,120436,120436,120436,3.3535e+07,3.3535e+07,3.3535e+07,2.88011e+07,2.88011e+07,2.88011e+07,2406.95,2406.95,2406.95,150694,150694,150694,8.37709e+06,8.37709e+06,8.37709e+06,1.10611e+07,1.10611e+07,1.10611e+07,7.11718e+06,7.11718e+06,7.11718e+06,6.8927e+06,6.8927e+06,6.8927e+06,2.69375e+07,2.69375e+07,2.69375e+07,4.68127,4.68127,4.68127,248.095,248.095,248.095
222,4.90112e+06,4.90112e+06,4.90112e+06,1621.72,1621.72,1621.72,111478,111478,111478,3.34248e+07,3.34248e+07,3.34248e+07,2.9006e+07,2.9006e+07,2.9006e+07,1709.58,1709.58,1709.58,135913,135913,135913,8.49362e+06,8.49362e+06,8.49362e+06,1.08151e+07,1.08151e+07,1.08151e+07,6.88971e+06,6.88971e+06,6.88971e+06,7.03233e+06,7.03233e+06,7.03233e+06,2.69688e+07,2.69688e+07,2.69688e+07,3.2893,3.2893,3.2893,224.007,224.007,224.007
223,5.03526e+06,5.03526e+06,5.03526e+06,1217.27,1217.27,1217.27,106010,106010,106010,3.33371e+07,3.33371e+07,3.33371e+07,2.92138e+07,2.92138e+07,2.92138e+07,1259.43,1259.43,1259.43,125574,125574,125574,8.58937e+06,8.58937e+06,8.58937e+06,1.05729e+07,1.05729e+07,1.05729e+07,6.66823e+06,6.66823e+06,6.66823e+06,7.1354e+06,7.1354e+06,7.1354e+06,2.69968e+07,2.69968e+07,2.69968e+07,2.39571,2.39571,2.39571,206.909,206.909,206.909
224,5.17743e+06,5.17743e+06,5.17743e+06,953.163,953.163,953.163,103835,103835,103835,3.3261e+07,3.3261e+07,3.3261e+07,2.94236e+07,2.94236e+07,2.94236e+07,966.288,966.288,966.288,119367,119367,119367,8.67341e+06,8.67341e+06,8.67341e+06,1.0335e+07,1.0335e+07,1.0335e+07,6.45306e+06,6.45306e+06,6.45306e+06,7.21407e+06,7.21407e+06,7.21407e+06,2.7021e+07,2.7021e+07,2.7021e+07,1.81645,1.81645,1.81645,196.471,196.471,196.471
225,5.31927e+06,5.31927e+06,5.31927e+06,778.752,778.752,778.752,104795,104795,104795,3.31865e+07,3.31865e+07,3.31865e+07,2.96349e+07,2.96349e+07,2.96349e+07,773.652,773.652,773.652,116953,116953,116953,8.75414e+06,8.75414e+06,8.75414e+06,1.01015e+07,1.01015e+07,1.01015e+07,6.24431e+06,6.24431e+06,6.24431e+06,7.27925e+06,7.27925e+06,7.27925e+06,2.70411e+07,2.70411e+07,2.70411e+07,1.4369,1.4369,1.4369,192.243,192.243,192.243
226,5.45277e+06,5.45277e+06,5.45277e+06,662.79,662.79,662.79,108780,108780,108780,3.31046e+07,3.31046e+07,3.31046e+07,2.98475e+07,2.98475e+07,2.98475e+07,646.325,646.325,646.325,118042,118042,118042,8.83948e+06,8.83948e+06,8.83948e+06,9.87264e+06,9.87264e+06,9.87264e+06,6.04199e+06,6.04199e+06,6.04199e+06,7.34068e+06,7.34068e+06,7.34068e+06,2.70571e+07,2.70571e+07,2.70571e+07,1.18605,1.18605,1.18605,193.835,193.835,193.835
227,5.57014e+06,5.57014e+06,5.57014e+06,585.604,585.604,585.604,115690,115690,115690,3.30069e+07,3.30069e+07,3.30069e+07,3.00615e+07,3.00615e+07,3.00615e+07,562.229,562.229,562.229,122392,122392,122392,8.93694e+06,8.93694e+06,8.93694e+06,9.64837e+06,9.64837e+06,9.64837e+06,5.84601e+06,5.84601e+06,5.84601e+06,7.40713e+06,7.40713e+06,7.40713e+06,2.70692e+07,2.70692e+07,2.70692e+07,1.01968,1.01968,1.01968,200.937,200.937,200.937
228,5.66405e+06,5.66405e+06,5.66405e+06,534.366,534.366,534.366,125325,125325,125325,3.28858e+07,3.28858e+07,3.28858e+07,3.02772e+07,3.02772e+07,3.02772e+07,507.218,507.218,507.218,129720,129720,129720,9.05353e+06,9.05353e+06,9.05353e+06,9.4287e+06,9.4287e+06,9.4287e+06,5.65626e+06,5.65626e+06,5.65626e+06,7.48641e+06,7.48641e+06,7.48641e+06,2.70779e+07,2.70779e+07,2.70779e+07,0.909656,0.909656,0.909656,213.208,213.208,213.208
229,5.72822e+06,5.72822e+06,5.72822e+06,500.228,500.228,500.228,137229,137229,137229,3.27347e+07,3.27347e+07,3.27347e+07,3.04951e+07,3.04951e+07,3.04951e+07,471.859,471.859,471.859,139572,139572,139572,9.19531e+06,9.19531e+06,9.19531e+06,9.21362e+06,9.21362e+06,9.21362e+06,5.4726e+06,5.4726e+06,5.4726e+06,7.58518e+06,7.58518e+06,7.58518e+06,2.70838e+07,2.70838e+07,2.70838e+07,0.837447,0.837447,0.837447,230.068,230.068,230.068
230,5.75846e+06,5.75846e+06,5.75846e+06,476.668,476.668,476.668,150527,150527,150527,3.25492e+07,3.25492e+07,3.25492e+07,3.07158e+07,3.07158e+07,3.07158e+07,449.457,449.457,449.457,151156,151156,151156,9.36654e+06,9.36654e+06,9.36654e+06,9.00307e+06,9.00307e+06,9.00307e+06,5.29487e+06,5.29487e+06,5.29487e+06,7.70832e+06,7.70832e+06,7.70832e+06,2.70877e+07,2.70877e+07,2.70877e+07,0.790107,0.790107,0.790107,250.423,250.423,250.423
231,5.75403e+06,5.75403e+06,5.75403e+06,458.63,458.63,458.63,163828,163828,163828,3.23279e+07,3.23279e+07,3.23279e+07,3.09402e+07,3.09402e+07,3.09402e+07,434.923,434.923,434.923,163227,163227,163227,9.56848e+06,9.56848e+06,9.56848e+06,8.79698e+06,8.79698e+06,8.79698e+06,5.12291e+06,5.12291e+06,5.12291e+06,7.85796e+06,7.85796e+06,7.85796e+06,2.70904e+07,2.70904e+07,2.70904e+07,0.757988,0.757988,0.757988,272.415,272.415,272.415
232,5.7188e+06,5.7188e+06,5.7188e+06,442.29,442.29,442.29,175340,175340,175340,3.20735e+07,3.20735e+07,3.20735e+07,3.11689e+07,3.11689e+07,3.11689e+07,424.25,424.25,424.25,174116,174116,174116,9.79824e+06,9.79824e+06,9.79824e+06,8.59528e+06,8.59528e+06,8.59528e+06,4.95654e+06,4.95654e+06,4.95654e+06,8.03241e+06,8.03241e+06,8.03241e+06,2.70929e+07,2.70929e+07,2.70929e+07,0.733614,0.733614,0.733614,293.376,293.376,293.376
233,5.66145e+06,5.66145e+06,5.66145e+06,425.185,425.185,425.185,183257,183257,183257,3.17936e+07,3.17936e+07,3.17936e+07,3.14027e+07,3.14027e+07,3.14027e+07,414.43,414.43,414.43,182013,182013,182013,1.00482e+07,1.00482e+07,1.00482e+07,8.3979e+06,8.3979e+06,8.3979e+06,4.79557e+06,4.79557e+06,4.79557e+06,8.2255e+06,8.2255e+06,8.2255e+06,2.70959e+07,2.70959e+07,2.70959e+07,0.711417,0.711417,0.711417,310.172,310.172,310.172
234,5.5943e+06,5.5943e+06,5.5943e+06,406.392,406.392,406.392,186317,186317,186317,3.14999e+07,3.14999e+07,3.14999e+07,3.16418e+07,3.16418e+07,3.16418e+07,403.628,403.628,403.628,185455,185455,185455,1.0307e+07,1.0307e+07,1.0307e+07,8.20474e+06,8.20474e+06,8.20474e+06,4.63985e+06,4.63985e+06,4.63985e+06,8.42697e+06,8.42697e+06,8.42697e+06,2.70999e+07,2.70999e+07,2.70999e+07,0.687946,0.687946,0.687946,319.977,319.977,319.977
235,5.53076e+06,5.53076e+06,5.53076e+06,386.46,386.46,386.46,184250,184250,184250,3.12056e+07,3.12056e+07,3.12056e+07,3.18863e+07,3.18863e+07,3.18863e+07,391.315,391.315,391.315,183819,183819,183819,1.05613e+07,1.05613e+07,1.05613e+07,8.01572e+06,8.01572e+06,8.01572e+06,4.48918e+06,4.48918e+06,4.48918e+06,8.62414e+06,8.62414e+06,8.62414e+06,2.7105e+07,2.7105e+07,2.7105e+07,0.662075,0.662075,0.662075,321.177,321.177,321.177
236,5.48263e+06,5.48263e+06,5.48263e+06,366.971,366.971,366.971,177826,177826,177826,3.09235e+07,3.09235e+07,3.09235e+07,3.2136e+07,3.2136e+07,3.2136e+07,378.168,378.168,378.168,177515,177515,177515,1.07989e+07,1.07989e+07,1.07989e+07,7.83076e+06,7.83076e+06,7.83076e+06,4.34341e+06,4.34341e+06,4.34341e+06,8.8045e+06,8.8045e+06,8.8045e+06,2.71111e+07,2.71111e+07,2.71111e+07,0.634812,0.634812,0.634812,313.908,313.908,313.908
237,5.45805e+06,5.45805e+06,5.45805e+06,349.936,349.936,349.936,168510,168510,168510,3.06628e+07,3.06628e+07,3.06628e+07,3.23901e+07,3.23901e+07,3.23901e+07,365.702,365.702,365.702,167786,167786,167786,1.10107e+07,1.10107e+07,1.10107e+07,7.64979e+06,7.64979e+06,7.64979e+06,4.20237e+06,4.20237e+06,4.20237e+06,8.95814e+06,8.95814e+06,8.95814e+06,2.71177e+07,2.71177e+07,2.71177e+07,0.608641,0.608641,0.608641,299.918,299.918,299.918
238,5.46089e+06,5.46089e+06,5.46089e+06,337.308,337.308,337.308,157944,157944,157944,3.04288e+07,3.04288e+07,3.04288e+07,3.26479e+07,3.26479e+07,3.26479e+07,355.816,355.816,355.816,156243,156243,156243,1.11918e+07,1.11918e+07,1.11918e+07,7.47273e+06,7.47273e+06,7.47273e+06,4.06591e+06,4.06591e+06,4.06591e+06,9.07923e+06,9.07923e+06,9.07923e+06,2.71241e+07,2.71241e+07,2.71241e+07,0.586693,0.586693,0.586693,281.859,281.859,281.859
239,5.49122e+06,5.49122e+06,5.49122e+06,330.78,330.78,330.78,147552,147552,147552,3.02226e+07,3.02226e+07,3.02226e+07,3.29086e+07,3.29086e+07,3.29086e+07,350.453,350.453,350.453,144409,144409,144409,1.13417e+07,1.13417e+07,1.13417e+07,7.29953e+06,7.29953e+06,7.29953e+06,3.93389e+06,3.93389e+06,3.93389e+06,9.16621e+06,9.16621e+06,9.16621e+06,2.71296e+07,2.71296e+07,2.71296e+07,0.572108,0.572108,0.572108,262.467,262.467,262.467
240,5.54631e+06,5.54631e+06,5.54631e+06,331.858,331.858,331.858,138353,138353,138353,3.00421e+07,3.00421e+07,3.00421e+07,3.31712e+07,3.31712e+07,3.31712e+07,351.483,351.483,351.483,133451,133451,133451,1.14627e+07,1.14627e+07,1.14627e+07,7.13012e+06,7.13012e+06,7.13012e+06,3.80618e+06,3.80618e+06,3.80618e+06,9.22104e+06,9.22104e+06,9.22104e+06,2.71335e+07,2.71335e+07,2.71335e+07,0.567799,0.567799,0.567799,243.982,243.982,243.982
241,5.6217e+06,5.6217e+06,5.6217e+06,342.102,342.102,342.102,130969,130969,130969,2.98831e+07,2.98831e+07,2.98831e+07,3.3435e+07,3.3435e+07,3.3435e+07,360.804,360.804,360.804,124113,124113,124113,1.15595e+07,1.15595e+07,1.15595e+07,6.96446e+06,6.96446e+06,6.96446e+06,3.68266e+06,3.68266e+06,3.68266e+06,9.24806e+06,9.24806e+06,9.24806e+06,2.7135e+07,2.7135e+07,2.7135e+07,0.57658,0.57658,0.57658,227.937,227.937,227.937
242,5.71199e+06,5.71199e+06,5.71199e+06,363.445,363.445,363.445,125718,125718,125718,2.97404e+07,2.97404e+07,2.97404e+07,3.36994e+07,3.36994e+07,3.36994e+07,380.592,380.592,380.592,116780,116780,116780,1.16375e+07,1.16375e+07,1.16375e+07,6.80249e+06,6.80249e+06,6.80249e+06,3.56321e+06,3.56321e+06,3.56321e+06,9.25287e+06,9.25287e+06,9.25287e+06,2.71336e+07,2.71336e+07,2.71336e+07,0.60156,0.60156,0.60156,215.211,215.211,215.211
243,5.81141e+06,5.81141e+06,5.81141e+06,398.573,398.573,398.573,122718,122718,122718,2.96085e+07,2.96085e+07,2.96085e+07,3.39639e+07,3.39639e+07,3.39639e+07,413.668,413.668,413.668,111588,111588,111588,1.17029e+07,1.17029e+07,1.17029e+07,6.64418e+06,6.64418e+06,6.64418e+06,3.44774e+06,3.44774e+06,3.44774e+06,9.24153e+06,9.24153e+06,9.24153e+06,2.71289e+07,2.71289e+07,2.71289e+07,0.646692,0.646692,0.646692,206.205,206.205,206.205
244,5.91409e+06,5.91409e+06,5.91409e+06,451.354,451.354,451.354,121975,121975,121975,2.94817e+07,2.94817e+07,2.94817e+07,3.42282e+07,3.42282e+07,3.42282e+07,463.951,463.951,463.951,108523,108523,108523,1.17617e+07,1.17617e+07,1.17617e+07,6.48948e+06,6.48948e+06,6.48948e+06,3.33614e+06,3.33614e+06,3.33614e+06,9.22005e+06,9.22005e+06,9.22005e+06,2.71209e+07,2.71209e+07,2.71209e+07,0.717449,0.717449,0.717449,201.015,201.015,201.015
245,6.01429e+06,6.01429e+06,6.01429e+06,527.377,527.377,527.377,123420,123420,123420,2.93549e+07,2.93549e+07,2.93549e+07,3.44921e+07,3.44921e+07,3.44921e+07,537.045,537.045,537.045,107486,107486,107486,1.18196e+07,1.18196e+07,1.18196e+07,6.33839e+06,6.33839e+06,6.33839e+06,3.22835e+06,3.22835e+06,3.22835e+06,9.19406e+06,9.19406e+06,9.19406e+06,2.71093e+07,2.71093e+07,2.71093e+07,0.821658,0.821658,0.821658,199.558,199.558,199.558
246,6.10653e+06,6.10653e+06,6.10653e+06,634.616,634.616,634.616,126919,126919,126919,2.92232e+07,2.92232e+07,2.92232e+07,3.47555e+07,3.47555e+07,3.47555e+07,641,641,641,108317,108317,108317,1.18823e+07,1.18823e+07,1.18823e+07,6.19089e+06,6.19089e+06,6.19089e+06,3.12431e+06,3.12431e+06,3.12431e+06,9.16872e+06,9.16872e+06,9.16872e+06,2.70944e+07,2.70944e+07,2.70944e+07,0.970552,0.970552,0.970552,201.637,201.637,201.637
247,6.18582e+06,6.18582e+06,6.18582e+06,784.272,784.272,784.272,132248,132248,132248,2.90823e+07,2.90823e+07,2.90823e+07,3.50186e+07,3.50186e+07,3.50186e+07,787.294,787.294,787.294,110799,110799,110799,1.19545e+07,1.19545e+07,1.19545e+07,6.04702e+06,6.04702e+06,6.04702e+06,3.02398e+06,3.02398e+06,3.02398e+06,9.1485e+06,9.1485e+06,9.1485e+06,2.70763e+07,2.70763e+07,2.70763e+07,1.18012,1.18012,1.18012,206.935,206.935,206.935
248,6.24801e+06,6.24801e+06,6.24801e+06,991.772,991.772,991.772,139048,139048,139048,2.89288e+07,2.89288e+07,2.89288e+07,3.52815e+07,3.52815e+07,3.52815e+07,992.093,992.093,992.093,114623,114623,114623,1.20404e+07,1.20404e+07,1.20404e+07,5.90681e+06,5.90681e+06,5.90681e+06,2.92738e+06,2.92738e+06,2.92738e+06,9.13708e+06,9.13708e+06,9.13708e+06,2.70553e+07,2.70553e+07,2.70553e+07,1.47283,1.47283,1.47283,214.978,214.978,214.978
249,6.2902e+06,6.2902e+06,6.2902e+06,1277.93,1277.93,1277.93,146780,146780,146780,2.87603e+07,2.87603e+07,2.87603e+07,3.55443e+07,3.55443e+07,3.55443e+07,1277.8,1277.8,1277.8,119365,119365,119365,1.21427e+07,1.21427e+07,1.21427e+07,5.77037e+06,5.77037e+06,5.77037e+06,2.83456e+06,2.83456e+06,2.83456e+06,9.13708e+06,9.13708e+06,9.13708e+06,2.7032e+07,2.7032e+07,2.7032e+07,1.87965,1.87965,1.87965,225.064,225.064,225.064
250,6.31125e+06,6.31125e+06,6.31125e+06,1670.3,1670.3,1670.3,154708,154708,154708,2.8576e+07,2.8576e+07,2.8576e+07,3.58073e+07,3.58073e+07,3.58073e+07,1674.95,1674.95,1674.95,124460,124460,124460,1.22625e+07,1.22625e+07,1.22625e+07,5.63787e+06,5.63787e+06,5.63787e+06,2.74564e+06,2.74564e+06,2.74564e+06,9.14978e+06,9.14978e+06,9.14978e+06,2.70066e+07,2.70066e+07,2.70066e+07,2.44258,2.44258,2.44258,236.213,236.213,236.213
251,6.31224e+06,6.31224e+06,6.31224e+06,2204.83,2204.83,2204.83,161943,161943,161943,2.83765e+07,2.83765e+07,2.83765e+07,3.60705e+07,3.60705e+07,3.60705e+07,2224.5,2224.5,2224.5,129227,129227,129227,1.23989e+07,1.23989e+07,1.23989e+07,5.50953e+06,5.50953e+06,5.50953e+06,2.66083e+06,2.66083e+06,2.66083e+06,9.17481e+06,9.17481e+06,9.17481e+06,2.69798e+07,2.69798e+07,2.69798e+07,3.21757,3.21757,3.21757,247.172,247.172,247.172
252,6.29654e+06,6.29654e+06,6.29654e+06,2928.44,2928.44,2928.44,167564,167564,167564,2.81646e+07,2.81646e+07,2.81646e+07,3.63338e+07,3.63338e+07,3.63338e+07,2980.97,2980.97,2980.97,132940,132940,132940,1.25485e+07,1.25485e+07,1.25485e+07,5.3857e+06,5.3857e+06,5.3857e+06,2.58044e+06,2.58044e+06,2.58044e+06,9.21e+06,9.21e+06,9.21e+06,2.6952e+07,2.6952e+07,2.6952e+07,4.27849,4.27849,4.27849,256.529,256.529,256.529
253,6.26945e+06,6.26945e+06,6.26945e+06,3903.44,3903.44,3903.44,170800,170800,170800,2.79448e+07,2.79448e+07,2.79448e+07,3.65967e+07,3.65967e+07,3.65967e+07,4017.19,4017.19,4017.19,134959,134959,134959,1.27058e+07,1.27058e+07,1.27058e+07,5.26684e+06,5.26684e+06,5.26684e+06,2.50496e+06,2.50496e+06,2.50496e+06,9.25146e+06,9.25146e+06,9.25146e+06,2.69234e+07,2.69234e+07,2.69234e+07,5.72315,5.72315,5.72315,262.934,262.934,262.934
254,6.23739e+06,6.23739e+06,6.23739e+06,5215.39,5215.39,5215.39,171206,171206,171206,2.77227e+07,2.77227e+07,2.77227e+07,3.68585e+07,3.68585e+07,3.68585e+07,5432.36,5432.36,5432.36,134863,134863,134863,1.28639e+07,1.28639e+07,1.28639e+07,5.1536e+06,5.1536e+06,5.1536e+06,2.43505e+06,2.43505e+06,2.43505e+06,9.29406e+06,9.29406e+06,9.29406e+06,2.68944e+07,2.68944e+07,2.68944e+07,7.68349,7.68349,7.68349,265.381,265.381,265.381
255,6.20668e+06,6.20668e+06,6.20668e+06,6986.4,6986.4,6986.4,168765,168765,168765,2.75042e+07,2.75042e+07,2.75042e+07,3.71177e+07,3.71177e+07,3.71177e+07,7365.49,7365.49,7365.49,132554,132554,132554,1.30154e+07,1.30154e+07,1.30154e+07,5.04688e+06,5.04688e+06,5.04688e+06,2.37167e+06,2.37167e+06,2.37167e+06,9.33217e+06,9.33217e+06,9.33217e+06,2.68651e+07,2.68651e+07,2.68651e+07,10.343,10.343,10.343,263.439,263.439,263.439
256,6.18235e+06,6.18235e+06,6.18235e+06,9396.21,9396.21,9396.21,163848,163848,163848,2.72949e+07,2.72949e+07,2.72949e+07,3.73723e+07,3.73723e+07,3.73723e+07,10017.6,10017.6,10017.6,128252,128252,128252,1.31535e+07,1.31535e+07,1.31535e+07,4.94794e+06,4.94794e+06,4.94794e+06,2.31617e+06,2.31617e+06,2.31617e+06,9.3605e+06,9.3605e+06,9.3605e+06,2.68355e+07,2.68355e+07,2.68355e+07,13.9657,13.9657,13.9657,257.324,257.324,257.324
257,6.16722e+06,6.16722e+06,6.16722e+06,12713.6,12713.6,12713.6,157073,157073,157073,2.7099e+07,2.7099e+07,2.7099e+07,3.76195e+07,3.76195e+07,3.76195e+07,13685.7,13685.7,13685.7,122414,122414,122414,1.32729e+07,1.32729e+07,1.32729e+07,4.8586e+06,4.8586e+06,4.8586e+06,2.27049e+06,2.27049e+06,2.27049e+06,9.37482e+06,9.37482e+06,9.37482e+06,2.68055e+07,2.68055e+07,2.68055e+07,18.9406,18.9406,18.9406,247.78,247.78,247.78
258,6.16134e+06,6.16134e+06,6.16134e+06,17341.2,17341.2,17341.2,149112,149112,149112,2.69194e+07,2.69194e+07,2.69194e+07,3.7855e+07,3.7855e+07,3.7855e+07,18813.7,18813.7,18813.7,115590,115590,115590,1.33702e+07,1.33702e+07,1.33702e+07,4.78146e+06,4.78146e+06,4.78146e+06,2.23743e+06,2.23743e+06,2.23743e+06,9.37239e+06,9.37239e+06,9.37239e+06,2.6775e+07,2.6775e+07,2.6775e+07,25.8488,25.8488,25.8488,235.827,235.827,235.827
259,6.16179e+06,6.16179e+06,6.16179e+06,23874,23874,23874,140519,140519,140519,2.67579e+07,2.67579e+07,2.67579e+07,3.80731e+07,3.80731e+07,3.80731e+07,26061.5,26061.5,26061.5,108280,108280,108280,1.34435e+07,1.34435e+07,1.34435e+07,4.72039e+06,4.72039e+06,4.72039e+06,2.2211e+06,2.2211e+06,2.2211e+06,9.35189e+06,9.35189e+06,9.35189e+06,2.6744e+07,2.6744e+07,2.6744e+07,35.5562,35.5562,35.5562,222.47,222.47,222.47
260,6.16255e+06,6.16255e+06,6.16255e+06,33165.3,33165.3,33165.3,131620,131620,131620,2.66151e+07,2.66151e+07,2.66151e+07,3.82656e+07,3.82656e+07,3.82656e+07,36390.2,36390.2,36390.2,100839,100839,100839,1.34922e+07,1.34922e+07,1.34922e+07,4.68097e+06,4.68097e+06,4.68097e+06,2.22754e+06,2.22754e+06,2.22754e+06,9.31316e+06,9.31316e+06,9.31316e+06,2.67124e+07,2.67124e+07,2.67124e+07,49.3321,49.3321,49.3321,208.472,208.472,208.472
261,6.15445e+06,6.15445e+06,6.15445e+06,46367.4,46367.4,46367.4,122456,122456,122456,2.64917e+07,2.64917e+07,2.64917e+07,3.8421e+07,3.8421e+07,3.8421e+07,51138,51138,51138,93419.9,93419.9,93419.9,1.35162e+07,1.35162e+07,1.35162e+07,4.6713e+06,4.6713e+06,4.6713e+06,2.26549e+06,2.26549e+06,2.26549e+06,9.25671e+06,9.25671e+06,9.25671e+06,2.66806e+07,2.66806e+07,2.66806e+07,68.9669,68.9669,68.9669,194.216,194.216,194.216
262,6.12527e+06,6.12527e+06,6.12527e+06,64860.6,64860.6,64860.6,112786,112786,112786,2.63884e+07,2.63884e+07,2.63884e+07,3.85236e+07,3.85236e+07,3.85236e+07,72007.8,72007.8,72007.8,85963.3,85963.3,85963.3,1.35151e+07,1.35151e+07,1.35151e+07,4.70257e+06,4.70257e+06,4.70257e+06,2.34734e+06,2.34734e+06,2.34734e+06,9.18314e+06,9.18314e+06,9.18314e+06,2.66491e+07,2.66491e+07,2.66491e+07,96.8032,96.8032,96.8032,179.653,179.653,179.653
263,6.06039e+06,6.06039e+06,6.06039e+06,89892.7,89892.7,89892.7,102154,102154,102154,2.63071e+07,2.63071e+07,2.63071e+07,3.85529e+07,3.85529e+07,3.85529e+07,100789,100789,100789,78228.8,78228.8,78228.8,1.34877e+07,1.34877e+07,1.34877e+07,4.78929e+06,4.78929e+06,4.78929e+06,2.48963e+06,2.48963e+06,2.48963e+06,9.09264e+06,9.09264e+06,9.09264e+06,2.66187e+07,2.66187e+07,2.66187e+07,135.468,135.468,135.468,164.339,164.339,164.339
264,5.94529e+06,5.94529e+06,5.94529e+06,121697,121697,121697,90065.1,90065.1,90065.1,2.62507e+07,2.62507e+07,2.62507e+07,3.84856e+07,3.84856e+07,3.84856e+07,138531,138531,138531,69875.9,69875.9,69875.9,1.34313e+07,1.34313e+07,1.34313e+07,4.94782e+06,4.94782e+06,4.94782e+06,2.71224e+06,2.71224e+06,2.71224e+06,8.98462e+06,8.98462e+06,8.98462e+06,2.6591e+07,2.6591e+07,2.6591e+07,186.927,186.927,186.927,147.585,147.585,147.585
265,5.77064e+06,5.77064e+06,5.77064e+06,158087,158087,158087,76305.7,76305.7,76305.7,2.62236e+07,2.62236e+07,2.62236e+07,3.83004e+07,3.83004e+07,3.83004e+07,183975,183975,183975,60624,60624,60624,1.33425e+07,1.33425e+07,1.33425e+07,5.19201e+06,5.19201e+06,5.19201e+06,3.0345e+06,3.0345e+06,3.0345e+06,8.85768e+06,8.85768e+06,8.85768e+06,2.65677e+07,2.65677e+07,2.65677e+07,250.515,250.515,250.515,128.773,128.773,128.773
266,5.53979e+06,5.53979e+06,5.53979e+06,193383,193383,193383,61312.2,61312.2,61312.2,2.62304e+07,2.62304e+07,2.62304e+07,3.79883e+07,3.79883e+07,3.79883e+07,231819,231819,231819,50482.2,50482.2,50482.2,1.32183e+07,1.32183e+07,1.32183e+07,5.52544e+06,5.52544e+06,5.52544e+06,3.46702e+06,3.46702e+06,3.46702e+06,8.71006e+06,8.71006e+06,8.71006e+06,2.65512e+07,2.65512e+07,2.65512e+07,320.336,320.336,320.336,107.841,107.841,107.841
267,5.27405e+06,5.27405e+06,5.27405e+06,219476,219476,219476,46297.3,46297.3,46297.3,2.62745e+07,2.62745e+07,2.62745e+07,3.75639e+07,3.75639e+07,3.75639e+07,272656,272656,272656,39928.2,39928.2,39928.2,1.30576e+07,1.30576e+07,1.30576e+07,5.93335e+06,5.93335e+06,5.93335e+06,4.00088e+06,4.00088e+06,4.00088e+06,8.54069e+06,8.54069e+06,8.54069e+06,2.65436e+07,2.65436e+07,2.65436e+07,384.216,384.216,384.216,85.7172,85.7172,85.7172
268,5.00931e+06,5.00931e+06,5.00931e+06,229791,229791,229791,32828.4,32828.4,32828.4,2.63563e+07,2.63563e+07,2.63563e+07,3.70688e+07,3.70688e+07,3.70688e+07,296461,296461,296461,29839.8,29839.8,29839.8,1.28633e+07,1.28633e+07,1.28633e+07,6.3814e+06,6.3814e+06,6.3814e+06,4.60153e+06,4.60153e+06,4.60153e+06,8.35027e+06,8.35027e+06,8.35027e+06,2.65466e+07,2.65466e+07,2.65466e+07,427.233,427.233,427.233,64.2596,64.2596,64.2596
269,4.7833e+06,4.7833e+06,4.7833e+06,223298,223298,223298,22065.5,22065.5,22065.5,2.64728e+07,2.64728e+07,2.64728e+07,3.65601e+07,3.65601e+07,3.65601e+07,298124,298124,298124,21123.4,21123.4,21123.4,1.26417e+07,1.26417e+07,1.26417e+07,6.82566e+06,6.82566e+06,6.82566e+06,5.21517e+06,5.21517e+06,5.21517e+06,8.14192e+06,8.14192e+06,8.14192e+06,2.65607e+07,2.65607e+07,2.65607e+07,439.379,439.379,439.379,45.5084,45.5084,45.5084
270,4.62226e+06,4.62226e+06,4.62226e+06,204604,204604,204604,14303.3,14303.3,14303.3,2.66184e+07,2.66184e+07,2.66184e+07,3.60906e+07,3.60906e+07,3.60906e+07,280169,280169,280169,14310,14310,14310,1.2401e+07,1.2401e+07,1.2401e+07,7.22808e+06,7.22808e+06,7.22808e+06,5.78653e+06,5.78653e+06,5.78653e+06,7.9205e+06,7.9205e+06,7.9205e+06,2.65847e+07,2.65847e+07,2.65847e+07,421.225,421.225,421.225,30.7481,30.7481,30.7481
271,4.5359e+06,4.5359e+06,4.5359e+06,180452,180452,180452,9125.94,9125.94,9125.94,2.67864e+07,2.67864e+07,2.67864e+07,3.56935e+07,3.56935e+07,3.56935e+07,250315,250315,250315,9421.99,9421.99,9421.99,1.21488e+07,1.21488e+07,1.21488e+07,7.56678e+06,7.56678e+06,7.56678e+06,6.27619e+06,6.27619e+06,6.27619e+06,7.69144e+06,7.69144e+06,7.69144e+06,2.66167e+07,2.66167e+07,2.66167e+07,382.364,382.364,382.364,20.1349,20.1349,20.1349
272,4.52065e+06,4.52065e+06,4.52065e+06,156360,156360,156360,5842.9,5842.9,5842.9,2.69706e+07,2.69706e+07,2.69706e+07,3.53797e+07,3.53797e+07,3.53797e+07,216836,216836,216836,6135.11,6135.11,6135.11,1.18913e+07,1.18913e+07,1.18913e+07,7.83646e+06,7.83646e+06,7.83646e+06,6.66736e+06,6.66736e+06,6.66736e+06,7.45952e+06,7.45952e+06,7.45952e+06,2.6654e+07,2.6654e+07,2.6654e+07,335.036,335.036,335.036,13.0104,13.0104,13.0104
273,4.56583e+06,4.56583e+06,4.56583e+06,135460,135460,135460,3814.05,3814.05,3814.05,2.71659e+07,2.71659e+07,2.71659e+07,3.51439e+07,3.51439e+07,3.51439e+07,185574,185574,185574,4017.01,4017.01,4017.01,1.16325e+07,1.16325e+07,1.16325e+07,8.04304e+06,8.04304e+06,8.04304e+06,6.96218e+06,6.96218e+06,6.96218e+06,7.22839e+06,7.22839e+06,7.22839e+06,2.66938e+07,2.66938e+07,2.66938e+07,288.851,288.851,288.851,8.43977,8.43977,8.43977
274,4.6585e+06,4.6585e+06,4.6585e+06,118937,118937,118937,2568.72,2568.72,2568.72,2.73687e+07,2.73687e+07,2.73687e+07,3.49727e+07,3.49727e+07,3.49727e+07,159448,159448,159448,2683.17,2683.17,2683.17,1.13751e+07,1.13751e+07,1.13751e+07,8.19764e+06,8.19764e+06,8.19764e+06,7.17376e+06,7.17376e+06,7.17376e+06,7.00048e+06,7.00048e+06,7.00048e+06,2.67338e+07,2.67338e+07,2.67338e+07,249.174,249.174,249.174,5.57824,5.57824,5.57824
275,4.78603e+06,4.78603e+06,4.78603e+06,106888,106888,106888,1800.09,1800.09,1800.09,2.75762e+07,2.75762e+07,2.75762e+07,3.48502e+07,3.48502e+07,3.48502e+07,139292,139292,139292,1849.55,1849.55,1849.55,1.11205e+07,1.11205e+07,1.11205e+07,8.3127e+06,8.3127e+06,8.3127e+06,7.31933e+06,7.31933e+06,7.31933e+06,6.7773e+06,6.7773e+06,6.7773e+06,2.67721e+07,2.67721e+07,2.67721e+07,217.973,217.973,217.973,3.8011,3.8011,3.8011
276,4.93708e+06,4.93708e+06,4.93708e+06,98976,98976,98976,1320.01,1320.01,1320.01,2.77867e+07,2.77867e+07,2.77867e+07,3.47609e+07,3.47609e+07,3.47609e+07,124864,124864,124864,1327.06,1327.06,1327.06,1.08699e+07,1.08699e+07,1.08699e+07,8.39997e+06,8.39997e+06,8.39997e+06,7.41612e+06,7.41612e+06,7.41612e+06,6.55973e+06,6.55973e+06,6.55973e+06,2.68072e+07,2.68072e+07,2.68072e+07,195.298,195.298,195.298,2.69395,2.69395,2.69395
277,5.10154e+06,5.10154e+06,5.10154e+06,94803.2,94803.2,94803.2,1016.26,1016.26,1016.26,2.7999e+07,2.7999e+07,2.7999e+07,3.46913e+07,3.46913e+07,3.46913e+07,115559,115559,115559,996.957,996.957,996.957,1.06235e+07,1.06235e+07,1.06235e+07,8.47003e+06,8.47003e+06,8.47003e+06,7.47962e+06,7.47962e+06,7.47962e+06,6.3482e+06,6.3482e+06,6.3482e+06,2.68384e+07,2.68384e+07,2.68384e+07,180.436,180.436,180.436,1.9979,1.9979,1.9979
278,5.27026e+06,5.27026e+06,5.27026e+06,94073.5,94073.5,94073.5,822.444,822.444,822.444,2.82125e+07,2.82125e+07,2.82125e+07,3.46294e+07,3.46294e+07,3.46294e+07,110776,110776,110776,786.822,786.822,786.822,1.03819e+07,1.03819e+07,1.03819e+07,8.53234e+06,8.53234e+06,8.53234e+06,7.52318e+06,7.52318e+06,7.52318e+06,6.1429e+06,6.1429e+06,6.1429e+06,2.68652e+07,2.68652e+07,2.68652e+07,172.572,172.572,172.572,1.55601,1.55601,1.55601
279,5.43451e+06,5.43451e+06,5.43451e+06,96638.1,96638.1,96638.1,699.097,699.097,699.097,2.84268e+07,2.84268e+07,2.84268e+07,3.45647e+07,3.45647e+07,3.45647e+07,110071,110071,110071,652.996,652.996,652.996,1.0145e+07,1.0145e+07,1.0145e+07,8.59561e+06,8.59561e+06,8.59561e+06,7.55842e+06,7.55842e+06,7.55842e+06,5.94389e+06,5.94389e+06,5.94389e+06,2.68873e+07,2.68873e+07,2.68873e+07,171.079,171.079,171.079,1.27424,1.27424,1.27424
280,5.58568e+06,5.58568e+06,5.58568e+06,102469,102469,102469,622.383,622.383,622.383,2.86419e+07,2.86419e+07,2.86419e+07,3.44873e+07,3.44873e+07,3.44873e+07,113172,113172,113172,569.113,569.113,569.113,9.91289e+06,9.91289e+06,9.91289e+06,8.6682e+06,8.6682e+06,8.6682e+06,7.59563e+06,7.59563e+06,7.59563e+06,5.75111e+06,5.75111e+06,5.75111e+06,2.6905e+07,2.6905e+07,2.6905e+07,175.591,175.591,175.591,1.09607,1.09607,1.09607
281,5.7151e+06,5.7151e+06,5.7151e+06,111574,111574,111574,577.459,577.459,577.459,2.88579e+07,2.88579e+07,2.88579e+07,3.4388e+07,3.4388e+07,3.4388e+07,119912,119912,119912,519.018,519.018,519.018,9.68567e+06,9.68567e+06,9.68567e+06,8.75827e+06,8.75827e+06,8.75827e+06,7.64425e+06,7.64425e+06,7.64425e+06,5.56446e+06,5.56446e+06,5.56446e+06,2.69187e+07,2.69187e+07,2.69187e+07,185.933,185.933,185.933,0.987115,0.987115,0.987115
282,5.81432e+06,5.81432e+06,5.81432e+06,123833,123833,123833,554.494,554.494,554.494,2.90755e+07,2.90755e+07,2.90755e+07,3.42578e+07,3.42578e+07,3.42578e+07,130089,130089,130089,492.456,492.456,492.456,9.46327e+06,9.46327e+06,9.46327e+06,8.87375e+06,8.87375e+06,8.87375e+06,7.71296e+06,7.71296e+06,7.71296e+06,5.38382e+06,5.38382e+06,5.38382e+06,2.69289e+07,2.69289e+07,2.69289e+07,201.928,201.928,201.928,0.925695,0.925695,0.925695
283,5.87589e+06,5.87589e+06,5.87589e+06,138771,138771,138771,546.218,546.218,546.218,2.92953e+07,2.92953e+07,2.92953e+07,3.40893e+07,3.40893e+07,3.40893e+07,143251,143251,143251,482.397,482.397,482.397,9.24566e+06,9.24566e+06,9.24566e+06,9.02167e+06,9.02167e+06,9.02167e+06,7.80939e+06,7.80939e+06,7.80939e+06,5.20904e+06,5.20904e+06,5.20904e+06,2.69365e+07,2.69365e+07,2.69365e+07,223.093,223.093,223.093,0.897206,0.897206,0.897206
284,5.89499e+06,5.89499e+06,5.89499e+06,155291,155291,155291,546.476,546.476,546.476,2.95181e+07,2.95181e+07,2.95181e+07,3.38771e+07,3.38771e+07,3.38771e+07,158444,158444,158444,483.363,483.363,483.363,9.03276e+06,9.03276e+06,9.03276e+06,9.20698e+06,9.20698e+06,9.20698e+06,7.93917e+06,7.93917e+06,7.93917e+06,5.03997e+06,5.03997e+06,5.03997e+06,2.69426e+07,2.69426e+07,2.69426e+07,248.221,248.221,248.221,0.890584,0.890584,0.890584
285,5.87137e+06,5.87137e+06,5.87137e+06,171533,171533,171533,549.6,549.6,549.6,2.9745e+07,2.9745e+07,2.9745e+07,3.36199e+07,3.36199e+07,3.36199e+07,174011,174011,174011,490.468,490.468,490.468,8.8245e+06,8.8245e+06,8.8245e+06,9.43072e+06,9.43072e+06,9.43072e+06,8.10442e+06,8.10442e+06,8.10442e+06,4.87643e+06,4.87643e+06,4.87643e+06,2.69482e+07,2.69482e+07,2.69482e+07,274.998,274.998,274.998,0.89628,0.89628,0.89628
286,5.81105e+06,5.81105e+06,5.81105e+06,185054,185054,185054,550.611,550.611,550.611,2.99769e+07,2.99769e+07,2.99769e+07,3.33224e+07,3.33224e+07,3.33224e+07,187651,187651,187651,499.132,499.132,499.132,8.62079e+06,8.62079e+06,8.62079e+06,9.68828e+06,9.68828e+06,9.68828e+06,8.30209e+06,8.30209e+06,8.30209e+06,4.71826e+06,4.71826e+06,4.71826e+06,2.69545e+07,2.69545e+07,2.69545e+07,299.936,299.936,299.936,0.905534,0.905534,0.905534
287,5.72649e+06,5.72649e+06,5.72649e+06,193475,193475,193475,546.043,546.043,546.043,3.02145e+07,3.02145e+07,3.02145e+07,3.29957e+07,3.29957e+07,3.29957e+07,196892,196892,196892,505.436,505.436,505.436,8.42154e+06,8.42154e+06,8.42154e+06,9.96882e+06,9.96882e+06,9.96882e+06,8.52299e+06,8.52299e+06,8.52299e+06,4.56528e+06,4.56528e+06,4.56528e+06,2.69622e+07,2.69622e+07,2.69622e+07,318.928,318.928,318.928,0.910892,0.910892,0.910892
288,5.63444e+06,5.63444e+06,5.63444e+06,195345,195345,195345,534.811,534.811,534.811,3.04583e+07,3.04583e+07,3.04583e+07,3.26559e+07,3.26559e+07,3.26559e+07,199886,199886,199886,506.874,506.874,506.874,8.22663e+06,8.22663e+06,8.22663e+06,1.02566e+07,1.02566e+07,1.02566e+07,8.75251e+06,8.75251e+06,8.75251e+06,4.41731e+06,4.41731e+06,4.41731e+06,2.6972e+07,2.6972e+07,2.6972e+07,328.459,328.459,328.459,0.907497,0.907497,0.907497
289,5.55212e+06,5.55212e+06,5.55212e+06,190719,190719,190719,518.402,518.402,518.402,3.07082e+07,3.07082e+07,3.07082e+07,3.2321e+07,3.2321e+07,3.2321e+07,196125,196125,196125,502.972,502.972,502.972,8.03597e+06,8.03597e+06,8.03597e+06,1.05344e+07,1.05344e+07,1.05344e+07,8.97344e+06,8.97344e+06,8.97344e+06,4.27418e+06,4.27418e+06,4.27418e+06,2.69839e+07,2.69839e+07,2.69839e+07,326.912,326.912,326.912,0.894224,0.894224,0.894224
290,5.49339e+06,5.49339e+06,5.49339e+06,181045,181045,181045,500.156,500.156,500.156,3.09638e+07,3.09638e+07,3.09638e+07,3.20066e+07,3.20066e+07,3.20066e+07,186594,186594,186594,495.305,495.305,495.305,7.84947e+06,7.84947e+06,7.84947e+06,1.07873e+07,1.07873e+07,1.07873e+07,9.16978e+06,9.16978e+06,9.16978e+06,4.13571e+06,4.13571e+06,4.13571e+06,2.69977e+07,2.69977e+07,2.69977e+07,315.161,315.161,315.161,0.873744,0.873744,0.873744
291,5.46661e+06,5.46661e+06,5.46661e+06,168487,168487,168487,484.12,484.12,484.12,3.12241e+07,3.12241e+07,3.12241e+07,3.17233e+07,3.17233e+07,3.17233e+07,173286,173286,173286,486.893,486.893,486.893,7.66705e+06,7.66705e+06,7.66705e+06,1.10056e+07,1.10056e+07,1.10056e+07,9.33003e+06,9.33003e+06,9.33003e+06,4.00175e+06,4.00175e+06,4.00175e+06,2.70125e+07,2.70125e+07,2.70125e+07,296.057,296.057,296.057,0.851386,0.851386,0.851386
292,5.47454e+06,5.47454e+06,5.47454e+06,155166,155166,155166,474.158,474.158,474.158,3.14881e+07,3.14881e+07,3.14881e+07,3.14757e+07,3.14757e+07,3.14757e+07,158439,158439,158439,481.379,481.379,481.379,7.48863e+06,7.48863e+06,7.48863e+06,1.11854e+07,1.11854e+07,1.11854e+07,9.44862e+06,9.44862e+06,9.44862e+06,3.87214e+06,3.87214e+06,3.87214e+06,2.70274e+07,2.70274e+07,2.70274e+07,273.248,273.248,273.248,0.833562,0.833562,0.833562
293,5.5155e+06,5.5155e+06,5.5155e+06,142702,142702,142702,473.668,473.668,473.668,3.17549e+07,3.17549e+07,3.17549e+07,3.1263e+07,3.1263e+07,3.1263e+07,143934,143934,143934,482.463,482.463,482.463,7.31415e+06,7.31415e+06,7.31415e+06,1.13277e+07,1.13277e+07,1.13277e+07,9.52551e+06,9.52551e+06,9.52551e+06,3.74677e+06,3.74677e+06,3.74677e+06,2.70415e+07,2.70415e+07,2.70415e+07,250.061,250.061,250.061,0.826621,0.826621,0.826621
294,5.585e+06,5.585e+06,5.585e+06,132109,132109,132109,485.839,485.839,485.839,3.20233e+07,3.20233e+07,3.20233e+07,3.10814e+07,3.10814e+07,3.10814e+07,131039,131039,131039,493.788,493.788,493.788,7.14356e+06,7.14356e+06,7.14356e+06,1.14369e+07,1.14369e+07,1.14369e+07,9.56471e+06,9.56471e+06,9.56471e+06,3.62551e+06,3.62551e+06,3.62551e+06,2.70537e+07,2.70537e+07,2.70537e+07,228.909,228.909,228.909,0.836555,0.836555,0.836555
295,5.67708e+06,5.67708e+06,5.67708e+06,123900,123900,123900,514.235,514.235,514.235,3.22926e+07,3.22926e+07,3.22926e+07,3.09248e+07,3.09248e+07,3.09248e+07,120438,120438,120438,519.25,519.25,519.25,6.97683e+06,6.97683e+06,6.97683e+06,1.15192e+07,1.15192e+07,1.15192e+07,9.57254e+06,9.57254e+06,9.57254e+06,3.50827e+06,3.50827e+06,3.50827e+06,2.70633e+07,2.70633e+07,2.70633e+07,211.222,211.222,211.222,0.86947,0.86947,0.86947
296,5.78514e+06,5.78514e+06,5.78514e+06,118267,118267,118267,563.569,563.569,563.569,3.2562e+07,3.2562e+07,3.2562e+07,3.07864e+07,3.07864e+07,3.07864e+07,112394,112394,112394,563.627,563.627,563.627,6.81392e+06,6.81392e+06,6.81392e+06,1.15815e+07,1.15815e+07,1.15815e+07,9.5563e+06,9.5563e+06,9.5563e+06,3.39494e+06,3.39494e+06,3.39494e+06,2.70697e+07,2.70697e+07,2.70697e+07,197.665,197.665,197.665,0.932591,0.932591,0.932591
297,5.90247e+06,5.90247e+06,5.90247e+06,115227,115227,115227,640.675,640.675,640.675,3.2831e+07,3.2831e+07,3.2831e+07,3.06597e+07,3.06597e+07,3.06597e+07,106921,106921,106921,633.486,633.486,633.486,6.65482e+06,6.65482e+06,6.65482e+06,1.16309e+07,1.16309e+07,1.16309e+07,9.52336e+06,9.52336e+06,9.52336e+06,3.28546e+06,3.28546e+06,3.28546e+06,2.70725e+07,2.70725e+07,2.70725e+07,188.42,188.42,188.42,1.03568,1.03568,1.03568
298,6.02242e+06,6.02242e+06,6.02242e+06,114721,114721,114721,755.792,755.792,755.792,3.30993e+07,3.30993e+07,3.30993e+07,3.05381e+07,3.05381e+07,3.05381e+07,103911,103911,103911,738.433,738.433,738.433,6.49952e+06,6.49952e+06,6.49952e+06,1.16743e+07,1.16743e+07,1.16743e+07,9.4807e+06,9.4807e+06,9.4807e+06,3.17979e+06,3.17979e+06,3.17979e+06,2.70714e+07,2.70714e+07,2.70714e+07,183.421,183.421,183.421,1.19292,1.19292,1.19292
299,6.13852e+06,6.13852e+06,6.13852e+06,116658,116658,116658,924.338,924.338,924.338,3.33665e+07,3.33665e+07,3.33665e+07,3.04156e+07,3.04156e+07,3.04156e+07,103211,103211,103211,892.869,892.869,892.869,6.34808e+06,6.34808e+06,6.34808e+06,1.17181e+07,1.17181e+07,1.17181e+07,9.43476e+06,9.43476e+06,9.43476e+06,3.07789e+06,3.07789e+06,3.07789e+06,2.70665e+07,2.70665e+07,2.70665e+07,182.49,182.49,182.49,1.42552,1.42552,1.42552
300,6.2445e+06,6.2445e+06,6.2445e+06,120907,120907,120907,1169.41,1169.41,1169.41,3.36328e+07,3.36328e+07,3.36328e+07,3.02867e+07,3.02867e+07,3.02867e+07,104639,104639,104639,1118.53,1118.53,1118.53,6.20056e+06,6.20056e+06,6.20056e+06,1.17684e+07,1.17684e+07,1.17684e+07,9.3913e+06,9.3913e+06,9.3913e+06,2.97981e+06,2.97981e+06,2.97981e+06,2.70578e+07,2.70578e+07,2.70578e+07,185.397,185.397,185.397,1.76538,1.76538,1.76538
301,6.3345e+06,6.3345e+06,6.3345e+06,127256,127256,127256,1525.22,1525.22,1525.22,3.38979e+07,3.38979e+07,3.38979e+07,3.01466e+07,3.01466e+07,3.01466e+07,107967,107967,107967,1448.08,1448.08,1448.08,6.05715e+06,6.05715e+06,6.05715e+06,1.18308e+07,1.18308e+07,1.18308e+07,9.3554e+06,9.3554e+06,9.3554e+06,2.88564e+06,2.88564e+06,2.88564e+06,2.70457e+07,2.70457e+07,2.70457e+07,191.835,191.835,191.835,2.26031,2.26031,2.26031
302,6.40338e+06,6.40338e+06,6.40338e+06,135342,135342,135342,2041.6,2041.6,2041.6,3.41619e+07,3.41619e+07,3.41619e+07,2.99912e+07,2.99912e+07,2.99912e+07,112881,112881,112881,1930.13,1930.13,1930.13,5.91808e+06,5.91808e+06,5.91808e+06,1.191e+07,1.191e+07,1.191e+07,9.3313e+06,9.3313e+06,9.3313e+06,2.79557e+06,2.79557e+06,2.79557e+06,2.70306e+07,2.70306e+07,2.70306e+07,201.348,201.348,201.348,2.98113,2.98113,2.98113
303,6.44728e+06,6.44728e+06,6.44728e+06,144568,144568,144568,2789.49,2789.49,2789.49,3.44247e+07,3.44247e+07,3.44247e+07,2.98176e+07,2.98176e+07,2.98176e+07,118914,118914,118914,2635.86,2635.86,2635.86,5.78377e+06,5.78377e+06,5.78377e+06,1.20092e+07,1.20092e+07,1.20092e+07,9.32209e+06,9.32209e+06,9.32209e+06,2.70994e+06,2.70994e+06,2.70994e+06,2.7013e+07,2.7013e+07,2.7013e+07,213.219,213.219,213.219,4.03107,4.03107,4.03107
304,6.46425e+06,6.46425e+06,6.46425e+06,154054,154054,154054,3867.19,3867.19,3867.19,3.46862e+07,3.46862e+07,3.46862e+07,2.96245e+07,2.96245e+07,2.96245e+07,125403,125403,125403,3667.16,3667.16,3667.16,5.65484e+06,5.65484e+06,5.65484e+06,1.21301e+07,1.21301e+07,1.21301e+07,9.32933e+06,9.32933e+06,9.32933e+06,2.62931e+06,2.62931e+06,2.62931e+06,2.69934e+07,2.69934e+07,2.69934e+07,226.364,226.364,226.364,5.55728,5.55728,5.55728
305,6.45493e+06,6.45493e+06,6.45493e+06,162663,162663,162663,5407.09,5407.09,5407.09,3.49456e+07,3.49456e+07,3.49456e+07,2.94132e+07,2.94132e+07,2.94132e+07,131490,131490,131490,5166.34,5166.34,5166.34,5.53218e+06,5.53218e+06,5.53218e+06,1.22712e+07,1.22712e+07,1.22712e+07,9.3526e+06,9.3526e+06,9.3526e+06,2.55452e+06,2.55452e+06,2.55452e+06,2.69725e+07,2.69725e+07,2.69725e+07,239.301,239.301,239.301,7.76421,7.76421,7.76421
306,6.42273e+06,6.42273e+06,6.42273e+06,169147,169147,169147,7583.43,7583.43,7583.43,3.52018e+07,3.52018e+07,3.52018e+07,2.91869e+07,2.91869e+07,2.91869e+07,136208,136208,136208,7327.14,7327.14,7327.14,5.41706e+06,5.41706e+06,5.41706e+06,1.24283e+07,1.24283e+07,1.24283e+07,9.3891e+06,9.3891e+06,9.3891e+06,2.4868e+06,2.4868e+06,2.4868e+06,2.69508e+07,2.69508e+07,2.69508e+07,250.251,250.251,250.251,10.9287,10.9287,10.9287
307,6.37351e+06,6.37351e+06,6.37351e+06,172404,172404,172404,10622.9,10622.9,10622.9,3.5453e+07,3.5453e+07,3.5453e+07,2.89519e+07,2.89519e+07,2.89519e+07,138656,138656,138656,10408.4,10408.4,10408.4,5.31124e+06,5.31124e+06,5.31124e+06,1.25942e+07,1.25942e+07,1.25942e+07,9.43371e+06,9.43371e+06,9.43371e+06,2.42793e+06,2.42793e+06,2.42793e+06,2.69289e+07,2.69289e+07,2.69289e+07,257.421,257.421,257.421,15.4185,15.4185,15.4185
308,6.31436e+06,6.31436e+06,6.31436e+06,171746,171746,171746,14822.1,14822.1,14822.1,3.5696e+07,3.5696e+07,3.5696e+07,2.87157e+07,2.87157e+07,2.87157e+07,138202,138202,138202,14752.7,14752.7,14752.7,5.21712e+06,5.21712e+06,5.21712e+06,1.27594e+07,1.27594e+07,1.27594e+07,9.47949e+06,9.47949e+06,9.47949e+06,2.3804e+06,2.3804e+06,2.3804e+06,2.6907e+07,2.6907e+07,2.6907e+07,259.395,259.395,259.395,21.7174,21.7174,21.7174
309,6.25191e+06,6.25191e+06,6.25191e+06,167054,167054,167054,20574.2,20574.2,20574.2,3.59265e+07,3.59265e+07,3.59265e+07,2.84869e+07,2.84869e+07,2.84869e+07,134642,134642,134642,20814.3,20814.3,20814.3,5.13791e+06,5.13791e+06,5.13791e+06,1.29135e+07,1.29135e+07,1.29135e+07,9.51861e+06,9.51861e+06,9.51861e+06,2.34761e+06,2.34761e+06,2.34761e+06,2.68856e+07,2.68856e+07,2.68856e+07,255.477,255.477,255.477,30.4647,30.4647,30.4647
310,6.19054e+06,6.19054e+06,6.19054e+06,158742,158742,158742,28403.2,28403.2,28403.2,3.61384e+07,3.61384e+07,3.61384e+07,2.82735e+07,2.82735e+07,2.82735e+07,128216,128216,128216,29196.3,29196.3,29196.3,5.07794e+06,5.07794e+06,5.07794e+06,1.30469e+07,1.30469e+07,1.30469e+07,9.54358e+06,9.54358e+06,9.54358e+06,2.33421e+06,2.33421e+06,2.33421e+06,2.68648e+07,2.68648e+07,2.68648e+07,245.819,245.819,245.819,42.5102,42.5102,42.5102
311,6.13105e+06,6.13105e+06,6.13105e+06,147549,147549,147549,38992.4,38992.4,38992.4,3.63233e+07,3.63233e+07,3.63233e+07,2.80822e+07,2.80822e+07,2.80822e+07,119483,119483,119483,40688.7,40688.7,40688.7,5.04301e+06,5.04301e+06,5.04301e+06,1.31516e+07,1.31516e+07,1.31516e+07,9.54823e+06,9.54823e+06,9.54823e+06,2.34646e+06,2.34646e+06,2.34646e+06,2.68447e+07,2.68447e+07,2.68447e+07,231.266,231.266,231.266,58.9769,58.9769,58.9769
312,6.06998e+06,6.06998e+06,6.06998e+06,134272,134272,134272,53169,53169,53169,3.64702e+07,3.64702e+07,3.64702e+07,2.7918e+07,2.7918e+07,2.7918e+07,109116,109116,109116,56275.4,56275.4,56275.4,5.04075e+06,5.04075e+06,5.04075e+06,1.3222e+07,1.3222e+07,1.3222e+07,9.52818e+06,9.52818e+06,9.52818e+06,2.3927e+06,2.3927e+06,2.3927e+06,2.68254e+07,2.68254e+07,2.68254e+07,213.003,213.003,213.003,81.293,81.293,81.293
313,5.99982e+06,5.99982e+06,5.99982e+06,119577,119577,119577,71775.6,71775.6,71775.6,3.65653e+07,3.65653e+07,3.65653e+07,2.77846e+07,2.77846e+07,2.77846e+07,97721.8,97721.8,97721.8,77042.6,77042.6,77042.6,5.08082e+06,5.08082e+06,5.08082e+06,1.32544e+07,1.32544e+07,1.32544e+07,9.48087e+06,9.48087e+06,9.48087e+06,2.48366e+06,2.48366e+06,2.48366e+06,2.68074e+07,2.68074e+07,2.68074e+07,192.192,192.192,192.192,111.107,111.107,111.107
314,5.91019e+06,5.91019e+06,5.91019e+06,103938,103938,103938,95322.5,95322.5,95322.5,3.65924e+07,3.65924e+07,3.65924e+07,2.76846e+07,2.76846e+07,2.76846e+07,85744.9,85744.9,85744.9,103872,103872,103872,5.17455e+06,5.17455e+06,5.17455e+06,1.32465e+07,1.32465e+07,1.32465e+07,9.40518e+06,9.40518e+06,9.40518e+06,2.63234e+06,2.63234e+06,2.63234e+06,2.67911e+07,2.67911e+07,2.67911e+07,169.751,169.751,169.751,149.925,149.925,149.925
315,5.7904e+06,5.7904e+06,5.7904e+06,87727.1,87727.1,87727.1,123342,123342,123342,3.65347e+07,3.65347e+07,3.65347e+07,2.76204e+07,2.76204e+07,2.76204e+07,73480.9,73480.9,73480.9,136791,136791,136791,5.33327e+06,5.33327e+06,5.33327e+06,1.31975e+07,1.31975e+07,1.31975e+07,9.30095e+06,9.30095e+06,9.30095e+06,2.85266e+06,2.85266e+06,2.85266e+06,2.67776e+07,2.67776e+07,2.67776e+07,146.324,146.324,146.324,198.278,198.278,198.278
316,5.63373e+06,5.63373e+06,5.63373e+06,71391.1,71391.1,71391.1,153588,153588,153588,3.63794e+07,3.63794e+07,3.63794e+07,2.75937e+07,2.75937e+07,2.75937e+07,61177,61177,61177,174023,174023,174023,5.56475e+06,5.56475e+06,5.56475e+06,1.31072e+07,1.31072e+07,1.31072e+07,9.16869e+06,9.16869e+06,9.16869e+06,3.15603e+06,3.15603e+06,3.15603e+06,2.67681e+07,2.67681e+07,2.67681e+07,122.456,122.456,122.456,254.358,254.358,254.358
317,5.44245e+06,5.44245e+06,5.44245e+06,55612.8,55612.8,55612.8,181695,181695,181695,3.61244e+07,3.61244e+07,3.61244e+07,2.76056e+07,2.76056e+07,2.76056e+07,49164.5,49164.5,49164.5,211229,211229,211229,5.86807e+06,5.86807e+06,5.86807e+06,1.29771e+07,1.29771e+07,1.29771e+07,9.00962e+06,9.00962e+06,9.00962e+06,3.54575e+06,3.54575e+06,3.54575e+06,2.67641e+07,2.67641e+07,2.67641e+07,98.8453,98.8453,98.8453,312.664,312.664,312.664
318,5.23089e+06,5.23089e+06,5.23089e+06,41282.1,41282.1,41282.1,202179,202179,202179,3.57839e+07,3.57839e+07,3.57839e+07,2.76559e+07,2.76559e+07,2.76559e+07,37925.3,37925.3,37925.3,241946,241946,241946,6.22933e+06,6.22933e+06,6.22933e+06,1.28106e+07,1.28106e+07,1.28106e+07,8.82594e+06,8.82594e+06,8.82594e+06,4.01091e+06,4.01091e+06,4.01091e+06,2.6767e+07,2.6767e+07,2.6767e+07,76.4969,76.4969,76.4969,364.017,364.017,364.017
319,5.02302e+06,5.02302e+06,5.02302e+06,29229.1,29229.1,29229.1,210867,210867,210867,3.53892e+07,3.53892e+07,3.53892e+07,2.77423e+07,2.77423e+07,2.77423e+07,28015.8,28015.8,28015.8,259892,259892,259892,6.62189e+06,6.62189e+06,6.62189e+06,1.26134e+07,1.26134e+07,1.26134e+07,8.62115e+06,8.62115e+06,8.62115e+06,4.524e+06,4.524e+06,4.524e+06,2.67779e+07,2.67779e+07,2.67779e+07,56.5961,56.5961,56.5961,398.297,398.297,398.297
320,4.84475e+06,4.84475e+06,4.84475e+06,19888.8,19888.8,19888.8,207101,207101,207101,3.49811e+07,3.49811e+07,3.49811e+07,2.78604e+07,2.78604e+07,2.78604e+07,19871.4,19871.4,19871.4,262022,262022,262022,7.01317e+06,7.01317e+06,7.01317e+06,1.23927e+07,1.23927e+07,1.23927e+07,8.39995e+06,8.39995e+06,8.39995e+06,5.046e+06,5.046e+06,5.046e+06,2.67969e+07,2.67969e+07,2.67969e+07,40.1174,40.1174,40.1174,409.079,409.079,409.079
321,4.71549e+06,4.71549e+06,4.71549e+06,13174.7,13174.7,13174.7,193803,193803,193803,3.45976e+07,3.45976e+07,3.45976e+07,2.80049e+07,2.80049e+07,2.80049e+07,13639.7,13639.7,13639.7,249934,249934,249934,7.3744e+06,7.3744e+06,7.3744e+06,1.2156e+07,1.2156e+07,1.2156e+07,8.16764e+06,8.16764e+06,8.16764e+06,5.53731e+06,5.53731e+06,5.53731e+06,2.68232e+07,2.68232e+07,2.68232e+07,27.4543,27.4543,27.4543,396.804,396.804,396.804
322,4.6441e+06,4.6441e+06,4.6441e+06,8627.64,8627.64,8627.64,175541,175541,175541,3.42642e+07,3.42642e+07,3.42642e+07,2.81696e+07,2.81696e+07,2.81696e+07,9166.42,9166.42,9166.42,228553,228553,228553,7.68743e+06,7.68743e+06,7.68743e+06,1.19099e+07,1.19099e+07,1.19099e+07,7.92933e+06,7.92933e+06,7.92933e+06,5.96851e+06,5.96851e+06,5.96851e+06,2.68552e+07,2.68552e+07,2.68552e+07,18.3549,18.3549,18.3549,367.886,367.886,367.886
323,4.62987e+06,4.62987e+06,4.62987e+06,5670,5670,5670,156436,156436,156436,3.39916e+07,3.39916e+07,3.39916e+07,2.83495e+07,2.83495e+07,2.83495e+07,6112.4,6112.4,6112.4,203507,203507,203507,7.94596e+06,7.94596e+06,7.94596e+06,1.16593e+07,1.16593e+07,1.16593e+07,7.68929e+06,7.68929e+06,7.68929e+06,6.32519e+06,6.32519e+06,6.32519e+06,2.6891e+07,2.6891e+07,2.6891e+07,12.1541,12.1541,12.1541,330.964,330.964,330.964
324,4.66601e+06,4.66601e+06,4.66601e+06,3787.86,3787.86,3787.86,139185,139185,139185,3.37782e+07,3.37782e+07,3.37782e+07,2.854e+07,2.854e+07,2.854e+07,4097.99,4097.99,4097.99,179179,179179,179179,8.1526e+06,8.1526e+06,8.1526e+06,1.14078e+07,1.14078e+07,1.14078e+07,7.45072e+06,7.45072e+06,7.45072e+06,6.60643e+06,6.60643e+06,6.60643e+06,2.69284e+07,2.69284e+07,2.69284e+07,8.08014,8.08014,8.08014,293.44,293.44,293.44
325,4.74293e+06,4.74293e+06,4.74293e+06,2598.3,2598.3,2598.3,125109,125109,125109,3.36158e+07,3.36158e+07,3.36158e+07,2.8738e+07,2.8738e+07,2.8738e+07,2794.93,2794.93,2794.93,158127,158127,158127,8.31498e+06,8.31498e+06,8.31498e+06,1.11576e+07,1.11576e+07,1.11576e+07,7.21577e+06,7.21577e+06,7.21577e+06,6.82018e+06,6.82018e+06,6.82018e+06,2.69657e+07,2.69657e+07,2.69657e+07,5.45844,5.45844,5.45844,260.035,260.035,260.035
326,4.85045e+06,4.85045e+06,4.85045e+06,1843.58,1843.58,1843.58,114625,114625,114625,3.34927e+07,3.34927e+07,3.34927e+07,2.89411e+07,2.89411e+07,2.89411e+07,1957.9,1957.9,1957.9,141419,141419,141419,8.44271e+06,8.44271e+06,8.44271e+06,1.09103e+07,1.09103e+07,1.09103e+07,6.98582e+06,6.98582e+06,6.98582e+06,6.97864e+06,6.97864e+06,6.97864e+06,2.70012e+07,2.70012e+07,2.70012e+07,3.78404,3.78404,3.78404,232.996,232.996,232.996
327,4.97879e+06,4.97879e+06,4.97879e+06,1359.78,1359.78,1359.78,107699,107699,107699,3.33971e+07,3.33971e+07,3.33971e+07,2.91477e+07,2.91477e+07,2.91477e+07,1419.11,1419.11,1419.11,129222,129222,129222,8.54564e+06,8.54564e+06,8.54564e+06,1.06665e+07,1.06665e+07,1.06665e+07,6.76166e+06,6.76166e+06,6.76166e+06,7.09506e+06,7.09506e+06,7.09506e+06,2.70339e+07,2.70339e+07,2.70339e+07,2.71234,2.71234,2.71234,212.953,212.953,212.953
328,5.11885e+06,5.11885e+06,5.11885e+06,1045.58,1045.58,1045.58,104143,104143,104143,3.33176e+07,3.33176e+07,3.33176e+07,2.93565e+07,2.93565e+07,2.93565e+07,1069.64,1069.64,1069.64,121298,121298,121298,8.63308e+06,8.63308e+06,8.63308e+06,1.04269e+07,1.04269e+07,1.04269e+07,6.54371e+06,6.54371e+06,6.54371e+06,7.18207e+06,7.18207e+06,7.18207e+06,2.7063e+07,2.7063e+07,2.7063e+07,2.02073,2.02073,2.02073,199.737,199.737,199.737
329,5.26212e+06,5.26212e+06,5.26212e+06,838.991,838.991,838.991,103776,103776,103776,3.32438e+07,3.32438e+07,3.32438e+07,2.95671e+07,2.95671e+07,2.95671e+07,840.836,840.836,840.836,117302,117302,117302,8.7137e+06,8.7137e+06,8.7137e+06,1.01917e+07,1.01917e+07,1.01917e+07,6.33217e+06,6.33217e+06,6.33217e+06,7.25112e+06,7.25112e+06,7.25112e+06,2.7088e+07,2.7088e+07,2.7088e+07,1.56958,1.56958,1.56958,192.911,192.911,192.911
330,5.40046e+06,5.40046e+06,5.40046e+06,701.935,701.935,701.935,106469,106469,106469,3.31665e+07,3.31665e+07,3.31665e+07,2.97789e+07,2.97789e+07,2.97789e+07,689.878,689.878,689.878,116918,116918,116918,8.7956e+06,8.7956e+06,8.7956e+06,9.96098e+06,9.96098e+06,9.96098e+06,6.12706e+06,6.12706e+06,6.12706e+06,7.3124e+06,7.3124e+06,7.3124e+06,2.71089e+07,2.71089e+07,2.71089e+07,1.27237,1.27237,1.27237,192.049,192.049,192.049
331,5.52602e+06,5.52602e+06,5.52602e+06,610.693,610.693,610.693,112130,112130,112130,3.30769e+07,3.30769e+07,3.30769e+07,2.99921e+07,2.99921e+07,2.99921e+07,590.041,590.041,590.041,119893,119893,119893,8.88644e+06,8.88644e+06,8.88644e+06,9.73488e+06,9.73488e+06,9.73488e+06,5.92835e+06,5.92835e+06,5.92835e+06,7.37506e+06,7.37506e+06,7.37506e+06,2.71258e+07,2.71258e+07,2.71258e+07,1.07538,1.07538,1.07538,196.814,196.814,196.814
332,5.63122e+06,5.63122e+06,5.63122e+06,550.059,550.059,550.059,120621,120621,120621,3.29671e+07,3.29671e+07,3.29671e+07,3.02069e+07,3.02069e+07,3.02069e+07,524.389,524.389,524.389,125974,125974,125974,8.99346e+06,8.99346e+06,8.99346e+06,9.5134e+06,9.5134e+06,9.5134e+06,5.73592e+06,5.73592e+06,5.73592e+06,7.44731e+06,7.44731e+06,7.44731e+06,2.71391e+07,2.71391e+07,2.71391e+07,0.944857,0.944857,0.944857,206.9,206.9,206.9
333,5.70922e+06,5.70922e+06,5.70922e+06,509.821,509.821,509.821,131619,131619,131619,3.28301e+07,3.28301e+07,3.28301e+07,3.04236e+07,3.04236e+07,3.04236e+07,481.85,481.85,481.85,134805,134805,134805,9.12321e+06,9.12321e+06,9.12321e+06,9.29651e+06,9.29651e+06,9.29651e+06,5.54965e+06,5.54965e+06,5.54965e+06,7.53636e+06,7.53636e+06,7.53636e+06,2.71493e+07,2.71493e+07,2.71493e+07,0.858915,0.858915,0.858915,221.868,221.868,221.868
334,5.75479e+06,5.75479e+06,5.75479e+06,482.662,482.662,482.662,144454,144454,144454,3.26602e+07,3.26602e+07,3.26602e+07,3.06428e+07,3.06428e+07,3.06428e+07,454.795,454.795,454.795,145761,145761,145761,9.28086e+06,9.28086e+06,9.28086e+06,9.08417e+06,9.08417e+06,9.08417e+06,5.36938e+06,5.36938e+06,5.36938e+06,7.64795e+06,7.64795e+06,7.64795e+06,2.71571e+07,2.71571e+07,2.71571e+07,0.80269,0.80269,0.80269,240.884,240.884,240.884
335,5.76549e+06,5.76549e+06,5.76549e+06,462.998,462.998,462.998,157962,157962,157962,3.24547e+07,3.24547e+07,3.24547e+07,3.08654e+07,3.08654e+07,3.08654e+07,437.582,437.582,437.582,157807,157807,157807,9.46914e+06,9.46914e+06,9.46914e+06,8.87632e+06,8.87632e+06,8.87632e+06,5.19495e+06,5.19495e+06,5.19495e+06,7.78555e+06,7.78555e+06,7.78555e+06,2.71634e+07,2.71634e+07,2.71634e+07,0.765399,0.765399,0.765399,262.453,262.453,262.453
336,5.74308e+06,5.74308e+06,5.74308e+06,446.504,446.504,446.504,170498,170498,170498,3.22143e+07,3.22143e+07,3.22143e+07,3.1092e+07,3.1092e+07,3.1092e+07,425.801,425.801,425.801,169442,169442,169442,9.68709e+06,9.68709e+06,9.68709e+06,8.6729e+06,8.6729e+06,8.6729e+06,5.02619e+06,5.02619e+06,5.02619e+06,7.94925e+06,7.94925e+06,7.94925e+06,2.71691e+07,2.71691e+07,2.71691e+07,0.738768,0.738768,0.738768,284.246,284.246,284.246
337,5.69419e+06,5.69419e+06,5.69419e+06,430.117,430.117,430.117,180199,180199,180199,3.19447e+07,3.19447e+07,3.19447e+07,3.13234e+07,3.13234e+07,3.13234e+07,416.024,416.024,416.024,178868,178868,178868,9.92919e+06,9.92919e+06,9.92919e+06,8.47382e+06,8.47382e+06,8.47382e+06,4.86292e+06,4.86292e+06,4.86292e+06,8.13487e+06,8.13487e+06,8.13487e+06,2.71749e+07,2.71749e+07,2.71749e+07,0.716441,0.716441,0.716441,303.265,303.265,303.265
338,5.62977e+06,5.62977e+06,5.62977e+06,412.238,412.238,412.238,185496,185496,185496,3.16556e+07,3.16556e+07,3.16556e+07,3.15601e+07,3.15601e+07,3.15601e+07,405.895,405.895,405.895,184405,184405,184405,1.01855e+07,1.01855e+07,1.01855e+07,8.27901e+06,8.27901e+06,8.27901e+06,4.70496e+06,4.70496e+06,4.70496e+06,8.33382e+06,8.33382e+06,8.33382e+06,2.71815e+07,2.71815e+07,2.71815e+07,0.694035,0.694035,0.694035,316.436,316.436,316.436
339,5.56311e+06,5.56311e+06,5.56311e+06,392.808,392.808,392.808,185650,185650,185650,3.13602e+07,3.13602e+07,3.13602e+07,3.18022e+07,3.18022e+07,3.18022e+07,394.316,394.316,394.316,185013,185013,185013,1.04432e+07,1.04432e+07,1.04432e+07,8.08836e+06,8.08836e+06,8.08836e+06,4.55214e+06,4.55214e+06,4.55214e+06,8.53419e+06,8.53419e+06,8.53419e+06,2.71892e+07,2.71892e+07,2.71892e+07,0.669416,0.669416,0.669416,321.515,321.515,321.515
340,5.50704e+06,5.50704e+06,5.50704e+06,373.02,373.02,373.02,180995,180995,180995,3.10716e+07,3.10716e+07,3.10716e+07,3.20497e+07,3.20497e+07,3.20497e+07,381.467,381.467,381.467,180651,180651,180651,1.06893e+07,1.06893e+07,1.06893e+07,7.90181e+06,7.90181e+06,7.90181e+06,4.40428e+06,4.40428e+06,4.40428e+06,8.72308e+06,8.72308e+06,8.72308e+06,2.7198e+07,2.7198e+07,2.7198e+07,0.642714,0.642714,0.642714,317.843,317.843,317.843
341,5.47147e+06,5.47147e+06,5.47147e+06,354.758,354.758,354.758,172749,172749,172749,3.08009e+07,3.08009e+07,3.08009e+07,3.23019e+07,3.23019e+07,3.23019e+07,368.543,368.543,368.543,172243,172243,172243,1.09131e+07,1.09131e+07,1.09131e+07,7.71927e+06,7.71927e+06,7.71927e+06,4.26123e+06,4.26123e+06,4.26123e+06,8.88917e+06,8.88917e+06,8.88917e+06,2.72076e+07,2.72076e+07,2.72076e+07,0.615856,0.615856,0.615856,306.52,306.52,306.52
342,5.46214e+06,5.46214e+06,5.46214e+06,340.034,340.034,340.034,162538,162538,162538,3.05551e+07,3.05551e+07,3.05551e+07,3.25582e+07,3.25582e+07,3.25582e+07,357.317,357.317,357.317,161299,161299,161299,1.11078e+07,1.11078e+07,1.11078e+07,7.54068e+06,7.54068e+06,7.54068e+06,4.12282e+06,4.12282e+06,4.12282e+06,9.02475e+06,9.02475e+06,9.02475e+06,2.72173e+07,2.72173e+07,2.72173e+07,0.591769,0.591769,0.591769,289.905,289.905,289.905
343,5.48069e+06,5.48069e+06,5.48069e+06,330.648,330.648,330.648,151916,151916,151916,3.03371e+07,3.03371e+07,3.03371e+07,3.28177e+07,3.28177e+07,3.28177e+07,349.727,349.727,349.727,149425,149425,149425,1.12711e+07,1.12711e+07,1.12711e+07,7.36596e+06,7.36596e+06,7.36596e+06,3.98891e+06,3.98891e+06,3.98891e+06,9.12643e+06,9.12643e+06,9.12643e+06,2.72263e+07,2.72263e+07,2.72263e+07,0.573623,0.573623,0.573623,270.786,270.786,270.786
344,5.52551e+06,5.52551e+06,5.52551e+06,328.154,328.154,328.154,142089,142089,142089,3.0146e+07,3.0146e+07,3.0146e+07,3.30795e+07,3.30795e+07,3.30795e+07,347.659,347.659,347.659,137965,137965,137965,1.14042e+07,1.14042e+07,1.14042e+07,7.19507e+06,7.19507e+06,7.19507e+06,3.85937e+06,3.85937e+06,3.85937e+06,9.19475e+06,9.19475e+06,9.19475e+06,2.7234e+07,2.7234e+07,2.7234e+07,0.564414,0.564414,0.564414,251.668,251.668,251.668
345,5.59278e+06,5.59278e+06,5.59278e+06,334.039,334.039,334.039,133844,133844,133844,2.99785e+07,2.99785e+07,2.99785e+07,3.33429e+07,3.33429e+07,3.33429e+07,352.959,352.959,352.959,127844,127844,127844,1.15108e+07,1.15108e+07,1.15108e+07,7.02793e+06,7.02793e+06,7.02793e+06,3.73407e+06,3.73407e+06,3.73407e+06,9.23312e+06,9.23312e+06,9.23312e+06,2.72397e+07,2.72397e+07,2.72397e+07,0.566938,0.566938,0.566938,234.398,234.398,234.398
346,5.67744e+06,5.67744e+06,5.67744e+06,350.01,350.01,350.01,127620,127620,127620,2.98298e+07,2.98298e+07,2.98298e+07,3.36071e+07,3.36071e+07,3.36071e+07,367.618,367.618,367.618,119594,119594,119594,1.15961e+07,1.15961e+07,1.15961e+07,6.86451e+06,6.86451e+06,6.86451e+06,3.61289e+06,3.61289e+06,3.61289e+06,9.24672e+06,9.24672e+06,9.24672e+06,2.72426e+07,2.72426e+07,2.72426e+07,0.584087,0.584087,0.584087,220.126,220.126,220.126
347,5.77383e+06,5.77383e+06,5.77383e+06,378.345,378.345,378.345,123611,123611,123611,2.96943e+07,2.96943e+07,2.96943e+07,3.38717e+07,3.38717e+07,3.38717e+07,394.094,394.094,394.094,113446,113446,113446,1.16661e+07,1.16661e+07,1.16661e+07,6.70476e+06,6.70476e+06,6.70476e+06,3.49572e+06,3.49572e+06,3.49572e+06,9.24148e+06,9.24148e+06,9.24148e+06,2.72424e+07,2.72424e+07,2.72424e+07,0.619325,0.619325,0.619325,209.441,209.441,209.441
348,5.87612e+06,5.87612e+06,5.87612e+06,422.292,422.292,422.292,121865,121865,121865,2.95664e+07,2.95664e+07,2.95664e+07,3.41362e+07,3.41362e+07,3.41362e+07,435.713,435.713,435.713,109443,109443,109443,1.17267e+07,1.17267e+07,1.17267e+07,6.54864e+06,6.54864e+06,6.54864e+06,3.38247e+06,3.38247e+06,3.38247e+06,9.22346e+06,9.22346e+06,9.22346e+06,2.72387e+07,2.72387e+07,2.72387e+07,0.677307,0.677307,0.677307,202.553,202.553,202.553
349,5.97848e+06,5.97848e+06,5.97848e+06,486.551,486.551,486.551,122343,122343,122343,2.94408e+07,2.94408e+07,2.94408e+07,3.44003e+07,3.44003e+07,3.44003e+07,497.194,497.194,497.194,107518,107518,107518,1.17841e+07,1.17841e+07,1.17841e+07,6.39612e+06,6.39612e+06,6.39612e+06,3.27306e+06,3.27306e+06,3.27306e+06,9.1985e+06,9.1985e+06,9.1985e+06,2.72316e+07,2.72316e+07,2.72316e+07,0.764621,0.764621,0.764621,199.449,199.449,199.449
350,6.07531e+06,6.07531e+06,6.07531e+06,577.867,577.867,577.867,124945,124945,124945,2.93124e+07,2.93124e+07,2.93124e+07,3.4664e+07,3.4664e+07,3.4664e+07,585.309,585.309,585.309,107537,107537,107537,1.18437e+07,1.18437e+07,1.18437e+07,6.24719e+06,6.24719e+06,6.24719e+06,3.16741e+06,3.16741e+06,3.16741e+06,9.17196e+06,9.17196e+06,9.17196e+06,2.72209e+07,2.72209e+07,2.72209e+07,0.890731,0.890731,0.890731,199.979,199.979,199.979
351,6.16136e+06,6.16136e+06,6.16136e+06,705.785,705.785,705.785,129491,129491,129491,2.91767e+07,2.91767e+07,2.91767e+07,3.49274e+07,3.49274e+07,3.49274e+07,709.752,709.752,709.752,109313,109313,109313,1.19108e+07,1.19108e+07,1.19108e+07,6.10185e+06,6.10185e+06,6.10185e+06,3.06548e+06,3.06548e+06,3.06548e+06,9.14865e+06,9.14865e+06,9.14865e+06,2.7207e+07,2.7207e+07,2.7207e+07,1.06917,1.06917,1.06917,203.884,203.884,203.884
352,6.23206e+06,6.23206e+06,6.23206e+06,883.565,883.565,883.565,135691,135691,135691,2.90299e+07,2.90299e+07,2.90299e+07,3.51904e+07,3.51904e+07,3.51904e+07,884.256,884.256,884.256,112582,112582,112582,1.19898e+07,1.19898e+07,1.19898e+07,5.96016e+06,5.96016e+06,5.96016e+06,2.96727e+06,2.96727e+06,2.96727e+06,9.13261e+06,9.13261e+06,9.13261e+06,2.719e+07,2.719e+07,2.719e+07,1.31904,1.31904,1.31904,210.773,210.773,210.773
353,6.28386e+06,6.28386e+06,6.28386e+06,1129.26,1129.26,1129.26,143094,143094,143094,2.88689e+07,2.88689e+07,2.88689e+07,3.54534e+07,3.54534e+07,3.54534e+07,1127.99,1127.99,1127.99,116979,116979,116979,1.20842e+07,1.20842e+07,1.20842e+07,5.82218e+06,5.82218e+06,5.82218e+06,2.8728e+06,2.8728e+06,2.8728e+06,9.12699e+06,9.12699e+06,9.12699e+06,2.71703e+07,2.71703e+07,2.71703e+07,1.66695,1.66695,1.66695,220.056,220.056,220.056
354,6.31476e+06,6.31476e+06,6.31476e+06,1466.94,1466.94,1466.94,151054,151054,151054,2.86923e+07,2.86923e+07,2.86923e+07,3.57164e+07,3.57164e+07,3.57164e+07,1467.26,1467.26,1467.26,122004,122004,122004,1.2196e+07,1.2196e+07,1.2196e+07,5.68804e+06,5.68804e+06,5.68804e+06,2.78215e+06,2.78215e+06,2.78215e+06,9.13371e+06,9.13371e+06,9.13371e+06,2.71484e+07,2.71484e+07,2.71484e+07,2.14918,2.14918,2.14918,230.886,230.886,230.886
355,6.3248e+06,6.3248e+06,6.3248e+06,1928.18,1928.18,1928.18,158742,158742,158742,2.84999e+07,2.84999e+07,2.84999e+07,3.59796e+07,3.59796e+07,3.59796e+07,1937.56,1937.56,1937.56,127025,127025,127025,1.2325e+07,1.2325e+07,1.2325e+07,5.55794e+06,5.55794e+06,5.55794e+06,2.6955e+06,2.6955e+06,2.6955e+06,9.15318e+06,9.15318e+06,9.15318e+06,2.71248e+07,2.71248e+07,2.71248e+07,2.81442,2.81442,2.81442,242.13,242.13,242.13
356,6.3163e+06,6.3163e+06,6.3163e+06,2554.03,2554.03,2554.03,165231,165231,165231,2.82937e+07,2.82937e+07,2.82937e+07,3.62431e+07,3.62431e+07,3.62431e+07,2586.21,2586.21,2586.21,131322,131322,131322,1.24692e+07,1.24692e+07,1.24692e+07,5.43216e+06,5.43216e+06,5.43216e+06,2.6131e+06,2.6131e+06,2.6131e+06,9.18407e+06,9.18407e+06,9.18407e+06,2.70999e+07,2.70999e+07,2.70999e+07,3.7271,3.7271,3.7271,252.427,252.427,252.427
357,6.29376e+06,6.29376e+06,6.29376e+06,3398.43,3398.43,3398.43,169658,169658,169658,2.80773e+07,2.80773e+07,2.80773e+07,3.65065e+07,3.65065e+07,3.65065e+07,3476.16,3476.16,3476.16,134200,134200,134200,1.26239e+07,1.26239e+07,1.26239e+07,5.3111e+06,5.3111e+06,5.3111e+06,2.53534e+06,2.53534e+06,2.53534e+06,9.22324e+06,9.22324e+06,9.22324e+06,2.7074e+07,2.7074e+07,2.7074e+07,4.97215,4.97215,4.97215,260.365,260.365,260.365
358,6.26323e+06,6.26323e+06,6.26323e+06,4534.13,4534.13,4534.13,171408,171408,171408,2.78559e+07,2.78559e+07,2.78559e+07,3.67692e+07,3.67692e+07,3.67692e+07,4692.17,4692.17,4692.17,135120,135120,135120,1.27827e+07,1.27827e+07,1.27827e+07,5.19531e+06,5.19531e+06,5.19531e+06,2.4628e+06,2.4628e+06,2.4628e+06,9.26605e+06,9.26605e+06,9.26605e+06,2.70476e+07,2.70476e+07,2.70476e+07,6.66287,6.66287,6.66287,264.746,264.746,264.746
359,6.23126e+06,6.23126e+06,6.23126e+06,6063.14,6063.14,6063.14,170264,170264,170264,2.76354e+07,2.76354e+07,2.76354e+07,3.70301e+07,3.70301e+07,3.70301e+07,6351.27,6351.27,6351.27,133830,133830,133830,1.29383e+07,1.29383e+07,1.29383e+07,5.08557e+06,5.08557e+06,5.08557e+06,2.39627e+06,2.39627e+06,2.39627e+06,9.30699e+06,9.30699e+06,9.30699e+06,2.70208e+07,2.70208e+07,2.70208e+07,8.95439,8.95439,8.95439,264.855,264.855,264.855
360,6.20362e+06,6.20362e+06,6.20362e+06,8133.67,8133.67,8133.67,166431,166431,166431,2.74216e+07,2.74216e+07,2.74216e+07,3.72875e+07,3.72875e+07,3.72875e+07,8620.32,8620.32,8620.32,130410,130410,130410,1.30835e+07,1.30835e+07,1.30835e+07,4.98294e+06,4.98294e+06,4.98294e+06,2.3369e+06,2.3369e+06,2.3369e+06,9.34051e+06,9.34051e+06,9.34051e+06,2.69936e+07,2.69936e+07,2.69936e+07,12.0664,12.0664,12.0664,260.613,260.613,260.613
361,6.18425e+06,6.18425e+06,6.18425e+06,10966.2,10966.2,10966.2,160437,160437,160437,2.72194e+07,2.72194e+07,2.72194e+07,3.7539e+07,3.7539e+07,3.7539e+07,11743.7,11743.7,11743.7,125223,125223,125223,1.32123e+07,1.32123e+07,1.32123e+07,4.88892e+06,4.88892e+06,4.88892e+06,2.2863e+06,2.2863e+06,2.2863e+06,9.36183e+06,9.36183e+06,9.36183e+06,2.6966e+07,2.6966e+07,2.6966e+07,16.3195,16.3195,16.3195,252.548,252.548,252.548
362,6.17455e+06,6.17455e+06,6.17455e+06,14891.4,14891.4,14891.4,152955,152955,152955,2.70324e+07,2.70324e+07,2.70324e+07,3.77811e+07,3.77811e+07,3.77811e+07,16085.5,16085.5,16085.5,118796,118796,118796,1.33203e+07,1.33203e+07,1.33203e+07,4.8057e+06,4.8057e+06,4.8057e+06,2.2468e+06,2.2468e+06,2.2468e+06,9.36749e+06,9.36749e+06,9.36749e+06,2.69379e+07,2.69379e+07,2.69379e+07,22.1905,22.1905,22.1905,241.591,241.591,241.591
363,6.17302e+06,6.17302e+06,6.17302e+06,20401.9,20401.9,20401.9,144613,144613,144613,2.68627e+07,2.68627e+07,2.68627e+07,3.80089e+07,3.80089e+07,3.80089e+07,22189.2,22189.2,22189.2,111669,111669,111669,1.34051e+07,1.34051e+07,1.34051e+07,4.73647e+06,4.73647e+06,4.73647e+06,2.2218e+06,2.2218e+06,2.2218e+06,9.35555e+06,9.35555e+06,9.35555e+06,2.69092e+07,2.69092e+07,2.69092e+07,30.392,30.392,30.392,228.79,228.79,228.79
364,6.17512e+06,6.17512e+06,6.17512e+06,28216.8,28216.8,28216.8,135857,135857,135857,2.67115e+07,2.67115e+07,2.67115e+07,3.82154e+07,3.82154e+07,3.82154e+07,30856.2,30856.2,30856.2,104275,104275,104275,1.34654e+07,1.34654e+07,1.34654e+07,4.68588e+06,4.68588e+06,4.68588e+06,2.2163e+06,2.2163e+06,2.2163e+06,9.32537e+06,9.32537e+06,9.32537e+06,2.68799e+07,2.68799e+07,2.68799e+07,41.9793,41.9793,41.9793,215.046,215.046,215.046
365,6.17319e+06,6.17319e+06,6.17319e+06,39340.9,39340.9,39340.9,126865,126865,126865,2.65794e+07,2.65794e+07,2.65794e+07,3.8391e+07,3.8391e+07,3.8391e+07,43232.1,43232.1,43232.1,96863.7,96863.7,96863.7,1.35012e+07,1.35012e+07,1.35012e+07,4.66071e+06,4.66071e+06,4.66071e+06,2.2376e+06,2.2376e+06,2.2376e+06,9.27724e+06,9.27724e+06,9.27724e+06,2.685e+07,2.685e+07,2.685e+07,58.474,58.474,58.474,200.933,200.933,200.933
366,6.15645e+06,6.15645e+06,6.15645e+06,55064.7,55064.7,55064.7,117526,117526,117526,2.64668e+07,2.64668e+07,2.64668e+07,3.85221e+07,3.85221e+07,3.85221e+07,60851.5,60851.5,60851.5,89476.7,89476.7,89476.7,1.35123e+07,1.35123e+07,1.35123e+07,4.67058e+06,4.67058e+06,4.67058e+06,2.29617e+06,2.29617e+06,2.29617e+06,9.2118e+06,9.2118e+06,9.2118e+06,2.682e+07,2.682e+07,2.682e+07,81.9551,81.9551,81.9551,186.606,186.606,186.606
367,6.11128e+06,6.11128e+06,6.11128e+06,76774.5,76774.5,76774.5,107470,107470,107470,2.63751e+07,2.63751e+07,2.63751e+07,3.85906e+07,3.85906e+07,3.85906e+07,85521.7,85521.7,85521.7,81952.7,81952.7,81952.7,1.34978e+07,1.34978e+07,1.34978e+07,4.72841e+06,4.72841e+06,4.72841e+06,2.4065e+06,2.4065e+06,2.4065e+06,9.12951e+06,9.12951e+06,9.12951e+06,2.67907e+07,2.67907e+07,2.67907e+07,114.974,114.974,114.974,171.798,171.798,171.798
368,6.02265e+06,6.02265e+06,6.02265e+06,105352,105352,105352,96189.2,96189.2,96189.2,2.63066e+07,2.63066e+07,2.63066e+07,3.85743e+07,3.85743e+07,3.85743e+07,118803,118803,118803,73982.7,73982.7,73982.7,1.34559e+07,1.34559e+07,1.34559e+07,4.84999e+06,4.84999e+06,4.84999e+06,2.58705e+06,2.58705e+06,2.58705e+06,9.03019e+06,9.03019e+06,9.03019e+06,2.67631e+07,2.67631e+07,2.67631e+07,159.999,159.999,159.999,155.908,155.908,155.908
369,5.87784e+06,5.87784e+06,5.87784e+06,139990,139990,139990,83279.1,83279.1,83279.1,2.6265e+07,2.6265e+07,2.6265e+07,3.84497e+07,3.84497e+07,3.84497e+07,160806,160806,160806,65229,65229,65229,1.33836e+07,1.33836e+07,1.33836e+07,5.05118e+06,5.05118e+06,5.05118e+06,2.85816e+06,2.85816e+06,2.85816e+06,8.91282e+06,8.91282e+06,8.91282e+06,2.67389e+07,2.67389e+07,2.67389e+07,217.968,217.968,217.968,138.225,138.225,138.225
370,5.67303e+06,5.67303e+06,5.67303e+06,176772,176772,176772,68812.5,68812.5,68812.5,2.62551e+07,2.62551e+07,2.62551e+07,3.82004e+07,3.82004e+07,3.82004e+07,208391,208391,208391,55526.2,55526.2,55526.2,1.32772e+07,1.32772e+07,1.32772e+07,5.34176e+06,5.34176e+06,5.34176e+06,3.23598e+06,3.23598e+06,3.23598e+06,8.77571e+06,8.77571e+06,8.77571e+06,2.67203e+07,2.67203e+07,2.67203e+07,285.862,285.862,285.862,118.341,118.341,118.341
371,5.42045e+06,5.42045e+06,5.42045e+06,208453,208453,208453,53633.4,53633.4,53633.4,2.6281e+07,2.6281e+07,2.6281e+07,3.78283e+07,3.78283e+07,3.78283e+07,253985,253985,253985,45108.1,45108.1,45108.1,1.31345e+07,1.31345e+07,1.31345e+07,5.71674e+06,5.71674e+06,5.71674e+06,3.7225e+06,3.7225e+06,3.7225e+06,8.61728e+06,8.61728e+06,8.61728e+06,2.67095e+07,2.67095e+07,2.67095e+07,354.501,354.501,354.501,96.6605,96.6605,96.6605
372,5.14997e+06,5.14997e+06,5.14997e+06,227093,227093,227093,39221.1,39221.1,39221.1,2.63448e+07,2.63448e+07,2.63448e+07,3.73621e+07,3.73621e+07,3.73621e+07,287224,287224,287224,34684.7,34684.7,34684.7,1.29562e+07,1.29562e+07,1.29562e+07,6.15088e+06,6.15088e+06,6.15088e+06,4.29589e+06,4.29589e+06,4.29589e+06,8.43721e+06,8.43721e+06,8.43721e+06,2.67084e+07,2.67084e+07,2.67084e+07,409.538,409.538,409.538,74.6338,74.6338,74.6338
373,4.90035e+06,4.90035e+06,4.90035e+06,228612,228612,228612,27029.3,27029.3,27029.3,2.64452e+07,2.64452e+07,2.64452e+07,3.68534e+07,3.68534e+07,3.68534e+07,299953,299953,299953,25205.6,25205.6,25205.6,1.27472e+07,1.27472e+07,1.27472e+07,6.60311e+06,6.60311e+06,6.60311e+06,4.9102e+06,4.9102e+06,4.9102e+06,8.23743e+06,8.23743e+06,8.23743e+06,2.67183e+07,2.67183e+07,2.67183e+07,437.538,437.538,437.538,54.3369,54.3369,54.3369
374,4.70479e+06,4.70479e+06,4.70479e+06,215124,215124,215124,17799.5,17799.5,17799.5,2.65778e+07,2.65778e+07,2.65778e+07,3.63597e+07,3.63597e+07,3.63597e+07,290934,290934,290934,17425.8,17425.8,17425.8,1.2515e+07,1.2515e+07,1.2515e+07,7.03065e+06,7.03065e+06,7.03065e+06,5.50841e+06,5.50841e+06,5.50841e+06,8.02203e+06,8.02203e+06,8.02203e+06,2.67387e+07,2.67387e+07,2.67387e+07,433.566,433.566,433.566,37.5239,37.5239,37.5239
375,4.58118e+06,4.58118e+06,4.58118e+06,192833,192833,192833,11420.2,11420.2,11420.2,2.67361e+07,2.67361e+07,2.67361e+07,3.59248e+07,3.59248e+07,3.59248e+07,265869,265869,265869,11614.6,11614.6,11614.6,1.22678e+07,1.22678e+07,1.22678e+07,7.40296e+06,7.40296e+06,7.40296e+06,6.0417e+06,6.0417e+06,6.0417e+06,7.79634e+06,7.79634e+06,7.79634e+06,2.67682e+07,2.67682e+07,2.67682e+07,403.399,403.399,403.399,24.9075,24.9075,24.9075
376,4.53178e+06,4.53178e+06,4.53178e+06,168153,168153,168153,7285.1,7285.1,7285.1,2.69135e+07,2.69135e+07,2.69135e+07,3.55703e+07,3.55703e+07,3.55703e+07,233285,233285,233285,7590,7590,7590,1.20124e+07,1.20124e+07,1.20124e+07,7.70701e+06,7.70701e+06,7.70701e+06,6.48208e+06,6.48208e+06,6.48208e+06,7.56555e+06,7.56555e+06,7.56555e+06,2.68041e+07,2.68041e+07,2.68041e+07,358.811,358.811,358.811,16.1687,16.1687,16.1687
377,4.5487e+06,4.5487e+06,4.5487e+06,145409,145409,145409,4703.24,4703.24,4703.24,2.71044e+07,2.71044e+07,2.71044e+07,3.52979e+07,3.52979e+07,3.52979e+07,200415,200415,200415,4947.5,4947.5,4947.5,1.17539e+07,1.17539e+07,1.17539e+07,7.94398e+06,7.94398e+06,7.94398e+06,6.82323e+06,6.82323e+06,6.82323e+06,7.3339e+06,7.3339e+06,7.3339e+06,2.68438e+07,2.68438e+07,2.68438e+07,311.133,311.133,311.133,10.4498,10.4498,10.4498
378,4.61965e+06,4.61965e+06,4.61965e+06,126645,126645,126645,3115.71,3115.71,3115.71,2.73044e+07,2.73044e+07,2.73044e+07,3.50973e+07,3.50973e+07,3.50973e+07,171560,171560,171560,3267.64,3267.64,3267.64,1.14956e+07,1.14956e+07,1.14956e+07,8.12307e+06,8.12307e+06,8.12307e+06,7.07383e+06,7.07383e+06,7.07383e+06,7.10439e+06,7.10439e+06,7.10439e+06,2.68848e+07,2.68848e+07,2.68848e+07,267.819,267.819,267.819,6.83332,6.83332,6.83332
379,4.73164e+06,4.73164e+06,4.73164e+06,112395,112395,112395,2139.41,2139.41,2139.41,2.75103e+07,2.75103e+07,2.75103e+07,3.49532e+07,3.49532e+07,3.49532e+07,148448,148448,148448,2215.25,2215.25,2215.25,1.12395e+07,1.12395e+07,1.12395e+07,8.25642e+06,8.25642e+06,8.25642e+06,7.24975e+06,7.24975e+06,7.24975e+06,6.87897e+06,6.87897e+06,6.87897e+06,2.69247e+07,2.69247e+07,2.69247e+07,232.335,232.335,232.335,4.58164,4.58164,4.58164
380,4.87263e+06,4.87263e+06,4.87263e+06,102475,102475,102475,1533.33,1533.33,1533.33,2.77201e+07,2.77201e+07,2.77201e+07,3.48498e+07,3.48498e+07,3.48498e+07,131259,131259,131259,1557.07,1557.07,1557.07,1.09869e+07,1.09869e+07,1.09869e+07,8.35626e+06,8.35626e+06,8.35626e+06,7.36855e+06,7.36855e+06,7.36855e+06,6.65877e+06,6.65877e+06,6.65877e+06,2.69621e+07,2.69621e+07,2.69621e+07,205.502,205.502,205.502,3.18218,3.18218,3.18218
381,5.03194e+06,5.03194e+06,5.03194e+06,96487.1,96487.1,96487.1,1152.15,1152.15,1152.15,2.79322e+07,2.79322e+07,2.79322e+07,3.47726e+07,3.47726e+07,3.47726e+07,119503,119503,119503,1142.91,1142.91,1142.91,1.07385e+07,1.07385e+07,1.07385e+07,8.43377e+06,8.43377e+06,8.43377e+06,7.44667e+06,7.44667e+06,7.44667e+06,6.44443e+06,6.44443e+06,6.44443e+06,2.69958e+07,2.69958e+07,2.69958e+07,186.874,186.874,186.874,2.30648,2.30648,2.30648
382,5.19999e+06,5.19999e+06,5.19999e+06,94071.9,94071.9,94071.9,909.675,909.675,909.675,2.81458e+07,2.81458e+07,2.81458e+07,3.47089e+07,3.47089e+07,3.47089e+07,112547,112547,112547,880.091,880.091,880.091,1.04945e+07,1.04945e+07,1.04945e+07,8.49894e+06,8.49894e+06,8.49894e+06,7.4985e+06,7.4985e+06,7.4985e+06,6.23625e+06,6.23625e+06,6.23625e+06,2.70251e+07,2.70251e+07,2.70251e+07,175.633,175.633,175.633,1.75297,1.75297,1.75297
383,5.3679e+06,5.3679e+06,5.3679e+06,95007.6,95007.6,95007.6,754.852,754.852,754.852,2.83603e+07,2.83603e+07,2.83603e+07,3.46474e+07,3.46474e+07,3.46474e+07,109863,109863,109863,712.49,712.49,712.49,1.02553e+07,1.02553e+07,1.02553e+07,8.56081e+06,8.56081e+06,8.56081e+06,7.53645e+06,7.53645e+06,7.53645e+06,6.03434e+06,6.03434e+06,6.03434e+06,2.70497e+07,2.70497e+07,2.70497e+07,171.038,171.038,171.038,1.40034,1.40034,1.40034
384,5.52703e+06,5.52703e+06,5.52703e+06,99213.9,99213.9,99213.9,657.12,657.12,657.12,2.85755e+07,2.85755e+07,2.85755e+07,3.4578e+07,3.4578e+07,3.4578e+07,111097,111097,111097,606.291,606.291,606.291,1.00209e+07,1.00209e+07,1.00209e+07,8.62785e+06,8.62785e+06,8.62785e+06,7.57138e+06,7.57138e+06,7.57138e+06,5.83869e+06,5.83869e+06,5.83869e+06,2.70697e+07,2.70697e+07,2.70697e+07,172.597,172.597,172.597,1.17592,1.17592,1.17592
385,5.66874e+06,5.66874e+06,5.66874e+06,106696,106696,106696,597.785,597.785,597.785,2.87916e+07,2.87916e+07,2.87916e+07,3.44912e+07,3.44912e+07,3.44912e+07,116045,116045,116045,540.959,540.959,540.959,9.79134e+06,9.79134e+06,9.79134e+06,8.70834e+06,8.70834e+06,8.70834e+06,7.61313e+06,7.61313e+06,7.61313e+06,5.64922e+06,5.64922e+06,5.64922e+06,2.70853e+07,2.70853e+07,2.70853e+07,180.058,180.058,180.058,1.03579,1.03579,1.03579
386,5.78438e+06,5.78438e+06,5.78438e+06,117425,117425,117425,564.898,564.898,564.898,2.90089e+07,2.90089e+07,2.90089e+07,3.4378e+07,3.4378e+07,3.4378e+07,124546,124546,124546,503.729,503.729,503.729,9.56663e+06,9.56663e+06,9.56663e+06,8.81036e+06,8.81036e+06,8.81036e+06,7.67075e+06,7.67075e+06,7.67075e+06,5.46581e+06,5.46581e+06,5.46581e+06,2.70969e+07,2.70969e+07,2.70969e+07,193.276,193.276,193.276,0.952847,0.952847,0.952847
387,5.86584e+06,5.86584e+06,5.86584e+06,131137,131137,131137,550.147,550.147,550.147,2.9228e+07,2.9228e+07,2.9228e+07,3.423e+07,3.423e+07,3.423e+07,136305,136305,136305,486.233,486.233,486.233,9.34672e+06,9.34672e+06,9.34672e+06,8.94152e+06,8.94152e+06,8.94152e+06,7.75247e+06,7.75247e+06,7.75247e+06,5.28834e+06,5.28834e+06,5.28834e+06,2.71055e+07,2.71055e+07,2.71055e+07,211.974,211.974,211.974,0.909527,0.909527,0.909527
388,5.90674e+06,5.90674e+06,5.90674e+06,147079,147079,147079,546.947,546.947,546.947,2.94498e+07,2.94498e+07,2.94498e+07,3.40405e+07,3.40405e+07,3.40405e+07,150655,150655,150655,482.386,482.386,482.386,9.13156e+06,9.13156e+06,9.13156e+06,9.10802e+06,9.10802e+06,9.10802e+06,7.86508e+06,7.86508e+06,7.86508e+06,5.11664e+06,5.11664e+06,5.11664e+06,2.71119e+07,2.71119e+07,2.71119e+07,235.362,235.362,235.362,0.89334,0.89334,0.89334
389,5.90427e+06,5.90427e+06,5.90427e+06,163775,163775,163775,549.407,549.407,549.407,2.96751e+07,2.96751e+07,2.96751e+07,3.3806e+07,3.3806e+07,3.3806e+07,166306,166306,166306,487.087,487.087,487.087,8.92108e+06,8.92108e+06,8.92108e+06,9.31311e+06,9.31311e+06,9.31311e+06,8.01268e+06,8.01268e+06,8.01268e+06,4.95056e+06,4.95056e+06,4.95056e+06,2.71171e+07,2.71171e+07,2.71171e+07,261.721,261.721,261.721,0.894151,0.894151,0.894151
390,5.86114e+06,5.86114e+06,5.86114e+06,179023,179023,179023,552.115,552.115,552.115,2.99049e+07,2.99049e+07,2.99049e+07,3.35279e+07,3.35279e+07,3.35279e+07,181251,181251,181251,495.596,495.596,495.596,8.7152e+06,8.7152e+06,8.7152e+06,9.5552e+06,9.5552e+06,9.5552e+06,8.19502e+06,8.19502e+06,8.19502e+06,4.78992e+06,4.78992e+06,4.78992e+06,2.71223e+07,2.71223e+07,2.71223e+07,288.128,288.128,288.128,0.902809,0.902809,0.902809
391,5.78671e+06,5.78671e+06,5.78671e+06,190301,190301,190301,550.711,550.711,550.711,3.01402e+07,3.01402e+07,3.01402e+07,3.32142e+07,3.32142e+07,3.32142e+07,193017,193017,193017,503.578,503.578,503.578,8.51383e+06,8.51383e+06,8.51383e+06,9.82655e+06,9.82655e+06,9.82655e+06,8.40603e+06,8.40603e+06,8.40603e+06,4.63457e+06,4.63457e+06,4.63457e+06,2.71285e+07,2.71285e+07,2.71285e+07,310.668,310.668,310.668,0.911059,0.911059,0.911059
392,5.69598e+06,5.69598e+06,5.69598e+06,195583,195583,195583,542.822,542.822,542.822,3.03815e+07,3.03815e+07,3.03815e+07,3.28789e+07,3.28789e+07,3.28789e+07,199333,199333,199333,507.709,507.709,507.709,8.31685e+06,8.31685e+06,8.31685e+06,1.01135e+07,1.01135e+07,1.01135e+07,8.6336e+06,8.6336e+06,8.6336e+06,4.4843e+06,4.4843e+06,4.4843e+06,2.71364e+07,2.71364e+07,2.71364e+07,325.346,325.346,325.346,0.912546,0.912546,0.912546
393,5.60651e+06,5.60651e+06,5.60651e+06,194131,194131,194131,528.676,528.676,528.676,3.0629e+07,3.0629e+07,3.0629e+07,3.25393e+07,3.25393e+07,3.25393e+07,198953,198953,198953,506.442,506.442,506.442,8.12418e+06,8.12418e+06,8.12418e+06,1.03992e+07,1.03992e+07,1.03992e+07,8.86136e+06,8.86136e+06,8.86136e+06,4.33896e+06,4.33896e+06,4.33896e+06,2.71463e+07,2.71463e+07,2.71463e+07,329.45,329.45,329.45,0.904167,0.904167,0.904167
394,5.53427e+06,5.53427e+06,5.53427e+06,186750,186750,186750,510.818,510.818,510.818,3.08824e+07,3.08824e+07,3.08824e+07,3.2213e+07,3.2213e+07,3.2213e+07,192132,192132,192132,500.363,500.363,500.363,7.9357e+06,7.9357e+06,7.9357e+06,1.06669e+07,1.06669e+07,1.06669e+07,9.07222e+06,9.07222e+06,9.07222e+06,4.19836e+06,4.19836e+06,4.19836e+06,2.71582e+07,2.71582e+07,2.71582e+07,322.592,322.592,322.592,0.88676,0.88676,0.88676
395,5.49056e+06,5.49056e+06,5.49056e+06,175347,175347,175347,493.095,493.095,493.095,3.11411e+07,3.11411e+07,3.11411e+07,3.19131e+07,3.19131e+07,3.19131e+07,180446,180446,180446,491.868,491.868,491.868,7.75134e+06,7.75134e+06,7.75134e+06,1.09041e+07,1.09041e+07,1.09041e+07,9.25209e+06,9.25209e+06,9.25209e+06,4.06233e+06,4.06233e+06,4.06233e+06,2.71714e+07,2.71714e+07,2.71714e+07,306.75,306.75,306.75,0.864517,0.864517,0.864517
396,5.48088e+06,5.48088e+06,5.48088e+06,162148,162148,162148,479.549,479.549,479.549,3.1404e+07,3.1404e+07,3.1404e+07,3.16472e+07,3.16472e+07,3.16472e+07,166103,166103,166103,484.392,484.392,484.392,7.57102e+06,7.57102e+06,7.57102e+06,1.11041e+07,1.11041e+07,1.11041e+07,9.39232e+06,9.39232e+06,9.39232e+06,3.93073e+06,3.93073e+06,3.93073e+06,2.71851e+07,2.71851e+07,2.71851e+07,285.334,285.334,285.334,0.843508,0.843508,0.843508
397,5.50559e+06,5.50559e+06,5.50559e+06,149066,149066,149066,473.824,473.824,473.824,3.16702e+07,3.16702e+07,3.16702e+07,3.14173e+07,3.14173e+07,3.14173e+07,151221,151221,151221,481.655,481.655,481.655,7.39467e+06,7.39467e+06,7.39467e+06,1.12654e+07,1.12654e+07,1.12654e+07,9.49024e+06,9.49024e+06,9.49024e+06,3.80343e+06,3.80343e+06,3.80343e+06,2.71984e+07,2.71984e+07,2.71984e+07,261.949,261.949,261.949,0.830224,0.830224,0.830224
398,5.56144e+06,5.56144e+06,5.56144e+06,137417,137417,137417,479.166,479.166,479.166,3.19385e+07,3.19385e+07,3.19385e+07,3.12207e+07,3.12207e+07,3.12207e+07,137388,137388,137388,487.322,487.322,487.322,7.22223e+06,7.22223e+06,7.22223e+06,1.13911e+07,1.13911e+07,1.13911e+07,9.54803e+06,9.54803e+06,9.54803e+06,3.68028e+06,3.68028e+06,3.68028e+06,2.72102e+07,2.72102e+07,2.72102e+07,239.508,239.508,239.508,0.830838,0.830838,0.830838
399,5.64305e+06,5.64305e+06,5.64305e+06,127947,127947,127947,498.87,498.87,498.87,3.22081e+07,3.22081e+07,3.22081e+07,3.10524e+07,3.10524e+07,3.10524e+07,125569,125569,125569,505.105,505.105,505.105,7.05367e+06,7.05367e+06,7.05367e+06,1.14864e+07,1.14864e+07,1.14864e+07,9.57103e+06,9.57103e+06,9.57103e+06,3.5612e+06,3.5612e+06,3.5612e+06,2.72197e+07,2.72197e+07,2.72197e+07,219.928,219.928,219.928,0.85131,0.85131,0.85131
400,5.74406e+06,5.74406e+06,5.74406e+06,120992,120992,120992,536.967,536.967,536.967,3.24782e+07,3.24782e+07,3.24782e+07,3.09057e+07,3.09057e+07,3.09057e+07,116216,116216,116216,539.243,539.243,539.243,6.88894e+06,6.88894e+06,6.88894e+06,1.15583e+07,1.15583e+07,1.15583e+07,9.56621e+06,9.56621e+06,9.56621e+06,3.44607e+06,3.44607e+06,3.44607e+06,2.72262e+07,2.72262e+07,2.72262e+07,204.223,204.223,204.223,0.898158,0.898158,0.898158
401,5.85774e+06,5.85774e+06,5.85774e+06,116639,116639,116639,599.091,599.091,599.091,3.27481e+07,3.27481e+07,3.27481e+07,3.0774e+07,3.0774e+07,3.0774e+07,109451,109451,109451,595.274,595.274,595.274,6.72802e+06,6.72802e+06,6.72802e+06,1.16136e+07,1.16136e+07,1.16136e+07,9.54098e+06,9.54098e+06,9.54098e+06,3.33482e+06,3.33482e+06,3.33482e+06,2.72291e+07,2.72291e+07,2.72291e+07,192.788,192.788,192.788,0.979668,0.979668,0.979668
402,5.97741e+06,5.97741e+06,5.97741e+06,114862,114862,114862,693.586,693.586,693.586,3.30173e+07,3.30173e+07,3.30173e+07,3.06507e+07,3.06507e+07,3.06507e+07,105216,105216,105216,681.089,681.089,681.089,6.57091e+06,6.57091e+06,6.57091e+06,1.16595e+07,1.16595e+07,1.16595e+07,9.50257e+06,9.50257e+06,9.50257e+06,3.22739e+06,3.22739e+06,3.22739e+06,2.72281e+07,2.72281e+07,2.72281e+07,185.658,185.658,185.658,1.10753,1.10753,1.10753
403,6.09648e+06,6.09648e+06,6.09648e+06,115582,115582,115582,833.009,833.009,833.009,3.32857e+07,3.32857e+07,3.32857e+07,3.05294e+07,3.05294e+07,3.05294e+07,103374,103374,103374,808.412,808.412,808.412,6.41762e+06,6.41762e+06,6.41762e+06,1.17025e+07,1.17025e+07,1.17025e+07,9.4577e+06,9.4577e+06,9.4577e+06,3.12375e+06,3.12375e+06,3.12375e+06,2.72233e+07,2.72233e+07,2.72233e+07,182.701,182.701,182.701,1.29904,1.29904,1.29904
404,6.20853e+06,6.20853e+06,6.20853e+06,118693,118693,118693,1036.24,1036.24,1036.24,3.35531e+07,3.35531e+07,3.35531e+07,3.04044e+07,3.04044e+07,3.04044e+07,103757,103757,103757,994.905,994.905,994.905,6.26821e+06,6.26821e+06,6.26821e+06,1.17491e+07,1.17491e+07,1.17491e+07,9.41248e+06,9.41248e+06,9.41248e+06,3.02388e+06,3.02388e+06,3.02388e+06,2.72145e+07,2.72145e+07,2.72145e+07,183.711,183.711,183.711,1.58018,1.58018,1.58018
405,6.30747e+06,6.30747e+06,6.30747e+06,124031,124031,124031,1331.42,1331.42,1331.42,3.38193e+07,3.38193e+07,3.38193e+07,3.02706e+07,3.02706e+07,3.02706e+07,106168,106168,106168,1267.2,1267.2,1267.2,6.12281e+06,6.12281e+06,6.12281e+06,1.1805e+07,1.1805e+07,1.1805e+07,9.37238e+06,9.37238e+06,9.37238e+06,2.92787e+06,2.92787e+06,2.92787e+06,2.7202e+07,2.7202e+07,2.7202e+07,188.428,188.428,188.428,1.99,1.99,1.99
406,6.38771e+06,6.38771e+06,6.38771e+06,131320,131320,131320,1759.9,1759.9,1759.9,3.40845e+07,3.40845e+07,3.40845e+07,3.01233e+07,3.01233e+07,3.01233e+07,110343,110343,110343,1665.14,1665.14,1665.14,5.98161e+06,5.98161e+06,5.98161e+06,1.18755e+07,1.18755e+07,1.18755e+07,9.34207e+06,9.34207e+06,9.34207e+06,2.83583e+06,2.83583e+06,2.83583e+06,2.71862e+07,2.71862e+07,2.71862e+07,196.485,196.485,196.485,2.58671,2.58671,2.58671
407,6.44466e+06,6.44466e+06,6.44466e+06,140090,140090,140090,2381.3,2381.3,2381.3,3.43485e+07,3.43485e+07,3.43485e+07,2.9959e+07,2.9959e+07,2.9959e+07,115898,115898,115898,2247.61,2247.61,2247.61,5.84494e+06,5.84494e+06,5.84494e+06,1.19647e+07,1.19647e+07,1.19647e+07,9.32529e+06,9.32529e+06,9.32529e+06,2.74805e+06,2.74805e+06,2.74805e+06,2.71676e+07,2.71676e+07,2.71676e+07,207.309,207.309,207.309,3.45593,3.45593,3.45593
408,6.4753e+06,6.4753e+06,6.4753e+06,149606,149606,149606,3279.37,3279.37,3279.37,3.46112e+07,3.46112e+07,3.46112e+07,2.97756e+07,2.97756e+07,2.97756e+07,122274,122274,122274,3099.9,3099.9,3099.9,5.71331e+06,5.71331e+06,5.71331e+06,1.20751e+07,1.20751e+07,1.20751e+07,9.32443e+06,9.32443e+06,9.32443e+06,2.66495e+06,2.66495e+06,2.66495e+06,2.71466e+07,2.71466e+07,2.71466e+07,220.014,220.014,220.014,4.72116,4.72116,4.72116
409,6.47888e+06,6.47888e+06,6.47888e+06,158847,158847,158847,4568.5,4568.5,4568.5,3.48723e+07,3.48723e+07,3.48723e+07,2.9573e+07,2.9573e+07,2.9573e+07,128705,128705,128705,4342.65,4342.65,4342.65,5.58746e+06,5.58746e+06,5.58746e+06,1.22068e+07,1.22068e+07,1.22068e+07,9.34015e+06,9.34015e+06,9.34015e+06,2.58722e+06,2.58722e+06,2.58722e+06,2.7124e+07,2.7124e+07,2.7124e+07,233.313,233.313,233.313,6.55626,6.55626,6.55626
410,6.45743e+06,6.45743e+06,6.45743e+06,166592,166592,166592,6400.8,6400.8,6400.8,3.51309e+07,3.51309e+07,3.51309e+07,2.93534e+07,2.93534e+07,2.93534e+07,134262,134262,134262,6142.14,6142.14,6142.14,5.46846e+06,5.46846e+06,5.46846e+06,1.23572e+07,1.23572e+07,1.23572e+07,9.37087e+06,9.37087e+06,9.37087e+06,2.51587e+06,2.51587e+06,2.51587e+06,2.71002e+07,2.71002e+07,2.71002e+07,245.548,245.548,245.548,9.19958,9.19958,9.19958
411,6.41567e+06,6.41567e+06,6.41567e+06,171625,171625,171625,8974.87,8974.87,8974.87,3.53854e+07,3.53854e+07,3.53854e+07,2.91215e+07,2.91215e+07,2.91215e+07,137980,137980,137980,8722.33,8722.33,8722.33,5.35781e+06,5.35781e+06,5.35781e+06,1.25205e+07,1.25205e+07,1.25205e+07,9.4126e+06,9.4126e+06,9.4126e+06,2.4524e+06,2.4524e+06,2.4524e+06,2.70758e+07,2.70758e+07,2.70758e+07,254.884,254.884,254.884,12.9703,12.9703,12.9703
412,6.3603e+06,6.3603e+06,6.3603e+06,173014,173014,173014,12549.2,12549.2,12549.2,3.56336e+07,3.56336e+07,3.56336e+07,2.88844e+07,2.88844e+07,2.88844e+07,139063,139063,139063,12380.6,12380.6,12380.6,5.25757e+06,5.25757e+06,5.25757e+06,1.2688e+07,1.2688e+07,1.2688e+07,9.45922e+06,9.45922e+06,9.45922e+06,2.39891e+06,2.39891e+06,2.39891e+06,2.70514e+07,2.70514e+07,2.70514e+07,259.657,259.657,259.657,18.2898,18.2898,18.2898
413,6.29843e+06,6.29843e+06,6.29843e+06,170342,170342,170342,17464.1,17464.1,17464.1,3.58716e+07,3.58716e+07,3.58716e+07,2.86504e+07,2.86504e+07,2.86504e+07,137078,137078,137078,17510.4,17510.4,17510.4,5.17049e+06,5.17049e+06,5.17049e+06,1.28497e+07,1.28497e+07,1.28497e+07,9.50319e+06,9.50319e+06,9.50319e+06,2.35831e+06,2.35831e+06,2.35831e+06,2.70272e+07,2.70272e+07,2.70272e+07,258.769,258.769,258.769,25.7126,25.7126,25.7126
414,6.23581e+06,6.23581e+06,6.23581e+06,163772,163772,163772,24172.9,24172.9,24172.9,3.60943e+07,3.60943e+07,3.60943e+07,2.84278e+07,2.84278e+07,2.84278e+07,132047,132047,132047,24634.2,24634.2,24634.2,5.10032e+06,5.10032e+06,5.10032e+06,1.29954e+07,1.29954e+07,1.29954e+07,9.53669e+06,9.53669e+06,9.53669e+06,2.33457e+06,2.33457e+06,2.33457e+06,2.70034e+07,2.70034e+07,2.70034e+07,251.944,251.944,251.944,35.974,35.974,35.974
415,6.17522e+06,6.17522e+06,6.17522e+06,153913,153913,153913,33276.4,33276.4,33276.4,3.62945e+07,3.62945e+07,3.62945e+07,2.82241e+07,2.82241e+07,2.82241e+07,124391,124391,124391,34443.1,34443.1,34443.1,5.05207e+06,5.05207e+06,5.05207e+06,1.31161e+07,1.31161e+07,1.31161e+07,9.55275e+06,9.55275e+06,9.55275e+06,2.33309e+06,2.33309e+06,2.33309e+06,2.69802e+07,2.69802e+07,2.69802e+07,239.714,239.714,239.714,50.0511,50.0511,50.0511
416,6.11539e+06,6.11539e+06,6.11539e+06,141568,141568,141568,45536.1,45536.1,45536.1,3.64627e+07,3.64627e+07,3.64627e+07,2.80452e+07,2.80452e+07,2.80452e+07,114754,114754,114754,47826.2,47826.2,47826.2,5.03238e+06,5.03238e+06,5.03238e+06,1.3205e+07,1.3205e+07,1.3205e+07,9.54603e+06,9.54603e+06,9.54603e+06,2.36108e+06,2.36108e+06,2.36108e+06,2.69578e+07,2.69578e+07,2.69578e+07,223.143,223.143,223.143,69.2184,69.2184,69.2184
417,6.0508e+06,6.0508e+06,6.0508e+06,127489,127489,127489,61815.3,61815.3,61815.3,3.65864e+07,3.65864e+07,3.65864e+07,2.78954e+07,2.78954e+07,2.78954e+07,103796,103796,103796,65840.4,65840.4,65840.4,5.0499e+06,5.0499e+06,5.0499e+06,1.32575e+07,1.32575e+07,1.32575e+07,9.51309e+06,9.51309e+06,9.51309e+06,2.42805e+06,2.42805e+06,2.42805e+06,2.69363e+07,2.69363e+07,2.69363e+07,203.451,203.451,203.451,95.0371,95.0371,95.0371
418,5.97227e+06,5.97227e+06,5.97227e+06,112249,112249,112249,82857.1,82857.1,82857.1,3.66505e+07,3.66505e+07,3.66505e+07,2.77779e+07,2.77779e+07,2.77779e+07,92052.2,92052.2,92052.2,89530.6,89530.6,89530.6,5.11523e+06,5.11523e+06,5.11523e+06,1.32705e+07,1.32705e+07,1.32705e+07,9.45214e+06,9.45214e+06,9.45214e+06,2.54594e+06,2.54594e+06,2.54594e+06,2.69162e+07,2.69162e+07,2.69162e+07,181.7,181.7,181.7,129.16,129.16,129.16
419,5.8688e+06,5.8688e+06,5.8688e+06,96250.4,96250.4,96250.4,108793,108793,108793,3.66381e+07,3.66381e+07,3.66381e+07,2.7695e+07,2.7695e+07,2.7695e+07,79886.1,79886.1,79886.1,119467,119467,119467,5.24005e+06,5.24005e+06,5.24005e+06,1.32427e+07,1.32427e+07,1.32427e+07,9.36258e+06,9.36258e+06,9.36258e+06,2.72848e+06,2.72848e+06,2.72848e+06,2.68982e+07,2.68982e+07,2.68982e+07,158.663,158.663,158.663,172.757,172.757,172.757
420,5.73101e+06,5.73101e+06,5.73101e+06,79878.5,79878.5,79878.5,138376,138376,138376,3.65336e+07,3.65336e+07,3.65336e+07,2.76488e+07,2.76488e+07,2.76488e+07,67552.9,67552.9,67552.9,154923,154923,154923,5.43452e+06,5.43452e+06,5.43452e+06,1.31734e+07,1.31734e+07,1.31734e+07,9.24461e+06,9.24461e+06,9.24461e+06,2.98897e+06,2.98897e+06,2.98897e+06,2.68836e+07,2.68836e+07,2.68836e+07,134.908,134.908,134.908,225.41,225.41,225.41
421,5.55596e+06,5.55596e+06,5.55596e+06,63683.3,63683.3,63683.3,168298,168298,168298,3.63286e+07,3.63286e+07,3.63286e+07,2.76408e+07,2.76408e+07,2.76408e+07,55325.2,55325.2,55325.2,192912,192912,192912,5.70286e+06,5.70286e+06,5.70286e+06,1.30633e+07,1.30633e+07,1.30633e+07,9.09906e+06,9.09906e+06,9.09906e+06,3.33567e+06,3.33567e+06,3.33567e+06,2.68737e+07,2.68737e+07,2.68737e+07,111.021,111.021,111.021,283.628,283.628,283.628
422,5.35172e+06,5.35172e+06,5.35172e+06,48468.5,48468.5,48468.5,193404,193404,193404,3.60283e+07,3.60283e+07,3.60283e+07,2.76716e+07,2.76716e+07,2.76716e+07,43607.1,43607.1,43607.1,227880,227880,227880,6.03814e+06,6.03814e+06,6.03814e+06,1.29146e+07,1.29146e+07,1.29146e+07,8.92758e+06,8.92758e+06,8.92758e+06,3.7656e+06,3.7656e+06,3.7656e+06,2.687e+07,2.687e+07,2.687e+07,87.8471,87.8471,87.8471,339.948,339.948,339.948
423,5.13806e+06,5.13806e+06,5.13806e+06,35140,35140,35140,208496,208496,208496,3.56558e+07,3.56558e+07,3.56558e+07,2.774e+07,2.774e+07,2.774e+07,32936.5,32936.5,32936.5,253057,253057,253057,6.41973e+06,6.41973e+06,6.41973e+06,1.27321e+07,1.27321e+07,1.27321e+07,8.73301e+06,8.73301e+06,8.73301e+06,4.25958e+06,4.25958e+06,4.25958e+06,2.68738e+07,2.68738e+07,2.68738e+07,66.5147,66.5147,66.5147,384.196,384.196,384.196
424,4.94111e+06,4.94111e+06,4.94111e+06,24370.4,24370.4,24370.4,210940,210940,210940,3.52485e+07,3.52485e+07,3.52485e+07,2.78427e+07,2.78427e+07,2.78427e+07,23837.7,23837.7,23837.7,263397,263397,263397,6.81689e+06,6.81689e+06,6.81689e+06,1.25222e+07,1.25222e+07,1.25222e+07,8.51947e+06,8.51947e+06,8.51947e+06,4.78335e+06,4.78335e+06,4.78335e+06,2.68857e+07,2.68857e+07,2.68857e+07,48.164,48.164,48.164,407.458,407.458,407.458
425,4.78451e+06,4.78451e+06,4.78451e+06,16337.2,16337.2,16337.2,201977,201977,201977,3.48475e+07,3.48475e+07,3.48475e+07,2.79745e+07,2.79745e+07,2.79745e+07,16619.2,16619.2,16619.2,258119,258119,258119,7.19765e+06,7.19765e+06,7.19765e+06,1.22925e+07,1.22925e+07,1.22925e+07,8.29205e+06,8.29205e+06,8.29205e+06,5.29598e+06,5.29598e+06,5.29598e+06,2.69053e+07,2.69053e+07,2.69053e+07,33.5182,33.5182,33.5182,406.49,406.49,406.49
426,4.68271e+06,4.68271e+06,4.68271e+06,10740.9,10740.9,10740.9,185640,185640,185640,3.44853e+07,3.44853e+07,3.44853e+07,2.81298e+07,2.81298e+07,2.81298e+07,11272.7,11272.7,11272.7,240750,240750,240750,7.53786e+06,7.53786e+06,7.53786e+06,1.20501e+07,1.20501e+07,1.20501e+07,8.05608e+06,8.05608e+06,8.05608e+06,5.76175e+06,5.76175e+06,5.76175e+06,2.69316e+07,2.69316e+07,2.69316e+07,22.6418,22.6418,22.6418,385.016,385.016,385.016
427,4.63956e+06,4.63956e+06,4.63956e+06,7033.83,7033.83,7033.83,166493,166493,166493,3.41804e+07,3.41804e+07,3.41804e+07,2.83027e+07,2.83027e+07,2.83027e+07,7534.58,7534.58,7534.58,216889,216889,216889,7.82533e+06,7.82533e+06,7.82533e+06,1.18009e+07,1.18009e+07,1.18009e+07,7.81631e+06,7.81631e+06,7.81631e+06,6.15836e+06,6.15836e+06,6.15836e+06,2.69627e+07,2.69627e+07,2.69627e+07,15.041,15.041,15.041,351.069,351.069,351.069
428,4.65089e+06,4.65089e+06,4.65089e+06,4653.23,4653.23,4653.23,148013,148013,148013,3.39367e+07,3.39367e+07,3.39367e+07,2.84884e+07,2.84884e+07,2.84884e+07,5029.93,5029.93,5029.93,191722,191722,191722,8.05858e+06,8.05858e+06,8.05858e+06,1.15491e+07,1.15491e+07,1.15491e+07,7.57649e+06,7.57649e+06,7.57649e+06,6.47844e+06,6.47844e+06,6.47844e+06,2.69965e+07,2.69965e+07,2.69965e+07,9.96336,9.96336,9.96336,313.018,313.018,313.018
429,4.70818e+06,4.70818e+06,4.70818e+06,3145.76,3145.76,3145.76,132184,132184,132184,3.3749e+07,3.3749e+07,3.3749e+07,2.86832e+07,2.86832e+07,2.86832e+07,3396.29,3396.29,3396.29,168744,168744,168744,8.24315e+06,8.24315e+06,8.24315e+06,1.12977e+07,1.12977e+07,1.12977e+07,7.33932e+06,7.33932e+06,7.33932e+06,6.72604e+06,6.72604e+06,6.72604e+06,2.7031e+07,2.7031e+07,2.7031e+07,6.66692,6.66692,6.66692,277.024,277.024,277.024
430,4.80133e+06,4.80133e+06,4.80133e+06,2192.22,2192.22,2192.22,119824,119824,119824,3.36067e+07,3.36067e+07,3.36067e+07,2.88841e+07,2.88841e+07,2.88841e+07,2344.53,2344.53,2344.53,149721,149721,149721,8.38796e+06,8.38796e+06,8.38796e+06,1.10485e+07,1.10485e+07,1.10485e+07,7.10652e+06,7.10652e+06,7.10652e+06,6.91171e+06,6.91171e+06,6.91171e+06,2.70645e+07,2.70645e+07,2.70645e+07,4.55639,4.55639,4.55639,246.518,246.518,246.518
431,4.92027e+06,4.92027e+06,4.92027e+06,1584.52,1584.52,1584.52,111083,111083,111083,3.3498e+07,3.3498e+07,3.3498e+07,2.90893e+07,2.90893e+07,2.90893e+07,1668.83,1668.83,1668.83,135210,135210,135210,8.50291e+06,8.50291e+06,8.50291e+06,1.08024e+07,1.08024e+07,1.08024e+07,6.87917e+06,6.87917e+06,6.87917e+06,7.04849e+06,7.04849e+06,7.04849e+06,2.70956e+07,2.70956e+07,2.70956e+07,3.20833,3.20833,3.20833,222.846,222.846,222.846
432,5.05551e+06,5.05551e+06,5.05551e+06,1192.52,1192.52,1192.52,105822,105822,105822,3.3411e+07,3.3411e+07,3.3411e+07,2.92972e+07,2.92972e+07,2.92972e+07,1232.45,1232.45,1232.45,125130,125130,125130,8.59766e+06,8.59766e+06,8.59766e+06,1.05603e+07,1.05603e+07,1.05603e+07,6.65786e+06,6.65786e+06,6.65786e+06,7.14947e+06,7.14947e+06,7.14947e+06,2.71234e+07,2.71234e+07,2.71234e+07,2.34248,2.34248,2.34248,206.162,206.162,206.162
433,5.19824e+06,5.19824e+06,5.19824e+06,936.327,936.327,936.327,103846,103846,103846,3.3335e+07,3.3335e+07,3.3335e+07,2.95072e+07,2.95072e+07,2.95072e+07,948.108,948.108,948.108,119165,119165,119165,8.68121e+06,8.68121e+06,8.68121e+06,1.03225e+07,1.03225e+07,1.03225e+07,6.44288e+06,6.44288e+06,6.44288e+06,7.22677e+06,7.22677e+06,7.22677e+06,2.71474e+07,2.71474e+07,2.71474e+07,1.78081,1.78081,1.78081,196.117,196.117,196.117
434,5.34015e+06,5.34015e+06,5.34015e+06,767.04,767.04,767.04,104997,104997,104997,3.32601e+07,3.32601e+07,3.32601e+07,2.97186e+07,2.97186e+07,2.97186e+07,761.155,761.155,761.155,116975,116975,116975,8.76196e+06,8.76196e+06,8.76196e+06,1.00891e+07,1.00891e+07,1.00891e+07,6.23434e+06,6.23434e+06,6.23434e+06,7.29121e+06,7.29121e+06,7.29121e+06,2.71672e+07,2.71672e+07,2.71672e+07,1.41252,1.41252,1.41252,192.259,192.259,192.259
435,5.47321e+06,5.47321e+06,5.47321e+06,654.458,654.458,654.458,109170,109170,109170,3.31771e+07,3.31771e+07,3.31771e+07,2.99312e+07,2.99312e+07,2.99312e+07,637.559,637.559,637.559,118275,118275,118275,8.84781e+06,8.84781e+06,8.84781e+06,9.86032e+06,9.86032e+06,9.86032e+06,6.03223e+06,6.03223e+06,6.03223e+06,7.35248e+06,7.35248e+06,7.35248e+06,2.71829e+07,2.71829e+07,2.71829e+07,1.16903,1.16903,1.16903,194.204,194.204,194.204
436,5.58967e+06,5.58967e+06,5.58967e+06,579.536,579.536,579.536,116263,116263,116263,3.30779e+07,3.30779e+07,3.30779e+07,3.01453e+07,3.01453e+07,3.01453e+07,555.954,555.954,555.954,122823,122823,122823,8.94624e+06,8.94624e+06,8.94624e+06,9.63616e+06,9.63616e+06,9.63616e+06,5.83647e+06,5.83647e+06,5.83647e+06,7.41929e+06,7.41929e+06,7.41929e+06,2.71947e+07,2.71947e+07,2.71947e+07,1.00753,1.00753,1.00753,201.644,201.644,201.644
437,5.68221e+06,5.68221e+06,5.68221e+06,529.815,529.815,529.815,126066,126066,126066,3.29548e+07,3.29548e+07,3.29548e+07,3.03611e+07,3.03611e+07,3.03611e+07,502.625,502.625,502.625,130331,130331,130331,9.06423e+06,9.06423e+06,9.06423e+06,9.41662e+06,9.41662e+06,9.41662e+06,5.64695e+06,5.64695e+06,5.64695e+06,7.49941e+06,7.49941e+06,7.49941e+06,2.72031e+07,2.72031e+07,2.72031e+07,0.900785,0.900785,0.900785,214.232,214.232,214.232
438,5.74464e+06,5.74464e+06,5.74464e+06,496.673,496.673,496.673,138104,138104,138104,3.28014e+07,3.28014e+07,3.28014e+07,3.05791e+07,3.05791e+07,3.05791e+07,468.394,468.394,468.394,140330,140330,140330,9.20776e+06,9.20776e+06,9.20776e+06,9.20167e+06,9.20167e+06,9.20167e+06,5.46351e+06,5.46351e+06,5.46351e+06,7.59941e+06,7.59941e+06,7.59941e+06,2.72088e+07,2.72088e+07,2.72088e+07,0.830771,0.830771,0.830771,231.367,231.367,231.367
439,5.77293e+06,5.77293e+06,5.77293e+06,473.72,473.72,473.72,151472,151472,151472,3.26133e+07,3.26133e+07,3.26133e+07,3.08e+07,3.08e+07,3.08e+07,446.721,446.721,446.721,152006,152006,152006,9.38098e+06,9.38098e+06,9.38098e+06,8.99124e+06,8.99124e+06,8.99124e+06,5.28599e+06,5.28599e+06,5.28599e+06,7.72405e+06,7.72405e+06,7.72405e+06,2.72125e+07,2.72125e+07,2.72125e+07,0.784859,0.784859,0.784859,251.919,251.919,251.919
440,5.76657e+06,5.76657e+06,5.76657e+06,456.002,456.002,456.002,164751,164751,164751,3.23892e+07,3.23892e+07,3.23892e+07,3.10246e+07,3.10246e+07,3.10246e+07,432.617,432.617,432.617,164084,164084,164084,9.58492e+06,9.58492e+06,9.58492e+06,8.78529e+06,8.78529e+06,8.78529e+06,5.11424e+06,5.11424e+06,5.11424e+06,7.87528e+06,7.87528e+06,7.87528e+06,2.72151e+07,2.72151e+07,2.72151e+07,0.753597,0.753597,0.753597,273.978,273.978,273.978
441,5.72971e+06,5.72971e+06,5.72971e+06,439.782,439.782,439.782,176131,176131,176131,3.21325e+07,3.21325e+07,3.21325e+07,3.12536e+07,3.12536e+07,3.12536e+07,422.145,422.145,422.145,174876,174876,174876,9.81644e+06,9.81644e+06,9.81644e+06,8.58373e+06,8.58373e+06,8.58373e+06,4.94808e+06,4.94808e+06,4.94808e+06,8.05114e+06,8.05114e+06,8.05114e+06,2.72175e+07,2.72175e+07,2.72175e+07,0.729658,0.729658,0.729658,294.834,294.834,294.834
442,5.67129e+06,5.67129e+06,5.67129e+06,422.689,422.689,422.689,183819,183819,183819,3.18507e+07,3.18507e+07,3.18507e+07,3.14877e+07,3.14877e+07,3.14877e+07,412.373,412.373,412.373,182574,182574,182574,1.00677e+07,1.00677e+07,1.00677e+07,8.38648e+06,8.38648e+06,8.38648e+06,4.78732e+06,4.78732e+06,4.78732e+06,8.24522e+06,8.24522e+06,8.24522e+06,2.72203e+07,2.72203e+07,2.72203e+07,0.707608,0.707608,0.707608,311.342,311.342,311.342
443,5.60379e+06,5.60379e+06,5.60379e+06,403.895,403.895,403.895,186598,186598,186598,3.15558e+07,3.15558e+07,3.15558e+07,3.17272e+07,3.17272e+07,3.17272e+07,401.545,401.545,401.545,185748,185748,185748,1.0327e+07,1.0327e+07,1.0327e+07,8.19345e+06,8.19345e+06,8.19345e+06,4.6318e+06,4.6318e+06,4.6318e+06,8.44702e+06,8.44702e+06,8.44702e+06,2.72242e+07,2.72242e+07,2.72242e+07,0.68414,0.68414,0.68414,320.717,320.717,320.717
444,5.54065e+06,5.54065e+06,5.54065e+06,384.017,384.017,384.017,184257,184257,184257,3.12611e+07,3.12611e+07,3.12611e+07,3.19721e+07,3.19721e+07,3.19721e+07,389.208,389.208,389.208,183830,183830,183830,1.05811e+07,1.05811e+07,1.05811e+07,8.00457e+06,8.00457e+06,8.00457e+06,4.48133e+06,4.48133e+06,4.48133e+06,8.6438e+06,8.6438e+06,8.6438e+06,2.72292e+07,2.72292e+07,2.72292e+07,0.658261,0.658261,0.658261,321.43,321.43,321.43
445,5.4935e+06,5.4935e+06,5.4935e+06,364.676,364.676,364.676,177618,177618,177618,3.09792e+07,3.09792e+07,3.09792e+07,3.2222e+07,3.2222e+07,3.2222e+07,376.094,376.094,376.094,177287,177287,177287,1.08179e+07,1.08179e+07,1.08179e+07,7.81974e+06,7.81974e+06,7.81974e+06,4.33575e+06,4.33575e+06,4.33575e+06,8.82311e+06,8.82311e+06,8.82311e+06,2.72351e+07,2.72351e+07,2.72351e+07,0.631082,0.631082,0.631082,313.717,313.717,313.717
446,5.47028e+06,5.47028e+06,5.47028e+06,347.882,347.882,347.882,168171,168171,168171,3.07192e+07,3.07192e+07,3.07192e+07,3.24764e+07,3.24764e+07,3.24764e+07,363.748,363.748,363.748,167397,167397,167397,1.10284e+07,1.10284e+07,1.10284e+07,7.63891e+06,7.63891e+06,7.63891e+06,4.19489e+06,4.19489e+06,4.19489e+06,8.97521e+06,8.97521e+06,8.97521e+06,2.72416e+07,2.72416e+07,2.72416e+07,0.605137,0.605137,0.605137,299.401,299.401,299.401
447,5.47464e+06,5.47464e+06,5.47464e+06,335.572,335.572,335.572,157560,157560,157560,3.04861e+07,3.04861e+07,3.04861e+07,3.27345e+07,3.27345e+07,3.27345e+07,354.073,354.073,354.073,155778,155778,155778,1.12081e+07,1.12081e+07,1.12081e+07,7.46199e+06,7.46199e+06,7.46199e+06,4.05862e+06,4.05862e+06,4.05862e+06,9.09451e+06,9.09451e+06,9.09451e+06,2.72478e+07,2.72478e+07,2.72478e+07,0.583562,0.583562,0.583562,281.164,281.164,281.164
448,5.50646e+06,5.50646e+06,5.50646e+06,329.419,329.419,329.419,147188,147188,147188,3.02809e+07,3.02809e+07,3.02809e+07,3.29953e+07,3.29953e+07,3.29953e+07,349,349,349,143943,143943,143943,1.13565e+07,1.13565e+07,1.13565e+07,7.28892e+06,7.28892e+06,7.28892e+06,3.92678e+06,3.92678e+06,3.92678e+06,9.17967e+06,9.17967e+06,9.17967e+06,2.72531e+07,2.72531e+07,2.72531e+07,0.569476,0.569476,0.569476,261.731,261.731,261.731
449,5.56289e+06,5.56289e+06,5.56289e+06,330.917,330.917,330.917,138055,138055,138055,3.01011e+07,3.01011e+07,3.01011e+07,3.3258e+07,3.3258e+07,3.3258e+07,350.388,350.388,350.388,133037,133037,133037,1.14762e+07,1.14762e+07,1.14762e+07,7.11965e+06,7.11965e+06,7.11965e+06,3.79925e+06,3.79925e+06,3.79925e+06,9.23281e+06,9.23281e+06,9.23281e+06,2.72566e+07,2.72566e+07,2.72566e+07,0.565769,0.565769,0.565769,243.309,243.309,243.309
450,5.6394e+06,5.6394e+06,5.6394e+06,341.63,341.63,341.63,130764,130764,130764,2.99427e+07,2.99427e+07,2.99427e+07,3.3522e+07,3.3522e+07,3.3522e+07,360.134,360.134,360.134,123783,123783,123783,1.15718e+07,1.15718e+07,1.15718e+07,6.95413e+06,6.95413e+06,6.95413e+06,3.6759e+06,3.6759e+06,3.6759e+06,9.25837e+06,9.25837e+06,9.25837e+06,2.72577e+07,2.72577e+07,2.72577e+07,0.575246,0.575246,0.575246,227.394,227.394,227.394
451,5.73054e+06,5.73054e+06,5.73054e+06,363.51,363.51,363.51,125619,125619,125619,2.98004e+07,2.98004e+07,2.98004e+07,3.37864e+07,3.37864e+07,3.37864e+07,380.426,380.426,380.426,116549,116549,116549,1.16491e+07,1.16491e+07,1.16491e+07,6.7923e+06,6.7923e+06,6.7923e+06,3.55662e+06,3.55662e+06,3.55662e+06,9.26199e+06,9.26199e+06,9.26199e+06,2.72559e+07,2.72559e+07,2.72559e+07,0.601029,0.601029,0.601029,214.835,214.835,214.835
452,5.83052e+06,5.83052e+06,5.83052e+06,399.28,399.28,399.28,122731,122731,122731,2.96685e+07,2.96685e+07,2.96685e+07,3.4051e+07,3.4051e+07,3.4051e+07,414.113,414.113,414.113,111461,111461,111461,1.17139e+07,1.17139e+07,1.17139e+07,6.63413e+06,6.63413e+06,6.63413e+06,3.44132e+06,3.44132e+06,3.44132e+06,9.24977e+06,9.24977e+06,9.24977e+06,2.72509e+07,2.72509e+07,2.72509e+07,0.647112,0.647112,0.647112,206.013,206.013,206.013
453,5.93347e+06,5.93347e+06,5.93347e+06,452.864,452.864,452.864,122102,122102,122102,2.95415e+07,2.95415e+07,2.95415e+07,3.43153e+07,3.43153e+07,3.43153e+07,465.164,465.164,465.164,108501,108501,108501,1.17725e+07,1.17725e+07,1.17725e+07,6.47958e+06,6.47958e+06,6.47958e+06,3.32989e+06,3.32989e+06,3.32989e+06,9.2277e+06,9.2277e+06,9.2277e+06,2.72423e+07,2.72423e+07,2.72423e+07,0.719038,0.719038,0.719038,201.011,201.011,201.011
454,6.03365e+06,6.03365e+06,6.03365e+06,529.925,529.925,529.925,123659,123659,123659,2.94143e+07,2.94143e+07,2.94143e+07,3.45792e+07,3.45792e+07,3.45792e+07,539.259,539.259,539.259,107564,107564,107564,1.18305e+07,1.18305e+07,1.18305e+07,6.32863e+06,6.32863e+06,6.32863e+06,3.22226e+06,3.22226e+06,3.22226e+06,9.20142e+06,9.20142e+06,9.20142e+06,2.72303e+07,2.72303e+07,2.72303e+07,0.824739,0.824739,0.824739,199.742,199.742,199.742
455,6.12559e+06,6.12559e+06,6.12559e+06,638.542,638.542,638.542,127265,127265,127265,2.92818e+07,2.92818e+07,2.92818e+07,3.48427e+07,3.48427e+07,3.48427e+07,644.553,644.553,644.553,108489,108489,108489,1.18935e+07,1.18935e+07,1.18935e+07,6.18128e+06,6.18128e+06,6.18128e+06,3.11838e+06,3.11838e+06,3.11838e+06,9.17603e+06,9.17603e+06,9.17603e+06,2.72149e+07,2.72149e+07,2.72149e+07,0.975599,0.975599,0.975599,201.999,201.999,201.999
456,6.20432e+06,6.20432e+06,6.20432e+06,790.049,790.049,790.049,132692,132692,132692,2.91401e+07,2.91401e+07,2.91401e+07,3.51058e+07,3.51058e+07,3.51058e+07,792.666,792.666,792.666,111055,111055,111055,1.19664e+07,1.19664e+07,1.19664e+07,6.03755e+06,6.03755e+06,6.03755e+06,3.01822e+06,3.01822e+06,3.01822e+06,9.156e+06,9.156e+06,9.156e+06,2.71964e+07,2.71964e+07,2.71964e+07,1.18781,1.18781,1.18781,207.464,207.464,207.464
457,6.26572e+06,6.26572e+06,6.26572e+06,1000.04,1000.04,1000.04,139572,139572,139572,2.89855e+07,2.89855e+07,2.89855e+07,3.53686e+07,3.53686e+07,3.53686e+07,999.954,999.954,999.954,114948,114948,114948,1.2053e+07,1.2053e+07,1.2053e+07,5.8975e+06,5.8975e+06,5.8975e+06,2.92179e+06,2.92179e+06,2.92179e+06,9.14496e+06,9.14496e+06,9.14496e+06,2.7175e+07,2.7175e+07,2.7175e+07,1.4841,1.4841,1.4841,215.651,215.651,215.651
458,6.30697e+06,6.30697e+06,6.30697e+06,1289.53,1289.53,1289.53,147356,147356,147356,2.88158e+07,2.88158e+07,2.88158e+07,3.56315e+07,3.56315e+07,3.56315e+07,1289.06,1289.06,1289.06,119739,119739,119739,1.21563e+07,1.21563e+07,1.21563e+07,5.76122e+06,5.76122e+06,5.76122e+06,2.82914e+06,2.82914e+06,2.82914e+06,9.14548e+06,9.14548e+06,9.14548e+06,2.71512e+07,2.71512e+07,2.71512e+07,1.89577,1.89577,1.89577,225.847,225.847,225.847
459,6.32702e+06,6.32702e+06,6.32702e+06,1686.3,1686.3,1686.3,155300,155300,155300,2.86301e+07,2.86301e+07,2.86301e+07,3.58945e+07,3.58945e+07,3.58945e+07,1690.81,1690.81,1690.81,124854,124854,124854,1.22772e+07,1.22772e+07,1.22772e+07,5.62889e+06,5.62889e+06,5.62889e+06,2.74039e+06,2.74039e+06,2.74039e+06,9.15877e+06,9.15877e+06,9.15877e+06,2.71255e+07,2.71255e+07,2.71255e+07,2.46521,2.46521,2.46521,237.057,237.057,237.057
460,6.32705e+06,6.32705e+06,6.32705e+06,2226.58,2226.58,2226.58,162507,162507,162507,2.84294e+07,2.84294e+07,2.84294e+07,3.61578e+07,3.61578e+07,3.61578e+07,2246.51,2246.51,2246.51,129609,129609,129609,1.24145e+07,1.24145e+07,1.24145e+07,5.50073e+06,5.50073e+06,5.50073e+06,2.65576e+06,2.65576e+06,2.65576e+06,9.18438e+06,9.18438e+06,9.18438e+06,2.70982e+07,2.70982e+07,2.70982e+07,3.24887,3.24887,3.24887,248.015,248.015,248.015
461,6.31053e+06,6.31053e+06,6.31053e+06,2957.65,2957.65,2957.65,168056,168056,168056,2.82164e+07,2.82164e+07,2.82164e+07,3.64211e+07,3.64211e+07,3.64211e+07,3011.13,3011.13,3011.13,133275,133275,133275,1.2565e+07,1.2565e+07,1.2565e+07,5.37709e+06,5.37709e+06,5.37709e+06,2.57557e+06,2.57557e+06,2.57557e+06,9.22005e+06,9.22005e+06,9.22005e+06,2.707e+07,2.707e+07,2.707e+07,4.32119,4.32119,4.32119,257.302,257.302,257.302
462,6.28288e+06,6.28288e+06,6.28288e+06,3942.34,3942.34,3942.34,171185,171185,171185,2.79957e+07,2.79957e+07,2.79957e+07,3.66841e+07,3.66841e+07,3.66841e+07,4058.13,4058.13,4058.13,135217,135217,135217,1.27229e+07,1.27229e+07,1.27229e+07,5.25845e+06,5.25845e+06,5.25845e+06,2.5003e+06,2.5003e+06,2.5003e+06,9.26183e+06,9.26183e+06,9.26183e+06,2.70411e+07,2.70411e+07,2.70411e+07,5.7808,5.7808,5.7808,263.574,263.574,263.574
463,6.25054e+06,6.25054e+06,6.25054e+06,5267.07,5267.07,5267.07,171468,171468,171468,2.7773e+07,2.7773e+07,2.7773e+07,3.69458e+07,3.69458e+07,3.69458e+07,5487.6,5487.6,5487.6,135029,135029,135029,1.28813e+07,1.28813e+07,1.28813e+07,5.14545e+06,5.14545e+06,5.14545e+06,2.43063e+06,2.43063e+06,2.43063e+06,9.30451e+06,9.30451e+06,9.30451e+06,2.70118e+07,2.70118e+07,2.70118e+07,7.76081,7.76081,7.76081,265.846,265.846,265.846
464,6.21984e+06,6.21984e+06,6.21984e+06,7055.38,7055.38,7055.38,168905,168905,168905,2.75541e+07,2.75541e+07,2.75541e+07,3.7205e+07,3.7205e+07,3.7205e+07,7440.02,7440.02,7440.02,132624,132624,132624,1.30327e+07,1.30327e+07,1.30327e+07,5.03901e+06,5.03901e+06,5.03901e+06,2.36753e+06,2.36753e+06,2.36753e+06,9.34245e+06,9.34245e+06,9.34245e+06,2.69821e+07,2.69821e+07,2.69821e+07,10.4466,10.4466,10.4466,263.714,263.714,263.714
465,6.19574e+06,6.19574e+06,6.19574e+06,9489.29,9489.29,9489.29,163885,163885,163885,2.73446e+07,2.73446e+07,2.73446e+07,3.74595e+07,3.74595e+07,3.74595e+07,10118.7,10118.7,10118.7,128238,128238,128238,1.31704e+07,1.31704e+07,1.31704e+07,4.94039e+06,4.94039e+06,4.94039e+06,2.31236e+06,2.31236e+06,2.31236e+06,9.37038e+06,9.37038e+06,9.37038e+06,2.69522e+07,2.69522e+07,2.69522e+07,14.1053,14.1053,14.1053,257.422,257.422,257.422
466,6.18096e+06,6.18096e+06,6.18096e+06,12841.2,12841.2,12841.2,157033,157033,157033,2.71487e+07,2.71487e+07,2.71487e+07,3.77064e+07,3.77064e+07,3.77064e+07,13824.6,13824.6,13824.6,122338,122338,122338,1.32893e+07,1.32893e+07,1.32893e+07,4.85144e+06,4.85144e+06,4.85144e+06,2.26708e+06,2.26708e+06,2.26708e+06,9.38414e+06,9.38414e+06,9.38414e+06,2.69218e+07,2.69218e+07,2.69218e+07,19.1308,19.1308,19.1308,247.736,247.736,247.736
467,6.17545e+06,6.17545e+06,6.17545e+06,17519.1,17519.1,17519.1,149023,149023,149023,2.69693e+07,2.69693e+07,2.69693e+07,3.79415e+07,3.79415e+07,3.79415e+07,19007.2,19007.2,19007.2,115473,115473,115473,1.33858e+07,1.33858e+07,1.33858e+07,4.7748e+06,4.7748e+06,4.7748e+06,2.23452e+06,2.23452e+06,2.23452e+06,9.38103e+06,9.38103e+06,9.38103e+06,2.6891e+07,2.6891e+07,2.6891e+07,26.1119,26.1119,26.1119,235.684,235.684,235.684
468,6.17615e+06,6.17615e+06,6.17615e+06,24125.7,24125.7,24125.7,140405,140405,140405,2.6808e+07,2.6808e+07,2.6808e+07,3.8159e+07,3.8159e+07,3.8159e+07,26334.9,26334.9,26334.9,108144,108144,108144,1.34583e+07,1.34583e+07,1.34583e+07,4.71437e+06,4.71437e+06,4.71437e+06,2.21885e+06,2.21885e+06,2.21885e+06,9.35979e+06,9.35979e+06,9.35979e+06,2.68596e+07,2.68596e+07,2.68596e+07,35.9258,35.9258,35.9258,222.27,222.27,222.27
469,6.17694e+06,6.17694e+06,6.17694e+06,33524.5,33524.5,33524.5,131494,131494,131494,2.66655e+07,2.66655e+07,2.66655e+07,3.83506e+07,3.83506e+07,3.83506e+07,36780.7,36780.7,36780.7,100698,100698,100698,1.35062e+07,1.35062e+07,1.35062e+07,4.67581e+06,4.67581e+06,4.67581e+06,2.22617e+06,2.22617e+06,2.22617e+06,9.32032e+06,9.32032e+06,9.32032e+06,2.68277e+07,2.68277e+07,2.68277e+07,49.8577,49.8577,49.8577,208.246,208.246,208.246
470,6.16851e+06,6.16851e+06,6.16851e+06,46879.3,46879.3,46879.3,122321,122321,122321,2.65424e+07,2.65424e+07,2.65424e+07,3.85046e+07,3.85046e+07,3.85046e+07,51696.9,51696.9,51696.9,93279.6,93279.6,93279.6,1.35294e+07,1.35294e+07,1.35294e+07,4.66731e+06,4.66731e+06,4.66731e+06,2.26533e+06,2.26533e+06,2.26533e+06,9.26315e+06,9.26315e+06,9.26315e+06,2.67955e+07,2.67955e+07,2.67955e+07,69.7182,69.7182,69.7182,193.981,193.981,193.981
471,6.1385e+06,6.1385e+06,6.1385e+06,65577.6,65577.6,65577.6,112634,112634,112634,2.64394e+07,2.64394e+07,2.64394e+07,3.86052e+07,3.86052e+07,3.86052e+07,72799,72799,72799,85822.7,85822.7,85822.7,1.35274e+07,1.35274e+07,1.35274e+07,4.7002e+06,4.7002e+06,4.7002e+06,2.34887e+06,2.34887e+06,2.34887e+06,9.18889e+06,9.18889e+06,9.18889e+06,2.67636e+07,2.67636e+07,2.67636e+07,97.87,97.87,97.87,179.408,179.408,179.408
472,6.07225e+06,6.07225e+06,6.07225e+06,90858.2,90858.2,90858.2,101969,101969,101969,2.63584e+07,2.63584e+07,2.63584e+07,3.86319e+07,3.86319e+07,3.86319e+07,101876,101876,101876,78079.8,78079.8,78079.8,1.3499e+07,1.3499e+07,1.3499e+07,4.78909e+06,4.78909e+06,4.78909e+06,2.49346e+06,2.49346e+06,2.49346e+06,9.09772e+06,9.09772e+06,9.09772e+06,2.6733e+07,2.6733e+07,2.6733e+07,136.946,136.946,136.946,164.07,164.07,164.07
473,5.95523e+06,5.95523e+06,5.95523e+06,122909,122909,122909,89831.7,89831.7,89831.7,2.63026e+07,2.63026e+07,2.63026e+07,3.8561e+07,3.8561e+07,3.8561e+07,139940,139940,139940,69706.9,69706.9,69706.9,1.34417e+07,1.34417e+07,1.34417e+07,4.95039e+06,4.95039e+06,4.95039e+06,2.7191e+06,2.7191e+06,2.7191e+06,8.98901e+06,8.98901e+06,8.98901e+06,2.6705e+07,2.6705e+07,2.6705e+07,188.879,188.879,188.879,147.268,147.268,147.268
474,5.77834e+06,5.77834e+06,5.77834e+06,159451,159451,159451,76018,76018,76018,2.62761e+07,2.62761e+07,2.62761e+07,3.83714e+07,3.83714e+07,3.83714e+07,185641,185641,185641,60426.4,60426.4,60426.4,1.33518e+07,1.33518e+07,1.33518e+07,5.19783e+06,5.19783e+06,5.19783e+06,3.04507e+06,3.04507e+06,3.04507e+06,8.86134e+06,8.86134e+06,8.86134e+06,2.66815e+07,2.66815e+07,2.66815e+07,252.891,252.891,252.891,128.389,128.389,128.389
475,5.54542e+06,5.54542e+06,5.54542e+06,194688,194688,194688,60986.4,60986.4,60986.4,2.62837e+07,2.62837e+07,2.62837e+07,3.80548e+07,3.80548e+07,3.80548e+07,233536,233536,233536,50257.2,50257.2,50257.2,1.32264e+07,1.32264e+07,1.32264e+07,5.53459e+06,5.53459e+06,5.53459e+06,3.48158e+06,3.48158e+06,3.48158e+06,8.71294e+06,8.71294e+06,8.71294e+06,2.66649e+07,2.66649e+07,2.66649e+07,322.896,322.896,322.896,107.39,107.39,107.39
476,5.27834e+06,5.27834e+06,5.27834e+06,220468,220468,220468,45970.5,45970.5,45970.5,2.63287e+07,2.63287e+07,2.63287e+07,3.76265e+07,3.76265e+07,3.76265e+07,274109,274109,274109,39691.6,39691.6,39691.6,1.30645e+07,1.30645e+07,1.30645e+07,5.94527e+06,5.94527e+06,5.94527e+06,4.01903e+06,4.01903e+06,4.01903e+06,8.54276e+06,8.54276e+06,8.54276e+06,2.66573e+07,2.66573e+07,2.66573e+07,386.535,386.535,386.535,85.2299,85.2299,85.2299
477,5.01338e+06,5.01338e+06,5.01338e+06,230308,230308,230308,32541.9,32541.9,32541.9,2.64114e+07,2.64114e+07,2.64114e+07,3.71287e+07,3.71287e+07,3.71287e+07,297370,297370,297370,29616.4,29616.4,29616.4,1.2869e+07,1.2869e+07,1.2869e+07,6.39499e+06,6.39499e+06,6.39499e+06,4.62208e+06,4.62208e+06,4.62208e+06,8.35158e+06,8.35158e+06,8.35158e+06,2.66604e+07,2.66604e+07,2.66604e+07,428.866,428.866,428.866,63.7903,63.7903,63.7903
478,4.78822e+06,4.78822e+06,4.78822e+06,223357,223357,223357,21843.7,21843.7,21843.7,2.65288e+07,2.65288e+07,2.65288e+07,3.66191e+07,3.66191e+07,3.66191e+07,298400,298400,298400,20935.3,20935.3,20935.3,1.26464e+07,1.26464e+07,1.26464e+07,6.83964e+06,6.83964e+06,6.83964e+06,5.23649e+06,5.23649e+06,5.23649e+06,8.14254e+06,8.14254e+06,8.14254e+06,2.66745e+07,2.66745e+07,2.66745e+07,440.104,440.104,440.104,45.1079,45.1079,45.1079
479,4.62872e+06,4.62872e+06,4.62872e+06,204355,204355,204355,14147.8,14147.8,14147.8,2.66752e+07,2.66752e+07,2.66752e+07,3.61501e+07,3.61501e+07,3.61501e+07,279934,279934,279934,14167,14167,14167,1.2405e+07,1.2405e+07,1.2405e+07,7.24145e+06,7.24145e+06,7.24145e+06,5.80708e+06,5.80708e+06,5.80708e+06,7.92058e+06,7.92058e+06,7.92058e+06,2.66986e+07,2.66986e+07,2.66986e+07,421.137,421.137,421.137,30.4416,30.4416,30.4416
480,4.54416e+06,4.54416e+06,4.54416e+06,180069,180069,180069,9024.23,9024.23,9024.23,2.68438e+07,2.68438e+07,2.68438e+07,3.57542e+07,3.57542e+07,3.57542e+07,249790,249790,249790,9321.66,9321.66,9321.66,1.21522e+07,1.21522e+07,1.21522e+07,7.57897e+06,7.57897e+06,7.57897e+06,6.29496e+06,6.29496e+06,6.29496e+06,7.6911e+06,7.6911e+06,7.6911e+06,2.67306e+07,2.67306e+07,2.67306e+07,381.757,381.757,381.757,19.9197,19.9197,19.9197
481,4.53067e+06,4.53067e+06,4.53067e+06,155969,155969,155969,5778.94,5778.94,5778.94,2.70284e+07,2.70284e+07,2.70284e+07,3.5442e+07,3.5442e+07,3.5442e+07,216225,216225,216225,6068.58,6068.58,6068.58,1.18942e+07,1.18942e+07,1.18942e+07,7.84733e+06,7.84733e+06,7.84733e+06,6.68396e+06,6.68396e+06,6.68396e+06,7.45888e+06,7.45888e+06,7.45888e+06,2.67678e+07,2.67678e+07,2.67678e+07,334.222,334.222,334.222,12.8682,12.8682,12.8682
482,4.57741e+06,4.57741e+06,4.57741e+06,135129,135129,135129,3774.47,3774.47,3774.47,2.72241e+07,2.72241e+07,2.72241e+07,3.52076e+07,3.52076e+07,3.52076e+07,185007,185007,185007,3974.32,3974.32,3974.32,1.16351e+07,1.16351e+07,1.16351e+07,8.05267e+06,8.05267e+06,8.05267e+06,6.97662e+06,6.97662e+06,6.97662e+06,7.22753e+06,7.22753e+06,7.22753e+06,2.68075e+07,2.68075e+07,2.68075e+07,288.05,288.05,288.05,8.3491,8.3491,8.3491
483,4.67139e+06,4.67139e+06,4.67139e+06,118692,118692,118692,2544.21,2544.21,2544.21,2.74272e+07,2.74272e+07,2.74272e+07,3.50376e+07,3.50376e+07,3.50376e+07,158986,158986,158986,2656.17,2656.17,2656.17,1.13773e+07,1.13773e+07,1.13773e+07,8.20625e+06,8.20625e+06,8.20625e+06,7.18631e+06,7.18631e+06,7.18631e+06,6.99947e+06,6.99947e+06,6.99947e+06,2.68473e+07,2.68473e+07,2.68473e+07,248.502,248.502,248.502,5.52133,5.52133,5.52133
484,4.79999e+06,4.79999e+06,4.79999e+06,106732,106732,106732,1784.76,1784.76,1784.76,2.76349e+07,2.76349e+07,2.76349e+07,3.49158e+07,3.49158e+07,3.49158e+07,138952,138952,138952,1832.47,1832.47,1832.47,1.11225e+07,1.11225e+07,1.11225e+07,8.32053e+06,8.32053e+06,8.32053e+06,7.33035e+06,7.33035e+06,7.33035e+06,6.77618e+06,6.77618e+06,6.77618e+06,2.68853e+07,2.68853e+07,2.68853e+07,217.472,217.472,217.472,3.76542,3.76542,3.76542
485,4.95186e+06,4.95186e+06,4.95186e+06,98906.7,98906.7,98906.7,1310.27,1310.27,1310.27,2.78456e+07,2.78456e+07,2.78456e+07,3.4827e+07,3.4827e+07,3.4827e+07,124644,124644,124644,1316.17,1316.17,1316.17,1.08716e+07,1.08716e+07,1.08716e+07,8.40726e+06,8.40726e+06,8.40726e+06,7.42597e+06,7.42597e+06,7.42597e+06,6.55852e+06,6.55852e+06,6.55852e+06,2.69202e+07,2.69202e+07,2.69202e+07,194.972,194.972,194.972,2.67138,2.67138,2.67138
486,5.11694e+06,5.11694e+06,5.11694e+06,94816.4,94816.4,94816.4,1009.98,1009.98,1009.98,2.80581e+07,2.80581e+07,2.80581e+07,3.47576e+07,3.47576e+07,3.47576e+07,115448,115448,115448,989.91,989.91,989.91,1.06251e+07,1.06251e+07,1.06251e+07,8.477e+06,8.477e+06,8.477e+06,7.48862e+06,7.48862e+06,7.48862e+06,6.34692e+06,6.34692e+06,6.34692e+06,2.69511e+07,2.69511e+07,2.69511e+07,180.276,180.276,180.276,1.98343,1.98343,1.98343
487,5.28605e+06,5.28605e+06,5.28605e+06,94167.8,94167.8,94167.8,818.354,818.354,818.354,2.82717e+07,2.82717e+07,2.82717e+07,3.46956e+07,3.46956e+07,3.46956e+07,110766,110766,110766,782.205,782.205,782.205,1.03832e+07,1.03832e+07,1.03832e+07,8.5392e+06,8.5392e+06,8.5392e+06,7.53164e+06,7.53164e+06,7.53164e+06,6.14157e+06,6.14157e+06,6.14157e+06,2.69775e+07,2.69775e+07,2.69775e+07,172.567,172.567,172.567,1.54662,1.54662,1.54662
488,5.45047e+06,5.45047e+06,5.45047e+06,96815.2,96815.2,96815.2,696.435,696.435,696.435,2.84862e+07,2.84862e+07,2.84862e+07,3.46306e+07,3.46306e+07,3.46306e+07,110157,110157,110157,649.946,649.946,649.946,1.01461e+07,1.01461e+07,1.01461e+07,8.60258e+06,8.60258e+06,8.60258e+06,7.5666e+06,7.5666e+06,7.5666e+06,5.94251e+06,5.94251e+06,5.94251e+06,2.69994e+07,2.69994e+07,2.69994e+07,171.224,171.224,171.224,1.26808,1.26808,1.26808
489,5.60159e+06,5.60159e+06,5.60159e+06,102734,102734,102734,620.681,620.681,620.681,2.87014e+07,2.87014e+07,2.87014e+07,3.45526e+07,3.45526e+07,3.45526e+07,113353,113353,113353,567.102,567.102,567.102,9.91385e+06,9.91385e+06,9.91385e+06,8.67548e+06,8.67548e+06,8.67548e+06,7.60378e+06,7.60378e+06,7.60378e+06,5.74969e+06,5.74969e+06,5.74969e+06,2.70167e+07,2.70167e+07,2.70167e+07,175.886,175.886,175.886,1.09205,1.09205,1.09205
490,5.73072e+06,5.73072e+06,5.73072e+06,111929,111929,111929,576.42,576.42,576.42,2.89176e+07,2.89176e+07,2.89176e+07,3.44523e+07,3.44523e+07,3.44523e+07,120187,120187,120187,517.717,517.717,517.717,9.68646e+06,9.68646e+06,9.68646e+06,8.76609e+06,8.76609e+06,8.76609e+06,7.65261e+06,7.65261e+06,7.65261e+06,5.56301e+06,5.56301e+06,5.56301e+06,2.703e+07,2.703e+07,2.703e+07,186.381,186.381,186.381,0.98453,0.98453,0.98453
491,5.8294e+06,5.8294e+06,5.8294e+06,124280,124280,124280,553.909,553.909,553.909,2.91353e+07,2.91353e+07,2.91353e+07,3.43211e+07,3.43211e+07,3.43211e+07,130455,130455,130455,491.649,491.649,491.649,9.46391e+06,9.46391e+06,9.46391e+06,8.88232e+06,8.88232e+06,8.88232e+06,7.72177e+06,7.72177e+06,7.72177e+06,5.38234e+06,5.38234e+06,5.38234e+06,2.704e+07,2.704e+07,2.704e+07,202.531,202.531,202.531,0.924104,0.924104,0.924104
492,5.89022e+06,5.89022e+06,5.89022e+06,139298,139298,139298,545.928,545.928,545.928,2.93552e+07,2.93552e+07,2.93552e+07,3.41513e+07,3.41513e+07,3.41513e+07,143700,143700,143700,481.926,481.926,481.926,9.24614e+06,9.24614e+06,9.24614e+06,9.0312e+06,9.0312e+06,9.0312e+06,7.81886e+06,7.81886e+06,7.81886e+06,5.20754e+06,5.20754e+06,5.20754e+06,2.70473e+07,2.70473e+07,2.70473e+07,223.842,223.842,223.842,0.896294,0.896294,0.896294
493,5.9084e+06,5.9084e+06,5.9084e+06,155871,155871,155871,546.339,546.339,546.339,2.95782e+07,2.95782e+07,2.95782e+07,3.39376e+07,3.39376e+07,3.39376e+07,158950,158950,158950,483.099,483.099,483.099,9.0331e+06,9.0331e+06,9.0331e+06,9.21763e+06,9.21763e+06,9.21763e+06,7.94945e+06,7.94945e+06,7.94945e+06,5.03844e+06,5.03844e+06,5.03844e+06,2.70532e+07,2.70532e+07,2.70532e+07,249.086,249.086,249.086,0.8901,0.8901,0.8901
494,5.88383e+06,5.88383e+06,5.88383e+06,172118,172118,172118,549.487,549.487,549.487,2.98053e+07,2.98053e+07,2.98053e+07,3.36789e+07,3.36789e+07,3.36789e+07,174533,174533,174533,490.294,490.294,490.294,8.8247e+06,8.8247e+06,8.8247e+06,9.44252e+06,9.44252e+06,9.44252e+06,8.11558e+06,8.11558e+06,8.11558e+06,4.87489e+06,4.87489e+06,4.87489e+06,2.70586e+07,2.70586e+07,2.70586e+07,275.92,275.92,275.92,0.895999,0.895999,0.895999
495,5.82266e+06,5.82266e+06,5.82266e+06,185586,185586,185586,550.413,550.413,550.413,3.00374e+07,3.00374e+07,3.00374e+07,3.338e+07,3.338e+07,3.338e+07,188134,188134,188134,498.941,498.941,498.941,8.62086e+06,8.62086e+06,8.62086e+06,9.70116e+06,9.70116e+06,9.70116e+06,8.31408e+06,8.31408e+06,8.31408e+06,4.71671e+06,4.71671e+06,4.71671e+06,2.70646e+07,2.70646e+07,2.70646e+07,300.829,300.829,300.829,0.905256,0.905256,0.905256
496,5.73752e+06,5.73752e+06,5.73752e+06,193900,193900,193900,545.695,545.695,545.695,3.02753e+07,3.02753e+07,3.02753e+07,3.30521e+07,3.30521e+07,3.30521e+07,197278,197278,197278,505.145,505.145,505.145,8.42148e+06,8.42148e+06,8.42148e+06,9.98254e+06,9.98254e+06,9.98254e+06,8.53558e+06,8.53558e+06,8.53558e+06,4.56371e+06,4.56371e+06,4.56371e+06,2.70722e+07,2.70722e+07,2.70722e+07,319.696,319.696,319.696,0.910455,0.910455,0.910455
497,5.64524e+06,5.64524e+06,5.64524e+06,195633,195633,195633,534.303,534.303,534.303,3.05194e+07,3.05194e+07,3.05194e+07,3.27115e+07,3.27115e+07,3.27115e+07,200138,200138,200138,506.437,506.437,506.437,8.22645e+06,8.22645e+06,8.22645e+06,1.02708e+07,1.02708e+07,1.02708e+07,8.7654e+06,8.7654e+06,8.7654e+06,4.41574e+06,4.41574e+06,4.41574e+06,2.70818e+07,2.70818e+07,2.70818e+07,329.025,329.025,329.025,0.906811,0.906811,0.906811
498,5.56305e+06,5.56305e+06,5.56305e+06,190874,190874,190874,517.775,517.775,517.775,3.07695e+07,3.07695e+07,3.07695e+07,3.23761e+07,3.23761e+07,3.23761e+07,196237,196237,196237,502.389,502.389,502.389,8.03568e+06,8.03568e+06,8.03568e+06,1.05487e+07,1.05487e+07,1.05487e+07,8.98625e+06,8.98625e+06,8.98625e+06,4.27259e+06,4.27259e+06,4.27259e+06,2.70935e+07,2.70935e+07,2.70935e+07,327.247,327.247,327.247,0.893285,0.893285,0.893285
499,5.50473e+06,5.50473e+06,5.50473e+06,181096,181096,181096,499.478,499.478,499.478,3.10253e+07,3.10253e+07,3.10253e+07,3.20616e+07,3.20616e+07,3.20616e+07,186588,186588,186588,494.616,494.616,494.616,7.84907e+06,7.84907e+06,7.84907e+06,1.08014e+07,1.08014e+07,1.08014e+07,9.18218e+06,9.18218e+06,9.18218e+06,4.13412e+06,4.13412e+06,4.13412e+06,2.71071e+07,2.71071e+07,2.71071e+07,315.286,315.286,315.286,0.872619,0.872619,0.872619
500,5.47854e+06,5.47854e+06,5.47854e+06,168473,168473,168473,483.464,483.464,483.464,3.12858e+07,3.12858e+07,3.12858e+07,3.17784e+07,3.17784e+07,3.17784e+07,173201,173201,173201,486.158,486.158,486.158,7.66654e+06,7.66654e+06,7.66654e+06,1.10193e+07,1.10193e+07,1.10193e+07,9.34177e+06,9.34177e+06,9.34177e+06,4.00015e+06,4.00015e+06,4.00015e+06,2.71217e+07,2.71217e+07,2.71217e+07,296.029,296.029,296.029,0.850183,0.850183,0.850183
501,5.48714e+06,5.48714e+06,5.48714e+06,155125,155125,155125,473.586,473.586,473.586,3.15501e+07,3.15501e+07,3.15501e+07,3.1531e+07,3.1531e+07,3.1531e+07,158317,158317,158317,480.662,480.662,480.662,7.48802e+06,7.48802e+06,7.48802e+06,1.11986e+07,1.11986e+07,1.11986e+07,9.45958e+06,9.45958e+06,9.45958e+06,3.87055e+06,3.87055e+06,3.87055e+06,2.71363e+07,2.71363e+07,2.71363e+07,273.134,273.134,273.134,0.832393,0.832393,0.832393
502,5.52878e+06,5.52878e+06,5.52878e+06,142663,142663,142663,473.228,473.228,473.228,3.18171e+07,3.18171e+07,3.18171e+07,3.13185e+07,3.13185e+07,3.13185e+07,143808,143808,143808,481.821,481.821,481.821,7.31344e+06,7.31344e+06,7.31344e+06,1.13404e+07,1.13404e+07,1.13404e+07,9.53566e+06,9.53566e+06,9.53566e+06,3.74517e+06,3.74517e+06,3.74517e+06,2.71501e+07,2.71501e+07,2.71501e+07,249.92,249.92,249.92,0.825587,0.825587,0.825587
503,5.59892e+06,5.59892e+06,5.59892e+06,132089,132089,132089,485.572,485.572,485.572,3.20857e+07,3.20857e+07,3.20857e+07,3.11371e+07,3.11371e+07,3.11371e+07,130932,130932,130932,493.267,493.267,493.267,7.14277e+06,7.14277e+06,7.14277e+06,1.1449e+07,1.1449e+07,1.1449e+07,9.5741e+06,9.5741e+06,9.5741e+06,3.62392e+06,3.62392e+06,3.62392e+06,2.7162e+07,2.7162e+07,2.7162e+07,228.784,228.784,228.784,0.835739,0.835739,0.835739
504,5.69155e+06,5.69155e+06,5.69155e+06,123911,123911,123911,514.184,514.184,514.184,3.23551e+07,3.23551e+07,3.23551e+07,3.09805e+07,3.09805e+07,3.09805e+07,120361,120361,120361,518.895,518.895,518.895,6.97595e+06,6.97595e+06,6.97595e+06,1.15309e+07,1.15309e+07,1.15309e+07,9.58126e+06,9.58126e+06,9.58126e+06,3.50667e+06,3.50667e+06,3.50667e+06,2.71712e+07,2.71712e+07,2.71712e+07,211.14,211.14,211.14,0.868946,0.868946,0.868946
505,5.80007e+06,5.80007e+06,5.80007e+06,118315,118315,118315,563.791,563.791,563.791,3.26247e+07,3.26247e+07,3.26247e+07,3.08422e+07,3.08422e+07,3.08422e+07,112354,112354,112354,563.489,563.489,563.489,6.81296e+06,6.81296e+06,6.81296e+06,1.15929e+07,1.15929e+07,1.15929e+07,9.56445e+06,9.56445e+06,9.56445e+06,3.39335e+06,3.39335e+06,3.39335e+06,2.71771e+07,2.71771e+07,2.71771e+07,197.64,197.64,197.64,0.932442,0.932442,0.932442
506,5.91775e+06,5.91775e+06,5.91775e+06,115315,115315,115315,641.252,641.252,641.252,3.28938e+07,3.28938e+07,3.28938e+07,3.07153e+07,3.07153e+07,3.07153e+07,106920,106920,106920,633.634,633.634,633.634,6.65378e+06,6.65378e+06,6.65378e+06,1.16421e+07,1.16421e+07,1.16421e+07,9.53106e+06,9.53106e+06,9.53106e+06,3.28388e+06,3.28388e+06,3.28388e+06,2.71794e+07,2.71794e+07,2.71794e+07,188.46,188.46,188.46,1.03601,1.03601,1.03601
507,6.03794e+06,6.03794e+06,6.03794e+06,114854,114854,114854,756.849,756.849,756.849,3.31622e+07,3.31622e+07,3.31622e+07,3.05934e+07,3.05934e+07,3.05934e+07,103952,103952,103952,738.967,738.967,738.967,6.49842e+06,6.49842e+06,6.49842e+06,1.16853e+07,1.16853e+07,1.16853e+07,9.48807e+06,9.48807e+06,9.48807e+06,3.17821e+06,3.17821e+06,3.17821e+06,2.71778e+07,2.71778e+07,2.71778e+07,183.529,183.529,183.529,1.1939,1.1939,1.1939
508,6.15414e+06,6.15414e+06,6.15414e+06,116837,116837,116837,926.064,926.064,926.064,3.34295e+07,3.34295e+07,3.34295e+07,3.04706e+07,3.04706e+07,3.04706e+07,103292,103292,103292,893.945,893.945,893.945,6.34691e+06,6.34691e+06,6.34691e+06,1.17291e+07,1.17291e+07,1.17291e+07,9.44191e+06,9.44191e+06,9.44191e+06,3.07633e+06,3.07633e+06,3.07633e+06,2.71724e+07,2.71724e+07,2.71724e+07,182.67,182.67,182.67,1.42739,1.42739,1.42739
509,6.2601e+06,6.2601e+06,6.2601e+06,121134,121134,121134,1172.09,1172.09,1172.09,3.36958e+07,3.36958e+07,3.36958e+07,3.03413e+07,3.03413e+07,3.03413e+07,104761,104761,104761,1120.38,1120.38,1120.38,6.19934e+06,6.19934e+06,6.19934e+06,1.17795e+07,1.17795e+07,1.17795e+07,9.39835e+06,9.39835e+06,9.39835e+06,2.97826e+06,2.97826e+06,2.97826e+06,2.71631e+07,2.71631e+07,2.71631e+07,185.65,185.65,185.65,1.76851,1.76851,1.76851
510,6.34994e+06,6.34994e+06,6.34994e+06,127532,127532,127532,1529.25,1529.25,1529.25,3.3961e+07,3.3961e+07,3.3961e+07,3.02006e+07,3.02006e+07,3.02006e+07,108129,108129,108129,1451.04,1451.04,1451.04,6.05586e+06,6.05586e+06,6.05586e+06,1.18422e+07,1.18422e+07,1.18422e+07,9.36246e+06,9.36246e+06,9.36246e+06,2.8841e+06,2.8841e+06,2.8841e+06,2.71504e+07,2.71504e+07,2.71504e+07,192.163,192.163,192.163,2.26524,2.26524,2.26524
511,6.41854e+06,6.41854e+06,6.41854e+06,135664,135664,135664,2047.54,2047.54,2047.54,3.42251e+07,3.42251e+07,3.42251e+07,3.00445e+07,3.00445e+07,3.00445e+07,113081,113081,113081,1934.71,1934.71,1934.71,5.91675e+06,5.91675e+06,5.91675e+06,1.19217e+07,1.19217e+07,1.19217e+07,9.33846e+06,9.33846e+06,9.33846e+06,2.79405e+06,2.79405e+06,2.79405e+06,2.71346e+07,2.71346e+07,2.71346e+07,201.748,201.748,201.748,2.98863,2.98863,2.98863
512,6.46203e+06,6.46203e+06,6.46203e+06,144929,144929,144929,2798.08,2798.08,2798.08,3.4488e+07,3.4488e+07,3.4488e+07,2.98702e+07,2.98702e+07,2.98702e+07,119146,119146,119146,2642.73,2642.73,2642.73,5.78241e+06,5.78241e+06,5.78241e+06,1.20214e+07,1.20214e+07,1.20214e+07,9.32944e+06,9.32944e+06,9.32944e+06,2.70845e+06,2.70845e+06,2.70845e+06,2.71163e+07,2.71163e+07,2.71163e+07,213.685,213.685,213.685,4.0422,4.0422,4.0422
513,6.47851e+06,6.47851e+06,6.47851e+06,154442,154442,154442,3879.37,3879.37,3879.37,3.47495e+07,3.47495e+07,3.47495e+07,2.96763e+07,2.96763e+07,2.96763e+07,125658,125658,125658,3677.24,3677.24,3677.24,5.65345e+06,5.65345e+06,5.65345e+06,1.21427e+07,1.21427e+07,1.21427e+07,9.33694e+06,9.33694e+06,9.33694e+06,2.62786e+06,2.62786e+06,2.62786e+06,2.70959e+07,2.70959e+07,2.70959e+07,226.882,226.882,226.882,5.57347,5.57347,5.57347
514,6.46864e+06,6.46864e+06,6.46864e+06,163059,163059,163059,5423.95,5423.95,5423.95,3.50089e+07,3.50089e+07,3.50089e+07,2.94641e+07,2.94641e+07,2.94641e+07,131755,131755,131755,5180.73,5180.73,5180.73,5.53077e+06,5.53077e+06,5.53077e+06,1.22844e+07,1.22844e+07,1.22844e+07,9.36049e+06,9.36049e+06,9.36049e+06,2.55311e+06,2.55311e+06,2.55311e+06,2.70742e+07,2.70742e+07,2.70742e+07,239.848,239.848,239.848,7.78722,7.78722,7.78722
515,6.4359e+06,6.4359e+06,6.4359e+06,169530,169530,169530,7606.16,7606.16,7606.16,3.52652e+07,3.52652e+07,3.52652e+07,2.92371e+07,2.92371e+07,2.92371e+07,136469,136469,136469,7347.13,7347.13,7347.13,5.41566e+06,5.41566e+06,5.41566e+06,1.24421e+07,1.24421e+07,1.24421e+07,9.39728e+06,9.39728e+06,9.39728e+06,2.48544e+06,2.48544e+06,2.48544e+06,2.70517e+07,2.70517e+07,2.70517e+07,250.798,250.798,250.798,10.9606,10.9606,10.9606
516,6.38621e+06,6.38621e+06,6.38621e+06,172754,172754,172754,10652.8,10652.8,10652.8,3.55164e+07,3.55164e+07,3.55164e+07,2.90012e+07,2.90012e+07,2.90012e+07,138895,138895,138895,10435.4,10435.4,10435.4,5.30987e+06,5.30987e+06,5.30987e+06,1.26084e+07,1.26084e+07,1.26084e+07,9.44214e+06,9.44214e+06,9.44214e+06,2.42665e+06,2.42665e+06,2.42665e+06,2.70289e+07,2.70289e+07,2.70289e+07,257.938,257.938,257.938,15.4614,15.4614,15.4614
517,6.32668e+06,6.32668e+06,6.32668e+06,172048,172048,172048,14860.4,14860.4,14860.4,3.57595e+07,3.57595e+07,3.57595e+07,2.87644e+07,2.87644e+07,2.87644e+07,138407,138407,138407,14788.1,14788.1,14788.1,5.21578e+06,5.21578e+06,5.21578e+06,1.27739e+07,1.27739e+07,1.27739e+07,9.48807e+06,9.48807e+06,9.48807e+06,2.3792e+06,2.3792e+06,2.3792e+06,2.70062e+07,2.70062e+07,2.70062e+07,259.853,259.853,259.853,21.7738,21.7738,21.7738
518,6.26395e+06,6.26395e+06,6.26395e+06,167301,167301,167301,20622.5,20622.5,20622.5,3.599e+07,3.599e+07,3.599e+07,2.8535e+07,2.8535e+07,2.8535e+07,134808,134808,134808,20859.8,20859.8,20859.8,5.13664e+06,5.13664e+06,5.13664e+06,1.29282e+07,1.29282e+07,1.29282e+07,9.52726e+06,9.52726e+06,9.52726e+06,2.34652e+06,2.34652e+06,2.34652e+06,2.69839e+07,2.69839e+07,2.69839e+07,255.861,255.861,255.861,30.5371,30.5371,30.5371
519,6.20241e+06,6.20241e+06,6.20241e+06,158937,158937,158937,28463.8,28463.8,28463.8,3.62018e+07,3.62018e+07,3.62018e+07,2.83211e+07,2.83211e+07,2.83211e+07,128344,128344,128344,29253.9,29253.9,29253.9,5.07677e+06,5.07677e+06,5.07677e+06,1.30616e+07,1.30616e+07,1.30616e+07,9.55219e+06,9.55219e+06,9.55219e+06,2.33326e+06,2.33326e+06,2.33326e+06,2.6962e+07,2.6962e+07,2.6962e+07,246.125,246.125,246.125,42.6017,42.6017,42.6017
520,6.14282e+06,6.14282e+06,6.14282e+06,147699,147699,147699,39068.8,39068.8,39068.8,3.63865e+07,3.63865e+07,3.63865e+07,2.81294e+07,2.81294e+07,2.81294e+07,119577,119577,119577,40761.3,40761.3,40761.3,5.04197e+06,5.04197e+06,5.04197e+06,1.31663e+07,1.31663e+07,1.31663e+07,9.5567e+06,9.5567e+06,9.5567e+06,2.34567e+06,2.34567e+06,2.34567e+06,2.69408e+07,2.69408e+07,2.69408e+07,231.501,231.501,231.501,59.092,59.092,59.092
521,6.08168e+06,6.08168e+06,6.08168e+06,134389,134389,134389,53266.3,53266.3,53266.3,3.65333e+07,3.65333e+07,3.65333e+07,2.79649e+07,2.79649e+07,2.79649e+07,109185,109185,109185,56367.6,56367.6,56367.6,5.03988e+06,5.03988e+06,5.03988e+06,1.32365e+07,1.32365e+07,1.32365e+07,9.53644e+06,9.53644e+06,9.53644e+06,2.39211e+06,2.39211e+06,2.39211e+06,2.69204e+07,2.69204e+07,2.69204e+07,213.181,213.181,213.181,81.4388,81.4388,81.4388
522,6.01145e+06,6.01145e+06,6.01145e+06,119671,119671,119671,71901.8,71901.8,71901.8,3.66282e+07,3.66282e+07,3.66282e+07,2.78312e+07,2.78312e+07,2.78312e+07,97774.3,97774.3,97774.3,77161.7,77161.7,77161.7,5.08018e+06,5.08018e+06,5.08018e+06,1.32686e+07,1.32686e+07,1.32686e+07,9.48888e+06,9.48888e+06,9.48888e+06,2.48332e+06,2.48332e+06,2.48332e+06,2.69011e+07,2.69011e+07,2.69011e+07,192.33,192.33,192.33,111.294,111.294,111.294
523,5.92168e+06,5.92168e+06,5.92168e+06,104018,104018,104018,95487.9,95487.9,95487.9,3.66549e+07,3.66549e+07,3.66549e+07,2.7731e+07,2.7731e+07,2.7731e+07,85787.9,85787.9,85787.9,104028,104028,104028,5.17423e+06,5.17423e+06,5.17423e+06,1.32605e+07,1.32605e+07,1.32605e+07,9.41292e+06,9.41292e+06,9.41292e+06,2.63233e+06,2.63233e+06,2.63233e+06,2.68836e+07,2.68836e+07,2.68836e+07,169.862,169.862,169.862,150.169,150.169,150.169
524,5.80164e+06,5.80164e+06,5.80164e+06,87796,87796,87796,123558,123558,123558,3.65966e+07,3.65966e+07,3.65966e+07,2.76666e+07,2.76666e+07,2.76666e+07,73518.8,73518.8,73518.8,136997,136997,136997,5.33337e+06,5.33337e+06,5.33337e+06,1.32111e+07,1.32111e+07,1.32111e+07,9.3084e+06,9.3084e+06,9.3084e+06,2.85307e+06,2.85307e+06,2.85307e+06,2.68688e+07,2.68688e+07,2.68688e+07,146.419,146.419,146.419,198.599,198.599,198.599
525,5.64458e+06,5.64458e+06,5.64458e+06,71450.5,71450.5,71450.5,153864,153864,153864,3.64407e+07,3.64407e+07,3.64407e+07,2.76396e+07,2.76396e+07,2.76396e+07,61211.8,61211.8,61211.8,174293,174293,174293,5.5654e+06,5.5654e+06,5.5654e+06,1.31204e+07,1.31204e+07,1.31204e+07,9.17586e+06,9.17586e+06,9.17586e+06,3.15699e+06,3.15699e+06,3.15699e+06,2.68579e+07,2.68579e+07,2.68579e+07,122.54,122.54,122.54,254.776,254.776,254.776
526,5.45279e+06,5.45279e+06,5.45279e+06,55662.2,55662.2,55662.2,182029,182029,182029,3.61848e+07,3.61848e+07,3.61848e+07,2.76514e+07,2.76514e+07,2.76514e+07,49195.9,49195.9,49195.9,211568,211568,211568,5.86941e+06,5.86941e+06,5.86941e+06,1.299e+07,1.299e+07,1.299e+07,9.01651e+06,9.01651e+06,9.01651e+06,3.54741e+06,3.54741e+06,3.54741e+06,2.68524e+07,2.68524e+07,2.68524e+07,98.9184,98.9184,98.9184,313.192,313.192,313.192
527,5.24061e+06,5.24061e+06,5.24061e+06,41320.6,41320.6,41320.6,202558,202558,202558,3.58432e+07,3.58432e+07,3.58432e+07,2.77015e+07,2.77015e+07,2.77015e+07,37952.2,37952.2,37952.2,242348,242348,242348,6.23148e+06,6.23148e+06,6.23148e+06,1.28231e+07,1.28231e+07,1.28231e+07,8.83255e+06,8.83255e+06,8.83255e+06,4.01341e+06,4.01341e+06,4.01341e+06,2.68538e+07,2.68538e+07,2.68538e+07,76.558,76.558,76.558,364.651,364.651,364.651
528,5.03208e+06,5.03208e+06,5.03208e+06,29256.8,29256.8,29256.8,211262,211262,211262,3.54473e+07,3.54473e+07,3.54473e+07,2.77877e+07,2.77877e+07,2.77877e+07,28037.2,28037.2,28037.2,260334,260334,260334,6.6249e+06,6.6249e+06,6.6249e+06,1.26255e+07,1.26255e+07,1.26255e+07,8.62748e+06,8.62748e+06,8.62748e+06,4.52745e+06,4.52745e+06,4.52745e+06,2.68631e+07,2.68631e+07,2.68631e+07,56.6438,56.6438,56.6438,399.003,399.003,399.003
529,4.8532e+06,4.8532e+06,4.8532e+06,19907.2,19907.2,19907.2,207482,207482,207482,3.50381e+07,3.50381e+07,3.50381e+07,2.79057e+07,2.79057e+07,2.79057e+07,19887.1,19887.1,19887.1,262470,262470,262470,7.01704e+06,7.01704e+06,7.01704e+06,1.24044e+07,1.24044e+07,1.24044e+07,8.406e+06,8.406e+06,8.406e+06,5.0504e+06,5.0504e+06,5.0504e+06,2.68805e+07,2.68805e+07,2.68805e+07,40.1519,40.1519,40.1519,409.805,409.805,409.805
530,4.72344e+06,4.72344e+06,4.72344e+06,13186.3,13186.3,13186.3,194147,194147,194147,3.46534e+07,3.46534e+07,3.46534e+07,2.80501e+07,2.80501e+07,2.80501e+07,13650.4,13650.4,13650.4,250354,250354,250354,7.37902e+06,7.37902e+06,7.37902e+06,1.21673e+07,1.21673e+07,1.21673e+07,8.17341e+06,8.17341e+06,8.17341e+06,5.5426e+06,5.5426e+06,5.5426e+06,2.6905e+07,2.6905e+07,2.6905e+07,27.4776,27.4776,27.4776,397.497,397.497,397.497
531,4.65167e+06,4.65167e+06,4.65167e+06,8634.54,8634.54,8634.54,175836,175836,175836,3.43189e+07,3.43189e+07,3.43189e+07,2.82147e+07,2.82147e+07,2.82147e+07,9173.31,9173.31,9173.31,228926,228926,228926,7.69267e+06,7.69267e+06,7.69267e+06,1.19207e+07,1.19207e+07,1.19207e+07,7.93481e+06,7.93481e+06,7.93481e+06,5.97457e+06,5.97457e+06,5.97457e+06,2.69353e+07,2.69353e+07,2.69353e+07,18.3697,18.3697,18.3697,368.508,368.508,368.508
532,4.6372e+06,4.6372e+06,4.6372e+06,5674.01,5674.01,5674.01,156682,156682,156682,3.40454e+07,3.40454e+07,3.40454e+07,2.83945e+07,2.83945e+07,2.83945e+07,6116.66,6116.66,6116.66,203824,203824,203824,7.95168e+06,7.95168e+06,7.95168e+06,1.16697e+07,1.16697e+07,1.16697e+07,7.69449e+06,7.69449e+06,7.69449e+06,6.33184e+06,6.33184e+06,6.33184e+06,2.69692e+07,2.69692e+07,2.69692e+07,12.1631,12.1631,12.1631,331.496,331.496,331.496
533,4.67319e+06,4.67319e+06,4.67319e+06,3790.15,3790.15,3790.15,139387,139387,139387,3.38312e+07,3.38312e+07,3.38312e+07,2.8585e+07,2.8585e+07,2.8585e+07,4100.56,4100.56,4100.56,179443,179443,179443,8.15866e+06,8.15866e+06,8.15866e+06,1.14178e+07,1.14178e+07,1.14178e+07,7.45564e+06,7.45564e+06,7.45564e+06,6.61351e+06,6.61351e+06,6.61351e+06,2.70047e+07,2.70047e+07,2.70047e+07,8.0855,8.0855,8.0855,293.885,293.885,293.885
534,4.75006e+06,4.75006e+06,4.75006e+06,2599.61,2599.61,2599.61,125276,125276,125276,3.36681e+07,3.36681e+07,3.36681e+07,2.87829e+07,2.87829e+07,2.87829e+07,2796.46,2796.46,2796.46,158346,158346,158346,8.32127e+06,8.32127e+06,8.32127e+06,1.11673e+07,1.11673e+07,1.11673e+07,7.22043e+06,7.22043e+06,7.22043e+06,6.82754e+06,6.82754e+06,6.82754e+06,2.704e+07,2.704e+07,2.704e+07,5.46159,5.46159,5.46159,260.403,260.403,260.403
535,4.8576e+06,4.8576e+06,4.8576e+06,1844.33,1844.33,1844.33,114766,114766,114766,3.35444e+07,3.35444e+07,3.35444e+07,2.89859e+07,2.89859e+07,2.89859e+07,1958.82,1958.82,1958.82,141602,141602,141602,8.44915e+06,8.44915e+06,8.44915e+06,1.09196e+07,1.09196e+07,1.09196e+07,6.99022e+06,6.99022e+06,6.99022e+06,6.98617e+06,6.98617e+06,6.98617e+06,2.70734e+07,2.70734e+07,2.70734e+07,3.78588,3.78588,3.78588,233.302,233.302,233.302
536,4.98599e+06,4.98599e+06,4.98599e+06,1360.2,1360.2,1360.2,107821,107821,107821,3.34482e+07,3.34482e+07,3.34482e+07,2.91923e+07,2.91923e+07,2.91923e+07,1419.66,1419.66,1419.66,129379,129379,129379,8.55216e+06,8.55216e+06,8.55216e+06,1.06754e+07,1.06754e+07,1.06754e+07,6.76582e+06,6.76582e+06,6.76582e+06,7.10267e+06,7.10267e+06,7.10267e+06,2.71039e+07,2.71039e+07,2.71039e+07,2.71342,2.71342,2.71342,213.214,213.214,213.214
537,5.12612e+06,5.12612e+06,5.12612e+06,1045.82,1045.82,1045.82,104252,104252,104252,3.33681e+07,3.33681e+07,3.33681e+07,2.94011e+07,2.94011e+07,2.94011e+07,1069.98,1069.98,1069.98,121437,121437,121437,8.63964e+06,8.63964e+06,8.63964e+06,1.04354e+07,1.04354e+07,1.04354e+07,6.54764e+06,6.54764e+06,6.54764e+06,7.1897e+06,7.1897e+06,7.1897e+06,2.71306e+07,2.71306e+07,2.71306e+07,2.02136,2.02136,2.02136,199.964,199.964,199.964
538,5.26947e+06,5.26947e+06,5.26947e+06,839.117,839.117,839.117,103878,103878,103878,3.32939e+07,3.32939e+07,3.32939e+07,2.96114e+07,2.96114e+07,2.96114e+07,841.048,841.048,841.048,117430,117430,117430,8.72028e+06,8.72028e+06,8.72028e+06,1.01999e+07,1.01999e+07,1.01999e+07,6.33587e+06,6.33587e+06,6.33587e+06,7.25873e+06,7.25873e+06,7.25873e+06,2.71532e+07,2.71532e+07,2.71532e+07,1.56995,1.56995,1.56995,193.117,193.117,193.117
539,5.4079e+06,5.4079e+06,5.4079e+06,702.001,702.001,702.001,106569,106569,106569,3.3216e+07,3.3216e+07,3.3216e+07,2.98232e+07,2.98232e+07,2.98232e+07,690.016,690.016,690.016,117042,117042,117042,8.80217e+06,8.80217e+06,8.80217e+06,9.9688e+06,9.9688e+06,9.9688e+06,6.13055e+06,6.13055e+06,6.13055e+06,7.31997e+06,7.31997e+06,7.31997e+06,2.71716e+07,2.71716e+07,2.71716e+07,1.27259,1.27259,1.27259,192.244,192.244,192.244
540,5.53352e+06,5.53352e+06,5.53352e+06,610.726,610.726,610.726,112234,112234,112234,3.31259e+07,3.31259e+07,3.31259e+07,3.00362e+07,3.00362e+07,3.00362e+07,590.137,590.137,590.137,120017,120017,120017,8.89301e+06,8.89301e+06,8.89301e+06,9.74237e+06,9.74237e+06,9.74237e+06,5.93163e+06,5.93163e+06,5.93163e+06,7.38258e+06,7.38258e+06,7.38258e+06,2.71859e+07,2.71859e+07,2.71859e+07,1.07552,1.07552,1.07552,197.009,197.009,197.009
541,5.63875e+06,5.63875e+06,5.63875e+06,550.078,550.078,550.078,120733,120733,120733,3.30155e+07,3.30155e+07,3.30155e+07,3.02507e+07,3.02507e+07,3.02507e+07,524.465,524.465,524.465,126107,126107,126107,9.00004e+06,9.00004e+06,9.00004e+06,9.52055e+06,9.52055e+06,9.52055e+06,5.73901e+06,5.73901e+06,5.73901e+06,7.4548e+06,7.4548e+06,7.4548e+06,2.71964e+07,2.71964e+07,2.71964e+07,0.944949,0.944949,0.944949,207.104,207.104,207.104
542,5.71675e+06,5.71675e+06,5.71675e+06,509.839,509.839,509.839,131745,131745,131745,3.28778e+07,3.28778e+07,3.28778e+07,3.04672e+07,3.04672e+07,3.04672e+07,481.923,481.923,481.923,134952,134952,134952,9.12983e+06,9.12983e+06,9.12983e+06,9.30335e+06,9.30335e+06,9.30335e+06,5.55255e+06,5.55255e+06,5.55255e+06,7.54385e+06,7.54385e+06,7.54385e+06,2.72037e+07,2.72037e+07,2.72037e+07,0.858991,0.858991,0.858991,222.091,222.091,222.091
543,5.76223e+06,5.76223e+06,5.76223e+06,482.688,482.688,482.688,144600,144600,144600,3.27072e+07,3.27072e+07,3.27072e+07,3.06862e+07,3.06862e+07,3.06862e+07,454.873,454.873,454.873,145929,145929,145929,9.28756e+06,9.28756e+06,9.28756e+06,9.0907e+06,9.0907e+06,9.0907e+06,5.3721e+06,5.3721e+06,5.3721e+06,7.65548e+06,7.65548e+06,7.65548e+06,2.72086e+07,2.72086e+07,2.72086e+07,0.80277,0.80277,0.80277,241.138,241.138,241.138
544,5.77278e+06,5.77278e+06,5.77278e+06,463.038,463.038,463.038,158133,158133,158133,3.25008e+07,3.25008e+07,3.25008e+07,3.09085e+07,3.09085e+07,3.09085e+07,437.675,437.675,437.675,158002,158002,158002,9.47597e+06,9.47597e+06,9.47597e+06,8.88256e+06,8.88256e+06,8.88256e+06,5.1975e+06,5.1975e+06,5.1975e+06,7.79318e+06,7.79318e+06,7.79318e+06,2.72118e+07,2.72118e+07,2.72118e+07,0.765497,0.765497,0.765497,262.747,262.747,262.747
545,5.75013e+06,5.75013e+06,5.75013e+06,446.561,446.561,446.561,170697,170697,170697,3.22595e+07,3.22595e+07,3.22595e+07,3.11348e+07,3.11348e+07,3.11348e+07,425.915,425.915,425.915,169669,169669,169669,9.69411e+06,9.69411e+06,9.69411e+06,8.67885e+06,8.67885e+06,8.67885e+06,5.02858e+06,5.02858e+06,5.02858e+06,7.95705e+06,7.95705e+06,7.95705e+06,2.72143e+07,2.72143e+07,2.72143e+07,0.738895,0.738895,0.738895,284.589,284.589,284.589
546,5.70092e+06,5.70092e+06,5.70092e+06,430.187,430.187,430.187,180424,180424,180424,3.19888e+07,3.19888e+07,3.19888e+07,3.13659e+07,3.13659e+07,3.13659e+07,416.16,416.16,416.16,179126,179126,179126,9.93646e+06,9.93646e+06,9.93646e+06,8.4795e+06,8.4795e+06,8.4795e+06,4.86515e+06,4.86515e+06,4.86515e+06,8.14291e+06,8.14291e+06,8.14291e+06,2.72169e+07,2.72169e+07,2.72169e+07,0.716598,0.716598,0.716598,303.659,303.659,303.659
547,5.63612e+06,5.63612e+06,5.63612e+06,412.316,412.316,412.316,185740,185740,185740,3.16987e+07,3.16987e+07,3.16987e+07,3.16023e+07,3.16023e+07,3.16023e+07,406.051,406.051,406.051,184688,184688,184688,1.01931e+07,1.01931e+07,1.01931e+07,8.28441e+06,8.28441e+06,8.28441e+06,4.70704e+06,4.70704e+06,4.70704e+06,8.34215e+06,8.34215e+06,8.34215e+06,2.72201e+07,2.72201e+07,2.72201e+07,0.694219,0.694219,0.694219,316.875,316.875,316.875
548,5.56904e+06,5.56904e+06,5.56904e+06,392.885,392.885,392.885,185902,185902,185902,3.14021e+07,3.14021e+07,3.14021e+07,3.18441e+07,3.18441e+07,3.18441e+07,394.485,394.485,394.485,185312,185312,185312,1.04511e+07,1.04511e+07,1.04511e+07,8.0935e+06,8.0935e+06,8.0935e+06,4.55408e+06,4.55408e+06,4.55408e+06,8.54287e+06,8.54287e+06,8.54287e+06,2.72243e+07,2.72243e+07,2.72243e+07,0.669617,0.669617,0.669617,321.984,321.984,321.984
549,5.51254e+06,5.51254e+06,5.51254e+06,373.087,373.087,373.087,181243,181243,181243,3.11123e+07,3.11123e+07,3.11123e+07,3.20911e+07,3.20911e+07,3.20911e+07,381.641,381.641,381.641,180952,180952,180952,1.06975e+07,1.06975e+07,1.06975e+07,7.9067e+06,7.9067e+06,7.9067e+06,4.40609e+06,4.40609e+06,4.40609e+06,8.7321e+06,8.7321e+06,8.7321e+06,2.72296e+07,2.72296e+07,2.72296e+07,0.642919,0.642919,0.642919,318.321,318.321,318.321
550,5.47656e+06,5.47656e+06,5.47656e+06,354.811,354.811,354.811,172983,172983,172983,3.08403e+07,3.08403e+07,3.08403e+07,3.2343e+07,3.2343e+07,3.2343e+07,368.716,368.716,368.716,172534,172534,172534,1.09216e+07,1.09216e+07,1.09216e+07,7.72392e+06,7.72392e+06,7.72392e+06,4.26291e+06,4.26291e+06,4.26291e+06,8.89852e+06,8.89852e+06,8.89852e+06,2.72355e+07,2.72355e+07,2.72355e+07,0.616052,0.616052,0.616052,306.987,306.987,306.987
551,5.46686e+06,5.46686e+06,5.46686e+06,340.068,340.068,340.068,162751,162751,162751,3.05934e+07,3.05934e+07,3.05934e+07,3.25989e+07,3.25989e+07,3.25989e+07,357.484,357.484,357.484,161570,161570,161570,1.11166e+07,1.11166e+07,1.11166e+07,7.54509e+06,7.54509e+06,7.54509e+06,4.12438e+06,4.12438e+06,4.12438e+06,9.03437e+06,9.03437e+06,9.03437e+06,2.72414e+07,2.72414e+07,2.72414e+07,0.591947,0.591947,0.591947,290.343,290.343,290.343
552,5.48509e+06,5.48509e+06,5.48509e+06,330.663,330.663,330.663,152106,152106,152106,3.03742e+07,3.03742e+07,3.03742e+07,3.2858e+07,3.2858e+07,3.2858e+07,349.886,349.886,349.886,149673,149673,149673,1.128e+07,1.128e+07,1.128e+07,7.37015e+06,7.37015e+06,7.37015e+06,3.99036e+06,3.99036e+06,3.99036e+06,9.13625e+06,9.13625e+06,9.13625e+06,2.72467e+07,2.72467e+07,2.72467e+07,0.57378,0.57378,0.57378,271.186,271.186,271.186
553,5.52963e+06,5.52963e+06,5.52963e+06,328.154,328.154,328.154,142256,142256,142256,3.01821e+07,3.01821e+07,3.01821e+07,3.31194e+07,3.31194e+07,3.31194e+07,347.813,347.813,347.813,138188,138188,138188,1.14132e+07,1.14132e+07,1.14132e+07,7.19903e+06,7.19903e+06,7.19903e+06,3.86071e+06,3.86071e+06,3.86071e+06,9.2047e+06,9.2047e+06,9.2047e+06,2.72505e+07,2.72505e+07,2.72505e+07,0.56455,0.56455,0.56455,252.026,252.026,252.026
554,5.59665e+06,5.59665e+06,5.59665e+06,334.026,334.026,334.026,133992,133992,133992,3.00135e+07,3.00135e+07,3.00135e+07,3.33823e+07,3.33823e+07,3.33823e+07,353.113,353.113,353.113,128045,128045,128045,1.15198e+07,1.15198e+07,1.15198e+07,7.03169e+06,7.03169e+06,7.03169e+06,3.7353e+06,3.7353e+06,3.7353e+06,9.24314e+06,9.24314e+06,9.24314e+06,2.72521e+07,2.72521e+07,2.72521e+07,0.56706,0.56706,0.56706,234.717,234.717,234.717
555,5.68109e+06,5.68109e+06,5.68109e+06,349.99,349.99,349.99,127753,127753,127753,2.98637e+07,2.98637e+07,2.98637e+07,3.3646e+07,3.3646e+07,3.3646e+07,367.782,367.782,367.782,119776,119776,119776,1.16052e+07,1.16052e+07,1.16052e+07,6.86806e+06,6.86806e+06,6.86806e+06,3.61402e+06,3.61402e+06,3.61402e+06,9.25675e+06,9.25675e+06,9.25675e+06,2.7251e+07,2.7251e+07,2.7251e+07,0.584205,0.584205,0.584205,220.412,220.412,220.412
556,5.77727e+06,5.77727e+06,5.77727e+06,378.326,378.326,378.326,123732,123732,123732,2.97272e+07,2.97272e+07,2.97272e+07,3.39101e+07,3.39101e+07,3.39101e+07,394.282,394.282,394.282,113615,113615,113615,1.16751e+07,1.16751e+07,1.16751e+07,6.70811e+06,6.70811e+06,6.70811e+06,3.49676e+06,3.49676e+06,3.49676e+06,9.25147e+06,9.25147e+06,9.25147e+06,2.72466e+07,2.72466e+07,2.72466e+07,0.619454,0.619454,0.619454,209.702,209.702,209.702
557,5.87935e+06,5.87935e+06,5.87935e+06,422.287,422.287,422.287,121980,121980,121980,2.95983e+07,2.95983e+07,2.95983e+07,3.4174e+07,3.4174e+07,3.4174e+07,435.947,435.947,435.947,109604,109604,109604,1.17357e+07,1.17357e+07,1.17357e+07,6.55179e+06,6.55179e+06,6.55179e+06,3.38342e+06,3.38342e+06,3.38342e+06,9.2334e+06,9.2334e+06,9.2334e+06,2.72388e+07,2.72388e+07,2.72388e+07,0.67747,0.67747,0.67747,202.797,202.797,202.797
558,5.9815e+06,5.9815e+06,5.9815e+06,486.58,486.58,486.58,122457,122457,122457,2.94717e+07,2.94717e+07,2.94717e+07,3.44375e+07,3.44375e+07,3.44375e+07,497.506,497.506,497.506,107675,107675,107675,1.17929e+07,1.17929e+07,1.17929e+07,6.39908e+06,6.39908e+06,6.39908e+06,3.27392e+06,3.27392e+06,3.27392e+06,9.20836e+06,9.20836e+06,9.20836e+06,2.72274e+07,2.72274e+07,2.72274e+07,0.764854,0.764854,0.764854,199.685,199.685,199.685
559,6.07808e+06,6.07808e+06,6.07808e+06,577.963,577.963,577.963,125061,125061,125061,2.93422e+07,2.93422e+07,2.93422e+07,3.47006e+07,3.47006e+07,3.47006e+07,585.751,585.751,585.751,107697,107697,107697,1.18524e+07,1.18524e+07,1.18524e+07,6.24998e+06,6.24998e+06,6.24998e+06,3.16819e+06,3.16819e+06,3.16819e+06,9.18176e+06,9.18176e+06,9.18176e+06,2.72125e+07,2.72125e+07,2.72125e+07,0.89109,0.89109,0.89109,200.215,200.215,200.215
560,6.16385e+06,6.16385e+06,6.16385e+06,706.002,706.002,706.002,129614,129614,129614,2.92054e+07,2.92054e+07,2.92054e+07,3.49633e+07,3.49633e+07,3.49633e+07,710.406,710.406,710.406,109480,109480,109480,1.19195e+07,1.19195e+07,1.19195e+07,6.10447e+06,6.10447e+06,6.10447e+06,3.06619e+06,3.06619e+06,3.06619e+06,9.15838e+06,9.15838e+06,9.15838e+06,2.71942e+07,2.71942e+07,2.71942e+07,1.06974,1.06974,1.06974,204.129,204.129,204.129
561,6.23422e+06,6.23422e+06,6.23422e+06,883.992,883.992,883.992,135826,135826,135826,2.90574e+07,2.90574e+07,2.90574e+07,3.52256e+07,3.52256e+07,3.52256e+07,885.252,885.252,885.252,112761,112761,112761,1.19984e+07,1.19984e+07,1.19984e+07,5.96261e+06,5.96261e+06,5.96261e+06,2.9679e+06,2.9679e+06,2.9679e+06,9.14232e+06,9.14232e+06,9.14232e+06,2.71728e+07,2.71728e+07,2.71728e+07,1.31998,1.31998,1.31998,211.033,211.033,211.033
562,6.28563e+06,6.28563e+06,6.28563e+06,1130.04,1130.04,1130.04,143242,143242,143242,2.88952e+07,2.88952e+07,2.88952e+07,3.54879e+07,3.54879e+07,3.54879e+07,1129.53,1129.53,1129.53,117173,117173,117173,1.20928e+07,1.20928e+07,1.20928e+07,5.82447e+06,5.82447e+06,5.82447e+06,2.87337e+06,2.87337e+06,2.87337e+06,9.1367e+06,9.1367e+06,9.1367e+06,2.71487e+07,2.71487e+07,2.71487e+07,1.66848,1.66848,1.66848,220.339,220.339,220.339
563,6.3161e+06,6.3161e+06,6.3161e+06,1468.29,1468.29,1468.29,151217,151217,151217,2.87173e+07,2.87173e+07,2.87173e+07,3.57502e+07,3.57502e+07,3.57502e+07,1469.66,1469.66,1469.66,122215,122215,122215,1.22046e+07,1.22046e+07,1.22046e+07,5.69018e+06,5.69018e+06,5.69018e+06,2.78266e+06,2.78266e+06,2.78266e+06,9.14346e+06,9.14346e+06,9.14346e+06,2.71223e+07,2.71223e+07,2.71223e+07,2.15166,2.15166,2.15166,231.196,231.196,231.196
564,6.32563e+06,6.32563e+06,6.32563e+06,1930.43,1930.43,1930.43,158919,158919,158919,2.85236e+07,2.85236e+07,2.85236e+07,3.60126e+07,3.60126e+07,3.60126e+07,1941.3,1941.3,1941.3,127253,127253,127253,1.23338e+07,1.23338e+07,1.23338e+07,5.55993e+06,5.55993e+06,5.55993e+06,2.69595e+06,2.69595e+06,2.69595e+06,9.16302e+06,9.16302e+06,9.16302e+06,2.70942e+07,2.70942e+07,2.70942e+07,2.81841,2.81841,2.81841,242.467,242.467,242.467
565,6.31658e+06,6.31658e+06,6.31658e+06,2557.68,2557.68,2557.68,165418,165418,165418,2.83159e+07,2.83159e+07,2.83159e+07,3.62752e+07,3.62752e+07,3.62752e+07,2592.03,2592.03,2592.03,131565,131565,131565,1.2478e+07,1.2478e+07,1.2478e+07,5.43401e+06,5.43401e+06,5.43401e+06,2.6135e+06,2.6135e+06,2.6135e+06,9.19403e+06,9.19403e+06,9.19403e+06,2.70647e+07,2.70647e+07,2.70647e+07,3.73344,3.73344,3.73344,252.789,252.789,252.789
566,6.29345e+06,6.29345e+06,6.29345e+06,3404.2,3404.2,3404.2,169846,169846,169846,2.8098e+07,2.8098e+07,2.8098e+07,3.65378e+07,3.65378e+07,3.65378e+07,3485.13,3485.13,3485.13,134452,134452,134452,1.26328e+07,1.26328e+07,1.26328e+07,5.31283e+06,5.31283e+06,5.31283e+06,2.5357e+06,2.5357e+06,2.5357e+06,9.23335e+06,9.23335e+06,9.23335e+06,2.70343e+07,2.70343e+07,2.70343e+07,4.98208,4.98208,4.98208,260.743,260.743,260.743
567,6.26233e+06,6.26233e+06,6.26233e+06,4543.08,4543.08,4543.08,171590,171590,171590,2.78751e+07,2.78751e+07,2.78751e+07,3.67996e+07,3.67996e+07,3.67996e+07,4705.88,4705.88,4705.88,135374,135374,135374,1.27917e+07,1.27917e+07,1.27917e+07,5.19693e+06,5.19693e+06,5.19693e+06,2.46313e+06,2.46313e+06,2.46313e+06,9.27632e+06,9.27632e+06,9.27632e+06,2.70033e+07,2.70033e+07,2.70033e+07,6.67824,6.67824,6.67824,265.127,265.127,265.127
568,6.22976e+06,6.22976e+06,6.22976e+06,6076.85,6076.85,6076.85,170431,170431,170431,2.76531e+07,2.76531e+07,2.76531e+07,3.70595e+07,3.70595e+07,3.70595e+07,6372.08,6372.08,6372.08,134077,134077,134077,1.29473e+07,1.29473e+07,1.29473e+07,5.08709e+06,5.08709e+06,5.08709e+06,2.3966e+06,2.3966e+06,2.3966e+06,9.3174e+06,9.3174e+06,9.3174e+06,2.69719e+07,2.69719e+07,2.69719e+07,8.9779,8.9779,8.9779,265.224,265.224,265.224
569,6.20153e+06,6.20153e+06,6.20153e+06,8154.54,8154.54,8154.54,166576,166576,166576,2.74378e+07,2.74378e+07,2.74378e+07,3.7316e+07,3.7316e+07,3.7316e+07,8651.73,8651.73,8651.73,130642,130642,130642,1.30925e+07,1.30925e+07,1.30925e+07,4.98437e+06,4.98437e+06,4.98437e+06,2.33724e+06,2.33724e+06,2.33724e+06,9.35103e+06,9.35103e+06,9.35103e+06,2.69401e+07,2.69401e+07,2.69401e+07,12.1021,12.1021,12.1021,260.957,260.957,260.957
570,6.1816e+06,6.1816e+06,6.1816e+06,10997.9,10997.9,10997.9,160557,160557,160557,2.72342e+07,2.72342e+07,2.72342e+07,3.75664e+07,3.75664e+07,3.75664e+07,11791.1,11791.1,11791.1,125436,125436,125436,1.32213e+07,1.32213e+07,1.32213e+07,4.89029e+06,4.89029e+06,4.89029e+06,2.28669e+06,2.28669e+06,2.28669e+06,9.37241e+06,9.37241e+06,9.37241e+06,2.69079e+07,2.69079e+07,2.69079e+07,16.3735,16.3735,16.3735,252.857,252.857,252.857
571,6.17135e+06,6.17135e+06,6.17135e+06,14939.7,14939.7,14939.7,153046,153046,153046,2.70457e+07,2.70457e+07,2.70457e+07,3.78073e+07,3.78073e+07,3.78073e+07,16156.9,16156.9,16156.9,118986,118986,118986,1.33292e+07,1.33292e+07,1.33292e+07,4.80706e+06,4.80706e+06,4.80706e+06,2.24729e+06,2.24729e+06,2.24729e+06,9.37808e+06,9.37808e+06,9.37808e+06,2.68752e+07,2.68752e+07,2.68752e+07,22.2722,22.2722,22.2722,241.857,241.857,241.857
572,6.16925e+06,6.16925e+06,6.16925e+06,20475.7,20475.7,20475.7,144677,144677,144677,2.68747e+07,2.68747e+07,2.68747e+07,3.80338e+07,3.80338e+07,3.80338e+07,22297.2,22297.2,22297.2,111834,111834,111834,1.34137e+07,1.34137e+07,1.34137e+07,4.73786e+06,4.73786e+06,4.73786e+06,2.22246e+06,2.22246e+06,2.22246e+06,9.36607e+06,9.36607e+06,9.36607e+06,2.68419e+07,2.68419e+07,2.68419e+07,30.5159,30.5159,30.5159,229.011,229.011,229.011
573,6.17073e+06,6.17073e+06,6.17073e+06,28329.7,28329.7,28329.7,135892,135892,135892,2.67222e+07,2.67222e+07,2.67222e+07,3.82389e+07,3.82389e+07,3.82389e+07,31020.1,31020.1,31020.1,104414,104414,104414,1.34738e+07,1.34738e+07,1.34738e+07,4.68739e+06,4.68739e+06,4.68739e+06,2.21724e+06,2.21724e+06,2.21724e+06,9.33578e+06,9.33578e+06,9.33578e+06,2.6808e+07,2.6808e+07,2.6808e+07,42.1677,42.1677,42.1677,215.22,215.22,215.22
574,6.1681e+06,6.1681e+06,6.1681e+06,39513.1,39513.1,39513.1,126869,126869,126869,2.65887e+07,2.65887e+07,2.65887e+07,3.84127e+07,3.84127e+07,3.84127e+07,43480.7,43480.7,43480.7,96977.9,96977.9,96977.9,1.35092e+07,1.35092e+07,1.35092e+07,4.66247e+06,4.66247e+06,4.66247e+06,2.23899e+06,2.23899e+06,2.23899e+06,9.28747e+06,9.28747e+06,9.28747e+06,2.67736e+07,2.67736e+07,2.67736e+07,58.7608,58.7608,58.7608,201.06,201.06,201.06
575,6.1505e+06,6.1505e+06,6.1505e+06,55323.4,55323.4,55323.4,117495,117495,117495,2.64749e+07,2.64749e+07,2.64749e+07,3.85418e+07,3.85418e+07,3.85418e+07,61225.7,61225.7,61225.7,89563.7,89563.7,89563.7,1.35198e+07,1.35198e+07,1.35198e+07,4.67276e+06,4.67276e+06,4.67276e+06,2.29826e+06,2.29826e+06,2.29826e+06,9.22178e+06,9.22178e+06,9.22178e+06,2.6739e+07,2.6739e+07,2.6739e+07,82.389,82.389,82.389,186.682,186.682,186.682
576,6.10426e+06,6.10426e+06,6.10426e+06,77150.3,77150.3,77150.3,107399,107399,107399,2.6382e+07,2.6382e+07,2.6382e+07,3.86078e+07,3.86078e+07,3.86078e+07,86073.6,86073.6,86073.6,82008.8,82008.8,82008.8,1.35049e+07,1.35049e+07,1.35049e+07,4.73127e+06,4.73127e+06,4.73127e+06,2.40965e+06,2.40965e+06,2.40965e+06,9.13918e+06,9.13918e+06,9.13918e+06,2.67051e+07,2.67051e+07,2.67051e+07,115.619,115.619,115.619,171.817,171.817,171.817
577,6.0143e+06,6.0143e+06,6.0143e+06,105866,105866,105866,96068.1,96068.1,96068.1,2.63125e+07,2.63125e+07,2.63125e+07,3.85883e+07,3.85883e+07,3.85883e+07,119585,119585,119585,74002.5,74002.5,74002.5,1.34624e+07,1.34624e+07,1.34624e+07,4.85385e+06,4.85385e+06,4.85385e+06,2.59175e+06,2.59175e+06,2.59175e+06,9.03948e+06,9.03948e+06,9.03948e+06,2.66731e+07,2.66731e+07,2.66731e+07,160.922,160.922,160.922,155.858,155.858,155.858
578,5.86792e+06,5.86792e+06,5.86792e+06,140628,140628,140628,83104.1,83104.1,83104.1,2.627e+07,2.627e+07,2.627e+07,3.84599e+07,3.84599e+07,3.84599e+07,161843,161843,161843,65206.7,65206.7,65206.7,1.33893e+07,1.33893e+07,1.33893e+07,5.05637e+06,5.05637e+06,5.05637e+06,2.86498e+06,2.86498e+06,2.86498e+06,8.92164e+06,8.92164e+06,8.92164e+06,2.66445e+07,2.66445e+07,2.66445e+07,219.211,219.211,219.211,138.096,138.096,138.096
579,5.66148e+06,5.66148e+06,5.66148e+06,177455,177455,177455,68589.7,68589.7,68589.7,2.62593e+07,2.62593e+07,2.62593e+07,3.82062e+07,3.82062e+07,3.82062e+07,209634,209634,209634,55460.2,55460.2,55460.2,1.3282e+07,1.3282e+07,1.3282e+07,5.34848e+06,5.34848e+06,5.34848e+06,3.24546e+06,3.24546e+06,3.24546e+06,8.78397e+06,8.78397e+06,8.78397e+06,2.66214e+07,2.66214e+07,2.66214e+07,287.378,287.378,287.378,118.13,118.13,118.13
580,5.40754e+06,5.40754e+06,5.40754e+06,209031,209031,209031,53384.4,53384.4,53384.4,2.62845e+07,2.62845e+07,2.62845e+07,3.78294e+07,3.78294e+07,3.78294e+07,255282,255282,255282,45005.2,45005.2,45005.2,1.31383e+07,1.31383e+07,1.31383e+07,5.7249e+06,5.7249e+06,5.7249e+06,3.73489e+06,3.73489e+06,3.73489e+06,8.62488e+06,8.62488e+06,8.62488e+06,2.66063e+07,2.66063e+07,2.66063e+07,356.111,356.111,356.111,96.3801,96.3801,96.3801
581,5.13628e+06,5.13628e+06,5.13628e+06,227415,227415,227415,38978.1,38978.1,38978.1,2.63477e+07,2.63477e+07,2.63477e+07,3.73589e+07,3.73589e+07,3.73589e+07,288352,288352,288352,34561.1,34561.1,34561.1,1.29592e+07,1.29592e+07,1.29592e+07,6.15998e+06,6.15998e+06,6.15998e+06,4.31095e+06,4.31095e+06,4.31095e+06,8.44412e+06,8.44412e+06,8.44412e+06,2.66011e+07,2.66011e+07,2.66011e+07,410.949,410.949,410.949,74.3188,74.3188,74.3188
582,4.88662e+06,4.88662e+06,4.88662e+06,228609,228609,228609,26820.9,26820.9,26820.9,2.64475e+07,2.64475e+07,2.64475e+07,3.68467e+07,3.68467e+07,3.68467e+07,300728,300728,300728,25081.8,25081.8,25081.8,1.27493e+07,1.27493e+07,1.27493e+07,6.61236e+06,6.61236e+06,6.61236e+06,4.92714e+06,4.92714e+06,4.92714e+06,8.24363e+06,8.24363e+06,8.24363e+06,2.66068e+07,2.66068e+07,2.66068e+07,438.474,438.474,438.474,54.0312,54.0312,54.0312
583,4.69162e+06,4.69162e+06,4.69162e+06,214844,214844,214844,17639.1,17639.1,17639.1,2.65793e+07,2.65793e+07,2.65793e+07,3.63506e+07,3.63506e+07,3.63506e+07,291302,291302,291302,17318.2,17318.2,17318.2,1.25164e+07,1.25164e+07,1.25164e+07,7.03924e+06,7.03924e+06,7.03924e+06,5.52615e+06,5.52615e+06,5.52615e+06,8.02758e+06,8.02758e+06,8.02758e+06,2.66232e+07,2.66232e+07,2.66232e+07,433.916,433.916,433.916,37.2627,37.2627,37.2627
584,4.5689e+06,4.5689e+06,4.5689e+06,192387,192387,192387,11306.4,11306.4,11306.4,2.67368e+07,2.67368e+07,2.67368e+07,3.59142e+07,3.59142e+07,3.59142e+07,265903,265903,265903,11530.6,11530.6,11530.6,1.22686e+07,1.22686e+07,1.22686e+07,7.41034e+06,7.41034e+06,7.41034e+06,6.05923e+06,6.05923e+06,6.05923e+06,7.80131e+06,7.80131e+06,7.80131e+06,2.66486e+07,2.66486e+07,2.66486e+07,403.247,403.247,403.247,24.7061,24.7061,24.7061
585,4.52044e+06,4.52044e+06,4.52044e+06,167652,167652,167652,7208.17,7208.17,7208.17,2.69133e+07,2.69133e+07,2.69133e+07,3.55588e+07,3.55588e+07,3.55588e+07,233115,233115,233115,7529.28,7529.28,7529.28,1.20127e+07,1.20127e+07,1.20127e+07,7.71292e+06,7.71292e+06,7.71292e+06,6.49872e+06,6.49872e+06,6.49872e+06,7.57003e+06,7.57003e+06,7.57003e+06,2.66805e+07,2.66805e+07,2.66805e+07,358.343,358.343,358.343,16.0244,16.0244,16.0244
586,4.53817e+06,4.53817e+06,4.53817e+06,144926,144926,144926,4652.41,4652.41,4652.41,2.71031e+07,2.71031e+07,2.71031e+07,3.52857e+07,3.52857e+07,3.52857e+07,200160,200160,200160,4905.62,4905.62,4905.62,1.17538e+07,1.17538e+07,1.17538e+07,7.94841e+06,7.94841e+06,7.94841e+06,6.83863e+06,6.83863e+06,6.83863e+06,7.33797e+06,7.33797e+06,7.33797e+06,2.67162e+07,2.67162e+07,2.67162e+07,310.535,310.535,310.535,10.3511,10.3511,10.3511
587,4.60972e+06,4.60972e+06,4.60972e+06,126219,126219,126219,3082.18,3082.18,3082.18,2.73019e+07,2.73019e+07,2.73019e+07,3.50843e+07,3.50843e+07,3.50843e+07,171300,171300,171300,3239.43,3239.43,3239.43,1.14952e+07,1.14952e+07,1.14952e+07,8.12615e+06,8.12615e+06,8.12615e+06,7.08792e+06,7.08792e+06,7.08792e+06,7.1081e+06,7.1081e+06,7.1081e+06,2.6753e+07,2.6753e+07,2.6753e+07,267.221,267.221,267.221,6.76731,6.76731,6.76731
588,4.72208e+06,4.72208e+06,4.72208e+06,112040,112040,112040,2116.99,2116.99,2116.99,2.75067e+07,2.75067e+07,2.75067e+07,3.49394e+07,3.49394e+07,3.49394e+07,148228,148228,148228,2196.34,2196.34,2196.34,1.12389e+07,1.12389e+07,1.12389e+07,8.25834e+06,8.25834e+06,8.25834e+06,7.26262e+06,7.26262e+06,7.26262e+06,6.88236e+06,6.88236e+06,6.88236e+06,2.67889e+07,2.67889e+07,2.67889e+07,231.807,231.807,231.807,4.53762,4.53762,4.53762
589,4.86321e+06,4.86321e+06,4.86321e+06,102191,102191,102191,1517.99,1517.99,1517.99,2.77152e+07,2.77152e+07,2.77152e+07,3.48349e+07,3.48349e+07,3.48349e+07,131098,131098,131098,1544.28,1544.28,1544.28,1.09861e+07,1.09861e+07,1.09861e+07,8.35723e+06,8.35723e+06,8.35723e+06,7.38037e+06,7.38037e+06,7.38037e+06,6.66188e+06,6.66188e+06,6.66188e+06,2.68223e+07,2.68223e+07,2.68223e+07,205.076,205.076,205.076,3.15251,3.15251,3.15251
590,5.02245e+06,5.02245e+06,5.02245e+06,96270.5,96270.5,96270.5,1141.33,1141.33,1141.33,2.79259e+07,2.79259e+07,2.79259e+07,3.47565e+07,3.47565e+07,3.47565e+07,119408,119408,119408,1134.11,1134.11,1134.11,1.07374e+07,1.07374e+07,1.07374e+07,8.43399e+06,8.43399e+06,8.43399e+06,7.45763e+06,7.45763e+06,7.45763e+06,6.44729e+06,6.44729e+06,6.44729e+06,2.6852e+07,2.6852e+07,2.6852e+07,186.559,186.559,186.559,2.28606,2.28606,2.28606
591,5.19023e+06,5.19023e+06,5.19023e+06,93919.3,93919.3,93919.3,901.796,901.796,901.796,2.81381e+07,2.81381e+07,2.81381e+07,3.46913e+07,3.46913e+07,3.46913e+07,112520,112520,112520,873.884,873.884,873.884,1.04933e+07,1.04933e+07,1.04933e+07,8.49858e+06,8.49858e+06,8.49858e+06,7.5088e+06,7.5088e+06,7.5088e+06,6.23887e+06,6.23887e+06,6.23887e+06,2.68773e+07,2.68773e+07,2.68773e+07,175.428,175.428,175.428,1.73854,1.73854,1.73854
592,5.35767e+06,5.35767e+06,5.35767e+06,94917.3,94917.3,94917.3,748.908,748.908,748.908,2.83511e+07,2.83511e+07,2.83511e+07,3.46282e+07,3.46282e+07,3.46282e+07,109907,109907,109907,708.001,708.001,708.001,1.02539e+07,1.02539e+07,1.02539e+07,8.56004e+06,8.56004e+06,8.56004e+06,7.54629e+06,7.54629e+06,7.54629e+06,6.03674e+06,6.03674e+06,6.03674e+06,2.6898e+07,2.6898e+07,2.6898e+07,170.944,170.944,170.944,1.38983,1.38983,1.38983
593,5.51614e+06,5.51614e+06,5.51614e+06,99186.2,99186.2,99186.2,652.473,652.473,652.473,2.85648e+07,2.85648e+07,2.85648e+07,3.4557e+07,3.4557e+07,3.4557e+07,111217,111217,111217,602.959,602.959,602.959,1.00193e+07,1.00193e+07,1.00193e+07,8.62684e+06,8.62684e+06,8.62684e+06,7.58096e+06,7.58096e+06,7.58096e+06,5.84088e+06,5.84088e+06,5.84088e+06,2.6914e+07,2.6914e+07,2.6914e+07,172.616,172.616,172.616,1.16801,1.16801,1.16801
594,5.65699e+06,5.65699e+06,5.65699e+06,106732,106732,106732,594.016,594.016,594.016,2.87794e+07,2.87794e+07,2.87794e+07,3.44681e+07,3.44681e+07,3.44681e+07,116245,116245,116245,538.422,538.422,538.422,9.78962e+06,9.78962e+06,9.78962e+06,8.70726e+06,8.70726e+06,8.70726e+06,7.62265e+06,7.62265e+06,7.62265e+06,5.65122e+06,5.65122e+06,5.65122e+06,2.69258e+07,2.69258e+07,2.69258e+07,180.193,180.193,180.193,1.02965,1.02965,1.02965
595,5.77157e+06,5.77157e+06,5.77157e+06,117523,117523,117523,561.718,561.718,561.718,2.89952e+07,2.89952e+07,2.89952e+07,3.43526e+07,3.43526e+07,3.43526e+07,124829,124829,124829,501.746,501.746,501.746,9.56477e+06,9.56477e+06,9.56477e+06,8.80936e+06,8.80936e+06,8.80936e+06,7.68043e+06,7.68043e+06,7.68043e+06,5.46763e+06,5.46763e+06,5.46763e+06,2.69337e+07,2.69337e+07,2.69337e+07,193.534,193.534,193.534,0.947911,0.947911,0.947911
596,5.8518e+06,5.8518e+06,5.8518e+06,131288,131288,131288,547.341,547.341,547.341,2.92128e+07,2.92128e+07,2.92128e+07,3.4202e+07,3.4202e+07,3.4202e+07,136671,136671,136671,484.633,484.633,484.633,9.34472e+06,9.34472e+06,9.34472e+06,8.94075e+06,8.94075e+06,8.94075e+06,7.76251e+06,7.76251e+06,7.76251e+06,5.28999e+06,5.28999e+06,5.28999e+06,2.69386e+07,2.69386e+07,2.69386e+07,212.35,212.35,212.35,0.905407,0.905407,0.905407
597,5.89135e+06,5.89135e+06,5.89135e+06,147259,147259,147259,544.341,544.341,544.341,2.94329e+07,2.94329e+07,2.94329e+07,3.40098e+07,3.40098e+07,3.40098e+07,151089,151089,151089,481.033,481.033,481.033,9.12943e+06,9.12943e+06,9.12943e+06,9.10759e+06,9.10759e+06,9.10759e+06,7.87566e+06,7.87566e+06,7.87566e+06,5.11813e+06,5.11813e+06,5.11813e+06,2.69413e+07,2.69413e+07,2.69413e+07,235.837,235.837,235.837,0.889738,0.889738,0.889738
598,5.8875e+06,5.8875e+06,5.8875e+06,163943,163943,163943,546.849,546.849,546.849,2.96567e+07,2.96567e+07,2.96567e+07,3.37724e+07,3.37724e+07,3.37724e+07,166775,166775,166775,485.863,485.863,485.863,8.91883e+06,8.91883e+06,8.91883e+06,9.31302e+06,9.31302e+06,9.31302e+06,8.02392e+06,8.02392e+06,8.02392e+06,4.95189e+06,4.95189e+06,4.95189e+06,2.6943e+07,2.6943e+07,2.6943e+07,262.249,262.249,262.249,0.890817,0.890817,0.890817
599,5.84313e+06,5.84313e+06,5.84313e+06,179119,179119,179119,549.487,549.487,549.487,2.98849e+07,2.98849e+07,2.98849e+07,3.34915e+07,3.34915e+07,3.34915e+07,181700,181700,181700,494.389,494.389,494.389,8.71283e+06,8.71283e+06,8.71283e+06,9.55535e+06,9.55535e+06,9.55535e+06,8.20692e+06,8.20692e+06,8.20692e+06,4.79111e+06,4.79111e+06,4.79111e+06,2.69448e+07,2.69448e+07,2.69448e+07,288.63,288.63,288.63,0.899525,0.899525,0.899525
600,5.76775e+06,5.76775e+06,5.76775e+06,190266,190266,190266,547.937,547.937,547.937,3.01186e+07,3.01186e+07,3.01186e+07,3.31752e+07,3.31752e+07,3.31752e+07,193379,193379,193379,502.296,502.296,502.296,8.51134e+06,8.51134e+06,8.51134e+06,9.82666e+06,9.82666e+06,9.82666e+06,8.41842e+06,8.41842e+06,8.41842e+06,4.63562e+06,4.63562e+06,4.63562e+06,2.69476e+07,2.69476e+07,2.69476e+07,311.04,311.04,311.04,0.907651,0.907651,0.907651
601,5.67649e+06,5.67649e+06,5.67649e+06,195376,195376,195376,539.894,539.894,539.894,3.03583e+07,3.03583e+07,3.03583e+07,3.28376e+07,3.28376e+07,3.28376e+07,199549,199549,199549,506.297,506.297,506.297,8.31426e+06,8.31426e+06,8.31426e+06,1.01132e+07,1.01132e+07,1.01132e+07,8.64615e+06,8.64615e+06,8.64615e+06,4.48522e+06,4.48522e+06,4.48522e+06,2.69522e+07,2.69522e+07,2.69522e+07,325.491,325.491,325.491,0.90891,0.90891,0.90891
602,5.58692e+06,5.58692e+06,5.58692e+06,193748,193748,193748,525.65,525.65,525.65,3.06041e+07,3.06041e+07,3.06041e+07,3.24962e+07,3.24962e+07,3.24962e+07,198992,198992,198992,504.893,504.893,504.893,8.12148e+06,8.12148e+06,8.12148e+06,1.0398e+07,1.0398e+07,1.0398e+07,8.87365e+06,8.87365e+06,8.87365e+06,4.33975e+06,4.33975e+06,4.33975e+06,2.69589e+07,2.69589e+07,2.69589e+07,329.309,329.309,329.309,0.900298,0.900298,0.900298
603,5.51493e+06,5.51493e+06,5.51493e+06,186226,186226,186226,507.793,507.793,507.793,3.08558e+07,3.08558e+07,3.08558e+07,3.21685e+07,3.21685e+07,3.21685e+07,192004,192004,192004,498.721,498.721,498.721,7.93291e+06,7.93291e+06,7.93291e+06,1.06644e+07,1.06644e+07,1.06644e+07,9.0838e+06,9.0838e+06,9.0838e+06,4.19903e+06,4.19903e+06,4.19903e+06,2.69677e+07,2.69677e+07,2.69677e+07,322.171,322.171,322.171,0.882744,0.882744,0.882744
604,5.47169e+06,5.47169e+06,5.47169e+06,174738,174738,174738,490.176,490.176,490.176,3.11127e+07,3.11127e+07,3.11127e+07,3.18676e+07,3.18676e+07,3.18676e+07,180189,180189,180189,490.215,490.215,490.215,7.74846e+06,7.74846e+06,7.74846e+06,1.09001e+07,1.09001e+07,1.09001e+07,9.26259e+06,9.26259e+06,9.26259e+06,4.0629e+06,4.0629e+06,4.0629e+06,2.69778e+07,2.69778e+07,2.69778e+07,306.109,306.109,306.109,0.860501,0.860501,0.860501
605,5.46254e+06,5.46254e+06,5.46254e+06,161513,161513,161513,476.827,476.827,476.827,3.13738e+07,3.13738e+07,3.13738e+07,3.16009e+07,3.16009e+07,3.16009e+07,165772,165772,165772,482.819,482.819,482.819,7.56805e+06,7.56805e+06,7.56805e+06,1.10984e+07,1.10984e+07,1.10984e+07,9.40153e+06,9.40153e+06,9.40153e+06,3.93119e+06,3.93119e+06,3.93119e+06,2.69885e+07,2.69885e+07,2.69885e+07,284.563,284.563,284.563,0.839655,0.839655,0.839655
606,5.48773e+06,5.48773e+06,5.48773e+06,148448,148448,148448,471.364,471.364,471.364,3.16381e+07,3.16381e+07,3.16381e+07,3.13702e+07,3.13702e+07,3.13702e+07,150866,150866,150866,480.253,480.253,480.253,7.39161e+06,7.39161e+06,7.39161e+06,1.12581e+07,1.12581e+07,1.12581e+07,9.49806e+06,9.49806e+06,9.49806e+06,3.80379e+06,3.80379e+06,3.80379e+06,2.69988e+07,2.69988e+07,2.69988e+07,261.134,261.134,261.134,0.826681,0.826681,0.826681
607,5.54391e+06,5.54391e+06,5.54391e+06,136847,136847,136847,477.014,477.014,477.014,3.19045e+07,3.19045e+07,3.19045e+07,3.11728e+07,3.11728e+07,3.11728e+07,137047,137047,137047,486.174,486.174,486.174,7.2191e+06,7.2191e+06,7.2191e+06,1.13822e+07,1.13822e+07,1.13822e+07,9.5545e+06,9.5545e+06,9.5545e+06,3.68055e+06,3.68055e+06,3.68055e+06,2.70076e+07,2.70076e+07,2.70076e+07,238.719,238.719,238.719,0.827726,0.827726,0.827726
608,5.62566e+06,5.62566e+06,5.62566e+06,127440,127440,127440,497.07,497.07,497.07,3.21721e+07,3.21721e+07,3.21721e+07,3.10035e+07,3.10035e+07,3.10035e+07,125265,125265,125265,504.295,504.295,504.295,7.05047e+06,7.05047e+06,7.05047e+06,1.14762e+07,1.14762e+07,1.14762e+07,9.57626e+06,9.57626e+06,9.57626e+06,3.56138e+06,3.56138e+06,3.56138e+06,2.70142e+07,2.70142e+07,2.70142e+07,219.207,219.207,219.207,0.84874,0.84874,0.84874
609,5.72661e+06,5.72661e+06,5.72661e+06,120552,120552,120552,535.583,535.583,535.583,3.24401e+07,3.24401e+07,3.24401e+07,3.08558e+07,3.08558e+07,3.08558e+07,115963,115963,115963,538.877,538.877,538.877,6.88567e+06,6.88567e+06,6.88567e+06,1.15469e+07,1.15469e+07,1.15469e+07,9.57035e+06,9.57035e+06,9.57035e+06,3.44617e+06,3.44617e+06,3.44617e+06,2.70178e+07,2.70178e+07,2.70178e+07,203.595,203.595,203.595,0.896255,0.896255,0.896255
610,5.84003e+06,5.84003e+06,5.84003e+06,116268,116268,116268,598.226,598.226,598.226,3.27079e+07,3.27079e+07,3.27079e+07,3.07229e+07,3.07229e+07,3.07229e+07,109254,109254,109254,595.499,595.499,595.499,6.72469e+06,6.72469e+06,6.72469e+06,1.16013e+07,1.16013e+07,1.16013e+07,9.54421e+06,9.54421e+06,9.54421e+06,3.33485e+06,3.33485e+06,3.33485e+06,2.70178e+07,2.70178e+07,2.70178e+07,192.262,192.262,192.262,0.97861,0.97861,0.97861
611,5.95923e+06,5.95923e+06,5.95923e+06,114555,114555,114555,693.419,693.419,693.419,3.29751e+07,3.29751e+07,3.29751e+07,3.05982e+07,3.05982e+07,3.05982e+07,105076,105076,105076,682.134,682.134,682.134,6.56752e+06,6.56752e+06,6.56752e+06,1.16463e+07,1.16463e+07,1.16463e+07,9.50506e+06,9.50506e+06,9.50506e+06,3.22735e+06,3.22735e+06,3.22735e+06,2.70141e+07,2.70141e+07,2.70141e+07,185.235,185.235,185.235,1.1076,1.1076,1.1076
612,6.07763e+06,6.07763e+06,6.07763e+06,115336,115336,115336,833.835,833.835,833.835,3.32413e+07,3.32413e+07,3.32413e+07,3.04754e+07,3.04754e+07,3.04754e+07,103290,103290,103290,810.636,810.636,810.636,6.41419e+06,6.41419e+06,6.41419e+06,1.16888e+07,1.16888e+07,1.16888e+07,9.45962e+06,9.45962e+06,9.45962e+06,3.12363e+06,3.12363e+06,3.12363e+06,2.70065e+07,2.70065e+07,2.70065e+07,182.378,182.378,182.378,1.30068,1.30068,1.30068
613,6.18885e+06,6.18885e+06,6.18885e+06,118502,118502,118502,1038.54,1038.54,1038.54,3.35065e+07,3.35065e+07,3.35065e+07,3.03487e+07,3.03487e+07,3.03487e+07,103728,103728,103728,998.878,998.878,998.878,6.26474e+06,6.26474e+06,6.26474e+06,1.17349e+07,1.17349e+07,1.17349e+07,9.41399e+06,9.41399e+06,9.41399e+06,3.02372e+06,3.02372e+06,3.02372e+06,2.69951e+07,2.69951e+07,2.69951e+07,183.483,183.483,183.483,1.58412,1.58412,1.58412
614,6.28678e+06,6.28678e+06,6.28678e+06,123887,123887,123887,1335.94,1335.94,1335.94,3.37705e+07,3.37705e+07,3.37705e+07,3.02131e+07,3.02131e+07,3.02131e+07,106190,106190,106190,1273.81,1273.81,1273.81,6.1193e+06,6.1193e+06,6.1193e+06,1.17906e+07,1.17906e+07,1.17906e+07,9.37363e+06,9.37363e+06,9.37363e+06,2.92765e+06,2.92765e+06,2.92765e+06,2.69801e+07,2.69801e+07,2.69801e+07,188.287,188.287,188.287,1.99739,1.99739,1.99739
615,6.36588e+06,6.36588e+06,6.36588e+06,131212,131212,131212,1767.82,1767.82,1767.82,3.40334e+07,3.40334e+07,3.40334e+07,3.00638e+07,3.00638e+07,3.00638e+07,110408,110408,110408,1675.8,1675.8,1675.8,5.97808e+06,5.97808e+06,5.97808e+06,1.18609e+07,1.18609e+07,1.18609e+07,9.34319e+06,9.34319e+06,9.34319e+06,2.83559e+06,2.83559e+06,2.83559e+06,2.69618e+07,2.69618e+07,2.69618e+07,196.417,196.417,196.417,2.59935,2.59935,2.59935
616,6.42159e+06,6.42159e+06,6.42159e+06,139999,139999,139999,2394.36,2394.36,2394.36,3.42951e+07,3.42951e+07,3.42951e+07,2.98975e+07,2.98975e+07,2.98975e+07,115996,115996,115996,2264.44,2264.44,2264.44,5.8414e+06,5.8414e+06,5.8414e+06,1.195e+07,1.195e+07,1.195e+07,9.32638e+06,9.32638e+06,9.32638e+06,2.74779e+06,2.74779e+06,2.74779e+06,2.69408e+07,2.69408e+07,2.69408e+07,207.297,207.297,207.297,3.47658,3.47658,3.47658
617,6.45095e+06,6.45095e+06,6.45095e+06,149506,149506,149506,3300.12,3300.12,3300.12,3.45556e+07,3.45556e+07,3.45556e+07,2.97121e+07,2.97121e+07,2.97121e+07,122387,122387,122387,3126.11,3126.11,3126.11,5.70978e+06,5.70978e+06,5.70978e+06,1.20602e+07,1.20602e+07,1.20602e+07,9.32556e+06,9.32556e+06,9.32556e+06,2.66469e+06,2.66469e+06,2.66469e+06,2.69175e+07,2.69175e+07,2.69175e+07,220.026,220.026,220.026,4.75395,4.75395,4.75395
618,6.4533e+06,6.4533e+06,6.4533e+06,158705,158705,158705,4600.55,4600.55,4600.55,3.48143e+07,3.48143e+07,3.48143e+07,2.95074e+07,2.95074e+07,2.95074e+07,128808,128808,128808,4382.94,4382.94,4382.94,5.58396e+06,5.58396e+06,5.58396e+06,1.21918e+07,1.21918e+07,1.21918e+07,9.34131e+06,9.34131e+06,9.34131e+06,2.58699e+06,2.58699e+06,2.58699e+06,2.68925e+07,2.68925e+07,2.68925e+07,233.306,233.306,233.306,6.60722,6.60722,6.60722
619,6.43072e+06,6.43072e+06,6.43072e+06,166371,166371,166371,6449.13,6449.13,6449.13,3.50705e+07,3.50705e+07,3.50705e+07,2.92858e+07,2.92858e+07,2.92858e+07,134325,134325,134325,6203.24,6203.24,6203.24,5.46503e+06,5.46503e+06,5.46503e+06,1.23419e+07,1.23419e+07,1.23419e+07,9.372e+06,9.372e+06,9.372e+06,2.51573e+06,2.51573e+06,2.51573e+06,2.68666e+07,2.68666e+07,2.68666e+07,245.47,245.47,245.47,9.27732,9.27732,9.27732
620,6.38804e+06,6.38804e+06,6.38804e+06,171292,171292,171292,9046.31,9046.31,9046.31,3.53225e+07,3.53225e+07,3.53225e+07,2.90521e+07,2.90521e+07,2.90521e+07,137973,137973,137973,8813.72,8813.72,8813.72,5.35451e+06,5.35451e+06,5.35451e+06,1.25046e+07,1.25046e+07,1.25046e+07,9.41357e+06,9.41357e+06,9.41357e+06,2.4524e+06,2.4524e+06,2.4524e+06,2.68402e+07,2.68402e+07,2.68402e+07,254.679,254.679,254.679,13.0869,13.0869,13.0869
621,6.33198e+06,6.33198e+06,6.33198e+06,172548,172548,172548,12653.2,12653.2,12653.2,3.5568e+07,3.5568e+07,3.5568e+07,2.88135e+07,2.88135e+07,2.88135e+07,138963,138963,138963,12515.5,12515.5,12515.5,5.25445e+06,5.25445e+06,5.25445e+06,1.26712e+07,1.26712e+07,1.26712e+07,9.45981e+06,9.45981e+06,9.45981e+06,2.39914e+06,2.39914e+06,2.39914e+06,2.68137e+07,2.68137e+07,2.68137e+07,259.28,259.28,259.28,18.4619,18.4619,18.4619
622,6.26962e+06,6.26962e+06,6.26962e+06,169742,169742,169742,17613.5,17613.5,17613.5,3.58032e+07,3.58032e+07,3.58032e+07,2.85782e+07,2.85782e+07,2.85782e+07,136873,136873,136873,17707.1,17707.1,17707.1,5.16767e+06,5.16767e+06,5.16767e+06,1.28317e+07,1.28317e+07,1.28317e+07,9.50316e+06,9.50316e+06,9.50316e+06,2.3589e+06,2.3589e+06,2.3589e+06,2.67876e+07,2.67876e+07,2.67876e+07,258.196,258.196,258.196,25.9633,25.9633,25.9633
623,6.20665e+06,6.20665e+06,6.20665e+06,163052,163052,163052,24385.7,24385.7,24385.7,3.60228e+07,3.60228e+07,3.60228e+07,2.83546e+07,2.83546e+07,2.83546e+07,131741,131741,131741,24918,24918,24918,5.09792e+06,5.09792e+06,5.09792e+06,1.29759e+07,1.29759e+07,1.29759e+07,9.53579e+06,9.53579e+06,9.53579e+06,2.3357e+06,2.3357e+06,2.3357e+06,2.6762e+07,2.6762e+07,2.6762e+07,251.178,251.178,251.178,36.3354,36.3354,36.3354
624,6.1457e+06,6.1457e+06,6.1457e+06,153100,153100,153100,33576.6,33576.6,33576.6,3.62196e+07,3.62196e+07,3.62196e+07,2.81501e+07,2.81501e+07,2.81501e+07,123998,123998,123998,34848.3,34848.3,34848.3,5.05028e+06,5.05028e+06,5.05028e+06,1.30949e+07,1.30949e+07,1.30949e+07,9.55076e+06,9.55076e+06,9.55076e+06,2.33499e+06,2.33499e+06,2.33499e+06,2.6737e+07,2.6737e+07,2.6737e+07,238.78,238.78,238.78,50.567,50.567,50.567
625,6.08538e+06,6.08538e+06,6.08538e+06,140689,140689,140689,45953.6,45953.6,45953.6,3.63839e+07,3.63839e+07,3.63839e+07,2.79706e+07,2.79706e+07,2.79706e+07,114294,114294,114294,48397,48397,48397,5.03145e+06,5.03145e+06,5.03145e+06,1.31819e+07,1.31819e+07,1.31819e+07,9.5428e+06,9.5428e+06,9.5428e+06,2.36411e+06,2.36411e+06,2.36411e+06,2.67129e+07,2.67129e+07,2.67129e+07,222.078,222.078,222.078,69.9462,69.9462,69.9462
626,6.01999e+06,6.01999e+06,6.01999e+06,126568,126568,126568,62380.5,62380.5,62380.5,3.65031e+07,3.65031e+07,3.65031e+07,2.78205e+07,2.78205e+07,2.78205e+07,103287,103287,103287,66628.1,66628.1,66628.1,5.05016e+06,5.05016e+06,5.05016e+06,1.32323e+07,1.32323e+07,1.32323e+07,9.50851e+06,9.50851e+06,9.50851e+06,2.43265e+06,2.43265e+06,2.43265e+06,2.66897e+07,2.66897e+07,2.66897e+07,202.293,202.293,202.293,96.0455,96.0455,96.0455
627,5.94028e+06,5.94028e+06,5.94028e+06,111302,111302,111302,83586.8,83586.8,83586.8,3.6562e+07,3.6562e+07,3.6562e+07,2.77027e+07,2.77027e+07,2.77027e+07,91508.8,91508.8,91508.8,90581.1,90581.1,90581.1,5.11707e+06,5.11707e+06,5.11707e+06,1.32433e+07,1.32433e+07,1.32433e+07,9.44614e+06,9.44614e+06,9.44614e+06,2.55268e+06,2.55268e+06,2.55268e+06,2.66682e+07,2.66682e+07,2.66682e+07,180.48,180.48,180.48,130.514,130.514,130.514
628,5.83524e+06,5.83524e+06,5.83524e+06,95294.4,95294.4,95294.4,109662,109662,109662,3.65436e+07,3.65436e+07,3.65436e+07,2.76196e+07,2.76196e+07,2.76196e+07,79318.5,79318.5,79318.5,120792,120792,120792,5.24382e+06,5.24382e+06,5.24382e+06,1.32134e+07,1.32134e+07,1.32134e+07,9.35514e+06,9.35514e+06,9.35514e+06,2.73798e+06,2.73798e+06,2.73798e+06,2.66489e+07,2.66489e+07,2.66489e+07,157.405,157.405,157.405,174.484,174.484,174.484
629,5.69567e+06,5.69567e+06,5.69567e+06,78934,78934,78934,139282,139282,139282,3.64326e+07,3.64326e+07,3.64326e+07,2.75733e+07,2.75733e+07,2.75733e+07,66971.6,66971.6,66971.6,156454,156454,156454,5.44045e+06,5.44045e+06,5.44045e+06,1.31421e+07,1.31421e+07,1.31421e+07,9.23573e+06,9.23573e+06,9.23573e+06,3.00176e+06,3.00176e+06,3.00176e+06,2.66331e+07,2.66331e+07,2.66331e+07,133.634,133.634,133.634,227.436,227.436,227.436
630,5.51904e+06,5.51904e+06,5.51904e+06,62783.7,62783.7,62783.7,169041,169041,169041,3.62208e+07,3.62208e+07,3.62208e+07,2.75653e+07,2.75653e+07,2.75653e+07,54746.5,54746.5,54746.5,194459,194459,194459,5.71075e+06,5.71075e+06,5.71075e+06,1.303e+07,1.303e+07,1.303e+07,9.08877e+06,9.08877e+06,9.08877e+06,3.35196e+06,3.35196e+06,3.35196e+06,2.66222e+07,2.66222e+07,2.66222e+07,109.765,109.765,109.765,285.712,285.712,285.712
631,5.31396e+06,5.31396e+06,5.31396e+06,47657.6,47657.6,47657.6,193733,193733,193733,3.59144e+07,3.59144e+07,3.59144e+07,2.75961e+07,2.75961e+07,2.75961e+07,43055.9,43055.9,43055.9,229141,229141,229141,6.04722e+06,6.04722e+06,6.04722e+06,1.28797e+07,1.28797e+07,1.28797e+07,8.91598e+06,8.91598e+06,8.91598e+06,3.78492e+06,3.78492e+06,3.78492e+06,2.66177e+07,2.66177e+07,2.66177e+07,86.6578,86.6578,86.6578,341.671,341.671,341.671
632,5.10063e+06,5.10063e+06,5.10063e+06,34459,34459,34459,208221,208221,208221,3.55374e+07,3.55374e+07,3.55374e+07,2.76643e+07,2.76643e+07,2.76643e+07,32442.3,32442.3,32442.3,253721,253721,253721,6.42864e+06,6.42864e+06,6.42864e+06,1.26958e+07,1.26958e+07,1.26958e+07,8.72024e+06,8.72024e+06,8.72024e+06,4.2807e+06,4.2807e+06,4.2807e+06,2.66208e+07,2.66208e+07,2.66208e+07,65.4526,65.4526,65.4526,385.081,385.081,385.081
633,4.90524e+06,4.90524e+06,4.90524e+06,23840.1,23840.1,23840.1,210042,210042,210042,3.51275e+07,3.51275e+07,3.51275e+07,2.77665e+07,2.77665e+07,2.77665e+07,23424.9,23424.9,23424.9,263295,263295,263295,6.82402e+06,6.82402e+06,6.82402e+06,1.2485e+07,1.2485e+07,1.2485e+07,8.50575e+06,8.50575e+06,8.50575e+06,4.80439e+06,4.80439e+06,4.80439e+06,2.66321e+07,2.66321e+07,2.66321e+07,47.2791,47.2791,47.2791,407.191,407.191,407.191
634,4.7511e+06,4.7511e+06,4.7511e+06,15951.8,15951.8,15951.8,200614,200614,200614,3.47257e+07,3.47257e+07,3.47257e+07,2.78976e+07,2.78976e+07,2.78976e+07,16298,16298,16298,257307,257307,257307,7.2016e+06,7.2016e+06,7.2016e+06,1.22547e+07,1.22547e+07,1.22547e+07,8.27765e+06,8.27765e+06,8.27765e+06,5.315e+06,5.315e+06,5.315e+06,2.66513e+07,2.66513e+07,2.66513e+07,32.8316,32.8316,32.8316,405.087,405.087,405.087
635,4.65209e+06,4.65209e+06,4.65209e+06,10475.5,10475.5,10475.5,184049,184049,184049,3.43642e+07,3.43642e+07,3.43642e+07,2.80517e+07,2.80517e+07,2.80517e+07,11037.8,11037.8,11037.8,239454,239454,239454,7.5378e+06,7.5378e+06,7.5378e+06,1.20121e+07,1.20121e+07,1.20121e+07,8.04125e+06,8.04125e+06,8.04125e+06,5.77727e+06,5.77727e+06,5.77727e+06,2.66771e+07,2.66771e+07,2.66771e+07,22.1416,22.1416,22.1416,382.786,382.786,382.786
636,4.61158e+06,4.61158e+06,4.61158e+06,6857.13,6857.13,6857.13,164885,164885,164885,3.40605e+07,3.40605e+07,3.40605e+07,2.82233e+07,2.82233e+07,2.82233e+07,7370.8,7370.8,7370.8,215381,215381,215381,7.82104e+06,7.82104e+06,7.82104e+06,1.1763e+07,1.1763e+07,1.1763e+07,7.80127e+06,7.80127e+06,7.80127e+06,6.1696e+06,6.1696e+06,6.1696e+06,2.67078e+07,2.67078e+07,2.67078e+07,14.6938,14.6938,14.6938,348.437,348.437,348.437
637,4.6251e+06,4.6251e+06,4.6251e+06,4537.4,4537.4,4537.4,146525,146525,146525,3.38181e+07,3.38181e+07,3.38181e+07,2.84074e+07,2.84074e+07,2.84074e+07,4919.15,4919.15,4919.15,190220,190220,190220,8.05028e+06,8.05028e+06,8.05028e+06,1.15115e+07,1.15115e+07,1.15115e+07,7.56142e+06,7.56142e+06,7.56142e+06,6.48527e+06,6.48527e+06,6.48527e+06,2.67411e+07,2.67411e+07,2.67411e+07,9.72989,9.72989,9.72989,310.354,310.354,310.354
638,4.68398e+06,4.68398e+06,4.68398e+06,3069.83,3069.83,3069.83,130879,130879,130879,3.36313e+07,3.36313e+07,3.36313e+07,2.86003e+07,2.86003e+07,2.86003e+07,3322.44,3322.44,3322.44,167381,167381,167381,8.23132e+06,8.23132e+06,8.23132e+06,1.12605e+07,1.12605e+07,1.12605e+07,7.32433e+06,7.32433e+06,7.32433e+06,6.72882e+06,6.72882e+06,6.72882e+06,2.67751e+07,2.67751e+07,2.67751e+07,6.51221,6.51221,6.51221,274.564,274.564,274.564
639,4.77813e+06,4.77813e+06,4.77813e+06,2141.84,2141.84,2141.84,118717,118717,118717,3.34895e+07,3.34895e+07,3.34895e+07,2.87993e+07,2.87993e+07,2.87993e+07,2295.35,2295.35,2295.35,148554,148554,148554,8.37317e+06,8.37317e+06,8.37317e+06,1.10117e+07,1.10117e+07,1.10117e+07,7.0917e+06,7.0917e+06,7.0917e+06,6.911e+06,6.911e+06,6.911e+06,2.68081e+07,2.68081e+07,2.68081e+07,4.45396,4.45396,4.45396,244.375,244.375,244.375
640,4.89751e+06,4.89751e+06,4.89751e+06,1550.41,1550.41,1550.41,110162,110162,110162,3.33807e+07,3.33807e+07,3.33807e+07,2.90023e+07,2.90023e+07,2.90023e+07,1635.76,1635.76,1635.76,134251,134251,134251,8.4857e+06,8.4857e+06,8.4857e+06,1.07662e+07,1.07662e+07,1.07662e+07,6.86456e+06,6.86456e+06,6.86456e+06,7.04492e+06,7.04492e+06,7.04492e+06,2.68389e+07,2.68389e+07,2.68389e+07,3.13981,3.13981,3.13981,221.048,221.048,221.048
641,5.03271e+06,5.03271e+06,5.03271e+06,1168.81,1168.81,1168.81,105069,105069,105069,3.32931e+07,3.32931e+07,3.32931e+07,2.92081e+07,2.92081e+07,2.92081e+07,1209.81,1209.81,1209.81,124368,124368,124368,8.57853e+06,8.57853e+06,8.57853e+06,1.05246e+07,1.05246e+07,1.05246e+07,6.6435e+06,6.6435e+06,6.6435e+06,7.14366e+06,7.14366e+06,7.14366e+06,2.68664e+07,2.68664e+07,2.68664e+07,2.29577,2.29577,2.29577,204.694,204.694,204.694
642,5.17497e+06,5.17497e+06,5.17497e+06,919.364,919.364,919.364,103240,103240,103240,3.32161e+07,3.32161e+07,3.32161e+07,2.94158e+07,2.94158e+07,2.94158e+07,932.248,932.248,932.248,118580,118580,118580,8.66061e+06,8.66061e+06,8.66061e+06,1.02873e+07,1.02873e+07,1.02873e+07,6.42878e+06,6.42878e+06,6.42878e+06,7.21925e+06,7.21925e+06,7.21925e+06,2.689e+07,2.689e+07,2.689e+07,1.7482,1.7482,1.7482,194.947,194.947,194.947
643,5.31603e+06,5.31603e+06,5.31603e+06,754.516,754.516,754.516,104519,104519,104519,3.31397e+07,3.31397e+07,3.31397e+07,2.96249e+07,2.96249e+07,2.96249e+07,749.751,749.751,749.751,116547,116547,116547,8.74026e+06,8.74026e+06,8.74026e+06,1.00545e+07,1.00545e+07,1.00545e+07,6.22052e+06,6.22052e+06,6.22052e+06,7.28247e+06,7.28247e+06,7.28247e+06,2.69097e+07,2.69097e+07,2.69097e+07,1.38912,1.38912,1.38912,191.353,191.353,191.353
644,5.44791e+06,5.44791e+06,5.44791e+06,644.902,644.902,644.902,108803,108803,108803,3.3055e+07,3.3055e+07,3.3055e+07,2.98353e+07,2.98353e+07,2.98353e+07,629.126,629.126,629.126,117986,117986,117986,8.82534e+06,8.82534e+06,8.82534e+06,9.8263e+06,9.8263e+06,9.8263e+06,6.01869e+06,6.01869e+06,6.01869e+06,7.34295e+06,7.34295e+06,7.34295e+06,2.69253e+07,2.69253e+07,2.69253e+07,1.15172,1.15172,1.15172,193.53,193.53,193.53
645,5.5629e+06,5.5629e+06,5.5629e+06,571.99,571.99,571.99,115989,115989,115989,3.29537e+07,3.29537e+07,3.29537e+07,3.0047e+07,3.0047e+07,3.0047e+07,549.529,549.529,549.529,122655,122655,122655,8.92327e+06,8.92327e+06,8.92327e+06,9.60271e+06,9.60271e+06,9.60271e+06,5.82321e+06,5.82321e+06,5.82321e+06,7.40931e+06,7.40931e+06,7.40931e+06,2.69371e+07,2.69371e+07,2.69371e+07,0.994316,0.994316,0.994316,201.171,201.171,201.171
646,5.65376e+06,5.65376e+06,5.65376e+06,523.632,523.632,523.632,125859,125859,125859,3.28283e+07,3.28283e+07,3.28283e+07,3.02605e+07,3.02605e+07,3.02605e+07,497.569,497.569,497.569,130263,130263,130263,9.04098e+06,9.04098e+06,9.04098e+06,9.38373e+06,9.38373e+06,9.38373e+06,5.63396e+06,5.63396e+06,5.63396e+06,7.48928e+06,7.48928e+06,7.48928e+06,2.69457e+07,2.69457e+07,2.69457e+07,0.890349,0.890349,0.890349,213.925,213.925,213.925
647,5.71438e+06,5.71438e+06,5.71438e+06,491.399,491.399,491.399,137926,137926,137926,3.26724e+07,3.26724e+07,3.26724e+07,3.04762e+07,3.04762e+07,3.04762e+07,464.266,464.266,464.266,140328,140328,140328,9.18437e+06,9.18437e+06,9.18437e+06,9.16932e+06,9.16932e+06,9.16932e+06,5.4508e+06,5.4508e+06,5.4508e+06,7.58935e+06,7.58935e+06,7.58935e+06,2.69516e+07,2.69516e+07,2.69516e+07,0.822219,0.822219,0.822219,231.177,231.177,231.177
648,5.74087e+06,5.74087e+06,5.74087e+06,469.026,469.026,469.026,151266,151266,151266,3.24817e+07,3.24817e+07,3.24817e+07,3.06948e+07,3.06948e+07,3.06948e+07,443.202,443.202,443.202,152021,152021,152021,9.35744e+06,9.35744e+06,9.35744e+06,8.95945e+06,8.95945e+06,8.95945e+06,5.27356e+06,5.27356e+06,5.27356e+06,7.71416e+06,7.71416e+06,7.71416e+06,2.69557e+07,2.69557e+07,2.69557e+07,0.777553,0.777553,0.777553,251.767,251.767,251.767
649,5.73292e+06,5.73292e+06,5.73292e+06,451.648,451.648,451.648,164444,164444,164444,3.22554e+07,3.22554e+07,3.22554e+07,3.0917e+07,3.0917e+07,3.0917e+07,429.466,429.466,429.466,164047,164047,164047,9.56108e+06,9.56108e+06,9.56108e+06,8.75404e+06,8.75404e+06,8.75404e+06,5.10208e+06,5.10208e+06,5.10208e+06,7.86551e+06,7.86551e+06,7.86551e+06,2.69589e+07,2.69589e+07,2.69589e+07,0.747072,0.747072,0.747072,273.758,273.758,273.758
650,5.69487e+06,5.69487e+06,5.69487e+06,435.612,435.612,435.612,175646,175646,175646,3.19966e+07,3.19966e+07,3.19966e+07,3.11438e+07,3.11438e+07,3.11438e+07,419.187,419.187,419.187,174709,174709,174709,9.79193e+06,9.79193e+06,9.79193e+06,8.55301e+06,8.55301e+06,8.55301e+06,4.93618e+06,4.93618e+06,4.93618e+06,8.04125e+06,8.04125e+06,8.04125e+06,2.69619e+07,2.69619e+07,2.69619e+07,0.723575,0.723575,0.723575,294.414,294.414,294.414
651,5.63585e+06,5.63585e+06,5.63585e+06,418.627,418.627,418.627,183099,183099,183099,3.17134e+07,3.17134e+07,3.17134e+07,3.13755e+07,3.13755e+07,3.13755e+07,409.493,409.493,409.493,182206,182206,182206,1.0042e+07,1.0042e+07,1.0042e+07,8.35628e+06,8.35628e+06,8.35628e+06,4.77569e+06,4.77569e+06,4.77569e+06,8.23478e+06,8.23478e+06,8.23478e+06,2.69655e+07,2.69655e+07,2.69655e+07,0.70175,0.70175,0.70175,310.596,310.596,310.596
652,5.56838e+06,5.56838e+06,5.56838e+06,399.94,399.94,399.94,185627,185627,185627,3.14177e+07,3.14177e+07,3.14177e+07,3.16126e+07,3.16126e+07,3.16126e+07,398.692,398.692,398.692,185141,185141,185141,1.02995e+07,1.02995e+07,1.02995e+07,8.16377e+06,8.16377e+06,8.16377e+06,4.62042e+06,4.62042e+06,4.62042e+06,8.43547e+06,8.43547e+06,8.43547e+06,2.69703e+07,2.69703e+07,2.69703e+07,0.678406,0.678406,0.678406,319.563,319.563,319.563
653,5.50582e+06,5.50582e+06,5.50582e+06,380.222,380.222,380.222,183069,183069,183069,3.11229e+07,3.11229e+07,3.11229e+07,3.18551e+07,3.18551e+07,3.18551e+07,386.39,386.39,386.39,182993,182993,182993,1.05513e+07,1.05513e+07,1.05513e+07,7.9754e+06,7.9754e+06,7.9754e+06,4.4702e+06,4.4702e+06,4.4702e+06,8.63057e+06,8.63057e+06,8.63057e+06,2.69762e+07,2.69762e+07,2.69762e+07,0.652659,0.652659,0.652659,319.863,319.863,319.863
654,5.45965e+06,5.45965e+06,5.45965e+06,361.113,361.113,361.113,176287,176287,176287,3.08413e+07,3.08413e+07,3.08413e+07,3.21026e+07,3.21026e+07,3.21026e+07,373.363,373.363,373.363,176270,176270,176270,1.07852e+07,1.07852e+07,1.07852e+07,7.79108e+06,7.79108e+06,7.79108e+06,4.32487e+06,4.32487e+06,4.32487e+06,8.80771e+06,8.80771e+06,8.80771e+06,2.69832e+07,2.69832e+07,2.69832e+07,0.625691,0.625691,0.625691,311.812,311.812,311.812
655,5.43757e+06,5.43757e+06,5.43757e+06,344.618,344.618,344.618,166781,166781,166781,3.0582e+07,3.0582e+07,3.0582e+07,3.23544e+07,3.23544e+07,3.23544e+07,361.173,361.173,361.173,166278,166278,166278,1.09927e+07,1.09927e+07,1.09927e+07,7.61074e+06,7.61074e+06,7.61074e+06,4.18426e+06,4.18426e+06,4.18426e+06,8.95735e+06,8.95735e+06,8.95735e+06,2.69907e+07,2.69907e+07,2.69907e+07,0.600069,0.600069,0.600069,297.285,297.285,297.285
656,5.44303e+06,5.44303e+06,5.44303e+06,332.651,332.651,332.651,156186,156186,156186,3.03497e+07,3.03497e+07,3.03497e+07,3.26099e+07,3.26099e+07,3.26099e+07,351.72,351.72,351.72,154635,154635,154635,1.11694e+07,1.11694e+07,1.11694e+07,7.4343e+06,7.4343e+06,7.4343e+06,4.04822e+06,4.04822e+06,4.04822e+06,9.0741e+06,9.0741e+06,9.0741e+06,2.6998e+07,2.6998e+07,2.6998e+07,0.578921,0.578921,0.578921,278.977,278.977,278.977
657,5.47576e+06,5.47576e+06,5.47576e+06,326.865,326.865,326.865,145886,145886,145886,3.01451e+07,3.01451e+07,3.01451e+07,3.28681e+07,3.28681e+07,3.28681e+07,346.925,346.925,346.925,142838,142838,142838,1.13149e+07,1.13149e+07,1.13149e+07,7.26172e+06,7.26172e+06,7.26172e+06,3.91662e+06,3.91662e+06,3.91662e+06,9.15682e+06,9.15682e+06,9.15682e+06,2.70043e+07,2.70043e+07,2.70043e+07,0.565343,0.565343,0.565343,259.592,259.592,259.592
658,5.53282e+06,5.53282e+06,5.53282e+06,328.74,328.74,328.74,136855,136855,136855,2.99659e+07,2.99659e+07,2.99659e+07,3.31281e+07,3.31281e+07,3.31281e+07,348.636,348.636,348.636,132010,132010,132010,1.14321e+07,1.14321e+07,1.14321e+07,7.09293e+06,7.09293e+06,7.09293e+06,3.78932e+06,3.78932e+06,3.78932e+06,9.20775e+06,9.20775e+06,9.20775e+06,2.7009e+07,2.7009e+07,2.7009e+07,0.562198,0.562198,0.562198,241.298,241.298,241.298
659,5.60965e+06,5.60965e+06,5.60965e+06,339.84,339.84,339.84,129677,129677,129677,2.98078e+07,2.98078e+07,2.98078e+07,3.33893e+07,3.33893e+07,3.33893e+07,358.745,358.745,358.745,122854,122854,122854,1.15256e+07,1.15256e+07,1.15256e+07,6.92787e+06,6.92787e+06,6.92787e+06,3.6662e+06,3.6662e+06,3.6662e+06,9.23139e+06,9.23139e+06,9.23139e+06,2.70113e+07,2.70113e+07,2.70113e+07,0.572278,0.572278,0.572278,225.554,225.554,225.554
660,5.70081e+06,5.70081e+06,5.70081e+06,362.132,362.132,362.132,124643,124643,124643,2.96655e+07,2.96655e+07,2.96655e+07,3.36509e+07,3.36509e+07,3.36509e+07,379.45,379.45,379.45,115724,115724,115724,1.16009e+07,1.16009e+07,1.16009e+07,6.76651e+06,6.76651e+06,6.76651e+06,3.54715e+06,3.54715e+06,3.54715e+06,9.23343e+06,9.23343e+06,9.23343e+06,2.70107e+07,2.70107e+07,2.70107e+07,0.598716,0.598716,0.598716,213.182,213.182,213.182
661,5.80051e+06,5.80051e+06,5.80051e+06,398.362,398.362,398.362,121858,121858,121858,2.95334e+07,2.95334e+07,2.95334e+07,3.39126e+07,3.39126e+07,3.39126e+07,413.624,413.624,413.624,110736,110736,110736,1.16642e+07,1.16642e+07,1.16642e+07,6.60879e+06,6.60879e+06,6.60879e+06,3.43206e+06,3.43206e+06,3.43206e+06,9.21994e+06,9.21994e+06,9.21994e+06,2.70069e+07,2.70069e+07,2.70069e+07,0.645533,0.645533,0.645533,204.542,204.542,204.542
662,5.90292e+06,5.90292e+06,5.90292e+06,452.496,452.496,452.496,121317,121317,121317,2.9406e+07,2.9406e+07,2.9406e+07,3.41741e+07,3.41741e+07,3.41741e+07,465.277,465.277,465.277,107866,107866,107866,1.17215e+07,1.17215e+07,1.17215e+07,6.45469e+06,6.45469e+06,6.45469e+06,3.32085e+06,3.32085e+06,3.32085e+06,9.19688e+06,9.19688e+06,9.19688e+06,2.69997e+07,2.69997e+07,2.69997e+07,0.718327,0.718327,0.718327,199.706,199.706,199.706
663,6.00234e+06,6.00234e+06,6.00234e+06,530.254,530.254,530.254,122948,122948,122948,2.92782e+07,2.92782e+07,2.92782e+07,3.44351e+07,3.44351e+07,3.44351e+07,540.15,540.15,540.15,107005,107005,107005,1.17785e+07,1.17785e+07,1.17785e+07,6.30419e+06,6.30419e+06,6.30419e+06,3.21344e+06,3.21344e+06,3.21344e+06,9.16985e+06,9.16985e+06,9.16985e+06,2.69891e+07,2.69891e+07,2.69891e+07,0.825114,0.825114,0.825114,198.579,198.579,198.579
664,6.09334e+06,6.09334e+06,6.09334e+06,639.794,639.794,639.794,126611,126611,126611,2.9145e+07,2.9145e+07,2.9145e+07,3.46957e+07,3.46957e+07,3.46957e+07,646.49,646.49,646.49,107994,107994,107994,1.18406e+07,1.18406e+07,1.18406e+07,6.15728e+06,6.15728e+06,6.15728e+06,3.10977e+06,3.10977e+06,3.10977e+06,9.14392e+06,9.14392e+06,9.14392e+06,2.69751e+07,2.69751e+07,2.69751e+07,0.977396,0.977396,0.977396,200.954,200.954,200.954
665,6.171e+06,6.171e+06,6.171e+06,792.553,792.553,792.553,132073,132073,132073,2.90024e+07,2.90024e+07,2.90024e+07,3.4956e+07,3.4956e+07,3.4956e+07,796.042,796.042,796.042,110606,110606,110606,1.19128e+07,1.19128e+07,1.19128e+07,6.01399e+06,6.01399e+06,6.01399e+06,3.00982e+06,3.00982e+06,3.00982e+06,9.1235e+06,9.1235e+06,9.1235e+06,2.6958e+07,2.6958e+07,2.6958e+07,1.19153,1.19153,1.19153,206.506,206.506,206.506
666,6.23128e+06,6.23128e+06,6.23128e+06,1004.26,1004.26,1004.26,138964,138964,138964,2.88469e+07,2.88469e+07,2.88469e+07,3.5216e+07,3.5216e+07,3.5216e+07,1005.33,1005.33,1005.33,114527,114527,114527,1.19988e+07,1.19988e+07,1.19988e+07,5.87437e+06,5.87437e+06,5.87437e+06,2.91359e+06,2.91359e+06,2.91359e+06,9.11218e+06,9.11218e+06,9.11218e+06,2.69381e+07,2.69381e+07,2.69381e+07,1.49046,1.49046,1.49046,214.746,214.746,214.746
667,6.2714e+06,6.2714e+06,6.2714e+06,1296.08,1296.08,1296.08,146730,146730,146730,2.86764e+07,2.86764e+07,2.86764e+07,3.5476e+07,3.5476e+07,3.5476e+07,1297.22,1297.22,1297.22,119322,119322,119322,1.21014e+07,1.21014e+07,1.21014e+07,5.73852e+06,5.73852e+06,5.73852e+06,2.82115e+06,2.82115e+06,2.82115e+06,9.11248e+06,9.11248e+06,9.11248e+06,2.69158e+07,2.69158e+07,2.69158e+07,1.90579,1.90579,1.90579,224.954,224.954,224.954
668,6.29041e+06,6.29041e+06,6.29041e+06,1696.01,1696.01,1696.01,154625,154625,154625,2.84899e+07,2.84899e+07,2.84899e+07,3.57361e+07,3.57361e+07,3.57361e+07,1702.83,1702.83,1702.83,124419,124419,124419,1.22215e+07,1.22215e+07,1.22215e+07,5.60662e+06,5.60662e+06,5.60662e+06,2.73262e+06,2.73262e+06,2.73262e+06,9.12553e+06,9.12553e+06,9.12553e+06,2.68917e+07,2.68917e+07,2.68917e+07,2.48025,2.48025,2.48025,236.129,236.129,236.129
669,6.28956e+06,6.28956e+06,6.28956e+06,2240.52,2240.52,2240.52,161751,161751,161751,2.82885e+07,2.82885e+07,2.82885e+07,3.59964e+07,3.59964e+07,3.59964e+07,2263.82,2263.82,2263.82,129128,129128,129128,1.23581e+07,1.23581e+07,1.23581e+07,5.47889e+06,5.47889e+06,5.47889e+06,2.64821e+06,2.64821e+06,2.64821e+06,9.15083e+06,9.15083e+06,9.15083e+06,2.68661e+07,2.68661e+07,2.68661e+07,3.27075,3.27075,3.27075,247.002,247.002,247.002
670,6.2724e+06,6.2724e+06,6.2724e+06,2977.22,2977.22,2977.22,167195,167195,167195,2.80751e+07,2.80751e+07,2.80751e+07,3.62568e+07,3.62568e+07,3.62568e+07,3035.65,3035.65,3035.65,132727,132727,132727,1.25074e+07,1.25074e+07,1.25074e+07,5.35569e+06,5.35569e+06,5.35569e+06,2.56826e+06,2.56826e+06,2.56826e+06,9.18606e+06,9.18606e+06,9.18606e+06,2.68395e+07,2.68395e+07,2.68395e+07,4.35234,4.35234,4.35234,256.159,256.159,256.159
671,6.24437e+06,6.24437e+06,6.24437e+06,3969.45,3969.45,3969.45,170207,170207,170207,2.78542e+07,2.78542e+07,2.78542e+07,3.65168e+07,3.65168e+07,3.65168e+07,4092.43,4092.43,4092.43,134588,134588,134588,1.2664e+07,1.2664e+07,1.2664e+07,5.2375e+06,5.2375e+06,5.2375e+06,2.49324e+06,2.49324e+06,2.49324e+06,9.2272e+06,9.2272e+06,9.2272e+06,2.68123e+07,2.68123e+07,2.68123e+07,5.82442,5.82442,5.82442,262.269,262.269,262.269
672,6.21191e+06,6.21191e+06,6.21191e+06,5304.41,5304.41,5304.41,170378,170378,170378,2.76315e+07,2.76315e+07,2.76315e+07,3.67755e+07,3.67755e+07,3.67755e+07,5535.22,5535.22,5535.22,134315,134315,134315,1.28207e+07,1.28207e+07,1.28207e+07,5.12496e+06,5.12496e+06,5.12496e+06,2.42384e+06,2.42384e+06,2.42384e+06,9.26906e+06,9.26906e+06,9.26906e+06,2.67847e+07,2.67847e+07,2.67847e+07,7.82131,7.82131,7.82131,264.367,264.367,264.367
673,6.18128e+06,6.18128e+06,6.18128e+06,7106.9,7106.9,7106.9,167722,167722,167722,2.74129e+07,2.74129e+07,2.74129e+07,3.70316e+07,3.70316e+07,3.70316e+07,7506.03,7506.03,7506.03,131837,131837,131837,1.29703e+07,1.29703e+07,1.29703e+07,5.019e+06,5.019e+06,5.019e+06,2.36104e+06,2.36104e+06,2.36104e+06,9.30601e+06,9.30601e+06,9.30601e+06,2.67567e+07,2.67567e+07,2.67567e+07,10.5303,10.5303,10.5303,262.076,262.076,262.076
674,6.15736e+06,6.15736e+06,6.15736e+06,9560.94,9560.94,9560.94,162640,162640,162640,2.72038e+07,2.72038e+07,2.72038e+07,3.7283e+07,3.7283e+07,3.7283e+07,10210.5,10210.5,10210.5,127399,127399,127399,1.3106e+07,1.3106e+07,1.3106e+07,4.92091e+06,4.92091e+06,4.92091e+06,2.30623e+06,2.30623e+06,2.30623e+06,9.33281e+06,9.33281e+06,9.33281e+06,2.67285e+07,2.67285e+07,2.67285e+07,14.2213,14.2213,14.2213,255.662,255.662,255.662
675,6.14275e+06,6.14275e+06,6.14275e+06,12941.9,12941.9,12941.9,155759,155759,155759,2.70084e+07,2.70084e+07,2.70084e+07,3.75265e+07,3.75265e+07,3.75265e+07,13953.1,13953.1,13953.1,121470,121470,121470,1.32227e+07,1.32227e+07,1.32227e+07,4.83254e+06,4.83254e+06,4.83254e+06,2.26136e+06,2.26136e+06,2.26136e+06,9.34537e+06,9.34537e+06,9.34537e+06,2.66998e+07,2.66998e+07,2.66998e+07,19.2929,19.2929,19.2929,245.901,245.901,245.901
676,6.13731e+06,6.13731e+06,6.13731e+06,17662.1,17662.1,17662.1,147748,147748,147748,2.68296e+07,2.68296e+07,2.68296e+07,3.77582e+07,3.77582e+07,3.77582e+07,19188.7,19188.7,19188.7,114600,114600,114600,1.33172e+07,1.33172e+07,1.33172e+07,4.75655e+06,4.75655e+06,4.75655e+06,2.22933e+06,2.22933e+06,2.22933e+06,9.34105e+06,9.34105e+06,9.34105e+06,2.66707e+07,2.66707e+07,2.66707e+07,26.3403,26.3403,26.3403,233.822,233.822,233.822
677,6.13787e+06,6.13787e+06,6.13787e+06,24330,24330,24330,139147,139147,139147,2.66689e+07,2.66689e+07,2.66689e+07,3.7972e+07,3.7972e+07,3.7972e+07,26592.9,26592.9,26592.9,107283,107283,107283,1.33877e+07,1.33877e+07,1.33877e+07,4.69689e+06,4.69689e+06,4.69689e+06,2.21433e+06,2.21433e+06,2.21433e+06,9.31866e+06,9.31866e+06,9.31866e+06,2.66409e+07,2.66409e+07,2.66409e+07,36.2504,36.2504,36.2504,220.419,220.419,220.419
678,6.1382e+06,6.1382e+06,6.1382e+06,33815.3,33815.3,33815.3,130261,130261,130261,2.65269e+07,2.65269e+07,2.65269e+07,3.81595e+07,3.81595e+07,3.81595e+07,37147.8,37147.8,37147.8,99857.9,99857.9,99857.9,1.34336e+07,1.34336e+07,1.34336e+07,4.65928e+06,4.65928e+06,4.65928e+06,2.22252e+06,2.22252e+06,2.22252e+06,9.27813e+06,9.27813e+06,9.27813e+06,2.66107e+07,2.66107e+07,2.66107e+07,50.3203,50.3203,50.3203,206.43,206.43,206.43
679,6.12896e+06,6.12896e+06,6.12896e+06,47285.7,47285.7,47285.7,121109,121109,121109,2.64043e+07,2.64043e+07,2.64043e+07,3.83092e+07,3.83092e+07,3.83092e+07,52214,52214,52214,92462.3,92462.3,92462.3,1.3455e+07,1.3455e+07,1.3455e+07,4.65197e+06,4.65197e+06,4.65197e+06,2.26287e+06,2.26287e+06,2.26287e+06,9.21998e+06,9.21998e+06,9.21998e+06,2.65802e+07,2.65802e+07,2.65802e+07,70.3725,70.3725,70.3725,192.205,192.205,192.205
680,6.09773e+06,6.09773e+06,6.09773e+06,66121.9,66121.9,66121.9,111433,111433,111433,2.63019e+07,2.63019e+07,2.63019e+07,3.84049e+07,3.84049e+07,3.84049e+07,73507.2,73507.2,73507.2,85022.6,85022.6,85022.6,1.34513e+07,1.34513e+07,1.34513e+07,4.68635e+06,4.68635e+06,4.68635e+06,2.34799e+06,2.34799e+06,2.34799e+06,9.14483e+06,9.14483e+06,9.14483e+06,2.655e+07,2.655e+07,2.655e+07,98.7738,98.7738,98.7738,177.664,177.664,177.664
681,6.02987e+06,6.02987e+06,6.02987e+06,91530.4,91530.4,91530.4,100769,100769,100769,2.62215e+07,2.62215e+07,2.62215e+07,3.84262e+07,3.84262e+07,3.84262e+07,102793,102793,102793,77288,77288,77288,1.34212e+07,1.34212e+07,1.34212e+07,4.77705e+06,4.77705e+06,4.77705e+06,2.49463e+06,2.49463e+06,2.49463e+06,9.05283e+06,9.05283e+06,9.05283e+06,2.6521e+07,2.6521e+07,2.6521e+07,138.134,138.134,138.134,162.341,162.341,162.341
682,5.91107e+06,5.91107e+06,5.91107e+06,123621,123621,123621,88631,88631,88631,2.61663e+07,2.61663e+07,2.61663e+07,3.83494e+07,3.83494e+07,3.83494e+07,141009,141009,141009,68916.6,68916.6,68916.6,1.33622e+07,1.33622e+07,1.33622e+07,4.94037e+06,4.94037e+06,4.94037e+06,2.72272e+06,2.72272e+06,2.72272e+06,8.94333e+06,8.94333e+06,8.94333e+06,2.64947e+07,2.64947e+07,2.64947e+07,190.302,190.302,190.302,145.542,145.542,145.542
683,5.73268e+06,5.73268e+06,5.73268e+06,159992,159992,159992,74840.2,74840.2,74840.2,2.61405e+07,2.61405e+07,2.61405e+07,3.8154e+07,3.8154e+07,3.8154e+07,186668,186668,186668,59641.1,59641.1,59641.1,1.32708e+07,1.32708e+07,1.32708e+07,5.18964e+06,5.18964e+06,5.18964e+06,3.05123e+06,3.05123e+06,3.05123e+06,8.81491e+06,8.81491e+06,8.81491e+06,2.6473e+07,2.6473e+07,2.6473e+07,254.326,254.326,254.326,126.672,126.672,126.672
684,5.49921e+06,5.49921e+06,5.49921e+06,194745,194745,194745,59885.1,59885.1,59885.1,2.61487e+07,2.61487e+07,2.61487e+07,3.78324e+07,3.78324e+07,3.78324e+07,234165,234165,234165,49498.4,49498.4,49498.4,1.3144e+07,1.3144e+07,1.3144e+07,5.52735e+06,5.52735e+06,5.52735e+06,3.48965e+06,3.48965e+06,3.48965e+06,8.66583e+06,8.66583e+06,8.66583e+06,2.64582e+07,2.64582e+07,2.64582e+07,323.888,323.888,323.888,105.727,105.727,105.727
685,5.23313e+06,5.23313e+06,5.23313e+06,219762,219762,219762,45016,45016,45016,2.61942e+07,2.61942e+07,2.61942e+07,3.74012e+07,3.74012e+07,3.74012e+07,273927,273927,273927,38997.8,38997.8,38997.8,1.2981e+07,1.2981e+07,1.2981e+07,5.93733e+06,5.93733e+06,5.93733e+06,4.02739e+06,4.02739e+06,4.02739e+06,8.4951e+06,8.4951e+06,8.4951e+06,2.64524e+07,2.64524e+07,2.64524e+07,386.49,386.49,386.49,83.7022,83.7022,83.7022
686,4.97082e+06,4.97082e+06,4.97082e+06,228787,228787,228787,31786.8,31786.8,31786.8,2.62772e+07,2.62772e+07,2.62772e+07,3.69032e+07,3.69032e+07,3.69032e+07,296138,296138,296138,29028.6,29028.6,29028.6,1.27849e+07,1.27849e+07,1.27849e+07,6.38427e+06,6.38427e+06,6.38427e+06,4.62826e+06,4.62826e+06,4.62826e+06,8.30362e+06,8.30362e+06,8.30362e+06,2.64571e+07,2.64571e+07,2.64571e+07,427.347,427.347,427.347,62.4897,62.4897,62.4897
687,4.74942e+06,4.74942e+06,4.74942e+06,221245,221245,221245,21297.9,21297.9,21297.9,2.63944e+07,2.63944e+07,2.63944e+07,3.6396e+07,3.6396e+07,3.6396e+07,296220,296220,296220,20477.5,20477.5,20477.5,1.25623e+07,1.25623e+07,1.25623e+07,6.82433e+06,6.82433e+06,6.82433e+06,5.23791e+06,5.23791e+06,5.23791e+06,8.0946e+06,8.0946e+06,8.0946e+06,2.64728e+07,2.64728e+07,2.64728e+07,437.125,437.125,437.125,44.0917,44.0917,44.0917
688,4.59394e+06,4.59394e+06,4.59394e+06,202012,202012,202012,13781,13781,13781,2.65401e+07,2.65401e+07,2.65401e+07,3.5931e+07,3.5931e+07,3.5931e+07,277187,277187,277187,13837.1,13837.1,13837.1,1.23213e+07,1.23213e+07,1.23213e+07,7.22057e+06,7.22057e+06,7.22057e+06,5.80192e+06,5.80192e+06,5.80192e+06,7.87299e+06,7.87299e+06,7.87299e+06,2.64983e+07,2.64983e+07,2.64983e+07,417.169,417.169,417.169,29.7092,29.7092,29.7092
689,4.51293e+06,4.51293e+06,4.51293e+06,177802,177802,177802,8789.43,8789.43,8789.43,2.67075e+07,2.67075e+07,2.67075e+07,3.55396e+07,3.55396e+07,3.55396e+07,246916,246916,246916,9098.18,9098.18,9098.18,1.20694e+07,1.20694e+07,1.20694e+07,7.55244e+06,7.55244e+06,7.55244e+06,6.28255e+06,6.28255e+06,6.28255e+06,7.64416e+06,7.64416e+06,7.64416e+06,2.65314e+07,2.65314e+07,2.65314e+07,377.447,377.447,377.447,19.4249,19.4249,19.4249
690,4.50214e+06,4.50214e+06,4.50214e+06,153952,153952,153952,5632.21,5632.21,5632.21,2.68907e+07,2.68907e+07,2.68907e+07,3.52314e+07,3.52314e+07,3.52314e+07,213547,213547,213547,5923.21,5923.21,5923.21,1.18125e+07,1.18125e+07,1.18125e+07,7.81569e+06,7.81569e+06,7.81569e+06,6.66464e+06,6.66464e+06,6.66464e+06,7.41282e+06,7.41282e+06,7.41282e+06,2.65696e+07,2.65696e+07,2.65696e+07,330.097,330.097,330.097,12.548,12.548,12.548
691,4.55067e+06,4.55067e+06,4.55067e+06,133417,133417,133417,3683.05,3683.05,3683.05,2.70847e+07,2.70847e+07,2.70847e+07,3.50003e+07,3.50003e+07,3.50003e+07,182683,182683,182683,3881.7,3881.7,3881.7,1.15546e+07,1.15546e+07,1.15546e+07,8.01675e+06,8.01675e+06,8.01675e+06,6.95135e+06,6.95135e+06,6.95135e+06,7.18249e+06,7.18249e+06,7.18249e+06,2.661e+07,2.661e+07,2.661e+07,284.403,284.403,284.403,8.14641,8.14641,8.14641
692,4.64557e+06,4.64557e+06,4.64557e+06,117272,117272,117272,2486.55,2486.55,2486.55,2.72858e+07,2.72858e+07,2.72858e+07,3.48324e+07,3.48324e+07,3.48324e+07,157050,157050,157050,2597.34,2597.34,2597.34,1.12983e+07,1.12983e+07,1.12983e+07,8.1669e+06,8.1669e+06,8.1669e+06,7.15625e+06,7.15625e+06,7.15625e+06,6.95552e+06,6.95552e+06,6.95552e+06,2.66504e+07,2.66504e+07,2.66504e+07,245.424,245.424,245.424,5.3935,5.3935,5.3935
693,4.77436e+06,4.77436e+06,4.77436e+06,105564,105564,105564,1747.54,1747.54,1747.54,2.74915e+07,2.74915e+07,2.74915e+07,3.47118e+07,3.47118e+07,3.47118e+07,137370,137370,137370,1794.71,1794.71,1794.71,1.10449e+07,1.10449e+07,1.10449e+07,8.2785e+06,8.2785e+06,8.2785e+06,7.2966e+06,7.2966e+06,7.2966e+06,6.73337e+06,6.73337e+06,6.73337e+06,2.66889e+07,2.66889e+07,2.66889e+07,214.933,214.933,214.933,3.68394,3.68394,3.68394
694,4.92585e+06,4.92585e+06,4.92585e+06,97941.5,97941.5,97941.5,1285.53,1285.53,1285.53,2.77001e+07,2.77001e+07,2.77001e+07,3.46236e+07,3.46236e+07,3.46236e+07,123358,123358,123358,1291.41,1291.41,1291.41,1.07954e+07,1.07954e+07,1.07954e+07,8.3632e+06,8.3632e+06,8.3632e+06,7.38949e+06,7.38949e+06,7.38949e+06,6.51686e+06,6.51686e+06,6.51686e+06,2.67242e+07,2.67242e+07,2.67242e+07,192.895,192.895,192.895,2.61836,2.61836,2.61836
695,5.09007e+06,5.09007e+06,5.09007e+06,94011.5,94011.5,94011.5,992.97,992.97,992.97,2.79104e+07,2.79104e+07,2.79104e+07,3.45541e+07,3.45541e+07,3.45541e+07,114399,114399,114399,973.242,973.242,973.242,1.05503e+07,1.05503e+07,1.05503e+07,8.4314e+06,8.4314e+06,8.4314e+06,7.45017e+06,7.45017e+06,7.45017e+06,6.3064e+06,6.3064e+06,6.3064e+06,2.67554e+07,2.67554e+07,2.67554e+07,178.571,178.571,178.571,1.94794,1.94794,1.94794
696,5.25797e+06,5.25797e+06,5.25797e+06,93487.3,93487.3,93487.3,806.246,806.246,806.246,2.81218e+07,2.81218e+07,2.81218e+07,3.44916e+07,3.44916e+07,3.44916e+07,109901,109901,109901,770.627,770.627,770.627,1.03099e+07,1.03099e+07,1.03099e+07,8.49245e+06,8.49245e+06,8.49245e+06,7.49182e+06,7.49182e+06,7.49182e+06,6.10218e+06,6.10218e+06,6.10218e+06,2.67821e+07,2.67821e+07,2.67821e+07,171.155,171.155,171.155,1.52209,1.52209,1.52209
697,5.4209e+06,5.4209e+06,5.4209e+06,96229.8,96229.8,96229.8,687.501,687.501,687.501,2.8334e+07,2.8334e+07,2.8334e+07,3.44257e+07,3.44257e+07,3.44257e+07,109433,109433,109433,641.64,641.64,641.64,1.00742e+07,1.00742e+07,1.00742e+07,8.55499e+06,8.55499e+06,8.55499e+06,7.52586e+06,7.52586e+06,7.52586e+06,5.90422e+06,5.90422e+06,5.90422e+06,2.68041e+07,2.68041e+07,2.68041e+07,170.038,170.038,170.038,1.25055,1.25055,1.25055
698,5.57032e+06,5.57032e+06,5.57032e+06,102217,102217,102217,613.849,613.849,613.849,2.85469e+07,2.85469e+07,2.85469e+07,3.43466e+07,3.43466e+07,3.43466e+07,112735,112735,112735,560.945,560.945,560.945,9.84335e+06,9.84335e+06,9.84335e+06,8.62727e+06,8.62727e+06,8.62727e+06,7.56247e+06,7.56247e+06,7.56247e+06,5.71249e+06,5.71249e+06,5.71249e+06,2.68216e+07,2.68216e+07,2.68216e+07,174.871,174.871,174.871,1.07908,1.07908,1.07908
699,5.6976e+06,5.6976e+06,5.6976e+06,111455,111455,111455,570.999,570.999,570.999,2.87609e+07,2.87609e+07,2.87609e+07,3.42451e+07,3.42451e+07,3.42451e+07,119642,119642,119642,513.002,513.002,513.002,9.61734e+06,9.61734e+06,9.61734e+06,8.71741e+06,8.71741e+06,8.71741e+06,7.61098e+06,7.61098e+06,7.61098e+06,5.52686e+06,5.52686e+06,5.52686e+06,2.6835e+07,2.6835e+07,2.6835e+07,185.487,185.487,185.487,0.974594,0.974594,0.974594
700,5.79436e+06,5.79436e+06,5.79436e+06,123813,123813,123813,549.432,549.432,549.432,2.89763e+07,2.89763e+07,2.89763e+07,3.41126e+07,3.41126e+07,3.41126e+07,129948,129948,129948,487.909,487.909,487.909,9.39614e+06,9.39614e+06,9.39614e+06,8.83325e+06,8.83325e+06,8.83325e+06,7.67997e+06,7.67997e+06,7.67997e+06,5.34722e+06,5.34722e+06,5.34722e+06,2.6845e+07,2.6845e+07,2.6845e+07,201.705,201.705,201.705,0.91621,0.91621,0.91621
701,5.85333e+06,5.85333e+06,5.85333e+06,138793,138793,138793,542.056,542.056,542.056,2.91939e+07,2.91939e+07,2.91939e+07,3.39415e+07,3.39415e+07,3.39415e+07,143186,143186,143186,478.838,478.838,478.838,9.17971e+06,9.17971e+06,9.17971e+06,8.98171e+06,8.98171e+06,8.98171e+06,7.77692e+06,7.77692e+06,7.77692e+06,5.17342e+06,5.17342e+06,5.17342e+06,2.68524e+07,2.68524e+07,2.68524e+07,223.019,223.019,223.019,0.889761,0.889761,0.889761
702,5.86988e+06,5.86988e+06,5.86988e+06,155268,155268,155268,542.815,542.815,542.815,2.94147e+07,2.94147e+07,2.94147e+07,3.37268e+07,3.37268e+07,3.37268e+07,158373,158373,158373,480.42,480.42,480.42,8.96797e+06,8.96797e+06,8.96797e+06,9.16755e+06,9.16755e+06,9.16755e+06,7.9073e+06,7.9073e+06,7.9073e+06,5.0053e+06,5.0053e+06,5.0053e+06,2.68582e+07,2.68582e+07,2.68582e+07,248.178,248.178,248.178,0.88443,0.88443,0.88443
703,5.84406e+06,5.84406e+06,5.84406e+06,171347,171347,171347,546.114,546.114,546.114,2.96394e+07,2.96394e+07,2.96394e+07,3.34674e+07,3.34674e+07,3.34674e+07,173824,173824,173824,487.833,487.833,487.833,8.76086e+06,8.76086e+06,8.76086e+06,9.39153e+06,9.39153e+06,9.39153e+06,8.07297e+06,8.07297e+06,8.07297e+06,4.84269e+06,4.84269e+06,4.84269e+06,2.68635e+07,2.68635e+07,2.68635e+07,274.821,274.821,274.821,0.890809,0.890809,0.890809
704,5.78221e+06,5.78221e+06,5.78221e+06,184588,184588,184588,547.066,547.066,547.066,2.98692e+07,2.98692e+07,2.98692e+07,3.31683e+07,3.31683e+07,3.31683e+07,187227,187227,187227,496.552,496.552,496.552,8.55829e+06,8.55829e+06,8.55829e+06,9.64875e+06,9.64875e+06,9.64875e+06,8.27059e+06,8.27059e+06,8.27059e+06,4.68543e+06,4.68543e+06,4.68543e+06,2.68694e+07,2.68694e+07,2.68694e+07,299.425,299.425,299.425,0.900258,0.900258,0.900258
705,5.69704e+06,5.69704e+06,5.69704e+06,192651,192651,192651,542.332,542.332,542.332,3.01048e+07,3.01048e+07,3.01048e+07,3.28408e+07,3.28408e+07,3.28408e+07,196133,196133,196133,502.738,502.738,502.738,8.36015e+06,8.36015e+06,8.36015e+06,9.92811e+06,9.92811e+06,9.92811e+06,8.49068e+06,8.49068e+06,8.49068e+06,4.53334e+06,4.53334e+06,4.53334e+06,2.68767e+07,2.68767e+07,2.68767e+07,317.904,317.904,317.904,0.905475,0.905475,0.905475
706,5.60531e+06,5.60531e+06,5.60531e+06,194160,194160,194160,530.968,530.968,530.968,3.03464e+07,3.03464e+07,3.03464e+07,3.25014e+07,3.25014e+07,3.25014e+07,198762,198762,198762,503.992,503.992,503.992,8.16635e+06,8.16635e+06,8.16635e+06,1.02138e+07,1.02138e+07,1.02138e+07,8.71851e+06,8.71851e+06,8.71851e+06,4.38623e+06,4.38623e+06,4.38623e+06,2.6886e+07,2.6886e+07,2.6886e+07,326.833,326.833,326.833,0.901802,0.901802,0.901802
707,5.52408e+06,5.52408e+06,5.52408e+06,189253,189253,189253,514.566,514.566,514.566,3.05941e+07,3.05941e+07,3.05941e+07,3.21677e+07,3.21677e+07,3.21677e+07,194688,194688,194688,499.952,499.952,499.952,7.97678e+06,7.97678e+06,7.97678e+06,1.04886e+07,1.04886e+07,1.04886e+07,8.93691e+06,8.93691e+06,8.93691e+06,4.24393e+06,4.24393e+06,4.24393e+06,2.68973e+07,2.68973e+07,2.68973e+07,324.726,324.726,324.726,0.888322,0.888322,0.888322
708,5.46689e+06,5.46689e+06,5.46689e+06,179425,179425,179425,496.511,496.511,496.511,3.08473e+07,3.08473e+07,3.08473e+07,3.18551e+07,3.18551e+07,3.18551e+07,184957,184957,184957,492.273,492.273,492.273,7.79134e+06,7.79134e+06,7.79134e+06,1.07381e+07,1.07381e+07,1.07381e+07,9.13014e+06,9.13014e+06,9.13014e+06,4.10628e+06,4.10628e+06,4.10628e+06,2.69103e+07,2.69103e+07,2.69103e+07,312.574,312.574,312.574,0.867858,0.867858,0.867858
709,5.44175e+06,5.44175e+06,5.44175e+06,166841,166841,166841,480.835,480.835,480.835,3.11052e+07,3.11052e+07,3.11052e+07,3.15739e+07,3.15739e+07,3.15739e+07,171582,171582,171582,484.01,484.01,484.01,7.60997e+06,7.60997e+06,7.60997e+06,1.09529e+07,1.09529e+07,1.09529e+07,9.28702e+06,9.28702e+06,9.28702e+06,3.97311e+06,3.97311e+06,3.97311e+06,2.69243e+07,2.69243e+07,2.69243e+07,293.286,293.286,293.286,0.8458,0.8458,0.8458
710,5.45114e+06,5.45114e+06,5.45114e+06,153593,153593,153593,471.36,471.36,471.36,3.13668e+07,3.13668e+07,3.13668e+07,3.13282e+07,3.13282e+07,3.13282e+07,156784,156784,156784,478.801,478.801,478.801,7.43259e+06,7.43259e+06,7.43259e+06,1.11292e+07,1.11292e+07,1.11292e+07,9.40234e+06,9.40234e+06,9.40234e+06,3.84428e+06,3.84428e+06,3.84428e+06,2.69383e+07,2.69383e+07,2.69383e+07,270.494,270.494,270.494,0.828543,0.828543,0.828543
711,5.49322e+06,5.49322e+06,5.49322e+06,141263,141263,141263,471.447,471.447,471.447,3.1631e+07,3.1631e+07,3.1631e+07,3.11172e+07,3.11172e+07,3.11172e+07,142405,142405,142405,480.32,480.32,480.32,7.25913e+06,7.25913e+06,7.25913e+06,1.12684e+07,1.12684e+07,1.12684e+07,9.47629e+06,9.47629e+06,9.47629e+06,3.71966e+06,3.71966e+06,3.71966e+06,2.69512e+07,2.69512e+07,2.69512e+07,247.471,247.471,247.471,0.822388,0.822388,0.822388
712,5.56343e+06,5.56343e+06,5.56343e+06,130828,130828,130828,484.274,484.274,484.274,3.18968e+07,3.18968e+07,3.18968e+07,3.09368e+07,3.09368e+07,3.09368e+07,129674,129674,129674,492.195,492.195,492.195,7.08955e+06,7.08955e+06,7.08955e+06,1.13749e+07,1.13749e+07,1.13749e+07,9.51302e+06,9.51302e+06,9.51302e+06,3.59914e+06,3.59914e+06,3.59914e+06,2.69623e+07,2.69623e+07,2.69623e+07,226.566,226.566,226.566,0.833283,0.833283,0.833283
713,5.65578e+06,5.65578e+06,5.65578e+06,122779,122779,122779,513.42,513.42,513.42,3.21633e+07,3.21633e+07,3.21633e+07,3.0781e+07,3.0781e+07,3.0781e+07,119246,119246,119246,518.326,518.326,518.326,6.92382e+06,6.92382e+06,6.92382e+06,1.1455e+07,1.1455e+07,1.1455e+07,9.5189e+06,9.5189e+06,9.5189e+06,3.48261e+06,3.48261e+06,3.48261e+06,2.69707e+07,2.69707e+07,2.69707e+07,209.155,209.155,209.155,0.867331,0.867331,0.867331
714,5.76371e+06,5.76371e+06,5.76371e+06,117294,117294,117294,563.651,563.651,563.651,3.24299e+07,3.24299e+07,3.24299e+07,3.06431e+07,3.06431e+07,3.06431e+07,111366,111366,111366,563.529,563.529,563.529,6.76188e+06,6.76188e+06,6.76188e+06,1.15156e+07,1.15156e+07,1.15156e+07,9.5012e+06,9.5012e+06,9.5012e+06,3.36999e+06,3.36999e+06,3.36999e+06,2.69757e+07,2.69757e+07,2.69757e+07,195.868,195.868,195.868,0.931803,0.931803,0.931803
715,5.88054e+06,5.88054e+06,5.88054e+06,114385,114385,114385,641.893,641.893,641.893,3.26961e+07,3.26961e+07,3.26961e+07,3.05163e+07,3.05163e+07,3.05163e+07,106038,106038,106038,634.447,634.447,634.447,6.60375e+06,6.60375e+06,6.60375e+06,1.15636e+07,1.15636e+07,1.15636e+07,9.46725e+06,9.46725e+06,9.46725e+06,3.2612e+06,3.2612e+06,3.2612e+06,2.69771e+07,2.69771e+07,2.69771e+07,186.87,186.87,186.87,1.03657,1.03657,1.03657
716,5.99968e+06,5.99968e+06,5.99968e+06,113992,113992,113992,758.529,758.529,758.529,3.29615e+07,3.29615e+07,3.29615e+07,3.03945e+07,3.03945e+07,3.03945e+07,103154,103154,103154,740.817,740.817,740.817,6.44941e+06,6.44941e+06,6.44941e+06,1.1606e+07,1.1606e+07,1.1606e+07,9.42397e+06,9.42397e+06,9.42397e+06,3.15619e+06,3.15619e+06,3.15619e+06,2.69746e+07,2.69746e+07,2.69746e+07,182.085,182.085,182.085,1.19601,1.19601,1.19601
717,6.11468e+06,6.11468e+06,6.11468e+06,116022,116022,116022,929.195,929.195,929.195,3.32258e+07,3.32258e+07,3.32258e+07,3.02715e+07,3.02715e+07,3.02715e+07,102558,102558,102558,897.244,897.244,897.244,6.29891e+06,6.29891e+06,6.29891e+06,1.1649e+07,1.1649e+07,1.1649e+07,9.37771e+06,9.37771e+06,9.37771e+06,3.05495e+06,3.05495e+06,3.05495e+06,2.69683e+07,2.69683e+07,2.69683e+07,181.335,181.335,181.335,1.43163,1.43163,1.43163
718,6.21933e+06,6.21933e+06,6.21933e+06,120344,120344,120344,1177.31,1177.31,1177.31,3.34891e+07,3.34891e+07,3.34891e+07,3.01419e+07,3.01419e+07,3.01419e+07,104069,104069,104069,1125.77,1125.77,1125.77,6.15233e+06,6.15233e+06,6.15233e+06,1.16988e+07,1.16988e+07,1.16988e+07,9.33418e+06,9.33418e+06,9.33418e+06,2.95752e+06,2.95752e+06,2.95752e+06,2.69582e+07,2.69582e+07,2.69582e+07,184.39,184.39,184.39,1.77578,1.77578,1.77578
719,6.30783e+06,6.30783e+06,6.30783e+06,126743,126743,126743,1537.52,1537.52,1537.52,3.37513e+07,3.37513e+07,3.37513e+07,3.00009e+07,3.00009e+07,3.00009e+07,107460,107460,107460,1459.52,1459.52,1459.52,6.00985e+06,6.00985e+06,6.00985e+06,1.17609e+07,1.17609e+07,1.17609e+07,9.29841e+06,9.29841e+06,9.29841e+06,2.86398e+06,2.86398e+06,2.86398e+06,2.69446e+07,2.69446e+07,2.69446e+07,190.94,190.94,190.94,2.27692,2.27692,2.27692
720,6.3751e+06,6.3751e+06,6.3751e+06,134851,134851,134851,2060.28,2060.28,2060.28,3.40123e+07,3.40123e+07,3.40123e+07,2.98446e+07,2.98446e+07,2.98446e+07,112412,112412,112412,1947.76,1947.76,1947.76,5.87171e+06,5.87171e+06,5.87171e+06,1.18398e+07,1.18398e+07,1.18398e+07,9.27456e+06,9.27456e+06,9.27456e+06,2.77454e+06,2.77454e+06,2.77454e+06,2.69281e+07,2.69281e+07,2.69281e+07,200.526,200.526,200.526,3.0068,3.0068,3.0068
721,6.41736e+06,6.41736e+06,6.41736e+06,144066,144066,144066,2817.34,2817.34,2817.34,3.42721e+07,3.42721e+07,3.42721e+07,2.967e+07,2.967e+07,2.967e+07,118457,118457,118457,2662.57,2662.57,2662.57,5.73833e+06,5.73833e+06,5.73833e+06,1.19388e+07,1.19388e+07,1.19388e+07,9.26566e+06,9.26566e+06,9.26566e+06,2.68955e+06,2.68955e+06,2.68955e+06,2.6909e+07,2.6909e+07,2.6909e+07,212.423,212.423,212.423,4.06995,4.06995,4.06995
722,6.43277e+06,6.43277e+06,6.43277e+06,153499,153499,153499,3907.96,3907.96,3907.96,3.45305e+07,3.45305e+07,3.45305e+07,2.94761e+07,2.94761e+07,2.94761e+07,124925,124925,124925,3707.03,3707.03,3707.03,5.61034e+06,5.61034e+06,5.61034e+06,1.20594e+07,1.20594e+07,1.20594e+07,9.27319e+06,9.27319e+06,9.27319e+06,2.60957e+06,2.60957e+06,2.60957e+06,2.6888e+07,2.6888e+07,2.6888e+07,225.539,225.539,225.539,5.61518,5.61518,5.61518
723,6.42203e+06,6.42203e+06,6.42203e+06,162012,162012,162012,5465.7,5465.7,5465.7,3.47868e+07,3.47868e+07,3.47868e+07,2.9264e+07,2.9264e+07,2.9264e+07,130959,130959,130959,5224.94,5224.94,5224.94,5.48865e+06,5.48865e+06,5.48865e+06,1.22e+07,1.22e+07,1.22e+07,9.29664e+06,9.29664e+06,9.29664e+06,2.53544e+06,2.53544e+06,2.53544e+06,2.68656e+07,2.68656e+07,2.68656e+07,238.383,238.383,238.383,7.84905,7.84905,7.84905
724,6.38868e+06,6.38868e+06,6.38868e+06,168363,168363,168363,7666.06,7666.06,7666.06,3.50399e+07,3.50399e+07,3.50399e+07,2.90373e+07,2.90373e+07,2.90373e+07,135593,135593,135593,7411.83,7411.83,7411.83,5.37454e+06,5.37454e+06,5.37454e+06,1.23564e+07,1.23564e+07,1.23564e+07,9.33315e+06,9.33315e+06,9.33315e+06,2.46843e+06,2.46843e+06,2.46843e+06,2.68425e+07,2.68425e+07,2.68425e+07,249.179,249.179,249.179,11.0509,11.0509,11.0509
725,6.33862e+06,6.33862e+06,6.33862e+06,171463,171463,171463,10737.3,10737.3,10737.3,3.52878e+07,3.52878e+07,3.52878e+07,2.8802e+07,2.8802e+07,2.8802e+07,137934,137934,137934,10528.6,10528.6,10528.6,5.26978e+06,5.26978e+06,5.26978e+06,1.25211e+07,1.25211e+07,1.25211e+07,9.37751e+06,9.37751e+06,9.37751e+06,2.41033e+06,2.41033e+06,2.41033e+06,2.68192e+07,2.68192e+07,2.68192e+07,256.146,256.146,256.146,15.5912,15.5912,15.5912
726,6.27892e+06,6.27892e+06,6.27892e+06,170648,170648,170648,14977.7,14977.7,14977.7,3.55274e+07,3.55274e+07,3.55274e+07,2.8566e+07,2.8566e+07,2.8566e+07,137367,137367,137367,14920.5,14920.5,14920.5,5.17679e+06,5.17679e+06,5.17679e+06,1.26848e+07,1.26848e+07,1.26848e+07,9.42276e+06,9.42276e+06,9.42276e+06,2.36364e+06,2.36364e+06,2.36364e+06,2.6796e+07,2.6796e+07,2.6796e+07,257.895,257.895,257.895,21.9573,21.9573,21.9573
727,6.21612e+06,6.21612e+06,6.21612e+06,165820,165820,165820,20782.7,20782.7,20782.7,3.57542e+07,3.57542e+07,3.57542e+07,2.83377e+07,2.83377e+07,2.83377e+07,133708,133708,133708,21044.6,21044.6,21044.6,5.09881e+06,5.09881e+06,5.09881e+06,1.2837e+07,1.2837e+07,1.2837e+07,9.4611e+06,9.4611e+06,9.4611e+06,2.33181e+06,2.33181e+06,2.33181e+06,2.67732e+07,2.67732e+07,2.67732e+07,253.764,253.764,253.764,30.7927,30.7927,30.7927
728,6.15449e+06,6.15449e+06,6.15449e+06,157410,157410,157410,28678.8,28678.8,28678.8,3.59622e+07,3.59622e+07,3.59622e+07,2.8125e+07,2.8125e+07,2.8125e+07,127208,127208,127208,29507.4,29507.4,29507.4,5.04021e+06,5.04021e+06,5.04021e+06,1.29682e+07,1.29682e+07,1.29682e+07,9.48509e+06,9.48509e+06,9.48509e+06,2.31952e+06,2.31952e+06,2.31952e+06,2.67509e+07,2.67509e+07,2.67509e+07,243.935,243.935,243.935,42.9519,42.9519,42.9519
729,6.09467e+06,6.09467e+06,6.09467e+06,146160,146160,146160,39350,39350,39350,3.61429e+07,3.61429e+07,3.61429e+07,2.79344e+07,2.79344e+07,2.79344e+07,118434,118434,118434,41101.3,41101.3,41101.3,5.0068e+06,5.0068e+06,5.0068e+06,1.30707e+07,1.30707e+07,1.30707e+07,9.48864e+06,9.48864e+06,9.48864e+06,2.33308e+06,2.33308e+06,2.33308e+06,2.67294e+07,2.67294e+07,2.67294e+07,229.269,229.269,229.269,59.562,59.562,59.562
730,6.03306e+06,6.03306e+06,6.03306e+06,132866,132866,132866,53619.8,53619.8,53619.8,3.62852e+07,3.62852e+07,3.62852e+07,2.77711e+07,2.77711e+07,2.77711e+07,108056,108056,108056,56808.9,56808.9,56808.9,5.00626e+06,5.00626e+06,5.00626e+06,1.31388e+07,1.31388e+07,1.31388e+07,9.46745e+06,9.46745e+06,9.46745e+06,2.38087e+06,2.38087e+06,2.38087e+06,2.67088e+07,2.67088e+07,2.67088e+07,210.953,210.953,210.953,82.0514,82.0514,82.0514
731,5.96209e+06,5.96209e+06,5.96209e+06,118185,118185,118185,72315.6,72315.6,72315.6,3.63754e+07,3.63754e+07,3.63754e+07,2.76386e+07,2.76386e+07,2.76386e+07,96675.9,96675.9,96675.9,77704.8,77704.8,77704.8,5.04825e+06,5.04825e+06,5.04825e+06,1.31689e+07,1.31689e+07,1.31689e+07,9.41906e+06,9.41906e+06,9.41906e+06,2.47365e+06,2.47365e+06,2.47365e+06,2.66894e+07,2.66894e+07,2.66894e+07,190.144,190.144,190.144,112.056,112.056,112.056
732,5.87137e+06,5.87137e+06,5.87137e+06,102586,102586,102586,95911.5,95911.5,95911.5,3.63972e+07,3.63972e+07,3.63972e+07,2.75396e+07,2.75396e+07,2.75396e+07,84731.9,84731.9,84731.9,104637,104637,104637,5.14405e+06,5.14405e+06,5.14405e+06,1.31589e+07,1.31589e+07,1.31589e+07,9.34238e+06,9.34238e+06,9.34238e+06,2.62439e+06,2.62439e+06,2.62439e+06,2.66718e+07,2.66718e+07,2.66718e+07,167.746,167.746,167.746,151.041,151.041,151.041
733,5.75039e+06,5.75039e+06,5.75039e+06,86442.4,86442.4,86442.4,123877,123877,123877,3.63341e+07,3.63341e+07,3.63341e+07,2.74762e+07,2.74762e+07,2.74762e+07,72516.3,72516.3,72516.3,137570,137570,137570,5.3048e+06,5.3048e+06,5.3048e+06,1.31078e+07,1.31078e+07,1.31078e+07,9.23731e+06,9.23731e+06,9.23731e+06,2.84686e+06,2.84686e+06,2.84686e+06,2.6657e+07,2.6657e+07,2.6657e+07,144.397,144.397,144.397,199.454,199.454,199.454
734,5.59279e+06,5.59279e+06,5.59279e+06,70208.5,70208.5,70208.5,153891,153891,153891,3.61738e+07,3.61738e+07,3.61738e+07,2.74501e+07,2.74501e+07,2.74501e+07,60278.6,60278.6,60278.6,174635,174635,174635,5.53791e+06,5.53791e+06,5.53791e+06,1.30158e+07,1.30158e+07,1.30158e+07,9.10438e+06,9.10438e+06,9.10438e+06,3.15213e+06,3.15213e+06,3.15213e+06,2.66462e+07,2.66462e+07,2.66462e+07,120.647,120.647,120.647,255.355,255.355,255.355
735,5.40132e+06,5.40132e+06,5.40132e+06,54574.1,54574.1,54574.1,181544,181544,181544,3.59147e+07,3.59147e+07,3.59147e+07,2.74625e+07,2.74625e+07,2.74625e+07,48354.7,48354.7,48354.7,211413,211413,211413,5.84194e+06,5.84194e+06,5.84194e+06,1.28844e+07,1.28844e+07,1.28844e+07,8.94487e+06,8.94487e+06,8.94487e+06,3.54292e+06,3.54292e+06,3.54292e+06,2.66411e+07,2.66411e+07,2.66411e+07,97.2024,97.2024,97.2024,313.11,313.11,313.11
736,5.19067e+06,5.19067e+06,5.19067e+06,40424.6,40424.6,40424.6,201407,201407,201407,3.55719e+07,3.55719e+07,3.55719e+07,2.7513e+07,2.7513e+07,2.7513e+07,37229,37229,37229,241447,241447,241447,6.20247e+06,6.20247e+06,6.20247e+06,1.2717e+07,1.2717e+07,1.2717e+07,8.76103e+06,8.76103e+06,8.76103e+06,4.00765e+06,4.00765e+06,4.00765e+06,2.66428e+07,2.66428e+07,2.66428e+07,75.0748,75.0748,75.0748,363.504,363.504,363.504
737,4.98486e+06,4.98486e+06,4.98486e+06,28569.2,28569.2,28569.2,209467,209467,209467,3.5177e+07,3.5177e+07,3.5177e+07,2.75991e+07,2.75991e+07,2.75991e+07,27451.3,27451.3,27451.3,258597,258597,258597,6.59266e+06,6.59266e+06,6.59266e+06,1.25195e+07,1.25195e+07,1.25195e+07,8.55641e+06,8.55641e+06,8.55641e+06,4.51839e+06,4.51839e+06,4.51839e+06,2.66525e+07,2.66525e+07,2.66525e+07,55.4369,55.4369,55.4369,396.574,396.574,396.574
738,4.80943e+06,4.80943e+06,4.80943e+06,19414.7,19414.7,19414.7,205244,205244,205244,3.47705e+07,3.47705e+07,3.47705e+07,2.77167e+07,2.77167e+07,2.77167e+07,19441.8,19441.8,19441.8,260036,260036,260036,6.98018e+06,6.98018e+06,6.98018e+06,1.2299e+07,1.2299e+07,1.2299e+07,8.33572e+06,8.33572e+06,8.33572e+06,5.03614e+06,5.03614e+06,5.03614e+06,2.66702e+07,2.66702e+07,2.66702e+07,39.2324,39.2324,39.2324,406.215,406.215,406.215
739,4.68322e+06,4.68322e+06,4.68322e+06,12853,12853,12853,191749,191749,191749,3.43898e+07,3.43898e+07,3.43898e+07,2.786e+07,2.786e+07,2.786e+07,13331.6,13331.6,13331.6,247533,247533,247533,7.33686e+06,7.33686e+06,7.33686e+06,1.20629e+07,1.20629e+07,1.20629e+07,8.10425e+06,8.10425e+06,8.10425e+06,5.52189e+06,5.52189e+06,5.52189e+06,2.66952e+07,2.66952e+07,2.66952e+07,26.8192,26.8192,26.8192,393.168,393.168,393.168
740,4.61455e+06,4.61455e+06,4.61455e+06,8417.58,8417.58,8417.58,173522,173522,173522,3.40596e+07,3.40596e+07,3.40596e+07,2.80232e+07,2.80232e+07,2.80232e+07,8955.71,8955.71,8955.71,226052,226052,226052,7.64522e+06,7.64522e+06,7.64522e+06,1.18176e+07,1.18176e+07,1.18176e+07,7.86704e+06,7.86704e+06,7.86704e+06,5.94705e+06,5.94705e+06,5.94705e+06,2.67258e+07,2.67258e+07,2.67258e+07,17.9215,17.9215,17.9215,363.964,363.964,363.964
741,4.6024e+06,4.6024e+06,4.6024e+06,5535.61,5535.61,5535.61,154599,154599,154599,3.37899e+07,3.37899e+07,3.37899e+07,2.82013e+07,2.82013e+07,2.82013e+07,5972.97,5972.97,5972.97,201147,201147,201147,7.89944e+06,7.89944e+06,7.89944e+06,1.15682e+07,1.15682e+07,1.15682e+07,7.62829e+06,7.62829e+06,7.62829e+06,6.29794e+06,6.29794e+06,6.29794e+06,2.676e+07,2.676e+07,2.676e+07,11.8685,11.8685,11.8685,327.167,327.167,327.167
742,4.63986e+06,4.63986e+06,4.63986e+06,3702.17,3702.17,3702.17,137588,137588,137588,3.35787e+07,3.35787e+07,3.35787e+07,2.83898e+07,2.83898e+07,2.83898e+07,4007.3,4007.3,4007.3,177091,177091,177091,8.10241e+06,8.10241e+06,8.10241e+06,1.13181e+07,1.13181e+07,1.13181e+07,7.39112e+06,7.39112e+06,7.39112e+06,6.57412e+06,6.57412e+06,6.57412e+06,2.67958e+07,2.67958e+07,2.67958e+07,7.89538,7.89538,7.89538,290.018,290.018,290.018
743,4.71738e+06,4.71738e+06,4.71738e+06,2543.13,2543.13,2543.13,123756,123756,123756,3.34177e+07,3.34177e+07,3.34177e+07,2.85855e+07,2.85855e+07,2.85855e+07,2736.1,2736.1,2736.1,156350,156350,156350,8.26181e+06,8.26181e+06,8.26181e+06,1.10693e+07,1.10693e+07,1.10693e+07,7.15764e+06,7.15764e+06,7.15764e+06,6.78372e+06,6.78372e+06,6.78372e+06,2.68314e+07,2.68314e+07,2.68314e+07,5.33936,5.33936,5.33936,257.084,257.084,257.084
744,4.82486e+06,4.82486e+06,4.82486e+06,1807.35,1807.35,1807.35,113489,113489,113489,3.32953e+07,3.32953e+07,3.32953e+07,2.87863e+07,2.87863e+07,2.87863e+07,1919.39,1919.39,1919.39,139936,139936,139936,8.38721e+06,8.38721e+06,8.38721e+06,1.08234e+07,1.08234e+07,1.08234e+07,6.92919e+06,6.92919e+06,6.92919e+06,6.93894e+06,6.93894e+06,6.93894e+06,2.68652e+07,2.68652e+07,2.68652e+07,3.70662,3.70662,3.70662,230.511,230.511,230.511
745,4.95264e+06,4.95264e+06,4.95264e+06,1335.34,1335.34,1335.34,106743,106743,106743,3.31997e+07,3.31997e+07,3.31997e+07,2.89903e+07,2.89903e+07,2.89903e+07,1393.43,1393.43,1393.43,127992,127992,127992,8.48836e+06,8.48836e+06,8.48836e+06,1.05811e+07,1.05811e+07,1.05811e+07,6.70653e+06,6.70653e+06,6.70653e+06,7.05293e+06,7.05293e+06,7.05293e+06,2.68962e+07,2.68962e+07,2.68962e+07,2.66108,2.66108,2.66108,210.879,210.879,210.879
746,5.0917e+06,5.0917e+06,5.0917e+06,1028.57,1028.57,1028.57,103331,103331,103331,3.31197e+07,3.31197e+07,3.31197e+07,2.91967e+07,2.91967e+07,2.91967e+07,1052.09,1052.09,1052.09,120274,120274,120274,8.57446e+06,8.57446e+06,8.57446e+06,1.0343e+07,1.0343e+07,1.0343e+07,6.49007e+06,6.49007e+06,6.49007e+06,7.13818e+06,7.13818e+06,7.13818e+06,2.69237e+07,2.69237e+07,2.69237e+07,1.98592,1.98592,1.98592,198.001,198.001,198.001
747,5.23364e+06,5.23364e+06,5.23364e+06,826.732,826.732,826.732,103072,103072,103072,3.3045e+07,3.3045e+07,3.3045e+07,2.94046e+07,2.94046e+07,2.94046e+07,828.46,828.46,828.46,116437,116437,116437,8.65409e+06,8.65409e+06,8.65409e+06,1.01092e+07,1.01092e+07,1.01092e+07,6.27999e+06,6.27999e+06,6.27999e+06,7.20597e+06,7.20597e+06,7.20597e+06,2.69471e+07,2.69471e+07,2.69471e+07,1.5452,1.5452,1.5452,191.441,191.441,191.441
748,5.37041e+06,5.37041e+06,5.37041e+06,692.767,692.767,692.767,105843,105843,105843,3.29666e+07,3.29666e+07,3.29666e+07,2.96139e+07,2.96139e+07,2.96139e+07,680.851,680.851,680.851,116172,116172,116172,8.73525e+06,8.73525e+06,8.73525e+06,9.87994e+06,9.87994e+06,9.87994e+06,6.07631e+06,6.07631e+06,6.07631e+06,7.26639e+06,7.26639e+06,7.26639e+06,2.69664e+07,2.69664e+07,2.69664e+07,1.2547,1.2547,1.2547,190.779,190.779,190.779
749,5.49423e+06,5.49423e+06,5.49423e+06,603.559,603.559,603.559,111549,111549,111549,3.28756e+07,3.28756e+07,3.28756e+07,2.98245e+07,2.98245e+07,2.98245e+07,583.208,583.208,583.208,119225,119225,119225,8.82552e+06,8.82552e+06,8.82552e+06,9.65528e+06,9.65528e+06,9.65528e+06,5.879e+06,5.879e+06,5.879e+06,7.32846e+06,7.32846e+06,7.32846e+06,2.69819e+07,2.69819e+07,2.69819e+07,1.0621,1.0621,1.0621,195.683,195.683,195.683
750,5.59762e+06,5.59762e+06,5.59762e+06,544.27,544.27,544.27,120050,120050,120050,3.27644e+07,3.27644e+07,3.27644e+07,3.00365e+07,3.00365e+07,3.00365e+07,519.005,519.005,519.005,125347,125347,125347,8.93205e+06,8.93205e+06,8.93205e+06,9.43522e+06,9.43522e+06,9.43522e+06,5.68794e+06,5.68794e+06,5.68794e+06,7.4003e+06,7.4003e+06,7.4003e+06,2.69937e+07,2.69937e+07,2.69937e+07,0.934458,0.934458,0.934458,205.846,205.846,205.846
751,5.67386e+06,5.67386e+06,5.67386e+06,504.913,504.913,504.913,131016,131016,131016,3.2626e+07,3.2626e+07,3.2626e+07,3.02506e+07,3.02506e+07,3.02506e+07,477.421,477.421,477.421,134176,134176,134176,9.06129e+06,9.06129e+06,9.06129e+06,9.21973e+06,9.21973e+06,9.21973e+06,5.503e+06,5.503e+06,5.503e+06,7.489e+06,7.489e+06,7.489e+06,2.70026e+07,2.70026e+07,2.70026e+07,0.85042,0.85042,0.85042,220.822,220.822,220.822
752,5.71781e+06,5.71781e+06,5.71781e+06,478.314,478.314,478.314,143767,143767,143767,3.24549e+07,3.24549e+07,3.24549e+07,3.04671e+07,3.04671e+07,3.04671e+07,450.978,450.978,450.978,145080,145080,145080,9.21829e+06,9.21829e+06,9.21829e+06,9.00877e+06,9.00877e+06,9.00877e+06,5.32404e+06,5.32404e+06,5.32404e+06,7.60018e+06,7.60018e+06,7.60018e+06,2.70091e+07,2.70091e+07,2.70091e+07,0.795431,0.795431,0.795431,239.767,239.767,239.767
753,5.72723e+06,5.72723e+06,5.72723e+06,458.99,458.99,458.99,157136,157136,157136,3.22485e+07,3.22485e+07,3.22485e+07,3.0687e+07,3.0687e+07,3.0687e+07,434.139,434.139,434.139,157019,157019,157019,9.40564e+06,9.40564e+06,9.40564e+06,8.80229e+06,8.80229e+06,8.80229e+06,5.15087e+06,5.15087e+06,5.15087e+06,7.73717e+06,7.73717e+06,7.73717e+06,2.70143e+07,2.70143e+07,2.70143e+07,0.758915,0.758915,0.758915,261.17,261.17,261.17
754,5.70398e+06,5.70398e+06,5.70398e+06,442.698,442.698,442.698,169483,169483,169483,3.20076e+07,3.20076e+07,3.20076e+07,3.09109e+07,3.09109e+07,3.09109e+07,422.568,422.568,422.568,168493,168493,168493,9.62225e+06,9.62225e+06,9.62225e+06,8.60022e+06,8.60022e+06,8.60022e+06,4.98334e+06,4.98334e+06,4.98334e+06,7.89994e+06,7.89994e+06,7.89994e+06,2.70189e+07,2.70189e+07,2.70189e+07,0.732743,0.732743,0.732743,282.703,282.703,282.703
755,5.6548e+06,5.6548e+06,5.6548e+06,426.448,426.448,426.448,178966,178966,178966,3.17381e+07,3.17381e+07,3.17381e+07,3.11395e+07,3.11395e+07,3.11395e+07,412.901,412.901,412.901,177721,177721,177721,9.8625e+06,9.8625e+06,9.8625e+06,8.40246e+06,8.40246e+06,8.40246e+06,4.82127e+06,4.82127e+06,4.82127e+06,8.08418e+06,8.08418e+06,8.08418e+06,2.70236e+07,2.70236e+07,2.70236e+07,0.710682,0.710682,0.710682,301.386,301.386,301.386
756,5.59063e+06,5.59063e+06,5.59063e+06,408.708,408.708,408.708,184053,184053,184053,3.14497e+07,3.14497e+07,3.14497e+07,3.13734e+07,3.13734e+07,3.13734e+07,402.84,402.84,402.84,183053,183053,183053,1.01164e+07,1.01164e+07,1.01164e+07,8.20895e+06,8.20895e+06,8.20895e+06,4.66448e+06,4.66448e+06,4.66448e+06,8.28126e+06,8.28126e+06,8.28126e+06,2.70293e+07,2.70293e+07,2.70293e+07,0.688457,0.688457,0.688457,314.192,314.192,314.192
757,5.52465e+06,5.52465e+06,5.52465e+06,389.456,389.456,389.456,184045,184045,184045,3.11554e+07,3.11554e+07,3.11554e+07,3.16126e+07,3.16126e+07,3.16126e+07,391.339,391.339,391.339,183490,183490,183490,1.03713e+07,1.03713e+07,1.03713e+07,8.01959e+06,8.01959e+06,8.01959e+06,4.51279e+06,4.51279e+06,4.51279e+06,8.47934e+06,8.47934e+06,8.47934e+06,2.7036e+07,2.7036e+07,2.7036e+07,0.664026,0.664026,0.664026,318.941,318.941,318.941
758,5.46949e+06,5.46949e+06,5.46949e+06,369.903,369.903,369.903,179305,179305,179305,3.08683e+07,3.08683e+07,3.08683e+07,3.1857e+07,3.1857e+07,3.1857e+07,378.608,378.608,378.608,179022,179022,179022,1.06143e+07,1.06143e+07,1.06143e+07,7.83431e+06,7.83431e+06,7.83431e+06,4.36604e+06,4.36604e+06,4.36604e+06,8.66563e+06,8.66563e+06,8.66563e+06,2.70439e+07,2.70439e+07,2.70439e+07,0.637577,0.637577,0.637577,315.039,315.039,315.039
759,5.43485e+06,5.43485e+06,5.43485e+06,351.922,351.922,351.922,171055,171055,171055,3.05992e+07,3.05992e+07,3.05992e+07,3.21062e+07,3.21062e+07,3.21062e+07,365.855,365.855,365.855,170588,170588,170588,1.0835e+07,1.0835e+07,1.0835e+07,7.65302e+06,7.65302e+06,7.65302e+06,4.22405e+06,4.22405e+06,4.22405e+06,8.82905e+06,8.82905e+06,8.82905e+06,2.70526e+07,2.70526e+07,2.70526e+07,0.611056,0.611056,0.611056,303.621,303.621,303.621
760,5.4263e+06,5.4263e+06,5.4263e+06,337.5,337.5,337.5,160907,160907,160907,3.03549e+07,3.03549e+07,3.03549e+07,3.23593e+07,3.23593e+07,3.23593e+07,354.842,354.842,354.842,159690,159690,159690,1.10267e+07,1.10267e+07,1.10267e+07,7.47565e+06,7.47565e+06,7.47565e+06,4.08669e+06,4.08669e+06,4.08669e+06,8.96206e+06,8.96206e+06,8.96206e+06,2.70614e+07,2.70614e+07,2.70614e+07,0.587375,0.587375,0.587375,287.042,287.042,287.042
761,5.44536e+06,5.44536e+06,5.44536e+06,328.416,328.416,328.416,150390,150390,150390,3.01383e+07,3.01383e+07,3.01383e+07,3.26156e+07,3.26156e+07,3.26156e+07,347.491,347.491,347.491,147915,147915,147915,1.11873e+07,1.11873e+07,1.11873e+07,7.30215e+06,7.30215e+06,7.30215e+06,3.9538e+06,3.9538e+06,3.9538e+06,9.06144e+06,9.06144e+06,9.06144e+06,2.70697e+07,2.70697e+07,2.70697e+07,0.569673,0.569673,0.569673,268.062,268.062,268.062
762,5.49034e+06,5.49034e+06,5.49034e+06,326.207,326.207,326.207,140685,140685,140685,2.99482e+07,2.99482e+07,2.99482e+07,3.28742e+07,3.28742e+07,3.28742e+07,345.669,345.669,345.669,136579,136579,136579,1.1318e+07,1.1318e+07,1.1318e+07,7.13244e+06,7.13244e+06,7.13244e+06,3.82525e+06,3.82525e+06,3.82525e+06,9.12782e+06,9.12782e+06,9.12782e+06,2.70765e+07,2.70765e+07,2.70765e+07,0.560912,0.560912,0.560912,249.142,249.142,249.142
763,5.55743e+06,5.55743e+06,5.55743e+06,332.35,332.35,332.35,132561,132561,132561,2.97815e+07,2.97815e+07,2.97815e+07,3.31343e+07,3.31343e+07,3.31343e+07,351.209,351.209,351.209,126589,126589,126589,1.14225e+07,1.14225e+07,1.14225e+07,6.96648e+06,6.96648e+06,6.96648e+06,3.70091e+06,3.70091e+06,3.70091e+06,9.16465e+06,9.16465e+06,9.16465e+06,2.70814e+07,2.70814e+07,2.70814e+07,0.563866,0.563866,0.563866,232.09,232.09,232.09
764,5.64161e+06,5.64161e+06,5.64161e+06,348.552,348.552,348.552,126444,126444,126444,2.96331e+07,2.96331e+07,2.96331e+07,3.33952e+07,3.33952e+07,3.33952e+07,366.096,366.096,366.096,118460,118460,118460,1.15062e+07,1.15062e+07,1.15062e+07,6.80422e+06,6.80422e+06,6.80422e+06,3.58066e+06,3.58066e+06,3.58066e+06,9.17708e+06,9.17708e+06,9.17708e+06,2.70836e+07,2.70836e+07,2.70836e+07,0.581413,0.581413,0.581413,218.028,218.028,218.028
765,5.73727e+06,5.73727e+06,5.73727e+06,377.097,377.097,377.097,122523,122523,122523,2.94978e+07,2.94978e+07,2.94978e+07,3.36563e+07,3.36563e+07,3.36563e+07,392.788,392.788,392.788,112415,112415,112415,1.15748e+07,1.15748e+07,1.15748e+07,6.6456e+06,6.6456e+06,6.6456e+06,3.46441e+06,3.46441e+06,3.46441e+06,9.17099e+06,9.17099e+06,9.17099e+06,2.70827e+07,2.70827e+07,2.70827e+07,0.61702,0.61702,0.61702,207.525,207.525,207.525
766,5.83861e+06,5.83861e+06,5.83861e+06,421.24,421.24,421.24,120841,120841,120841,2.93699e+07,2.93699e+07,2.93699e+07,3.39174e+07,3.39174e+07,3.39174e+07,434.616,434.616,434.616,108494,108494,108494,1.16342e+07,1.16342e+07,1.16342e+07,6.4906e+06,6.4906e+06,6.4906e+06,3.35204e+06,3.35204e+06,3.35204e+06,9.15239e+06,9.15239e+06,9.15239e+06,2.70784e+07,2.70784e+07,2.70784e+07,0.675347,0.675347,0.675347,200.784,200.784,200.784
767,5.93989e+06,5.93989e+06,5.93989e+06,485.691,485.691,485.691,121360,121360,121360,2.92442e+07,2.92442e+07,2.92442e+07,3.41781e+07,3.41781e+07,3.41781e+07,496.308,496.308,496.308,106628,106628,106628,1.16906e+07,1.16906e+07,1.16906e+07,6.33918e+06,6.33918e+06,6.33918e+06,3.24349e+06,3.24349e+06,3.24349e+06,9.12705e+06,9.12705e+06,9.12705e+06,2.70707e+07,2.70707e+07,2.70707e+07,0.762997,0.762997,0.762997,197.787,197.787,197.787
768,6.03556e+06,6.03556e+06,6.03556e+06,577.204,577.204,577.204,123978,123978,123978,2.91156e+07,2.91156e+07,2.91156e+07,3.44383e+07,3.44383e+07,3.44383e+07,584.647,584.647,584.647,106685,106685,106685,1.17493e+07,1.17493e+07,1.17493e+07,6.19133e+06,6.19133e+06,6.19133e+06,3.13868e+06,3.13868e+06,3.13868e+06,9.10027e+06,9.10027e+06,9.10027e+06,2.70596e+07,2.70596e+07,2.70596e+07,0.889449,0.889449,0.889449,198.383,198.383,198.383
769,6.12043e+06,6.12043e+06,6.12043e+06,705.33,705.33,705.33,128516,128516,128516,2.89797e+07,2.89797e+07,2.89797e+07,3.46982e+07,3.46982e+07,3.46982e+07,709.34,709.34,709.34,108475,108475,108475,1.18155e+07,1.18155e+07,1.18155e+07,6.04707e+06,6.04707e+06,6.04707e+06,3.03757e+06,3.03757e+06,3.03757e+06,9.07678e+06,9.07678e+06,9.07678e+06,2.70453e+07,2.70453e+07,2.70453e+07,1.06825,1.06825,1.06825,202.314,202.314,202.314
770,6.18999e+06,6.18999e+06,6.18999e+06,883.333,883.333,883.333,134684,134684,134684,2.88327e+07,2.88327e+07,2.88327e+07,3.49577e+07,3.49577e+07,3.49577e+07,884.129,884.129,884.129,111739,111739,111739,1.18936e+07,1.18936e+07,1.18936e+07,5.90643e+06,5.90643e+06,5.90643e+06,2.94015e+06,2.94015e+06,2.94015e+06,9.0606e+06,9.0606e+06,9.0606e+06,2.7028e+07,2.7028e+07,2.7028e+07,1.31853,1.31853,1.31853,209.189,209.189,209.189
771,6.24076e+06,6.24076e+06,6.24076e+06,1129.26,1129.26,1129.26,142032,142032,142032,2.86717e+07,2.86717e+07,2.86717e+07,3.52172e+07,3.52172e+07,3.52172e+07,1128.19,1128.19,1128.19,116111,116111,116111,1.1987e+07,1.1987e+07,1.1987e+07,5.76948e+06,5.76948e+06,5.76948e+06,2.84645e+06,2.84645e+06,2.84645e+06,9.05479e+06,9.05479e+06,9.05479e+06,2.70081e+07,2.70081e+07,2.70081e+07,1.66688,1.66688,1.66688,218.421,218.421,218.421
772,6.2708e+06,6.2708e+06,6.2708e+06,1467.16,1467.16,1467.16,149918,149918,149918,2.84951e+07,2.84951e+07,2.84951e+07,3.54767e+07,3.54767e+07,3.54767e+07,1467.81,1467.81,1467.81,121095,121095,121095,1.20976e+07,1.20976e+07,1.20976e+07,5.63636e+06,5.63636e+06,5.63636e+06,2.75656e+06,2.75656e+06,2.75656e+06,9.06125e+06,9.06125e+06,9.06125e+06,2.6986e+07,2.6986e+07,2.6986e+07,2.14958,2.14958,2.14958,229.166,229.166,229.166
773,6.28017e+06,6.28017e+06,6.28017e+06,1928.55,1928.55,1928.55,157519,157519,157519,2.83029e+07,2.83029e+07,2.83029e+07,3.57364e+07,3.57364e+07,3.57364e+07,1938.48,1938.48,1938.48,126062,126062,126062,1.22253e+07,1.22253e+07,1.22253e+07,5.50725e+06,5.50725e+06,5.50725e+06,2.67064e+06,2.67064e+06,2.67064e+06,9.08034e+06,9.08034e+06,9.08034e+06,2.69622e+07,2.69622e+07,2.69622e+07,2.81529,2.81529,2.81529,240.298,240.298,240.298
774,6.27122e+06,6.27122e+06,6.27122e+06,2554.46,2554.46,2554.46,163917,163917,163917,2.80971e+07,2.80971e+07,2.80971e+07,3.59963e+07,3.59963e+07,3.59963e+07,2587.47,2587.47,2587.47,130300,130300,130300,1.2368e+07,1.2368e+07,1.2368e+07,5.38245e+06,5.38245e+06,5.38245e+06,2.58895e+06,2.58895e+06,2.58895e+06,9.11072e+06,9.11072e+06,9.11072e+06,2.69372e+07,2.69372e+07,2.69372e+07,3.72836,3.72836,3.72836,250.468,250.468,250.468
775,6.24842e+06,6.24842e+06,6.24842e+06,3398.74,3398.74,3398.74,168260,168260,168260,2.78813e+07,2.78813e+07,2.78813e+07,3.6256e+07,3.6256e+07,3.6256e+07,3477.66,3477.66,3477.66,133122,133122,133122,1.25209e+07,1.25209e+07,1.25209e+07,5.26236e+06,5.26236e+06,5.26236e+06,2.51188e+06,2.51188e+06,2.51188e+06,9.14924e+06,9.14924e+06,9.14924e+06,2.69114e+07,2.69114e+07,2.69114e+07,4.97363,4.97363,4.97363,258.279,258.279,258.279
776,6.2178e+06,6.2178e+06,6.2178e+06,4534.07,4534.07,4534.07,169946,169946,169946,2.76606e+07,2.76606e+07,2.76606e+07,3.65151e+07,3.65151e+07,3.65151e+07,4693.73,4693.73,4693.73,133999,133999,133999,1.26778e+07,1.26778e+07,1.26778e+07,5.14753e+06,5.14753e+06,5.14753e+06,2.44001e+06,2.44001e+06,2.44001e+06,9.1913e+06,9.1913e+06,9.1913e+06,2.6885e+07,2.6885e+07,2.6885e+07,6.66428,6.66428,6.66428,262.552,262.552,262.552
777,6.18582e+06,6.18582e+06,6.18582e+06,6062.38,6062.38,6062.38,168765,168765,168765,2.7441e+07,2.7441e+07,2.7441e+07,3.67723e+07,3.67723e+07,3.67723e+07,6352.63,6352.63,6352.63,132685,132685,132685,1.28315e+07,1.28315e+07,1.28315e+07,5.03872e+06,5.03872e+06,5.03872e+06,2.37414e+06,2.37414e+06,2.37414e+06,9.23142e+06,9.23142e+06,9.23142e+06,2.68583e+07,2.68583e+07,2.68583e+07,8.95532,8.95532,8.95532,262.587,262.587,262.587
778,6.15817e+06,6.15817e+06,6.15817e+06,8131.8,8131.8,8131.8,164925,164925,164925,2.72281e+07,2.72281e+07,2.72281e+07,3.70261e+07,3.70261e+07,3.70261e+07,8621.1,8621.1,8621.1,129264,129264,129264,1.29747e+07,1.29747e+07,1.29747e+07,4.93699e+06,4.93699e+06,4.93699e+06,2.3154e+06,2.3154e+06,2.3154e+06,9.26412e+06,9.26412e+06,9.26412e+06,2.68312e+07,2.68312e+07,2.68312e+07,12.0663,12.0663,12.0663,258.316,258.316,258.316
779,6.13873e+06,6.13873e+06,6.13873e+06,10962.6,10962.6,10962.6,158953,158953,158953,2.70267e+07,2.70267e+07,2.70267e+07,3.72738e+07,3.72738e+07,3.72738e+07,11743.4,11743.4,11743.4,124099,124099,124099,1.31016e+07,1.31016e+07,1.31016e+07,4.84387e+06,4.84387e+06,4.84387e+06,2.26542e+06,2.26542e+06,2.26542e+06,9.28467e+06,9.28467e+06,9.28467e+06,2.68038e+07,2.68038e+07,2.68038e+07,16.3175,16.3175,16.3175,250.267,250.267,250.267
780,6.12885e+06,6.12885e+06,6.12885e+06,14884.7,14884.7,14884.7,151513,151513,151513,2.68405e+07,2.68405e+07,2.68405e+07,3.75121e+07,3.75121e+07,3.75121e+07,16082.9,16082.9,16082.9,117712,117712,117712,1.32078e+07,1.32078e+07,1.32078e+07,4.76152e+06,4.76152e+06,4.76152e+06,2.22651e+06,2.22651e+06,2.22651e+06,9.28967e+06,9.28967e+06,9.28967e+06,2.67759e+07,2.67759e+07,2.67759e+07,22.1852,22.1852,22.1852,239.366,239.366,239.366
781,6.12698e+06,6.12698e+06,6.12698e+06,20389.7,20389.7,20389.7,143227,143227,143227,2.66715e+07,2.66715e+07,2.66715e+07,3.77361e+07,3.77361e+07,3.77361e+07,22182.2,22182.2,22182.2,110635,110635,110635,1.32909e+07,1.32909e+07,1.32909e+07,4.69313e+06,4.69313e+06,4.69313e+06,2.20208e+06,2.20208e+06,2.20208e+06,9.2772e+06,9.2772e+06,9.2772e+06,2.67475e+07,2.67475e+07,2.67475e+07,30.3806,30.3806,30.3806,226.646,226.646,226.646
782,6.12859e+06,6.12859e+06,6.12859e+06,28193.9,28193.9,28193.9,134530,134530,134530,2.65209e+07,2.65209e+07,2.65209e+07,3.79388e+07,3.79388e+07,3.79388e+07,30840.2,30840.2,30840.2,103295,103295,103295,1.33498e+07,1.33498e+07,1.33498e+07,4.64335e+06,4.64335e+06,4.64335e+06,2.19711e+06,2.19711e+06,2.19711e+06,9.24665e+06,9.24665e+06,9.24665e+06,2.67184e+07,2.67184e+07,2.67184e+07,41.9561,41.9561,41.9561,212.998,212.998,212.998
783,6.12605e+06,6.12605e+06,6.12605e+06,39296.3,39296.3,39296.3,125596,125596,125596,2.63892e+07,2.63892e+07,2.63892e+07,3.81106e+07,3.81106e+07,3.81106e+07,43197,43197,43197,95937.7,95937.7,95937.7,1.33843e+07,1.33843e+07,1.33843e+07,4.61893e+06,4.61893e+06,4.61893e+06,2.21888e+06,2.21888e+06,2.21888e+06,9.1983e+06,9.1983e+06,9.1983e+06,2.66889e+07,2.66889e+07,2.66889e+07,58.4267,58.4267,58.4267,198.983,198.983,198.983
784,6.10863e+06,6.10863e+06,6.10863e+06,54976,54976,54976,116311,116311,116311,2.62769e+07,2.62769e+07,2.62769e+07,3.82381e+07,3.82381e+07,3.82381e+07,60776.1,60776.1,60776.1,88600.9,88600.9,88600.9,1.33943e+07,1.33943e+07,1.33943e+07,4.62945e+06,4.62945e+06,4.62945e+06,2.27785e+06,2.27785e+06,2.27785e+06,9.13278e+06,9.13278e+06,9.13278e+06,2.66594e+07,2.66594e+07,2.66594e+07,81.8577,81.8577,81.8577,184.75,184.75,184.75
785,6.06284e+06,6.06284e+06,6.06284e+06,76598,76598,76598,106310,106310,106310,2.61854e+07,2.61854e+07,2.61854e+07,3.83031e+07,3.83031e+07,3.83031e+07,85363.2,85363.2,85363.2,81123.2,81123.2,81123.2,1.33789e+07,1.33789e+07,1.33789e+07,4.68775e+06,4.68775e+06,4.68775e+06,2.3884e+06,2.3884e+06,2.3884e+06,9.05054e+06,9.05054e+06,9.05054e+06,2.66305e+07,2.66305e+07,2.66305e+07,114.774,114.774,114.774,170.031,170.031,170.031
786,5.97381e+06,5.97381e+06,5.97381e+06,105011,105011,105011,95090,95090,95090,2.61171e+07,2.61171e+07,2.61171e+07,3.82836e+07,3.82836e+07,3.82836e+07,118482,118482,118482,73198.9,73198.9,73198.9,1.33363e+07,1.33363e+07,1.33363e+07,4.80947e+06,4.80947e+06,4.80947e+06,2.56885e+06,2.56885e+06,2.56885e+06,8.9514e+06,8.9514e+06,8.9514e+06,2.66034e+07,2.66034e+07,2.66034e+07,159.597,159.597,159.597,154.229,154.229,154.229
787,5.82906e+06,5.82906e+06,5.82906e+06,139367,139367,139367,82260.3,82260.3,82260.3,2.60756e+07,2.60756e+07,2.60756e+07,3.81566e+07,3.81566e+07,3.81566e+07,160194,160194,160194,64496.6,64496.6,64496.6,1.32634e+07,1.32634e+07,1.32634e+07,5.01023e+06,5.01023e+06,5.01023e+06,2.83929e+06,2.83929e+06,2.83929e+06,8.83432e+06,8.83432e+06,8.83432e+06,2.65798e+07,2.65798e+07,2.65798e+07,217.198,217.198,217.198,136.648,136.648,136.648
788,5.62505e+06,5.62505e+06,5.62505e+06,175734,175734,175734,67906.7,67906.7,67906.7,2.60655e+07,2.60655e+07,2.60655e+07,3.79061e+07,3.79061e+07,3.79061e+07,207318,207318,207318,54859.8,54859.8,54859.8,1.31567e+07,1.31567e+07,1.31567e+07,5.29947e+06,5.29947e+06,5.29947e+06,3.2155e+06,3.2155e+06,3.2155e+06,8.69764e+06,8.69764e+06,8.69764e+06,2.65617e+07,2.65617e+07,2.65617e+07,284.488,284.488,284.488,116.898,116.898,116.898
789,5.37421e+06,5.37421e+06,5.37421e+06,206912,206912,206912,52876.9,52876.9,52876.9,2.60909e+07,2.60909e+07,2.60909e+07,3.75344e+07,3.75344e+07,3.75344e+07,252299,252299,252299,44528.7,44528.7,44528.7,1.30141e+07,1.30141e+07,1.30141e+07,5.67192e+06,5.67192e+06,5.67192e+06,3.69904e+06,3.69904e+06,3.69904e+06,8.53983e+06,8.53983e+06,8.53983e+06,2.65514e+07,2.65514e+07,2.65514e+07,352.285,352.285,352.285,95.3969,95.3969,95.3969
790,5.10626e+06,5.10626e+06,5.10626e+06,225091,225091,225091,38636.7,38636.7,38636.7,2.61539e+07,2.61539e+07,2.61539e+07,3.70702e+07,3.70702e+07,3.70702e+07,284893,284893,284893,34211.3,34211.3,34211.3,1.28363e+07,1.28363e+07,1.28363e+07,6.1023e+06,6.1023e+06,6.1023e+06,4.2679e+06,4.2679e+06,4.2679e+06,8.36062e+06,8.36062e+06,8.36062e+06,2.65509e+07,2.65509e+07,2.65509e+07,406.374,406.374,406.374,73.5952,73.5952,73.5952
791,4.85954e+06,4.85954e+06,4.85954e+06,226334,226334,226334,26613,26613,26613,2.62532e+07,2.62532e+07,2.62532e+07,3.6565e+07,3.6565e+07,3.6565e+07,297131,297131,297131,24845.8,24845.8,24845.8,1.26283e+07,1.26283e+07,1.26283e+07,6.54986e+06,6.54986e+06,6.54986e+06,4.87631e+06,4.87631e+06,4.87631e+06,8.16195e+06,8.16195e+06,8.16195e+06,2.65612e+07,2.65612e+07,2.65612e+07,433.572,433.572,433.572,53.544,53.544,53.544
792,4.6667e+06,4.6667e+06,4.6667e+06,212813,212813,212813,17522.7,17522.7,17522.7,2.63842e+07,2.63842e+07,2.63842e+07,3.60754e+07,3.60754e+07,3.60754e+07,287912,287912,287912,17170.8,17170.8,17170.8,1.23975e+07,1.23975e+07,1.23975e+07,6.97238e+06,6.97238e+06,6.97238e+06,5.46789e+06,5.46789e+06,5.46789e+06,7.94793e+06,7.94793e+06,7.94793e+06,2.6582e+07,2.6582e+07,2.6582e+07,429.178,429.178,429.178,36.9612,36.9612,36.9612
793,4.54516e+06,4.54516e+06,4.54516e+06,190684,190684,190684,11244.9,11244.9,11244.9,2.65405e+07,2.65405e+07,2.65405e+07,3.56445e+07,3.56445e+07,3.56445e+07,262944,262944,262944,11444,11444,11444,1.21518e+07,1.21518e+07,1.21518e+07,7.33995e+06,7.33995e+06,7.33995e+06,5.99464e+06,5.99464e+06,5.99464e+06,7.72382e+06,7.72382e+06,7.72382e+06,2.66116e+07,2.66116e+07,2.66116e+07,399.032,399.032,399.032,24.5318,24.5318,24.5318
794,4.497e+06,4.497e+06,4.497e+06,166261,166261,166261,7176.53,7176.53,7176.53,2.67157e+07,2.67157e+07,2.67157e+07,3.52933e+07,3.52933e+07,3.52933e+07,230650,230650,230650,7480.12,7480.12,7480.12,1.18982e+07,1.18982e+07,1.18982e+07,7.63989e+06,7.63989e+06,7.63989e+06,6.42919e+06,6.42919e+06,6.42919e+06,7.49475e+06,7.49475e+06,7.49475e+06,2.66478e+07,2.66478e+07,2.66478e+07,354.796,354.796,354.796,15.928,15.928,15.928
795,4.51434e+06,4.51434e+06,4.51434e+06,143788,143788,143788,4636.03,4636.03,4636.03,2.69042e+07,2.69042e+07,2.69042e+07,3.50233e+07,3.50233e+07,3.50233e+07,198145,198145,198145,4877.98,4877.98,4877.98,1.16416e+07,1.16416e+07,1.16416e+07,7.8735e+06,7.8735e+06,7.8735e+06,6.76555e+06,6.76555e+06,6.76555e+06,7.26491e+06,7.26491e+06,7.26491e+06,2.66876e+07,2.66876e+07,2.66876e+07,307.624,307.624,307.624,10.2987,10.2987,10.2987
796,4.585e+06,4.585e+06,4.585e+06,125261,125261,125261,3073.35,3073.35,3073.35,2.71016e+07,2.71016e+07,2.71016e+07,3.48242e+07,3.48242e+07,3.48242e+07,169642,169642,169642,3223.59,3223.59,3223.59,1.13853e+07,1.13853e+07,1.13853e+07,8.04995e+06,8.04995e+06,8.04995e+06,7.01242e+06,7.01242e+06,7.01242e+06,7.03724e+06,7.03724e+06,7.03724e+06,2.67286e+07,2.67286e+07,2.67286e+07,264.827,264.827,264.827,6.73847,6.73847,6.73847
797,4.69614e+06,4.69614e+06,4.69614e+06,111198,111198,111198,2111.84,2111.84,2111.84,2.73049e+07,2.73049e+07,2.73049e+07,3.46809e+07,3.46809e+07,3.46809e+07,146824,146824,146824,2186.82,2186.82,2186.82,1.11313e+07,1.11313e+07,1.11313e+07,8.18125e+06,8.18125e+06,8.18125e+06,7.18557e+06,7.18557e+06,7.18557e+06,6.81365e+06,6.81365e+06,6.81365e+06,2.67686e+07,2.67686e+07,2.67686e+07,229.79,229.79,229.79,4.52106,4.52106,4.52106
798,4.83589e+06,4.83589e+06,4.83589e+06,101411,101411,101411,1514.63,1514.63,1514.63,2.7512e+07,2.7512e+07,2.7512e+07,3.45777e+07,3.45777e+07,3.45777e+07,129859,129859,129859,1538.13,1538.13,1538.13,1.08807e+07,1.08807e+07,1.08807e+07,8.27948e+06,8.27948e+06,8.27948e+06,7.30234e+06,7.30234e+06,7.30234e+06,6.59527e+06,6.59527e+06,6.59527e+06,2.68061e+07,2.68061e+07,2.68061e+07,203.306,203.306,203.306,3.14228,3.14228,3.14228
799,4.99369e+06,4.99369e+06,4.99369e+06,95505.7,95505.7,95505.7,1138.83,1138.83,1138.83,2.77214e+07,2.77214e+07,2.77214e+07,3.45004e+07,3.45004e+07,3.45004e+07,118258,118258,118258,1129.75,1129.75,1129.75,1.06342e+07,1.06342e+07,1.06342e+07,8.35569e+06,8.35569e+06,8.35569e+06,7.37898e+06,7.37898e+06,7.37898e+06,6.38271e+06,6.38271e+06,6.38271e+06,2.684e+07,2.684e+07,2.684e+07,184.926,184.926,184.926,2.2791,2.2791,2.2791
800,5.16008e+06,5.16008e+06,5.16008e+06,93129.4,93129.4,93129.4,899.674,899.674,899.674,2.79321e+07,2.79321e+07,2.79321e+07,3.44363e+07,3.44363e+07,3.44363e+07,111398,111398,111398,870.477,870.477,870.477,1.03922e+07,1.03922e+07,1.03922e+07,8.41974e+06,8.41974e+06,8.41974e+06,7.42969e+06,7.42969e+06,7.42969e+06,6.17628e+06,6.17628e+06,6.17628e+06,2.68695e+07,2.68695e+07,2.68695e+07,173.84,173.84,173.84,1.73324,1.73324,1.73324
801,5.32628e+06,5.32628e+06,5.32628e+06,94062.6,94062.6,94062.6,746.919,746.919,746.919,2.81438e+07,2.81438e+07,2.81438e+07,3.43744e+07,3.43744e+07,3.43744e+07,108754,108754,108754,705.076,705.076,705.076,1.01549e+07,1.01549e+07,1.01549e+07,8.48054e+06,8.48054e+06,8.48054e+06,7.46673e+06,7.46673e+06,7.46673e+06,5.97607e+06,5.97607e+06,5.97607e+06,2.68944e+07,2.68944e+07,2.68944e+07,169.316,169.316,169.316,1.38534,1.38534,1.38534
802,5.48378e+06,5.48378e+06,5.48378e+06,98225.7,98225.7,98225.7,650.475,650.475,650.475,2.83562e+07,2.83562e+07,2.83562e+07,3.43047e+07,3.43047e+07,3.43047e+07,109980,109980,109980,600.243,600.243,600.243,9.92243e+06,9.92243e+06,9.92243e+06,8.5465e+06,8.5465e+06,8.5465e+06,7.50083e+06,7.50083e+06,7.50083e+06,5.78208e+06,5.78208e+06,5.78208e+06,2.69147e+07,2.69147e+07,2.69147e+07,170.87,170.87,170.87,1.16386,1.16386,1.16386
803,5.62403e+06,5.62403e+06,5.62403e+06,105624,105624,105624,591.926,591.926,591.926,2.85694e+07,2.85694e+07,2.85694e+07,3.42178e+07,3.42178e+07,3.42178e+07,114872,114872,114872,535.745,535.745,535.745,9.69476e+06,9.69476e+06,9.69476e+06,8.62575e+06,8.62575e+06,8.62575e+06,7.54167e+06,7.54167e+06,7.54167e+06,5.59423e+06,5.59423e+06,5.59423e+06,2.69306e+07,2.69306e+07,2.69306e+07,178.25,178.25,178.25,1.02555,1.02555,1.02555
804,5.7385e+06,5.7385e+06,5.7385e+06,116226,116226,116226,559.496,559.496,559.496,2.87839e+07,2.87839e+07,2.87839e+07,3.41047e+07,3.41047e+07,3.41047e+07,123271,123271,123271,498.999,498.999,498.999,9.4719e+06,9.4719e+06,9.4719e+06,8.72628e+06,8.72628e+06,8.72628e+06,7.59822e+06,7.59822e+06,7.59822e+06,5.4124e+06,5.4124e+06,5.4124e+06,2.69428e+07,2.69428e+07,2.69428e+07,191.315,191.315,191.315,0.943702,0.943702,0.943702
805,5.81918e+06,5.81918e+06,5.81918e+06,129773,129773,129773,544.986,544.986,544.986,2.90001e+07,2.90001e+07,2.90001e+07,3.39573e+07,3.39573e+07,3.39573e+07,134885,134885,134885,481.751,481.751,481.751,9.25381e+06,9.25381e+06,9.25381e+06,8.85561e+06,8.85561e+06,8.85561e+06,7.67859e+06,7.67859e+06,7.67859e+06,5.23645e+06,5.23645e+06,5.23645e+06,2.69518e+07,2.69518e+07,2.69518e+07,209.787,209.787,209.787,0.900987,0.900987,0.900987
806,5.85979e+06,5.85979e+06,5.85979e+06,145521,145521,145521,541.904,541.904,541.904,2.92189e+07,2.92189e+07,2.92189e+07,3.37689e+07,3.37689e+07,3.37689e+07,149055,149055,149055,477.999,477.999,477.999,9.04044e+06,9.04044e+06,9.04044e+06,9.01985e+06,9.01985e+06,9.01985e+06,7.78946e+06,7.78946e+06,7.78946e+06,5.06624e+06,5.06624e+06,5.06624e+06,2.69587e+07,2.69587e+07,2.69587e+07,232.888,232.888,232.888,0.885094,0.885094,0.885094
807,5.85753e+06,5.85753e+06,5.85753e+06,162017,162017,162017,544.433,544.433,544.433,2.94412e+07,2.94412e+07,2.94412e+07,3.3536e+07,3.3536e+07,3.3536e+07,164512,164512,164512,482.709,482.709,482.709,8.83172e+06,8.83172e+06,8.83172e+06,9.2222e+06,9.2222e+06,9.2222e+06,7.9349e+06,7.9349e+06,7.9349e+06,4.90161e+06,4.90161e+06,4.90161e+06,2.69644e+07,2.69644e+07,2.69644e+07,258.923,258.923,258.923,0.886021,0.886021,0.886021
808,5.81507e+06,5.81507e+06,5.81507e+06,177091,177091,177091,547.233,547.233,547.233,2.9668e+07,2.9668e+07,2.9668e+07,3.32602e+07,3.32602e+07,3.32602e+07,179277,179277,179277,491.202,491.202,491.202,8.62758e+06,8.62758e+06,8.62758e+06,9.46113e+06,9.46113e+06,9.46113e+06,8.11466e+06,8.11466e+06,8.11466e+06,4.74238e+06,4.74238e+06,4.74238e+06,2.69702e+07,2.69702e+07,2.69702e+07,285.013,285.013,285.013,0.894736,0.894736,0.894736
809,5.74161e+06,5.74161e+06,5.74161e+06,188259,188259,188259,545.988,545.988,545.988,2.99002e+07,2.99002e+07,2.99002e+07,3.29491e+07,3.29491e+07,3.29491e+07,190914,190914,190914,499.195,499.195,499.195,8.4279e+06,8.4279e+06,8.4279e+06,9.729e+06,9.729e+06,9.729e+06,8.32276e+06,8.32276e+06,8.32276e+06,4.58839e+06,4.58839e+06,4.58839e+06,2.69769e+07,2.69769e+07,2.69769e+07,307.301,307.301,307.301,0.903087,0.903087,0.903087
810,5.65195e+06,5.65195e+06,5.65195e+06,193517,193517,193517,538.34,538.34,538.34,3.01382e+07,3.01382e+07,3.01382e+07,3.26165e+07,3.26165e+07,3.26165e+07,197182,197182,197182,503.398,503.398,503.398,8.2326e+06,8.2326e+06,8.2326e+06,1.00124e+07,1.00124e+07,1.00124e+07,8.54727e+06,8.54727e+06,8.54727e+06,4.43945e+06,4.43945e+06,4.43945e+06,2.69853e+07,2.69853e+07,2.69853e+07,321.846,321.846,321.846,0.904782,0.904782,0.904782
811,5.5634e+06,5.5634e+06,5.5634e+06,192128,192128,192128,524.491,524.491,524.491,3.03824e+07,3.03824e+07,3.03824e+07,3.22797e+07,3.22797e+07,3.22797e+07,196846,196846,196846,502.269,502.269,502.269,8.04157e+06,8.04157e+06,8.04157e+06,1.02946e+07,1.02946e+07,1.02946e+07,8.77207e+06,8.77207e+06,8.77207e+06,4.29539e+06,4.29539e+06,4.29539e+06,2.69958e+07,2.69958e+07,2.69958e+07,325.966,325.966,325.966,0.896731,0.896731,0.896731
812,5.49175e+06,5.49175e+06,5.49175e+06,184876,184876,184876,506.938,506.938,506.938,3.06325e+07,3.06325e+07,3.06325e+07,3.19558e+07,3.19558e+07,3.19558e+07,190147,190147,190147,496.367,496.367,496.367,7.85472e+06,7.85472e+06,7.85472e+06,1.05591e+07,1.05591e+07,1.05591e+07,8.98027e+06,8.98027e+06,8.98027e+06,4.15604e+06,4.15604e+06,4.15604e+06,2.70082e+07,2.70082e+07,2.70082e+07,319.261,319.261,319.261,0.879728,0.879728,0.879728
813,5.44822e+06,5.44822e+06,5.44822e+06,173633,173633,173633,489.471,489.471,489.471,3.08877e+07,3.08877e+07,3.08877e+07,3.1658e+07,3.1658e+07,3.1658e+07,178631,178631,178631,488.049,488.049,488.049,7.67195e+06,7.67195e+06,7.67195e+06,1.07937e+07,1.07937e+07,1.07937e+07,9.15794e+06,9.15794e+06,9.15794e+06,4.02124e+06,4.02124e+06,4.02124e+06,2.70219e+07,2.70219e+07,2.70219e+07,303.666,303.666,303.666,0.857888,0.857888,0.857888
814,5.43827e+06,5.43827e+06,5.43827e+06,160595,160595,160595,476.091,476.091,476.091,3.11472e+07,3.11472e+07,3.11472e+07,3.13939e+07,3.13939e+07,3.13939e+07,164471,164471,164471,480.699,480.699,480.699,7.49319e+06,7.49319e+06,7.49319e+06,1.09914e+07,1.09914e+07,1.09914e+07,9.2965e+06,9.2965e+06,9.2965e+06,3.89082e+06,3.89082e+06,3.89082e+06,2.70362e+07,2.70362e+07,2.70362e+07,282.536,282.536,282.536,0.837199,0.837199,0.837199
815,5.46234e+06,5.46234e+06,5.46234e+06,147653,147653,147653,470.406,470.406,470.406,3.14098e+07,3.14098e+07,3.14098e+07,3.11652e+07,3.11652e+07,3.11652e+07,149759,149759,149759,477.999,477.999,477.999,7.31837e+06,7.31837e+06,7.31837e+06,1.11509e+07,1.11509e+07,1.11509e+07,9.39325e+06,9.39325e+06,9.39325e+06,3.76467e+06,3.76467e+06,3.76467e+06,2.70501e+07,2.70501e+07,2.70501e+07,259.426,259.426,259.426,0.82408,0.82408,0.82408
816,5.51723e+06,5.51723e+06,5.51723e+06,136113,136113,136113,475.637,475.637,475.637,3.16747e+07,3.16747e+07,3.16747e+07,3.09696e+07,3.09696e+07,3.09696e+07,136068,136068,136068,483.572,483.572,483.572,7.14745e+06,7.14745e+06,7.14745e+06,1.12751e+07,1.12751e+07,1.12751e+07,9.45031e+06,9.45031e+06,9.45031e+06,3.64264e+06,3.64264e+06,3.64264e+06,2.70625e+07,2.70625e+07,2.70625e+07,237.22,237.22,237.22,0.824643,0.824643,0.824643
817,5.59766e+06,5.59766e+06,5.59766e+06,126717,126717,126717,495.045,495.045,495.045,3.19407e+07,3.19407e+07,3.19407e+07,3.08019e+07,3.08019e+07,3.08019e+07,124355,124355,124355,501.092,501.092,501.092,6.98037e+06,6.98037e+06,6.98037e+06,1.13693e+07,1.13693e+07,1.13693e+07,9.47292e+06,9.47292e+06,9.47292e+06,3.52464e+06,3.52464e+06,3.52464e+06,2.70726e+07,2.70726e+07,2.70726e+07,217.819,217.819,217.819,0.844791,0.844791,0.844791
818,5.69735e+06,5.69735e+06,5.69735e+06,119799,119799,119799,532.611,532.611,532.611,3.22072e+07,3.22072e+07,3.22072e+07,3.06558e+07,3.06558e+07,3.06558e+07,115073,115073,115073,534.745,534.745,534.745,6.81709e+06,6.81709e+06,6.81709e+06,1.14401e+07,1.14401e+07,1.14401e+07,9.46795e+06,9.46795e+06,9.46795e+06,3.41057e+06,3.41057e+06,3.41057e+06,2.70798e+07,2.70798e+07,2.70798e+07,202.235,202.235,202.235,0.890966,0.890966,0.890966
819,5.80969e+06,5.80969e+06,5.80969e+06,115451,115451,115451,593.888,593.888,593.888,3.24735e+07,3.24735e+07,3.24735e+07,3.05246e+07,3.05246e+07,3.05246e+07,108345,108345,108345,589.99,589.99,589.99,6.6576e+06,6.6576e+06,6.6576e+06,1.14945e+07,1.14945e+07,1.14945e+07,9.44271e+06,9.44271e+06,9.44271e+06,3.30034e+06,3.30034e+06,3.30034e+06,2.70835e+07,2.70835e+07,2.70835e+07,190.862,190.862,190.862,0.971343,0.971343,0.971343
820,5.92804e+06,5.92804e+06,5.92804e+06,113647,113647,113647,687.09,687.09,687.09,3.27392e+07,3.27392e+07,3.27392e+07,3.04017e+07,3.04017e+07,3.04017e+07,104116,104116,104116,674.595,674.595,674.595,6.50189e+06,6.50189e+06,6.50189e+06,1.15394e+07,1.15394e+07,1.15394e+07,9.40434e+06,9.40434e+06,9.40434e+06,3.1939e+06,3.1939e+06,3.1939e+06,2.70834e+07,2.70834e+07,2.70834e+07,183.741,183.741,183.741,1.09744,1.09744,1.09744
821,6.04591e+06,6.04591e+06,6.04591e+06,114310,114310,114310,824.574,824.574,824.574,3.3004e+07,3.3004e+07,3.3004e+07,3.02811e+07,3.02811e+07,3.02811e+07,102251,102251,102251,800.091,800.091,800.091,6.34997e+06,6.34997e+06,6.34997e+06,1.15814e+07,1.15814e+07,1.15814e+07,9.35949e+06,9.35949e+06,9.35949e+06,3.09121e+06,3.09121e+06,3.09121e+06,2.70795e+07,2.70795e+07,2.70795e+07,180.741,180.741,180.741,1.28627,1.28627,1.28627
822,6.15697e+06,6.15697e+06,6.15697e+06,117336,117336,117336,1024.91,1024.91,1024.91,3.32678e+07,3.32678e+07,3.32678e+07,3.01569e+07,3.01569e+07,3.01569e+07,102588,102588,102588,983.839,983.839,983.839,6.2019e+06,6.2019e+06,6.2019e+06,1.16268e+07,1.16268e+07,1.16268e+07,9.31422e+06,9.31422e+06,9.31422e+06,2.99227e+06,2.99227e+06,2.99227e+06,2.70717e+07,2.70717e+07,2.70717e+07,181.663,181.663,181.663,1.56339,1.56339,1.56339
823,6.25517e+06,6.25517e+06,6.25517e+06,122565,122565,122565,1315.76,1315.76,1315.76,3.35305e+07,3.35305e+07,3.35305e+07,3.0024e+07,3.0024e+07,3.0024e+07,104930,104930,104930,1252,1252,1252,6.05781e+06,6.05781e+06,6.05781e+06,1.16813e+07,1.16813e+07,1.16813e+07,9.2739e+06,9.2739e+06,9.2739e+06,2.89715e+06,2.89715e+06,2.89715e+06,2.70603e+07,2.70603e+07,2.70603e+07,186.25,186.25,186.25,1.96718,1.96718,1.96718
824,6.335e+06,6.335e+06,6.335e+06,129730,129730,129730,1737.81,1737.81,1737.81,3.3792e+07,3.3792e+07,3.3792e+07,2.98779e+07,2.98779e+07,2.98779e+07,109020,109020,109020,1643.74,1643.74,1643.74,5.91788e+06,5.91788e+06,5.91788e+06,1.17501e+07,1.17501e+07,1.17501e+07,9.2432e+06,9.2432e+06,9.2432e+06,2.80597e+06,2.80597e+06,2.80597e+06,2.70457e+07,2.70457e+07,2.70457e+07,194.144,194.144,194.144,2.55488,2.55488,2.55488
825,6.39187e+06,6.39187e+06,6.39187e+06,138372,138372,138372,2349.68,2349.68,2349.68,3.40524e+07,3.40524e+07,3.40524e+07,2.97152e+07,2.97152e+07,2.97152e+07,114485,114485,114485,2216.89,2216.89,2216.89,5.78244e+06,5.78244e+06,5.78244e+06,1.18374e+07,1.18374e+07,1.18374e+07,9.22581e+06,9.22581e+06,9.22581e+06,2.71899e+06,2.71899e+06,2.71899e+06,2.70282e+07,2.70282e+07,2.70282e+07,204.789,204.789,204.789,3.41063,3.41063,3.41063
826,6.42275e+06,6.42275e+06,6.42275e+06,147772,147772,147772,3233.76,3233.76,3233.76,3.43116e+07,3.43116e+07,3.43116e+07,2.95336e+07,2.95336e+07,2.95336e+07,120777,120777,120777,3055.25,3055.25,3055.25,5.65198e+06,5.65198e+06,5.65198e+06,1.19455e+07,1.19455e+07,1.19455e+07,9.22415e+06,9.22415e+06,9.22415e+06,2.63664e+06,2.63664e+06,2.63664e+06,2.70084e+07,2.70084e+07,2.70084e+07,217.317,217.317,217.317,4.65584,4.65584,4.65584
827,6.42685e+06,6.42685e+06,6.42685e+06,156932,156932,156932,4502.64,4502.64,4502.64,3.45691e+07,3.45691e+07,3.45691e+07,2.9333e+07,2.9333e+07,2.9333e+07,127146,127146,127146,4277.37,4277.37,4277.37,5.52724e+06,5.52724e+06,5.52724e+06,1.20748e+07,1.20748e+07,1.20748e+07,9.23889e+06,9.23889e+06,9.23889e+06,2.5596e+06,2.5596e+06,2.5596e+06,2.6987e+07,2.6987e+07,2.6987e+07,230.471,230.471,230.471,6.46146,6.46146,6.46146
828,6.40606e+06,6.40606e+06,6.40606e+06,164648,164648,164648,6306,6306,6306,3.48241e+07,3.48241e+07,3.48241e+07,2.91154e+07,2.91154e+07,2.91154e+07,132678,132678,132678,6046.67,6046.67,6046.67,5.40926e+06,5.40926e+06,5.40926e+06,1.22227e+07,1.22227e+07,1.22227e+07,9.26854e+06,9.26854e+06,9.26854e+06,2.48886e+06,2.48886e+06,2.48886e+06,2.69645e+07,2.69645e+07,2.69645e+07,242.622,242.622,242.622,9.0619,9.0619,9.0619
829,6.36499e+06,6.36499e+06,6.36499e+06,169716,169716,169716,8839.21,8839.21,8839.21,3.50752e+07,3.50752e+07,3.50752e+07,2.88856e+07,2.88856e+07,2.88856e+07,136420,136420,136420,8583.25,8583.25,8583.25,5.29953e+06,5.29953e+06,5.29953e+06,1.23835e+07,1.23835e+07,1.23835e+07,9.30926e+06,9.30926e+06,9.30926e+06,2.42589e+06,2.42589e+06,2.42589e+06,2.69415e+07,2.69415e+07,2.69415e+07,251.959,251.959,251.959,12.7711,12.7711,12.7711
830,6.31021e+06,6.31021e+06,6.31021e+06,171202,171202,171202,12356.3,12356.3,12356.3,3.532e+07,3.532e+07,3.532e+07,2.86505e+07,2.86505e+07,2.86505e+07,137577,137577,137577,12179.1,12179.1,12179.1,5.20006e+06,5.20006e+06,5.20006e+06,1.25487e+07,1.25487e+07,1.25487e+07,9.35501e+06,9.35501e+06,9.35501e+06,2.37275e+06,2.37275e+06,2.37275e+06,2.69184e+07,2.69184e+07,2.69184e+07,256.828,256.828,256.828,18.003,18.003,18.003
831,6.24875e+06,6.24875e+06,6.24875e+06,168676,168676,168676,17191.1,17191.1,17191.1,3.55548e+07,3.55548e+07,3.55548e+07,2.84181e+07,2.84181e+07,2.84181e+07,135707,135707,135707,17220.4,17220.4,17220.4,5.11357e+06,5.11357e+06,5.11357e+06,1.27086e+07,1.27086e+07,1.27086e+07,9.39838e+06,9.39838e+06,9.39838e+06,2.33229e+06,2.33229e+06,2.33229e+06,2.68955e+07,2.68955e+07,2.68955e+07,256.122,256.122,256.122,25.3021,25.3021,25.3021
832,6.18637e+06,6.18637e+06,6.18637e+06,162282,162282,162282,23787.5,23787.5,23787.5,3.57746e+07,3.57746e+07,3.57746e+07,2.81968e+07,2.81968e+07,2.81968e+07,130819,130819,130819,24218.7,24218.7,24218.7,5.04373e+06,5.04373e+06,5.04373e+06,1.28528e+07,1.28528e+07,1.28528e+07,9.43163e+06,9.43163e+06,9.43163e+06,2.30842e+06,2.30842e+06,2.30842e+06,2.68732e+07,2.68732e+07,2.68732e+07,249.542,249.542,249.542,35.3891,35.3891,35.3891
833,6.1259e+06,6.1259e+06,6.1259e+06,152609,152609,152609,32733.4,32733.4,32733.4,3.59724e+07,3.59724e+07,3.59724e+07,2.7994e+07,2.7994e+07,2.7994e+07,123316,123316,123316,33850.3,33850.3,33850.3,4.99545e+06,4.99545e+06,4.99545e+06,1.29727e+07,1.29727e+07,1.29727e+07,9.44783e+06,9.44783e+06,9.44783e+06,2.30643e+06,2.30643e+06,2.30643e+06,2.68514e+07,2.68514e+07,2.68514e+07,237.588,237.588,237.588,49.2205,49.2205,49.2205
834,6.06626e+06,6.06626e+06,6.06626e+06,140450,140450,140450,44773.6,44773.6,44773.6,3.61387e+07,3.61387e+07,3.61387e+07,2.78157e+07,2.78157e+07,2.78157e+07,113830,113830,113830,46984.5,46984.5,46984.5,4.97526e+06,4.97526e+06,4.97526e+06,1.30612e+07,1.30612e+07,1.30612e+07,9.44165e+06,9.44165e+06,9.44165e+06,2.33339e+06,2.33339e+06,2.33339e+06,2.68304e+07,2.68304e+07,2.68304e+07,221.3,221.3,221.3,68.0426,68.0426,68.0426
835,6.00212e+06,6.00212e+06,6.00212e+06,126553,126553,126553,60754.6,60754.6,60754.6,3.62615e+07,3.62615e+07,3.62615e+07,2.76661e+07,2.76661e+07,2.76661e+07,103017,103017,103017,64655.9,64655.9,64655.9,4.99162e+06,4.99162e+06,4.99162e+06,1.31137e+07,1.31137e+07,1.31137e+07,9.4096e+06,9.4096e+06,9.4096e+06,2.39862e+06,2.39862e+06,2.39862e+06,2.68104e+07,2.68104e+07,2.68104e+07,201.885,201.885,201.885,93.3836,93.3836,93.3836
836,5.92455e+06,5.92455e+06,5.92455e+06,111492,111492,111492,81410.6,81410.6,81410.6,3.63258e+07,3.63258e+07,3.63258e+07,2.75483e+07,2.75483e+07,2.75483e+07,91410.6,91410.6,91410.6,87891.9,87891.9,87891.9,5.05494e+06,5.05494e+06,5.05494e+06,1.31273e+07,1.31273e+07,1.31273e+07,9.34988e+06,9.34988e+06,9.34988e+06,2.51379e+06,2.51379e+06,2.51379e+06,2.67919e+07,2.67919e+07,2.67919e+07,180.402,180.402,180.402,126.865,126.865,126.865
837,5.82276e+06,5.82276e+06,5.82276e+06,95675.3,95675.3,95675.3,106889,106889,106889,3.6315e+07,3.6315e+07,3.6315e+07,2.74648e+07,2.74648e+07,2.74648e+07,79378.4,79378.4,79378.4,117267,117267,117267,5.17667e+06,5.17667e+06,5.17667e+06,1.31004e+07,1.31004e+07,1.31004e+07,9.26185e+06,9.26185e+06,9.26185e+06,2.6924e+06,2.6924e+06,2.6924e+06,2.67755e+07,2.67755e+07,2.67755e+07,157.629,157.629,157.629,169.654,169.654,169.654
838,5.6874e+06,5.6874e+06,5.6874e+06,79484,79484,79484,136006,136006,136006,3.62139e+07,3.62139e+07,3.62139e+07,2.74176e+07,2.74176e+07,2.74176e+07,67177,67177,67177,152105,152105,152105,5.36691e+06,5.36691e+06,5.36691e+06,1.30326e+07,1.30326e+07,1.30326e+07,9.14571e+06,9.14571e+06,9.14571e+06,2.94755e+06,2.94755e+06,2.94755e+06,2.67623e+07,2.67623e+07,2.67623e+07,134.136,134.136,134.136,221.383,221.383,221.383
839,5.51537e+06,5.51537e+06,5.51537e+06,63457.1,63457.1,63457.1,165566,165566,165566,3.60136e+07,3.60136e+07,3.60136e+07,2.74082e+07,2.74082e+07,2.74082e+07,55075.9,55075.9,55075.9,189536,189536,189536,5.63e+06,5.63e+06,5.63e+06,1.29243e+07,1.29243e+07,1.29243e+07,9.00226e+06,9.00226e+06,9.00226e+06,3.28756e+06,3.28756e+06,3.28756e+06,2.67539e+07,2.67539e+07,2.67539e+07,110.504,110.504,110.504,278.713,278.713,278.713
840,5.31423e+06,5.31423e+06,5.31423e+06,48379.8,48379.8,48379.8,190540,190540,190540,3.57192e+07,3.57192e+07,3.57192e+07,2.74371e+07,2.74371e+07,2.74371e+07,43470.1,43470.1,43470.1,224169,224169,224169,5.95945e+06,5.95945e+06,5.95945e+06,1.27779e+07,1.27779e+07,1.27779e+07,8.83314e+06,8.83314e+06,8.83314e+06,3.70981e+06,3.70981e+06,3.70981e+06,2.67515e+07,2.67515e+07,2.67515e+07,87.559,87.559,87.559,334.412,334.412,334.412
841,5.10313e+06,5.10313e+06,5.10313e+06,35143.4,35143.4,35143.4,205788,205788,205788,3.53527e+07,3.53527e+07,3.53527e+07,2.75032e+07,2.75032e+07,2.75032e+07,32886.1,32886.1,32886.1,249356,249356,249356,6.33535e+06,6.33535e+06,6.33535e+06,1.25979e+07,1.25979e+07,1.25979e+07,8.6411e+06,8.6411e+06,8.6411e+06,4.19593e+06,4.19593e+06,4.19593e+06,2.67565e+07,2.67565e+07,2.67565e+07,66.4065,66.4065,66.4065,378.524,378.524,378.524
842,4.90769e+06,4.90769e+06,4.90769e+06,24418.9,24418.9,24418.9,208613,208613,208613,3.49507e+07,3.49507e+07,3.49507e+07,2.76032e+07,2.76032e+07,2.76032e+07,23842.4,23842.4,23842.4,260049,260049,260049,6.72761e+06,6.72761e+06,6.72761e+06,1.23906e+07,1.23906e+07,1.23906e+07,8.43021e+06,8.43021e+06,8.43021e+06,4.71255e+06,4.71255e+06,4.71255e+06,2.67696e+07,2.67696e+07,2.67696e+07,48.1718,48.1718,48.1718,402.19,402.19,402.19
843,4.75138e+06,4.75138e+06,4.75138e+06,16396.2,16396.2,16396.2,200114,200114,200114,3.45534e+07,3.45534e+07,3.45534e+07,2.77324e+07,2.77324e+07,2.77324e+07,16649.6,16649.6,16649.6,255333,255333,255333,7.10467e+06,7.10467e+06,7.10467e+06,1.21636e+07,1.21636e+07,1.21636e+07,8.20546e+06,8.20546e+06,8.20546e+06,5.21946e+06,5.21946e+06,5.21946e+06,2.67904e+07,2.67904e+07,2.67904e+07,33.5813,33.5813,33.5813,402.009,402.009,402.009
844,4.64879e+06,4.64879e+06,4.64879e+06,10792.3,10792.3,10792.3,184192,184192,184192,3.41937e+07,3.41937e+07,3.41937e+07,2.78848e+07,2.78848e+07,2.78848e+07,11308.7,11308.7,11308.7,238554,238554,238554,7.44239e+06,7.44239e+06,7.44239e+06,1.19238e+07,1.19238e+07,1.19238e+07,7.97211e+06,7.97211e+06,7.97211e+06,5.68119e+06,5.68119e+06,5.68119e+06,2.68178e+07,2.68178e+07,2.68178e+07,22.7174,22.7174,22.7174,381.434,381.434,381.434
845,4.60405e+06,4.60405e+06,4.60405e+06,7071.97,7071.97,7071.97,165347,165347,165347,3.38898e+07,3.38898e+07,3.38898e+07,2.80549e+07,2.80549e+07,2.80549e+07,7565.87,7565.87,7565.87,215182,215182,215182,7.72831e+06,7.72831e+06,7.72831e+06,1.16771e+07,1.16771e+07,1.16771e+07,7.73488e+06,7.73488e+06,7.73488e+06,6.07527e+06,6.07527e+06,6.07527e+06,2.68501e+07,2.68501e+07,2.68501e+07,15.1069,15.1069,15.1069,348.273,348.273,348.273
846,4.61331e+06,4.61331e+06,4.61331e+06,4678.93,4678.93,4678.93,147050,147050,147050,3.36464e+07,3.36464e+07,3.36464e+07,2.82379e+07,2.82379e+07,2.82379e+07,5053.22,5053.22,5053.22,190355,190355,190355,7.96066e+06,7.96066e+06,7.96066e+06,1.14278e+07,1.14278e+07,1.14278e+07,7.49753e+06,7.49753e+06,7.49753e+06,6.39395e+06,6.39395e+06,6.39395e+06,2.68851e+07,2.68851e+07,2.68851e+07,10.0126,10.0126,10.0126,310.792,310.792,310.792
847,4.66829e+06,4.66829e+06,4.66829e+06,3161.94,3161.94,3161.94,131307,131307,131307,3.34585e+07,3.34585e+07,3.34585e+07,2.84298e+07,2.84298e+07,2.84298e+07,3411.98,3411.98,3411.98,167580,167580,167580,8.14469e+06,8.14469e+06,8.14469e+06,1.11788e+07,1.11788e+07,1.11788e+07,7.26272e+06,7.26272e+06,7.26272e+06,6.64087e+06,6.64087e+06,6.64087e+06,2.6921e+07,2.6921e+07,2.6921e+07,6.70032,6.70032,6.70032,275.146,275.146,275.146
848,4.75908e+06,4.75908e+06,4.75908e+06,2201.75,2201.75,2201.75,118962,118962,118962,3.33158e+07,3.33158e+07,3.33158e+07,2.8628e+07,2.8628e+07,2.8628e+07,2354.26,2354.26,2354.26,148649,148649,148649,8.28908e+06,8.28908e+06,8.28908e+06,1.09319e+07,1.09319e+07,1.09319e+07,7.0322e+06,7.0322e+06,7.0322e+06,6.82625e+06,6.82625e+06,6.82625e+06,2.69559e+07,2.69559e+07,2.69559e+07,4.5774,4.5774,4.5774,244.807,244.807,244.807
849,4.87574e+06,4.87574e+06,4.87574e+06,1589.61,1589.61,1589.61,110181,110181,110181,3.32067e+07,3.32067e+07,3.32067e+07,2.88304e+07,2.88304e+07,2.88304e+07,1674.29,1674.29,1674.29,134150,134150,134150,8.40358e+06,8.40358e+06,8.40358e+06,1.06881e+07,1.06881e+07,1.06881e+07,6.80705e+06,6.80705e+06,6.80705e+06,6.96287e+06,6.96287e+06,6.96287e+06,2.69886e+07,2.69886e+07,2.69886e+07,3.22053,3.22053,3.22053,221.167,221.167,221.167
850,5.00888e+06,5.00888e+06,5.00888e+06,1194.69,1194.69,1194.69,104837,104837,104837,3.31195e+07,3.31195e+07,3.31195e+07,2.90357e+07,2.90357e+07,2.90357e+07,1234.99,1234.99,1234.99,124022,124022,124022,8.49773e+06,8.49773e+06,8.49773e+06,1.04482e+07,1.04482e+07,1.04482e+07,6.58787e+06,6.58787e+06,6.58787e+06,7.06364e+06,7.06364e+06,7.06364e+06,2.70181e+07,2.70181e+07,2.70181e+07,2.34868,2.34868,2.34868,204.412,204.412,204.412
851,5.14982e+06,5.14982e+06,5.14982e+06,936.555,936.555,936.555,102737,102737,102737,3.30437e+07,3.30437e+07,3.30437e+07,2.92429e+07,2.92429e+07,2.92429e+07,948.659,948.659,948.659,117958,117958,117958,8.58043e+06,8.58043e+06,8.58043e+06,1.02126e+07,1.02126e+07,1.02126e+07,6.37495e+06,6.37495e+06,6.37495e+06,7.14054e+06,7.14054e+06,7.14054e+06,2.70438e+07,2.70438e+07,2.70438e+07,1.78299,1.78299,1.78299,194.213,194.213,194.213
852,5.29033e+06,5.29033e+06,5.29033e+06,765.945,765.945,765.945,103722,103722,103722,3.29693e+07,3.29693e+07,3.29693e+07,2.94515e+07,2.94515e+07,2.94515e+07,760.338,760.338,760.338,115623,115623,115623,8.65997e+06,8.65997e+06,8.65997e+06,9.98135e+06,9.98135e+06,9.98135e+06,6.16841e+06,6.16841e+06,6.16841e+06,7.20428e+06,7.20428e+06,7.20428e+06,2.70655e+07,2.70655e+07,2.70655e+07,1.41198,1.41198,1.41198,190.124,190.124,190.124
853,5.42251e+06,5.42251e+06,5.42251e+06,652.43,652.43,652.43,107687,107687,107687,3.28875e+07,3.28875e+07,3.28875e+07,2.96615e+07,2.96615e+07,2.96615e+07,635.77,635.77,635.77,116734,116734,116734,8.74415e+06,8.74415e+06,8.74415e+06,9.75468e+06,9.75468e+06,9.75468e+06,5.96823e+06,5.96823e+06,5.96823e+06,7.26445e+06,7.26445e+06,7.26445e+06,2.70831e+07,2.70831e+07,2.70831e+07,1.1666,1.1666,1.1666,191.763,191.763,191.763
854,5.53871e+06,5.53871e+06,5.53871e+06,576.831,576.831,576.831,114533,114533,114533,3.27901e+07,3.27901e+07,3.27901e+07,2.98728e+07,2.98728e+07,2.98728e+07,553.443,553.443,553.443,121052,121052,121052,8.84037e+06,8.84037e+06,8.84037e+06,9.53259e+06,9.53259e+06,9.53259e+06,5.77435e+06,5.77435e+06,5.77435e+06,7.32966e+06,7.32966e+06,7.32966e+06,2.7097e+07,2.7097e+07,2.7097e+07,1.00374,1.00374,1.00374,198.823,198.823,198.823
855,5.63169e+06,5.63169e+06,5.63169e+06,526.625,526.625,526.625,124060,124060,124060,3.26695e+07,3.26695e+07,3.26695e+07,3.00858e+07,3.00858e+07,3.00858e+07,499.561,499.561,499.561,128297,128297,128297,8.95551e+06,8.95551e+06,8.95551e+06,9.31509e+06,9.31509e+06,9.31509e+06,5.58665e+06,5.58665e+06,5.58665e+06,7.40759e+06,7.40759e+06,7.40759e+06,2.71075e+07,2.71075e+07,2.71075e+07,0.895982,0.895982,0.895982,210.969,210.969,210.969
856,5.6953e+06,5.6953e+06,5.6953e+06,493.167,493.167,493.167,135820,135820,135820,3.25193e+07,3.25193e+07,3.25193e+07,3.03009e+07,3.03009e+07,3.03009e+07,464.912,464.912,464.912,138021,138021,138021,9.09555e+06,9.09555e+06,9.09555e+06,9.10213e+06,9.10213e+06,9.10213e+06,5.40498e+06,5.40498e+06,5.40498e+06,7.50478e+06,7.50478e+06,7.50478e+06,2.71152e+07,2.71152e+07,2.71152e+07,0.82523,0.82523,0.82523,227.627,227.627,227.627
857,5.7254e+06,5.7254e+06,5.7254e+06,470.074,470.074,470.074,148948,148948,148948,3.23352e+07,3.23352e+07,3.23352e+07,3.05189e+07,3.05189e+07,3.05189e+07,442.952,442.952,442.952,149445,149445,149445,9.26465e+06,9.26465e+06,9.26465e+06,8.89367e+06,8.89367e+06,8.89367e+06,5.22918e+06,5.22918e+06,5.22918e+06,7.62602e+06,7.62602e+06,7.62602e+06,2.71211e+07,2.71211e+07,2.71211e+07,0.778832,0.778832,0.778832,247.718,247.718,247.718
858,5.7213e+06,5.7213e+06,5.7213e+06,452.399,452.399,452.399,162077,162077,162077,3.21158e+07,3.21158e+07,3.21158e+07,3.07405e+07,3.07405e+07,3.07405e+07,428.703,428.703,428.703,161343,161343,161343,9.46406e+06,9.46406e+06,9.46406e+06,8.68965e+06,8.68965e+06,8.68965e+06,5.0591e+06,5.0591e+06,5.0591e+06,7.77338e+06,7.77338e+06,7.77338e+06,2.71258e+07,2.71258e+07,2.71258e+07,0.747349,0.747349,0.747349,269.414,269.414,269.414
859,5.68677e+06,5.68677e+06,5.68677e+06,436.394,436.394,436.394,173446,173446,173446,3.18638e+07,3.18638e+07,3.18638e+07,3.09664e+07,3.09664e+07,3.09664e+07,418.24,418.24,418.24,172078,172078,172078,9.69091e+06,9.69091e+06,9.69091e+06,8.48998e+06,8.48998e+06,8.48998e+06,4.89455e+06,4.89455e+06,4.89455e+06,7.9452e+06,7.9452e+06,7.9452e+06,2.71303e+07,2.71303e+07,2.71303e+07,0.723462,0.723462,0.723462,290.092,290.092,290.092
860,5.63038e+06,5.63038e+06,5.63038e+06,419.638,419.638,419.638,181280,181280,181280,3.15867e+07,3.15867e+07,3.15867e+07,3.11973e+07,3.11973e+07,3.11973e+07,408.618,408.618,408.618,179870,179870,179870,9.93776e+06,9.93776e+06,9.93776e+06,8.29459e+06,8.29459e+06,8.29459e+06,4.73537e+06,4.73537e+06,4.73537e+06,8.13539e+06,8.13539e+06,8.13539e+06,2.71353e+07,2.71353e+07,2.71353e+07,0.701715,0.701715,0.701715,306.674,306.674,306.674
861,5.56423e+06,5.56423e+06,5.56423e+06,401.221,401.221,401.221,184335,184335,184335,3.12959e+07,3.12959e+07,3.12959e+07,3.14335e+07,3.14335e+07,3.14335e+07,398.034,398.034,398.034,183285,183285,183285,1.01933e+07,1.01933e+07,1.01933e+07,8.1034e+06,8.1034e+06,8.1034e+06,4.58137e+06,4.58137e+06,4.58137e+06,8.33388e+06,8.33388e+06,8.33388e+06,2.71413e+07,2.71413e+07,2.71413e+07,0.678719,0.678719,0.678719,316.383,316.383,316.383
862,5.50155e+06,5.50155e+06,5.50155e+06,381.669,381.669,381.669,182337,182337,182337,3.10045e+07,3.10045e+07,3.10045e+07,3.1675e+07,3.1675e+07,3.1675e+07,385.963,385.963,385.963,181702,181702,181702,1.04446e+07,1.04446e+07,1.04446e+07,7.91632e+06,7.91632e+06,7.91632e+06,4.43238e+06,4.43238e+06,4.43238e+06,8.52819e+06,8.52819e+06,8.52819e+06,2.71485e+07,2.71485e+07,2.71485e+07,0.653358,0.653358,0.653358,317.623,317.623,317.623
863,5.45398e+06,5.45398e+06,5.45398e+06,362.525,362.525,362.525,176037,176037,176037,3.0725e+07,3.0725e+07,3.0725e+07,3.19216e+07,3.19216e+07,3.19216e+07,373.059,373.059,373.059,175520,175520,175520,1.06794e+07,1.06794e+07,1.06794e+07,7.73327e+06,7.73327e+06,7.73327e+06,4.28824e+06,4.28824e+06,4.28824e+06,8.70601e+06,8.70601e+06,8.70601e+06,2.71566e+07,2.71566e+07,2.71566e+07,0.626605,0.626605,0.626605,310.517,310.517,310.517
864,5.42959e+06,5.42959e+06,5.42959e+06,345.76,345.76,345.76,166866,166866,166866,3.04666e+07,3.04666e+07,3.04666e+07,3.21726e+07,3.21726e+07,3.21726e+07,360.801,360.801,360.801,165952,165952,165952,1.08888e+07,1.08888e+07,1.08888e+07,7.55417e+06,7.55417e+06,7.55417e+06,4.14879e+06,4.14879e+06,4.14879e+06,8.85755e+06,8.85755e+06,8.85755e+06,2.71653e+07,2.71653e+07,2.71653e+07,0.600884,0.600884,0.600884,296.77,296.77,296.77
865,5.43225e+06,5.43225e+06,5.43225e+06,333.292,333.292,333.292,156443,156443,156443,3.02345e+07,3.02345e+07,3.02345e+07,3.24272e+07,3.24272e+07,3.24272e+07,351.048,351.048,351.048,154578,154578,154578,1.1068e+07,1.1068e+07,1.1068e+07,7.37896e+06,7.37896e+06,7.37896e+06,4.01387e+06,4.01387e+06,4.01387e+06,8.97703e+06,8.97703e+06,8.97703e+06,2.71739e+07,2.71739e+07,2.71739e+07,0.579262,0.579262,0.579262,278.983,278.983,278.983
866,5.46208e+06,5.46208e+06,5.46208e+06,326.79,326.79,326.79,146170,146170,146170,3.00299e+07,3.00299e+07,3.00299e+07,3.26847e+07,3.26847e+07,3.26847e+07,345.704,345.704,345.704,142899,142899,142899,1.12163e+07,1.12163e+07,1.12163e+07,7.20757e+06,7.20757e+06,7.20757e+06,3.88335e+06,3.88335e+06,3.88335e+06,9.06287e+06,9.06287e+06,9.06287e+06,2.71816e+07,2.71816e+07,2.71816e+07,0.564823,0.564823,0.564823,259.847,259.847,259.847
867,5.51643e+06,5.51643e+06,5.51643e+06,327.734,327.734,327.734,137058,137058,137058,2.98506e+07,2.98506e+07,2.98506e+07,3.29441e+07,3.29441e+07,3.29441e+07,346.603,346.603,346.603,132067,132067,132067,1.13361e+07,1.13361e+07,1.13361e+07,7.03995e+06,7.03995e+06,7.03995e+06,3.7571e+06,3.7571e+06,3.7571e+06,9.11696e+06,9.11696e+06,9.11696e+06,2.71876e+07,2.71876e+07,2.71876e+07,0.560426,0.560426,0.560426,241.574,241.574,241.574
868,5.59094e+06,5.59094e+06,5.59094e+06,337.652,337.652,337.652,129724,129724,129724,2.96927e+07,2.96927e+07,2.96927e+07,3.32047e+07,3.32047e+07,3.32047e+07,355.6,355.6,355.6,122819,122819,122819,1.14317e+07,1.14317e+07,1.14317e+07,6.87604e+06,6.87604e+06,6.87604e+06,3.63499e+06,3.63499e+06,3.63499e+06,9.14353e+06,9.14353e+06,9.14353e+06,2.71913e+07,2.71913e+07,2.71913e+07,0.56883,0.56883,0.56883,225.681,225.681,225.681
869,5.68029e+06,5.68029e+06,5.68029e+06,358.433,358.433,358.433,124488,124488,124488,2.95511e+07,2.95511e+07,2.95511e+07,3.34659e+07,3.34659e+07,3.34659e+07,374.82,374.82,374.82,115539,115539,115539,1.15088e+07,1.15088e+07,1.15088e+07,6.71579e+06,6.71579e+06,6.71579e+06,3.51691e+06,3.51691e+06,3.51691e+06,9.14809e+06,9.14809e+06,9.14809e+06,2.71922e+07,2.71922e+07,2.71922e+07,0.593077,0.593077,0.593077,213.046,213.046,213.046
870,5.77881e+06,5.77881e+06,5.77881e+06,392.689,392.689,392.689,121469,121469,121469,2.94202e+07,2.94202e+07,2.94202e+07,3.37273e+07,3.37273e+07,3.37273e+07,407.004,407.004,407.004,110367,110367,110367,1.15733e+07,1.15733e+07,1.15733e+07,6.55917e+06,6.55917e+06,6.55917e+06,3.40277e+06,3.40277e+06,3.40277e+06,9.1366e+06,9.1366e+06,9.1366e+06,2.71899e+07,2.71899e+07,2.71899e+07,0.637015,0.637015,0.637015,204.07,204.07,204.07
871,5.8807e+06,5.8807e+06,5.8807e+06,444.181,444.181,444.181,120677,120677,120677,2.92945e+07,2.92945e+07,2.92945e+07,3.39884e+07,3.39884e+07,3.39884e+07,455.956,455.956,455.956,107291,107291,107291,1.1631e+07,1.1631e+07,1.1631e+07,6.40614e+06,6.40614e+06,6.40614e+06,3.29247e+06,3.29247e+06,3.29247e+06,9.11498e+06,9.11498e+06,9.11498e+06,2.71842e+07,2.71842e+07,2.71842e+07,0.705964,0.705964,0.705964,198.853,198.853,198.853
872,5.98029e+06,5.98029e+06,5.98029e+06,518.335,518.335,518.335,122045,122045,122045,2.9169e+07,2.9169e+07,2.9169e+07,3.42491e+07,3.42491e+07,3.42491e+07,527.107,527.107,527.107,106215,106215,106215,1.16878e+07,1.16878e+07,1.16878e+07,6.25667e+06,6.25667e+06,6.25667e+06,3.18593e+06,3.18593e+06,3.18593e+06,9.08881e+06,9.08881e+06,9.08881e+06,2.71751e+07,2.71751e+07,2.71751e+07,0.807519,0.807519,0.807519,197.32,197.32,197.32
873,6.07218e+06,6.07218e+06,6.07218e+06,622.891,622.891,622.891,125446,125446,125446,2.90387e+07,2.90387e+07,2.90387e+07,3.45093e+07,3.45093e+07,3.45093e+07,628.252,628.252,628.252,106987,106987,106987,1.17492e+07,1.17492e+07,1.17492e+07,6.11077e+06,6.11077e+06,6.11077e+06,3.08309e+06,3.08309e+06,3.08309e+06,9.06316e+06,9.06316e+06,9.06316e+06,2.71626e+07,2.71626e+07,2.71626e+07,0.952575,0.952575,0.952575,199.279,199.279,199.279
874,6.15142e+06,6.15142e+06,6.15142e+06,768.714,768.714,768.714,130663,130663,130663,2.88996e+07,2.88996e+07,2.88996e+07,3.47692e+07,3.47692e+07,3.47692e+07,770.497,770.497,770.497,109393,109393,109393,1.18198e+07,1.18198e+07,1.18198e+07,5.96845e+06,5.96845e+06,5.96845e+06,2.98394e+06,2.98394e+06,2.98394e+06,9.04246e+06,9.04246e+06,9.04246e+06,2.71469e+07,2.71469e+07,2.71469e+07,1.15663,1.15663,1.15663,204.426,204.426,204.426
875,6.21386e+06,6.21386e+06,6.21386e+06,970.766,970.766,970.766,137350,137350,137350,2.87481e+07,2.87481e+07,2.87481e+07,3.50289e+07,3.50289e+07,3.50289e+07,969.477,969.477,969.477,113137,113137,113137,1.19038e+07,1.19038e+07,1.19038e+07,5.82976e+06,5.82976e+06,5.82976e+06,2.88846e+06,2.88846e+06,2.88846e+06,9.03039e+06,9.03039e+06,9.03039e+06,2.71285e+07,2.71285e+07,2.71285e+07,1.44143,1.44143,1.44143,212.303,212.303,212.303
876,6.25658e+06,6.25658e+06,6.25658e+06,1249.23,1249.23,1249.23,144984,144984,144984,2.85818e+07,2.85818e+07,2.85818e+07,3.52886e+07,3.52886e+07,3.52886e+07,1246.85,1246.85,1246.85,117806,117806,117806,1.2004e+07,1.2004e+07,1.2004e+07,5.6948e+06,5.6948e+06,5.6948e+06,2.79671e+06,2.79671e+06,2.79671e+06,9.02956e+06,9.02956e+06,9.02956e+06,2.71076e+07,2.71076e+07,2.71076e+07,1.83699,1.83699,1.83699,222.229,222.229,222.229
877,6.27838e+06,6.27838e+06,6.27838e+06,1630.8,1630.8,1630.8,152848,152848,152848,2.83999e+07,2.83999e+07,2.83999e+07,3.55483e+07,3.55483e+07,3.55483e+07,1632.12,1632.12,1632.12,122850,122850,122850,1.21216e+07,1.21216e+07,1.21216e+07,5.56372e+06,5.56372e+06,5.56372e+06,2.7088e+06,2.7088e+06,2.7088e+06,9.0413e+06,9.0413e+06,9.0413e+06,2.70847e+07,2.70847e+07,2.70847e+07,2.38392,2.38392,2.38392,233.252,233.252,233.252
878,6.2802e+06,6.2802e+06,6.2802e+06,2150.29,2150.29,2150.29,160072,160072,160072,2.82029e+07,2.82029e+07,2.82029e+07,3.58083e+07,3.58083e+07,3.58083e+07,2164.82,2164.82,2164.82,127605,127605,127605,1.22557e+07,1.22557e+07,1.22557e+07,5.43675e+06,5.43675e+06,5.43675e+06,2.62493e+06,2.62493e+06,2.62493e+06,9.06531e+06,9.06531e+06,9.06531e+06,2.70603e+07,2.70603e+07,2.70603e+07,3.13637,3.13637,3.13637,244.149,244.149,244.149
879,6.26527e+06,6.26527e+06,6.26527e+06,2853.03,2853.03,2853.03,165744,165744,165744,2.79935e+07,2.79935e+07,2.79935e+07,3.60684e+07,3.60684e+07,3.60684e+07,2897.53,2897.53,2897.53,131353,131353,131353,1.24031e+07,1.24031e+07,1.24031e+07,5.31422e+06,5.31422e+06,5.31422e+06,2.54542e+06,2.54542e+06,2.54542e+06,9.09954e+06,9.09954e+06,9.09954e+06,2.70349e+07,2.70349e+07,2.70349e+07,4.16568,4.16568,4.16568,253.532,253.532,253.532
880,6.23876e+06,6.23876e+06,6.23876e+06,3799.1,3799.1,3799.1,169091,169091,169091,2.77761e+07,2.77761e+07,2.77761e+07,3.63283e+07,3.63283e+07,3.63283e+07,3900.36,3900.36,3900.36,133457,133457,133457,1.25585e+07,1.25585e+07,1.25585e+07,5.19657e+06,5.19657e+06,5.19657e+06,2.47071e+06,2.47071e+06,2.47071e+06,9.14023e+06,9.14023e+06,9.14023e+06,2.70087e+07,2.70087e+07,2.70087e+07,5.56617,5.56617,5.56617,260.06,260.06,260.06
881,6.20699e+06,6.20699e+06,6.20699e+06,5070.69,5070.69,5070.69,169656,169656,169656,2.7556e+07,2.7556e+07,2.7556e+07,3.6587e+07,3.6587e+07,3.6587e+07,5268.51,5268.51,5268.51,133489,133489,133489,1.27151e+07,1.27151e+07,1.27151e+07,5.08443e+06,5.08443e+06,5.08443e+06,2.40145e+06,2.40145e+06,2.40145e+06,9.18236e+06,9.18236e+06,9.18236e+06,2.69821e+07,2.69821e+07,2.69821e+07,7.46471,7.46471,7.46471,262.718,262.718,262.718
882,6.17624e+06,6.17624e+06,6.17624e+06,6784.8,6784.8,6784.8,167398,167398,167398,2.73393e+07,2.73393e+07,2.73393e+07,3.68434e+07,3.68434e+07,3.68434e+07,7135.06,7135.06,7135.06,131333,131333,131333,1.28655e+07,1.28655e+07,1.28655e+07,4.97867e+06,4.97867e+06,4.97867e+06,2.33856e+06,2.33856e+06,2.33856e+06,9.22038e+06,9.22038e+06,9.22038e+06,2.69552e+07,2.69552e+07,2.69552e+07,10.0373,10.0373,10.0373,261.049,261.049,261.049
883,6.1516e+06,6.1516e+06,6.1516e+06,9113.24,9113.24,9113.24,162665,162665,162665,2.71312e+07,2.71312e+07,2.71312e+07,3.70954e+07,3.70954e+07,3.70954e+07,9691.93,9691.93,9691.93,127191,127191,127191,1.3003e+07,1.3003e+07,1.3003e+07,4.8805e+06,4.8805e+06,4.8805e+06,2.28333e+06,2.28333e+06,2.28333e+06,9.24902e+06,9.24902e+06,9.24902e+06,2.69279e+07,2.69279e+07,2.69279e+07,13.5363,13.5363,13.5363,255.231,255.231,255.231
884,6.13601e+06,6.13601e+06,6.13601e+06,12312.7,12312.7,12312.7,156059,156059,156059,2.69363e+07,2.69363e+07,2.69363e+07,3.73403e+07,3.73403e+07,3.73403e+07,13222.3,13222.3,13222.3,121505,121505,121505,1.31223e+07,1.31223e+07,1.31223e+07,4.79166e+06,4.79166e+06,4.79166e+06,2.23762e+06,2.23762e+06,2.23762e+06,9.26405e+06,9.26405e+06,9.26405e+06,2.69003e+07,2.69003e+07,2.69003e+07,18.3332,18.3332,18.3332,245.977,245.977,245.977
885,6.12971e+06,6.12971e+06,6.12971e+06,16767.4,16767.4,16767.4,148245,148245,148245,2.67574e+07,2.67574e+07,2.67574e+07,3.7574e+07,3.7574e+07,3.7574e+07,18148.9,18148.9,18148.9,114814,114814,114814,1.32199e+07,1.32199e+07,1.32199e+07,4.71465e+06,4.71465e+06,4.71465e+06,2.20411e+06,2.20411e+06,2.20411e+06,9.26266e+06,9.26266e+06,9.26266e+06,2.68721e+07,2.68721e+07,2.68721e+07,24.982,24.982,24.982,234.285,234.285,234.285
886,6.13002e+06,6.13002e+06,6.13002e+06,23045.7,23045.7,23045.7,139785,139785,139785,2.65962e+07,2.65962e+07,2.65962e+07,3.77912e+07,3.77912e+07,3.77912e+07,25100.3,25100.3,25100.3,107619,107619,107619,1.32939e+07,1.32939e+07,1.32939e+07,4.65314e+06,4.65314e+06,4.65314e+06,2.18672e+06,2.18672e+06,2.18672e+06,9.24348e+06,9.24348e+06,9.24348e+06,2.68433e+07,2.68433e+07,2.68433e+07,34.3086,34.3086,34.3086,221.156,221.156,221.156
887,6.13123e+06,6.13123e+06,6.13123e+06,31964.9,31964.9,31964.9,131017,131017,131017,2.64535e+07,2.64535e+07,2.64535e+07,3.79838e+07,3.79838e+07,3.79838e+07,34993.3,34993.3,34993.3,100282,100282,100282,1.33436e+07,1.33436e+07,1.33436e+07,4.61251e+06,4.61251e+06,4.61251e+06,2.19119e+06,2.19119e+06,2.19119e+06,9.20632e+06,9.20632e+06,9.20632e+06,2.6814e+07,2.6814e+07,2.6814e+07,47.5244,47.5244,47.5244,207.365,207.365,207.365
888,6.12454e+06,6.12454e+06,6.12454e+06,44634.9,44634.9,44634.9,122003,122003,122003,2.63299e+07,2.63299e+07,2.63299e+07,3.81409e+07,3.81409e+07,3.81409e+07,49110.2,49110.2,49110.2,92968.1,92968.1,92968.1,1.33689e+07,1.33689e+07,1.33689e+07,4.60049e+06,4.60049e+06,4.60049e+06,2.2259e+06,2.2259e+06,2.2259e+06,9.15165e+06,9.15165e+06,9.15165e+06,2.67843e+07,2.67843e+07,2.67843e+07,66.3446,66.3446,66.3446,193.318,193.318,193.318
889,6.09813e+06,6.09813e+06,6.09813e+06,62403.5,62403.5,62403.5,112525,112525,112525,2.6226e+07,2.6226e+07,2.6226e+07,3.82475e+07,3.82475e+07,3.82475e+07,69098,69098,69098,85633.8,85633.8,85633.8,1.33695e+07,1.33695e+07,1.33695e+07,4.62785e+06,4.62785e+06,4.62785e+06,2.30269e+06,2.30269e+06,2.30269e+06,9.0801e+06,9.0801e+06,9.0801e+06,2.67548e+07,2.67548e+07,2.67548e+07,93.0308,93.0308,93.0308,178.999,178.999,178.999
890,6.03772e+06,6.03772e+06,6.03772e+06,86536.2,86536.2,86536.2,102146,102146,102146,2.61436e+07,2.61436e+07,2.61436e+07,3.82838e+07,3.82838e+07,3.82838e+07,96729.3,96729.3,96729.3,78053.8,78053.8,78053.8,1.33443e+07,1.33443e+07,1.33443e+07,4.70862e+06,4.70862e+06,4.70862e+06,2.43747e+06,2.43747e+06,2.43747e+06,8.9919e+06,8.9919e+06,8.9919e+06,2.67264e+07,2.67264e+07,2.67264e+07,130.165,130.165,130.165,163.997,163.997,163.997
891,5.92881e+06,5.92881e+06,5.92881e+06,117403,117403,117403,90367.2,90367.2,90367.2,2.60855e+07,2.60855e+07,2.60855e+07,3.82269e+07,3.82269e+07,3.82269e+07,133149,133149,133149,69894.4,69894.4,69894.4,1.32909e+07,1.32909e+07,1.32909e+07,4.8589e+06,4.8589e+06,4.8589e+06,2.64961e+06,2.64961e+06,2.64961e+06,8.88656e+06,8.88656e+06,8.88656e+06,2.67003e+07,2.67003e+07,2.67003e+07,179.8,179.8,179.8,147.639,147.639,147.639
892,5.76146e+06,5.76146e+06,5.76146e+06,153129,153129,153129,76934.7,76934.7,76934.7,2.60559e+07,2.60559e+07,2.60559e+07,3.80553e+07,3.80553e+07,3.80553e+07,177405,177405,177405,60863.8,60863.8,60863.8,1.32059e+07,1.32059e+07,1.32059e+07,5.09284e+06,5.09284e+06,5.09284e+06,2.95845e+06,2.95845e+06,2.95845e+06,8.76275e+06,8.76275e+06,8.76275e+06,2.66784e+07,2.66784e+07,2.66784e+07,241.616,241.616,241.616,129.289,129.289,129.289
893,5.5375e+06,5.5375e+06,5.5375e+06,188446,188446,188446,62203.8,62203.8,62203.8,2.60593e+07,2.60593e+07,2.60593e+07,3.77586e+07,3.77586e+07,3.77586e+07,224702,224702,224702,50933.2,50933.2,50933.2,1.30861e+07,1.30861e+07,1.30861e+07,5.41529e+06,5.41529e+06,5.41529e+06,3.37563e+06,3.37563e+06,3.37563e+06,8.61874e+06,8.61874e+06,8.61874e+06,2.66629e+07,2.66629e+07,2.66629e+07,310.38,310.38,310.38,108.81,108.81,108.81
894,5.27625e+06,5.27625e+06,5.27625e+06,215469,215469,215469,47303.2,47303.2,47303.2,2.60994e+07,2.60994e+07,2.60994e+07,3.73486e+07,3.73486e+07,3.73486e+07,266095,266095,266095,40525.9,40525.9,40525.9,1.29302e+07,1.29302e+07,1.29302e+07,5.81362e+06,5.81362e+06,5.81362e+06,3.89459e+06,3.89459e+06,3.89459e+06,8.45332e+06,8.45332e+06,8.45332e+06,2.6656e+07,2.6656e+07,2.6656e+07,374.639,374.639,374.639,87.0127,87.0127,87.0127
895,5.01215e+06,5.01215e+06,5.01215e+06,227370,227370,227370,33775,33775,33775,2.61769e+07,2.61769e+07,2.61769e+07,3.68639e+07,3.68639e+07,3.68639e+07,291557,291557,291557,30479.7,30479.7,30479.7,1.27407e+07,1.27407e+07,1.27407e+07,6.25559e+06,6.25559e+06,6.25559e+06,4.4837e+06,4.4837e+06,4.4837e+06,8.26699e+06,8.26699e+06,8.26699e+06,2.66593e+07,2.66593e+07,2.66593e+07,419.685,419.685,419.685,65.6609,65.6609,65.6609
896,4.78293e+06,4.78293e+06,4.78293e+06,222504,222504,222504,22833.1,22833.1,22833.1,2.62891e+07,2.62891e+07,2.62891e+07,3.63601e+07,3.63601e+07,3.63601e+07,295394,295394,295394,21704.8,21704.8,21704.8,1.25235e+07,1.25235e+07,1.25235e+07,6.69809e+06,6.69809e+06,6.69809e+06,5.09122e+06,5.09122e+06,5.09122e+06,8.06256e+06,8.06256e+06,8.06256e+06,2.66735e+07,2.66735e+07,2.66735e+07,434.867,434.867,434.867,46.7914,46.7914,46.7914
897,4.61605e+06,4.61605e+06,4.61605e+06,204968,204968,204968,14858.6,14858.6,14858.6,2.64308e+07,2.64308e+07,2.64308e+07,3.58904e+07,3.58904e+07,3.58904e+07,279366,279366,279366,14773.9,14773.9,14773.9,1.22866e+07,1.22866e+07,1.22866e+07,7.10241e+06,7.10241e+06,7.10241e+06,5.66201e+06,5.66201e+06,5.66201e+06,7.84472e+06,7.84472e+06,7.84472e+06,2.66977e+07,2.66977e+07,2.66977e+07,419.654,419.654,419.654,31.7758,31.7758,31.7758
898,4.52272e+06,4.52272e+06,4.52272e+06,181367,181367,181367,9497.32,9497.32,9497.32,2.65952e+07,2.65952e+07,2.65952e+07,3.54897e+07,3.54897e+07,3.54897e+07,250743,250743,250743,9757.61,9757.61,9757.61,1.20377e+07,1.20377e+07,1.20377e+07,7.44513e+06,7.44513e+06,7.44513e+06,6.15517e+06,6.15517e+06,6.15517e+06,7.61881e+06,7.61881e+06,7.61881e+06,2.67299e+07,2.67299e+07,2.67299e+07,382.835,382.835,382.835,20.8786,20.8786,20.8786
899,4.50053e+06,4.50053e+06,4.50053e+06,157354,157354,157354,6079.71,6079.71,6079.71,2.67763e+07,2.67763e+07,2.67763e+07,3.51709e+07,3.51709e+07,3.51709e+07,217782,217782,217782,6362,6362,6362,1.17829e+07,1.17829e+07,1.17829e+07,7.7195e+06,7.7195e+06,7.7195e+06,6.55191e+06,6.55191e+06,6.55191e+06,7.38964e+06,7.38964e+06,7.38964e+06,2.67675e+07,2.67675e+07,2.67675e+07,336.474,336.474,336.474,13.5119,13.5119,13.5119
900,4.53944e+06,4.53944e+06,4.53944e+06,136261,136261,136261,3961.6,3961.6,3961.6,2.69689e+07,2.69689e+07,2.69689e+07,3.49302e+07,3.49302e+07,3.49302e+07,186532,186532,186532,4163.88,4163.88,4163.88,1.15265e+07,1.15265e+07,1.15265e+07,7.93048e+06,7.93048e+06,7.93048e+06,6.85272e+06,6.85272e+06,6.85272e+06,7.16093e+06,7.16093e+06,7.16093e+06,2.68078e+07,2.68078e+07,2.68078e+07,290.432,290.432,290.432,8.76323,8.76323,8.76323
901,4.62675e+06,4.62675e+06,4.62675e+06,119426,119426,119426,2660,2660,2660,2.71692e+07,2.71692e+07,2.71692e+07,3.47548e+07,3.47548e+07,3.47548e+07,160142,160142,160142,2775.98,2775.98,2775.98,1.12713e+07,1.12713e+07,1.12713e+07,8.08872e+06,8.08872e+06,8.08872e+06,7.06971e+06,7.06971e+06,7.06971e+06,6.93522e+06,6.93522e+06,6.93522e+06,2.68484e+07,2.68484e+07,2.68484e+07,250.418,250.418,250.418,5.78193,5.78193,5.78193
902,4.7499e+06,4.7499e+06,4.7499e+06,107024,107024,107024,1856.63,1856.63,1856.63,2.73745e+07,2.73745e+07,2.73745e+07,3.46291e+07,3.46291e+07,3.46291e+07,139606,139606,139606,1907.52,1907.52,1907.52,1.10188e+07,1.10188e+07,1.10188e+07,8.20649e+06,8.20649e+06,8.20649e+06,7.21966e+06,7.21966e+06,7.21966e+06,6.71406e+06,6.71406e+06,6.71406e+06,2.68874e+07,2.68874e+07,2.68874e+07,218.66,218.66,218.66,3.92808,3.92808,3.92808
903,4.89752e+06,4.89752e+06,4.89752e+06,98750.8,98750.8,98750.8,1355.12,1355.12,1355.12,2.75829e+07,2.75829e+07,2.75829e+07,3.45378e+07,3.45378e+07,3.45378e+07,124763,124763,124763,1363.04,1363.04,1363.04,1.07701e+07,1.07701e+07,1.07701e+07,8.2955e+06,8.2955e+06,8.2955e+06,7.31966e+06,7.31966e+06,7.31966e+06,6.49838e+06,6.49838e+06,6.49838e+06,2.69234e+07,2.69234e+07,2.69234e+07,195.351,195.351,195.351,2.77287,2.77287,2.77287
904,5.05954e+06,5.05954e+06,5.05954e+06,94209,94209,94209,1037.96,1037.96,1037.96,2.77932e+07,2.77932e+07,2.77932e+07,3.44674e+07,3.44674e+07,3.44674e+07,115034,115034,115034,1019.07,1019.07,1019.07,1.05256e+07,1.05256e+07,1.05256e+07,8.36632e+06,8.36632e+06,8.36632e+06,7.38517e+06,7.38517e+06,7.38517e+06,6.28864e+06,6.28864e+06,6.28864e+06,2.69554e+07,2.69554e+07,2.69554e+07,179.835,179.835,179.835,2.04677,2.04677,2.04677
905,5.22681e+06,5.22681e+06,5.22681e+06,93091.5,93091.5,93091.5,835.541,835.541,835.541,2.80046e+07,2.80046e+07,2.80046e+07,3.4406e+07,3.4406e+07,3.4406e+07,109818,109818,109818,800.071,800.071,800.071,1.02858e+07,1.02858e+07,1.02858e+07,8.42842e+06,8.42842e+06,8.42842e+06,7.42961e+06,7.42961e+06,7.42961e+06,6.08507e+06,6.08507e+06,6.08507e+06,2.6983e+07,2.6983e+07,2.6983e+07,171.299,171.299,171.299,1.58586,1.58586,1.58586
906,5.3907e+06,5.3907e+06,5.3907e+06,95234.6,95234.6,95234.6,706.48,706.48,706.48,2.82169e+07,2.82169e+07,2.82169e+07,3.43429e+07,3.43429e+07,3.43429e+07,108659,108659,108659,660.406,660.406,660.406,1.00507e+07,1.00507e+07,1.00507e+07,8.49046e+06,8.49046e+06,8.49046e+06,7.46455e+06,7.46455e+06,7.46455e+06,5.8877e+06,5.8877e+06,5.8877e+06,2.7006e+07,2.7006e+07,2.7006e+07,169.101,169.101,169.101,1.29173,1.29173,1.29173
907,5.54272e+06,5.54272e+06,5.54272e+06,100600,100600,100600,625.823,625.823,625.823,2.843e+07,2.843e+07,2.843e+07,3.42684e+07,3.42684e+07,3.42684e+07,111272,111272,111272,572.523,572.523,572.523,9.82033e+06,9.82033e+06,9.82033e+06,8.56069e+06,8.56069e+06,8.56069e+06,7.50028e+06,7.50028e+06,7.50028e+06,5.69652e+06,5.69652e+06,5.69652e+06,2.70244e+07,2.70244e+07,2.70244e+07,172.852,172.852,172.852,1.10525,1.10525,1.10525
908,5.67432e+06,5.67432e+06,5.67432e+06,109197,109197,109197,578.096,578.096,578.096,2.8644e+07,2.8644e+07,2.8644e+07,3.41733e+07,3.41733e+07,3.41733e+07,117484,117484,117484,519.567,519.567,519.567,9.59481e+06,9.59481e+06,9.59481e+06,8.64721e+06,8.64721e+06,8.64721e+06,7.54616e+06,7.54616e+06,7.54616e+06,5.51142e+06,5.51142e+06,5.51142e+06,2.70386e+07,2.70386e+07,2.70386e+07,182.362,182.362,182.362,0.990464,0.990464,0.990464
909,5.77708e+06,5.77708e+06,5.77708e+06,120936,120936,120936,553.139,553.139,553.139,2.88593e+07,2.88593e+07,2.88593e+07,3.4049e+07,3.4049e+07,3.4049e+07,127113,127113,127113,490.892,490.892,490.892,9.37409e+06,9.37409e+06,9.37409e+06,8.75788e+06,8.75788e+06,8.75788e+06,7.61084e+06,7.61084e+06,7.61084e+06,5.33227e+06,5.33227e+06,5.33227e+06,2.70493e+07,2.70493e+07,2.70493e+07,197.476,197.476,197.476,0.924847,0.924847,0.924847
910,5.84348e+06,5.84348e+06,5.84348e+06,135407,135407,135407,543.561,543.561,543.561,2.90768e+07,2.90768e+07,2.90768e+07,3.38876e+07,3.38876e+07,3.38876e+07,139760,139760,139760,479.286,479.286,479.286,9.15813e+06,9.15813e+06,9.15813e+06,8.89981e+06,8.89981e+06,8.89981e+06,7.702e+06,7.702e+06,7.702e+06,5.15894e+06,5.15894e+06,5.15894e+06,2.70572e+07,2.70572e+07,2.70572e+07,217.775,217.775,217.775,0.893357,0.893357,0.893357
911,5.8683e+06,5.8683e+06,5.8683e+06,151626,151626,151626,543.197,543.197,543.197,2.92971e+07,2.92971e+07,2.92971e+07,3.36836e+07,3.36836e+07,3.36836e+07,154566,154566,154566,479.225,479.225,479.225,8.94685e+06,8.94685e+06,8.94685e+06,9.07823e+06,9.07823e+06,9.07823e+06,7.8255e+06,7.8255e+06,7.8255e+06,4.99127e+06,4.99127e+06,4.99127e+06,2.70633e+07,2.70633e+07,2.70633e+07,242.19,242.19,242.19,0.884785,0.884785,0.884785
912,5.85057e+06,5.85057e+06,5.85057e+06,167857,167857,167857,546.391,546.391,546.391,2.95214e+07,2.95214e+07,2.95214e+07,3.34351e+07,3.34351e+07,3.34351e+07,169997,169997,169997,485.849,485.849,485.849,8.74018e+06,8.74018e+06,8.74018e+06,9.29479e+06,9.29479e+06,9.29479e+06,7.98398e+06,7.98398e+06,7.98398e+06,4.8291e+06,4.8291e+06,4.8291e+06,2.70687e+07,2.70687e+07,2.70687e+07,268.602,268.602,268.602,0.889587,0.889587,0.889587
913,5.79536e+06,5.79536e+06,5.79536e+06,181747,181747,181747,548.087,548.087,548.087,2.97504e+07,2.97504e+07,2.97504e+07,3.31458e+07,3.31458e+07,3.31458e+07,183861,183861,183861,494.593,494.593,494.593,8.53804e+06,8.53804e+06,8.53804e+06,9.54577e+06,9.54577e+06,9.54577e+06,8.17519e+06,8.17519e+06,8.17519e+06,4.67226e+06,4.67226e+06,4.67226e+06,2.70745e+07,2.70745e+07,2.70745e+07,293.717,293.717,293.717,0.899007,0.899007,0.899007
914,5.71415e+06,5.71415e+06,5.71415e+06,190891,190891,190891,544.593,544.593,544.593,2.99851e+07,2.99851e+07,2.99851e+07,3.28258e+07,3.28258e+07,3.28258e+07,193708,193708,193708,501.46,501.46,501.46,8.34034e+06,8.34034e+06,8.34034e+06,9.82127e+06,9.82127e+06,9.82127e+06,8.39089e+06,8.39089e+06,8.39089e+06,4.52058e+06,4.52058e+06,4.52058e+06,2.70815e+07,2.70815e+07,2.70815e+07,313.518,313.518,313.518,0.905438,0.905438,0.905438
915,5.6231e+06,5.6231e+06,5.6231e+06,193687,193687,193687,534.47,534.47,534.47,3.02258e+07,3.02258e+07,3.02258e+07,3.24905e+07,3.24905e+07,3.24905e+07,197589,197589,197589,503.735,503.735,503.735,8.14696e+06,8.14696e+06,8.14696e+06,1.01063e+07,1.01063e+07,1.01063e+07,8.61733e+06,8.61733e+06,8.61733e+06,4.37387e+06,4.37387e+06,4.37387e+06,2.70905e+07,2.70905e+07,2.70905e+07,324.385,324.385,324.385,0.90364,0.90364,0.90364
916,5.53936e+06,5.53936e+06,5.53936e+06,189973,189973,189973,518.851,518.851,518.851,3.04726e+07,3.04726e+07,3.04726e+07,3.21576e+07,3.21576e+07,3.21576e+07,194796,194796,194796,500.65,500.65,500.65,7.95781e+06,7.95781e+06,7.95781e+06,1.03837e+07,1.03837e+07,1.03837e+07,8.83769e+06,8.83769e+06,8.83769e+06,4.23196e+06,4.23196e+06,4.23196e+06,2.71014e+07,2.71014e+07,2.71014e+07,324.41,324.41,324.41,0.891951,0.891951,0.891951
917,5.47729e+06,5.47729e+06,5.47729e+06,181008,181008,181008,500.847,500.847,500.847,3.0725e+07,3.0725e+07,3.0725e+07,3.1843e+07,3.1843e+07,3.1843e+07,186107,186107,186107,493.499,493.499,493.499,7.7728e+06,7.7728e+06,7.7728e+06,1.06384e+07,1.06384e+07,1.06384e+07,9.03582e+06,9.03582e+06,9.03582e+06,4.09469e+06,4.09469e+06,4.09469e+06,2.71142e+07,2.71142e+07,2.71142e+07,314.111,314.111,314.111,0.872524,0.872524,0.872524
918,5.44597e+06,5.44597e+06,5.44597e+06,168873,168873,168873,484.429,484.429,484.429,3.09823e+07,3.09823e+07,3.09823e+07,3.1558e+07,3.1558e+07,3.1558e+07,173383,173383,173383,485.113,485.113,485.113,7.59183e+06,7.59183e+06,7.59183e+06,1.08599e+07,1.08599e+07,1.08599e+07,9.19963e+06,9.19963e+06,9.19963e+06,3.96189e+06,3.96189e+06,3.96189e+06,2.7128e+07,2.7128e+07,2.7128e+07,296.081,296.081,296.081,0.850351,0.850351,0.850351
919,5.44887e+06,5.44887e+06,5.44887e+06,155700,155700,155700,473.489,473.489,473.489,3.12435e+07,3.12435e+07,3.12435e+07,3.13077e+07,3.13077e+07,3.13077e+07,158832,158832,158832,479.05,479.05,479.05,7.41485e+06,7.41485e+06,7.41485e+06,1.10435e+07,1.10435e+07,1.10435e+07,9.32277e+06,9.32277e+06,9.32277e+06,3.83342e+06,3.83342e+06,3.83342e+06,2.7142e+07,2.7142e+07,2.7142e+07,273.872,273.872,273.872,0.83171,0.83171,0.83171
920,5.4849e+06,5.4849e+06,5.4849e+06,143173,143173,143173,471.462,471.462,471.462,3.15074e+07,3.15074e+07,3.15074e+07,3.10924e+07,3.10924e+07,3.10924e+07,144381,144381,144381,478.981,478.981,478.981,7.24178e+06,7.24178e+06,7.24178e+06,1.11897e+07,1.11897e+07,1.11897e+07,9.40449e+06,9.40449e+06,9.40449e+06,3.70914e+06,3.70914e+06,3.70914e+06,2.71552e+07,2.71552e+07,2.71552e+07,250.856,250.856,250.856,0.822943,0.822943,0.822943
921,5.54995e+06,5.54995e+06,5.54995e+06,132377,132377,132377,481.515,481.515,481.515,3.17732e+07,3.17732e+07,3.17732e+07,3.09084e+07,3.09084e+07,3.09084e+07,131367,131367,131367,488.508,488.508,488.508,7.07258e+06,7.07258e+06,7.07258e+06,1.13023e+07,1.13023e+07,1.13023e+07,9.44826e+06,9.44826e+06,9.44826e+06,3.58895e+06,3.58895e+06,3.58895e+06,2.71666e+07,2.71666e+07,2.71666e+07,229.556,229.556,229.556,0.830025,0.830025,0.830025
922,5.63827e+06,5.63827e+06,5.63827e+06,123883,123883,123883,507.087,507.087,507.087,3.20399e+07,3.20399e+07,3.20399e+07,3.075e+07,3.075e+07,3.075e+07,120543,120543,120543,511.419,511.419,511.419,6.9072e+06,6.9072e+06,6.9072e+06,1.13873e+07,1.13873e+07,1.13873e+07,9.46007e+06,9.46007e+06,9.46007e+06,3.47273e+06,3.47273e+06,3.47273e+06,2.71755e+07,2.71755e+07,2.71755e+07,211.516,211.516,211.516,0.858941,0.858941,0.858941
923,5.74343e+06,5.74343e+06,5.74343e+06,117917,117917,117917,552.625,552.625,552.625,3.23067e+07,3.23067e+07,3.23067e+07,3.06107e+07,3.06107e+07,3.06107e+07,112218,112218,112218,552.26,552.26,552.26,6.74561e+06,6.74561e+06,6.74561e+06,1.14515e+07,1.14515e+07,1.14515e+07,9.44702e+06,9.44702e+06,9.44702e+06,3.3604e+06,3.3604e+06,3.3604e+06,2.71812e+07,2.71812e+07,2.71812e+07,197.487,197.487,197.487,0.916605,0.916605,0.916605
924,5.85877e+06,5.85877e+06,5.85877e+06,114517,114517,114517,624.513,624.513,624.513,3.25733e+07,3.25733e+07,3.25733e+07,3.04838e+07,3.04838e+07,3.04838e+07,106435,106435,106435,617.191,617.191,617.191,6.58779e+06,6.58779e+06,6.58779e+06,1.15019e+07,1.15019e+07,1.15019e+07,9.41641e+06,9.41641e+06,9.41641e+06,3.25188e+06,3.25188e+06,3.25188e+06,2.71833e+07,2.71833e+07,2.71833e+07,187.705,187.705,187.705,1.0122,1.0122,1.0122
925,5.97771e+06,5.97771e+06,5.97771e+06,113634,113634,113634,732.283,732.283,732.283,3.28391e+07,3.28391e+07,3.28391e+07,3.03629e+07,3.03629e+07,3.03629e+07,103102,103102,103102,715.152,715.152,715.152,6.43375e+06,6.43375e+06,6.43375e+06,1.15453e+07,1.15453e+07,1.15453e+07,9.3752e+06,9.3752e+06,9.3752e+06,3.14711e+06,3.14711e+06,3.14711e+06,2.71815e+07,2.71815e+07,2.71815e+07,182.133,182.133,182.133,1.15896,1.15896,1.15896
926,6.09383e+06,6.09383e+06,6.09383e+06,115183,115183,115183,890.278,890.278,890.278,3.31039e+07,3.31039e+07,3.31039e+07,3.0242e+07,3.0242e+07,3.0242e+07,102073,102073,102073,859.512,859.512,859.512,6.28352e+06,6.28352e+06,6.28352e+06,1.15881e+07,1.15881e+07,1.15881e+07,9.32982e+06,9.32982e+06,9.32982e+06,3.04609e+06,3.04609e+06,3.04609e+06,2.71759e+07,2.71759e+07,2.71759e+07,180.61,180.61,180.61,1.3766,1.3766,1.3766
927,6.20087e+06,6.20087e+06,6.20087e+06,119042,119042,119042,1120,1120,1120,3.33677e+07,3.33677e+07,3.33677e+07,3.01157e+07,3.01157e+07,3.01157e+07,103173,103173,103173,1070.42,1070.42,1070.42,6.13716e+06,6.13716e+06,6.13716e+06,1.16364e+07,1.16364e+07,1.16364e+07,9.28607e+06,9.28607e+06,9.28607e+06,2.94882e+06,2.94882e+06,2.94882e+06,2.71665e+07,2.71665e+07,2.71665e+07,182.917,182.917,182.917,1.69477,1.69477,1.69477
928,6.29296e+06,6.29296e+06,6.29296e+06,125021,125021,125021,1453.33,1453.33,1453.33,3.36304e+07,3.36304e+07,3.36304e+07,2.99789e+07,2.99789e+07,2.99789e+07,106192,106192,106192,1378.19,1378.19,1378.19,5.99483e+06,5.99483e+06,5.99483e+06,1.16959e+07,1.16959e+07,1.16959e+07,9.24908e+06,9.24908e+06,9.24908e+06,2.85538e+06,2.85538e+06,2.85538e+06,2.71536e+07,2.71536e+07,2.71536e+07,188.771,188.771,188.771,2.15789,2.15789,2.15789
929,6.36486e+06,6.36486e+06,6.36486e+06,132793,132793,132793,1936.83,1936.83,1936.83,3.3892e+07,3.3892e+07,3.3892e+07,2.98276e+07,2.98276e+07,2.98276e+07,110837,110837,110837,1827.97,1827.97,1827.97,5.85676e+06,5.85676e+06,5.85676e+06,1.17714e+07,1.17714e+07,1.17714e+07,9.22317e+06,9.22317e+06,9.22317e+06,2.76597e+06,2.76597e+06,2.76597e+06,2.71377e+07,2.71377e+07,2.71377e+07,197.752,197.752,197.752,2.83189,2.83189,2.83189
930,6.41249e+06,6.41249e+06,6.41249e+06,141811,141811,141811,2637,2637,2637,3.41524e+07,3.41524e+07,3.41524e+07,2.96585e+07,2.96585e+07,2.96585e+07,116676,116676,116676,2486.01,2486.01,2486.01,5.72334e+06,5.72334e+06,5.72334e+06,1.18663e+07,1.18663e+07,1.18663e+07,9.21162e+06,9.21162e+06,9.21162e+06,2.68088e+06,2.68088e+06,2.68088e+06,2.7119e+07,2.7119e+07,2.7119e+07,209.205,209.205,209.205,3.81307,3.81307,3.81307
931,6.43356e+06,6.43356e+06,6.43356e+06,151253,151253,151253,3646.35,3646.35,3646.35,3.44114e+07,3.44114e+07,3.44114e+07,2.94704e+07,2.94704e+07,2.94704e+07,123091,123091,123091,3447.51,3447.51,3447.51,5.59513e+06,5.59513e+06,5.59513e+06,1.19826e+07,1.19826e+07,1.19826e+07,9.21625e+06,9.21625e+06,9.21625e+06,2.60062e+06,2.60062e+06,2.60062e+06,2.70984e+07,2.70984e+07,2.70984e+07,222.127,222.127,222.127,5.23915,5.23915,5.23915
932,6.42821e+06,6.42821e+06,6.42821e+06,160030,160030,160030,5089.9,5089.9,5089.9,3.46686e+07,3.46686e+07,3.46686e+07,2.92636e+07,2.92636e+07,2.92636e+07,129263,129263,129263,4845.8,4845.8,4845.8,5.47296e+06,5.47296e+06,5.47296e+06,1.21195e+07,1.21195e+07,1.21195e+07,9.237e+06,9.237e+06,9.237e+06,2.52598e+06,2.52598e+06,2.52598e+06,2.70763e+07,2.70763e+07,2.70763e+07,235.116,235.116,235.116,7.30214,7.30214,7.30214
933,6.39939e+06,6.39939e+06,6.39939e+06,166911,166911,166911,7132.5,7132.5,7132.5,3.49229e+07,3.49229e+07,3.49229e+07,2.90414e+07,2.90414e+07,2.90414e+07,134246,134246,134246,6862.96,6862.96,6862.96,5.35804e+06,5.35804e+06,5.35804e+06,1.22731e+07,1.22731e+07,1.22731e+07,9.27151e+06,9.27151e+06,9.27151e+06,2.4581e+06,2.4581e+06,2.4581e+06,2.70533e+07,2.70533e+07,2.70533e+07,246.447,246.447,246.447,10.2628,10.2628,10.2628
934,6.35253e+06,6.35253e+06,6.35253e+06,170758,170758,170758,9988.57,9988.57,9988.57,3.51724e+07,3.51724e+07,3.51724e+07,2.88093e+07,2.88093e+07,2.88093e+07,137122,137122,137122,9742.53,9742.53,9742.53,5.25202e+06,5.25202e+06,5.25202e+06,1.24369e+07,1.24369e+07,1.24369e+07,9.3151e+06,9.3151e+06,9.3151e+06,2.39864e+06,2.39864e+06,2.39864e+06,2.70299e+07,2.70299e+07,2.70299e+07,254.324,254.324,254.324,14.4679,14.4679,14.4679
935,6.29457e+06,6.29457e+06,6.29457e+06,170804,170804,170804,13937.5,13937.5,13937.5,3.54146e+07,3.54146e+07,3.54146e+07,2.85746e+07,2.85746e+07,2.85746e+07,137206,137206,137206,13806.8,13806.8,13806.8,5.15714e+06,5.15714e+06,5.15714e+06,1.26017e+07,1.26017e+07,1.26017e+07,9.36112e+06,9.36112e+06,9.36112e+06,2.34993e+06,2.34993e+06,2.34993e+06,2.70067e+07,2.70067e+07,2.70067e+07,257.252,257.252,257.252,20.3735,20.3735,20.3735
936,6.23228e+06,6.23228e+06,6.23228e+06,166829,166829,166829,19348.5,19348.5,19348.5,3.56452e+07,3.56452e+07,3.56452e+07,2.83458e+07,2.83458e+07,2.83458e+07,134219,134219,134219,19481.9,19481.9,19481.9,5.07644e+06,5.07644e+06,5.07644e+06,1.27572e+07,1.27572e+07,1.27572e+07,9.40192e+06,9.40192e+06,9.40192e+06,2.31515e+06,2.31515e+06,2.31515e+06,2.69837e+07,2.69837e+07,2.69837e+07,254.402,254.402,254.402,28.5803,28.5803,28.5803
937,6.17053e+06,6.17053e+06,6.17053e+06,159164,159164,159164,26713.1,26713.1,26713.1,3.58585e+07,3.58585e+07,3.58585e+07,2.81309e+07,2.81309e+07,2.81309e+07,128325,128325,128325,27333.2,27333.2,27333.2,5.01399e+06,5.01399e+06,5.01399e+06,1.28938e+07,1.28938e+07,1.28938e+07,9.42995e+06,9.42995e+06,9.42995e+06,2.29867e+06,2.29867e+06,2.29867e+06,2.69614e+07,2.69614e+07,2.69614e+07,245.782,245.782,245.782,39.8854,39.8854,39.8854
938,6.11081e+06,6.11081e+06,6.11081e+06,148502,148502,148502,36675.6,36675.6,36675.6,3.60467e+07,3.60467e+07,3.60467e+07,2.79368e+07,2.79368e+07,2.79368e+07,120034,120034,120034,38103.3,38103.3,38103.3,4.97522e+06,4.97522e+06,4.97522e+06,1.30032e+07,1.30032e+07,1.30032e+07,9.43879e+06,9.43879e+06,9.43879e+06,2.30635e+06,2.30635e+06,2.30635e+06,2.69396e+07,2.69396e+07,2.69396e+07,232.13,232.13,232.13,55.3432,55.3432,55.3432
939,6.05049e+06,6.05049e+06,6.05049e+06,135642,135642,135642,50029.3,50029.3,50029.3,3.61994e+07,3.61994e+07,3.61994e+07,2.77689e+07,2.77689e+07,2.77689e+07,110009,110009,110009,52727.6,52727.6,52727.6,4.96734e+06,4.96734e+06,4.96734e+06,1.30794e+07,1.30794e+07,1.30794e+07,9.4238e+06,9.4238e+06,9.4238e+06,2.34602e+06,2.34602e+06,2.34602e+06,2.69187e+07,2.69187e+07,2.69187e+07,214.587,214.587,214.587,76.3067,76.3067,76.3067
940,5.98282e+06,5.98282e+06,5.98282e+06,121278,121278,121278,67615.9,67615.9,67615.9,3.63036e+07,3.63036e+07,3.63036e+07,2.76309e+07,2.76309e+07,2.76309e+07,98870,98870,98870,72267.8,72267.8,72267.8,4.99953e+06,4.99953e+06,4.99953e+06,1.31183e+07,1.31183e+07,1.31183e+07,9.38214e+06,9.38214e+06,9.38214e+06,2.42782e+06,2.42782e+06,2.42782e+06,2.68989e+07,2.68989e+07,2.68989e+07,194.334,194.334,194.334,104.372,104.372,104.372
941,5.89792e+06,5.89792e+06,5.89792e+06,105914,105914,105914,90030.3,90030.3,90030.3,3.63435e+07,3.63435e+07,3.63435e+07,2.75256e+07,2.75256e+07,2.75256e+07,87090.9,87090.9,87090.9,97657.4,97657.4,97657.4,5.08273e+06,5.08273e+06,5.08273e+06,1.31177e+07,1.31177e+07,1.31177e+07,9.3125e+06,9.3125e+06,9.3125e+06,2.56422e+06,2.56422e+06,2.56422e+06,2.68808e+07,2.68808e+07,2.68808e+07,172.33,172.33,172.33,141.084,141.084,141.084
942,5.78506e+06,5.78506e+06,5.78506e+06,89923.9,89923.9,89923.9,117039,117039,117039,3.63026e+07,3.63026e+07,3.63026e+07,2.74553e+07,2.74553e+07,2.74553e+07,74985.8,74985.8,74985.8,129132,129132,129132,5.22829e+06,5.22829e+06,5.22829e+06,1.30763e+07,1.30763e+07,1.30763e+07,9.21457e+06,9.21457e+06,9.21457e+06,2.76889e+06,2.76889e+06,2.76889e+06,2.68652e+07,2.68652e+07,2.68652e+07,149.258,149.258,149.258,187.213,187.213,187.213
943,5.63653e+06,5.63653e+06,5.63653e+06,73725,73725,73725,146794,146794,146794,3.61672e+07,3.61672e+07,3.61672e+07,2.74219e+07,2.74219e+07,2.74219e+07,62799.2,62799.2,62799.2,165333,165333,165333,5.44483e+06,5.44483e+06,5.44483e+06,1.2994e+07,1.2994e+07,1.2994e+07,9.08877e+06,9.08877e+06,9.08877e+06,3.05386e+06,3.05386e+06,3.05386e+06,2.68533e+07,2.68533e+07,2.68533e+07,125.66,125.66,125.66,241.5,241.5,241.5
944,5.45262e+06,5.45262e+06,5.45262e+06,57942.3,57942.3,57942.3,175355,175355,175355,3.59326e+07,3.59326e+07,3.59326e+07,2.74266e+07,2.74266e+07,2.74266e+07,50834.6,50834.6,50834.6,202469,202469,202469,5.73337e+06,5.73337e+06,5.73337e+06,1.28719e+07,1.28719e+07,1.28719e+07,8.93618e+06,8.93618e+06,8.93618e+06,3.42424e+06,3.42424e+06,3.42424e+06,2.68466e+07,2.68466e+07,2.68466e+07,102.18,102.18,102.18,299.249,299.249,299.249
945,5.24522e+06,5.24522e+06,5.24522e+06,43426.9,43426.9,43426.9,197382,197382,197382,3.56097e+07,3.56097e+07,3.56097e+07,2.74694e+07,2.74694e+07,2.74694e+07,39540,39540,39540,234462,234462,234462,6.08269e+06,6.08269e+06,6.08269e+06,1.27131e+07,1.27131e+07,1.27131e+07,8.75876e+06,8.75876e+06,8.75876e+06,3.87219e+06,3.87219e+06,3.87219e+06,2.68465e+07,2.68465e+07,2.68465e+07,79.7524,79.7524,79.7524,351.986,351.986,351.986
946,5.03666e+06,5.03666e+06,5.03666e+06,31031.6,31031.6,31031.6,208330,208330,208330,3.52266e+07,3.52266e+07,3.52266e+07,2.75485e+07,2.75485e+07,2.75485e+07,29460.7,29460.7,29460.7,254878,254878,254878,6.46854e+06,6.46854e+06,6.46854e+06,1.25227e+07,1.25227e+07,1.25227e+07,8.55975e+06,8.55975e+06,8.55975e+06,4.37352e+06,4.37352e+06,4.37352e+06,2.68541e+07,2.68541e+07,2.68541e+07,59.5332,59.5332,59.5332,389.614,389.614,389.614
947,4.85278e+06,4.85278e+06,4.85278e+06,21274.6,21274.6,21274.6,206819,206819,206819,3.48226e+07,3.48226e+07,3.48226e+07,2.766e+07,2.766e+07,2.766e+07,21061.7,21061.7,21061.7,259949,259949,259949,6.85917e+06,6.85917e+06,6.85917e+06,1.23076e+07,1.23076e+07,1.23076e+07,8.3436e+06,8.3436e+06,8.3436e+06,4.89122e+06,4.89122e+06,4.89122e+06,2.68697e+07,2.68697e+07,2.68697e+07,42.551,42.551,42.551,404.814,404.814,404.814
948,4.71443e+06,4.71443e+06,4.71443e+06,14162.1,14162.1,14162.1,195161,195161,195161,3.44363e+07,3.44363e+07,3.44363e+07,2.77985e+07,2.77985e+07,2.77985e+07,14547,14547,14547,250406,250406,250406,7.22482e+06,7.22482e+06,7.22482e+06,1.20754e+07,1.20754e+07,1.20754e+07,8.11548e+06,8.11548e+06,8.11548e+06,5.38552e+06,5.38552e+06,5.38552e+06,2.68928e+07,2.68928e+07,2.68928e+07,29.3142,29.3142,29.3142,396.688,396.688,396.688
949,4.6324e+06,4.6324e+06,4.6324e+06,9292.65,9292.65,9292.65,177719,177719,177719,3.40957e+07,3.40957e+07,3.40957e+07,2.79582e+07,2.79582e+07,2.79582e+07,9814.52,9814.52,9814.52,230652,230652,230652,7.54532e+06,7.54532e+06,7.54532e+06,1.18327e+07,1.18327e+07,1.18327e+07,7.88053e+06,7.88053e+06,7.88053e+06,5.82498e+06,5.82498e+06,5.82498e+06,2.69219e+07,2.69219e+07,2.69219e+07,19.683,19.683,19.683,370.662,370.662,370.662
950,4.60759e+06,4.60759e+06,4.60759e+06,6102.12,6102.12,6102.12,158748,158748,158748,3.38139e+07,3.38139e+07,3.38139e+07,2.81338e+07,2.81338e+07,2.81338e+07,6553.48,6553.48,6553.48,206269,206269,206269,7.81234e+06,7.81234e+06,7.81234e+06,1.15848e+07,1.15848e+07,1.15848e+07,7.64316e+06,7.64316e+06,7.64316e+06,6.19251e+06,6.19251e+06,6.19251e+06,2.69551e+07,2.69551e+07,2.69551e+07,13.0556,13.0556,13.0556,335.117,335.117,335.117
951,4.63419e+06,4.63419e+06,4.63419e+06,4063.64,4063.64,4063.64,141198,141198,141198,3.35917e+07,3.35917e+07,3.35917e+07,2.83208e+07,2.83208e+07,2.83208e+07,4388.8,4388.8,4388.8,181885,181885,181885,8.02704e+06,8.02704e+06,8.02704e+06,1.13354e+07,1.13354e+07,1.13354e+07,7.40672e+06,7.40672e+06,7.40672e+06,6.48494e+06,6.48494e+06,6.48494e+06,2.69904e+07,2.69904e+07,2.69904e+07,8.67205,8.67205,8.67205,297.745,297.745,297.745
952,4.70308e+06,4.70308e+06,4.70308e+06,2773.49,2773.49,2773.49,126607,126607,126607,3.34216e+07,3.34216e+07,3.34216e+07,2.85157e+07,2.85157e+07,2.85157e+07,2983.37,2983.37,2983.37,160361,160361,160361,8.19624e+06,8.19624e+06,8.19624e+06,1.10871e+07,1.10871e+07,1.10871e+07,7.17352e+06,7.17352e+06,7.17352e+06,6.70876e+06,6.70876e+06,6.70876e+06,2.70258e+07,2.70258e+07,2.70258e+07,5.8402,5.8402,5.8402,263.726,263.726,263.726
953,4.80423e+06,4.80423e+06,4.80423e+06,1955.3,1955.3,1955.3,115527,115527,115527,3.32926e+07,3.32926e+07,3.32926e+07,2.8716e+07,2.8716e+07,2.8716e+07,2079.23,2079.23,2079.23,142991,142991,142991,8.32923e+06,8.32923e+06,8.32923e+06,1.08413e+07,1.08413e+07,1.08413e+07,6.94506e+06,6.94506e+06,6.94506e+06,6.87547e+06,6.87547e+06,6.87547e+06,2.70597e+07,2.70597e+07,2.70597e+07,4.02873,4.02873,4.02873,235.695,235.695,235.695
954,4.92785e+06,4.92785e+06,4.92785e+06,1431.57,1431.57,1431.57,107984,107984,107984,3.3193e+07,3.3193e+07,3.3193e+07,2.892e+07,2.892e+07,2.892e+07,1497.26,1497.26,1497.26,130076,130076,130076,8.43574e+06,8.43574e+06,8.43574e+06,1.05989e+07,1.05989e+07,1.05989e+07,6.72222e+06,6.72222e+06,6.72222e+06,6.99809e+06,6.99809e+06,6.99809e+06,2.70911e+07,2.70911e+07,2.70911e+07,2.8694,2.8694,2.8694,214.52,214.52,214.52
955,5.06482e+06,5.06482e+06,5.06482e+06,1092.05,1092.05,1092.05,103809,103809,103809,3.31115e+07,3.31115e+07,3.31115e+07,2.91265e+07,2.91265e+07,2.91265e+07,1120.12,1120.12,1120.12,121433,121433,121433,8.52513e+06,8.52513e+06,8.52513e+06,1.03606e+07,1.03606e+07,1.03606e+07,6.50546e+06,6.50546e+06,6.50546e+06,7.08926e+06,7.08926e+06,7.08926e+06,2.7119e+07,2.7119e+07,2.7119e+07,2.12203,2.12203,2.12203,200.143,200.143,200.143
956,5.20664e+06,5.20664e+06,5.20664e+06,869.148,869.148,869.148,102816,102816,102816,3.30376e+07,3.30376e+07,3.30376e+07,2.93347e+07,2.93347e+07,2.93347e+07,873.446,873.446,873.446,116729,116729,116729,8.60606e+06,8.60606e+06,8.60606e+06,1.01266e+07,1.01266e+07,1.01266e+07,6.29502e+06,6.29502e+06,6.29502e+06,7.16049e+06,7.16049e+06,7.16049e+06,2.71431e+07,2.71431e+07,2.71431e+07,1.63515,1.63515,1.63515,192.161,192.161,192.161
957,5.34521e+06,5.34521e+06,5.34521e+06,721.364,721.364,721.364,104866,104866,104866,3.2962e+07,3.2962e+07,3.2962e+07,2.95443e+07,2.95443e+07,2.95443e+07,710.764,710.764,710.764,115645,115645,115645,8.68664e+06,8.68664e+06,8.68664e+06,9.89706e+06,9.89706e+06,9.89706e+06,6.09096e+06,6.09096e+06,6.09096e+06,7.22209e+06,7.22209e+06,7.22209e+06,2.7163e+07,2.7163e+07,2.7163e+07,1.3147,1.3147,1.3147,190.14,190.14,190.14
958,5.47272e+06,5.47272e+06,5.47272e+06,622.925,622.925,622.925,109865,109865,109865,3.2876e+07,3.2876e+07,3.2876e+07,2.97552e+07,2.97552e+07,2.97552e+07,603.074,603.074,603.074,117917,117917,117917,8.77452e+06,8.77452e+06,8.77452e+06,9.6721e+06,9.6721e+06,9.6721e+06,5.89323e+06,5.89323e+06,5.89323e+06,7.28327e+06,7.28327e+06,7.28327e+06,2.7179e+07,2.7179e+07,2.7179e+07,1.10232,1.10232,1.10232,193.732,193.732,193.732
959,5.58162e+06,5.58162e+06,5.58162e+06,557.41,557.41,557.41,117693,117693,117693,3.27716e+07,3.27716e+07,3.27716e+07,2.99676e+07,2.99676e+07,2.99676e+07,532.059,532.059,532.059,123306,123306,123306,8.87694e+06,8.87694e+06,8.87694e+06,9.45172e+06,9.45172e+06,9.45172e+06,5.70176e+06,5.70176e+06,5.70176e+06,7.3523e+06,7.3523e+06,7.3523e+06,2.71913e+07,2.71913e+07,2.71913e+07,0.961382,0.961382,0.961382,202.637,202.637,202.637
960,5.66496e+06,5.66496e+06,5.66496e+06,513.91,513.91,513.91,128080,128080,128080,3.26416e+07,3.26416e+07,3.26416e+07,3.01817e+07,3.01817e+07,3.01817e+07,485.829,485.829,485.829,131489,131489,131489,9.00054e+06,9.00054e+06,9.00054e+06,9.23591e+06,9.23591e+06,9.23591e+06,5.5164e+06,5.5164e+06,5.5164e+06,7.43651e+06,7.43651e+06,7.43651e+06,2.72005e+07,2.72005e+07,2.72005e+07,0.868348,0.868348,0.868348,216.463,216.463,216.463
961,5.71717e+06,5.71717e+06,5.71717e+06,484.713,484.713,484.713,140449,140449,140449,3.24803e+07,3.24803e+07,3.24803e+07,3.03983e+07,3.03983e+07,3.03983e+07,456.288,456.288,456.288,141920,141920,141920,9.15076e+06,9.15076e+06,9.15076e+06,9.02464e+06,9.02464e+06,9.02464e+06,5.33702e+06,5.33702e+06,5.33702e+06,7.5419e+06,7.5419e+06,7.5419e+06,2.72072e+07,2.72072e+07,2.72072e+07,0.807382,0.807382,0.807382,234.49,234.49,234.49
962,5.73518e+06,5.73518e+06,5.73518e+06,464,464,464,153761,153761,153761,3.22841e+07,3.22841e+07,3.22841e+07,3.0618e+07,3.0618e+07,3.0618e+07,437.537,437.537,437.537,153669,153669,153669,9.33088e+06,9.33088e+06,9.33088e+06,8.81784e+06,8.81784e+06,8.81784e+06,5.16344e+06,5.16344e+06,5.16344e+06,7.67242e+06,7.67242e+06,7.67242e+06,2.72123e+07,2.72123e+07,2.72123e+07,0.767153,0.767153,0.767153,255.398,255.398,255.398
963,5.71976e+06,5.71976e+06,5.71976e+06,447.249,447.249,447.249,166484,166484,166484,3.2053e+07,3.2053e+07,3.2053e+07,3.08415e+07,3.08415e+07,3.08415e+07,425.003,425.003,425.003,165355,165355,165355,9.54081e+06,9.54081e+06,9.54081e+06,8.61545e+06,8.61545e+06,8.61545e+06,4.99552e+06,4.99552e+06,4.99552e+06,7.82893e+06,7.82893e+06,7.82893e+06,2.72166e+07,2.72166e+07,2.72166e+07,0.739048,0.739048,0.739048,277.066,277.066,277.066
964,5.67642e+06,5.67642e+06,5.67642e+06,431.154,431.154,431.154,176797,176797,176797,3.17915e+07,3.17915e+07,3.17915e+07,3.10696e+07,3.10696e+07,3.10696e+07,415.1,415.1,415.1,175245,175245,175245,9.77608e+06,9.77608e+06,9.77608e+06,8.41739e+06,8.41739e+06,8.41739e+06,4.83306e+06,4.83306e+06,4.83306e+06,8.00825e+06,8.00825e+06,8.00825e+06,2.72209e+07,2.72209e+07,2.72209e+07,0.7164,0.7164,0.7164,296.653,296.653,296.653
965,5.61518e+06,5.61518e+06,5.61518e+06,413.813,413.813,413.813,183049,183049,183049,3.15086e+07,3.15086e+07,3.15086e+07,3.13028e+07,3.13028e+07,3.13028e+07,405.263,405.263,405.263,181623,181623,181623,1.00277e+07,1.00277e+07,1.00277e+07,8.22357e+06,8.22357e+06,8.22357e+06,4.67589e+06,4.67589e+06,4.67589e+06,8.20278e+06,8.20278e+06,8.20278e+06,2.72259e+07,2.72259e+07,2.72259e+07,0.694449,0.694449,0.694449,311.087,311.087,311.087
966,5.54885e+06,5.54885e+06,5.54885e+06,394.848,394.848,394.848,184305,184305,184305,3.12165e+07,3.12165e+07,3.12165e+07,3.15414e+07,3.15414e+07,3.15414e+07,394.133,394.133,394.133,183298,183298,183298,1.02836e+07,1.02836e+07,1.02836e+07,8.03392e+06,8.03392e+06,8.03392e+06,4.52384e+06,4.52384e+06,4.52384e+06,8.40136e+06,8.40136e+06,8.40136e+06,2.7232e+07,2.7232e+07,2.7232e+07,0.670597,0.670597,0.670597,317.914,317.914,317.914
967,5.4904e+06,5.4904e+06,5.4904e+06,375.206,375.206,375.206,180666,180666,180666,3.09284e+07,3.09284e+07,3.09284e+07,3.17853e+07,3.17853e+07,3.17853e+07,381.629,381.629,381.629,180007,180007,180007,1.05306e+07,1.05306e+07,1.05306e+07,7.84835e+06,7.84835e+06,7.84835e+06,4.37674e+06,4.37674e+06,4.37674e+06,8.59129e+06,8.59129e+06,8.59129e+06,2.72392e+07,2.72392e+07,2.72392e+07,0.644511,0.644511,0.644511,316.118,316.118,316.118
968,5.45035e+06,5.45035e+06,5.45035e+06,356.647,356.647,356.647,173177,173177,173177,3.06558e+07,3.06558e+07,3.06558e+07,3.2034e+07,3.2034e+07,3.2034e+07,368.742,368.742,368.742,172473,172473,172473,1.07576e+07,1.07576e+07,1.07576e+07,7.66678e+06,7.66678e+06,7.66678e+06,4.23443e+06,4.23443e+06,4.23443e+06,8.7609e+06,8.7609e+06,8.7609e+06,2.72473e+07,2.72473e+07,2.72473e+07,0.617764,0.617764,0.617764,306.426,306.426,306.426
969,5.43531e+06,5.43531e+06,5.43531e+06,341.166,341.166,341.166,163389,163389,163389,3.04067e+07,3.04067e+07,3.04067e+07,3.22869e+07,3.22869e+07,3.22869e+07,357.133,357.133,357.133,162095,162095,162095,1.0957e+07,1.0957e+07,1.0957e+07,7.48913e+06,7.48913e+06,7.48913e+06,4.09674e+06,4.09674e+06,4.09674e+06,8.90172e+06,8.90172e+06,8.90172e+06,2.72558e+07,2.72558e+07,2.72558e+07,0.593096,0.593096,0.593096,290.951,290.951,290.951
970,5.44776e+06,5.44776e+06,5.44776e+06,330.599,330.599,330.599,152879,152879,152879,3.01847e+07,3.01847e+07,3.01847e+07,3.25432e+07,3.25432e+07,3.25432e+07,348.704,348.704,348.704,150466,150466,150466,1.11256e+07,1.11256e+07,1.11256e+07,7.31535e+06,7.31535e+06,7.31535e+06,3.96353e+06,3.96353e+06,3.96353e+06,9.0095e+06,9.0095e+06,9.0095e+06,2.72638e+07,2.72638e+07,2.72638e+07,0.573632,0.573632,0.573632,272.41,272.41,272.41
971,5.4867e+06,5.4867e+06,5.4867e+06,326.532,326.532,326.532,142921,142921,142921,2.99896e+07,2.99896e+07,2.99896e+07,3.2802e+07,3.2802e+07,3.2802e+07,345.334,345.334,345.334,138983,138983,138983,1.12637e+07,1.12637e+07,1.12637e+07,7.14537e+06,7.14537e+06,7.14537e+06,3.83467e+06,3.83467e+06,3.83467e+06,9.08398e+06,9.08398e+06,9.08398e+06,2.72707e+07,2.72707e+07,2.72707e+07,0.562381,0.562381,0.562381,253.368,253.368,253.368
972,5.54879e+06,5.54879e+06,5.54879e+06,330.429,330.429,330.429,134381,134381,134381,2.98187e+07,2.98187e+07,2.98187e+07,3.30625e+07,3.30625e+07,3.30625e+07,348.843,348.843,348.843,128649,128649,128649,1.13747e+07,1.13747e+07,1.13747e+07,6.97914e+06,6.97914e+06,6.97914e+06,3.71002e+06,3.71002e+06,3.71002e+06,9.12799e+06,9.12799e+06,9.12799e+06,2.72756e+07,2.72756e+07,2.72756e+07,0.562139,0.562139,0.562139,235.8,235.8,235.8
973,5.62925e+06,5.62925e+06,5.62925e+06,343.906,343.906,343.906,127760,127760,127760,2.96674e+07,2.96674e+07,2.96674e+07,3.33239e+07,3.33239e+07,3.33239e+07,361.147,361.147,361.147,120069,120069,120069,1.14635e+07,1.14635e+07,1.14635e+07,6.8166e+06,6.8166e+06,6.8166e+06,3.58948e+06,3.58948e+06,3.58948e+06,9.14634e+06,9.14634e+06,9.14634e+06,2.72781e+07,2.72781e+07,2.72781e+07,0.575708,0.575708,0.575708,220.985,220.985,220.985
974,5.7226e+06,5.7226e+06,5.7226e+06,369.061,369.061,369.061,123296,123296,123296,2.95304e+07,2.95304e+07,2.95304e+07,3.35857e+07,3.35857e+07,3.35857e+07,384.539,384.539,384.539,113527,113527,113527,1.15357e+07,1.15357e+07,1.15357e+07,6.65771e+06,6.65771e+06,6.65771e+06,3.47293e+06,3.47293e+06,3.47293e+06,9.14475e+06,9.14475e+06,9.14475e+06,2.72776e+07,2.72776e+07,2.72776e+07,0.606344,0.606344,0.606344,209.611,209.611,209.611
975,5.82307e+06,5.82307e+06,5.82307e+06,408.856,408.856,408.856,121063,121063,121063,2.94023e+07,2.94023e+07,2.94023e+07,3.38476e+07,3.38476e+07,3.38476e+07,422.074,422.074,422.074,109100,109100,109100,1.15974e+07,1.15974e+07,1.15974e+07,6.50242e+06,6.50242e+06,6.50242e+06,3.36027e+06,3.36027e+06,3.36027e+06,9.12922e+06,9.12922e+06,9.12922e+06,2.72738e+07,2.72738e+07,2.72738e+07,0.658328,0.658328,0.658328,201.958,201.958,201.958
976,5.92491e+06,5.92491e+06,5.92491e+06,467.567,467.567,467.567,121041,121041,121041,2.92775e+07,2.92775e+07,2.92775e+07,3.41091e+07,3.41091e+07,3.41091e+07,478.049,478.049,478.049,106743,106743,106743,1.16545e+07,1.16545e+07,1.16545e+07,6.35072e+06,6.35072e+06,6.35072e+06,3.25141e+06,3.25141e+06,3.25141e+06,9.10557e+06,9.10557e+06,9.10557e+06,2.72666e+07,2.72666e+07,2.72666e+07,0.73767,0.73767,0.73767,198.053,198.053,198.053
977,6.02252e+06,6.02252e+06,6.02252e+06,551.344,551.344,551.344,123144,123144,123144,2.91511e+07,2.91511e+07,2.91511e+07,3.43702e+07,3.43702e+07,3.43702e+07,558.623,558.623,558.623,106338,106338,106338,1.17125e+07,1.17125e+07,1.17125e+07,6.20257e+06,6.20257e+06,6.20257e+06,3.1463e+06,3.1463e+06,3.1463e+06,9.07921e+06,9.07921e+06,9.07921e+06,2.72559e+07,2.72559e+07,2.72559e+07,0.852984,0.852984,0.852984,197.778,197.778,197.778
978,6.11061e+06,6.11061e+06,6.11061e+06,668.914,668.914,668.914,127218,127218,127218,2.90184e+07,2.90184e+07,2.90184e+07,3.46309e+07,3.46309e+07,3.46309e+07,672.618,672.618,672.618,107714,107714,107714,1.17769e+07,1.17769e+07,1.17769e+07,6.05799e+06,6.05799e+06,6.05799e+06,3.04487e+06,3.04487e+06,3.04487e+06,9.05501e+06,9.05501e+06,9.05501e+06,2.72419e+07,2.72419e+07,2.72419e+07,1.0166,1.0166,1.0166,200.903,200.903,200.903
979,6.18448e+06,6.18448e+06,6.18448e+06,832.448,832.448,832.448,133005,133005,133005,2.88755e+07,2.88755e+07,2.88755e+07,3.48913e+07,3.48913e+07,3.48913e+07,832.557,832.557,832.557,110632,110632,110632,1.18521e+07,1.18521e+07,1.18521e+07,5.91701e+06,5.91701e+06,5.91701e+06,2.94711e+06,2.94711e+06,2.94711e+06,9.03715e+06,9.03715e+06,9.03715e+06,2.72249e+07,2.72249e+07,2.72249e+07,1.24598,1.24598,1.24598,207.077,207.077,207.077
980,6.24035e+06,6.24035e+06,6.24035e+06,1058.58,1058.58,1058.58,140101,140101,140101,2.87193e+07,2.87193e+07,2.87193e+07,3.51515e+07,3.51515e+07,3.51515e+07,1055.97,1055.97,1055.97,114758,114758,114758,1.19418e+07,1.19418e+07,1.19418e+07,5.77968e+06,5.77968e+06,5.77968e+06,2.85303e+06,2.85303e+06,2.85303e+06,9.02897e+06,9.02897e+06,9.02897e+06,2.72052e+07,2.72052e+07,2.72052e+07,1.56549,1.56549,1.56549,215.772,215.772,215.772
981,6.27583e+06,6.27583e+06,6.27583e+06,1369.59,1369.59,1369.59,147917,147917,147917,2.85477e+07,2.85477e+07,2.85477e+07,3.54118e+07,3.54118e+07,3.54118e+07,1367,1367,1367,119633,119633,119633,1.20484e+07,1.20484e+07,1.20484e+07,5.64613e+06,5.64613e+06,5.64613e+06,2.76271e+06,2.76271e+06,2.76271e+06,9.03267e+06,9.03267e+06,9.03267e+06,2.71832e+07,2.71832e+07,2.71832e+07,2.00851,2.00851,2.00851,226.218,226.218,226.218
982,6.29045e+06,6.29045e+06,6.29045e+06,1794.77,1794.77,1794.77,155672,155672,155672,2.83605e+07,2.83605e+07,2.83605e+07,3.56722e+07,3.56722e+07,3.56722e+07,1798.32,1798.32,1798.32,124663,124663,124663,1.21723e+07,1.21723e+07,1.21723e+07,5.51652e+06,5.51652e+06,5.51652e+06,2.67629e+06,2.67629e+06,2.67629e+06,9.04903e+06,9.04903e+06,9.04903e+06,2.71595e+07,2.71595e+07,2.71595e+07,2.61998,2.61998,2.61998,237.362,237.362,237.362
983,6.28594e+06,6.28594e+06,6.28594e+06,2372.2,2372.2,2372.2,162463,162463,162463,2.8159e+07,2.8159e+07,2.8159e+07,3.59329e+07,3.59329e+07,3.59329e+07,2393.55,2393.55,2393.55,129152,129152,129152,1.23119e+07,1.23119e+07,1.23119e+07,5.39112e+06,5.39112e+06,5.39112e+06,2.594e+06,2.594e+06,2.594e+06,9.07717e+06,9.07717e+06,9.07717e+06,2.71343e+07,2.71343e+07,2.71343e+07,3.45945,3.45945,3.45945,247.904,247.904,247.904
984,6.26628e+06,6.26628e+06,6.26628e+06,3151.71,3151.71,3151.71,167406,167406,167406,2.79464e+07,2.79464e+07,2.79464e+07,3.61935e+07,3.61935e+07,3.61935e+07,3210.66,3210.66,3210.66,132396,132396,132396,1.24632e+07,1.24632e+07,1.24632e+07,5.2703e+06,5.2703e+06,5.2703e+06,2.51619e+06,2.51619e+06,2.51619e+06,9.1144e+06,9.1144e+06,9.1144e+06,2.71083e+07,2.71083e+07,2.71083e+07,4.60537,4.60537,4.60537,256.444,256.444,256.444
985,6.23717e+06,6.23717e+06,6.23717e+06,4199.89,4199.89,4199.89,169820,169820,169820,2.77275e+07,2.77275e+07,2.77275e+07,3.64537e+07,3.64537e+07,3.64537e+07,4327.28,4327.28,4327.28,133815,133815,133815,1.26202e+07,1.26202e+07,1.26202e+07,5.15456e+06,5.15456e+06,5.15456e+06,2.44339e+06,2.44339e+06,2.44339e+06,9.15645e+06,9.15645e+06,9.15645e+06,2.70816e+07,2.70816e+07,2.70816e+07,6.16186,6.16186,6.16186,261.723,261.723,261.723
986,6.20505e+06,6.20505e+06,6.20505e+06,5609.19,5609.19,5609.19,169386,169386,169386,2.7508e+07,2.7508e+07,2.7508e+07,3.67124e+07,3.67124e+07,3.67124e+07,5849.83,5849.83,5849.83,133084,133084,133084,1.27759e+07,1.27759e+07,1.27759e+07,5.04459e+06,5.04459e+06,5.04459e+06,2.37631e+06,2.37631e+06,2.37631e+06,9.19802e+06,9.19802e+06,9.19802e+06,2.70545e+07,2.70545e+07,2.70545e+07,8.27036,8.27036,8.27036,262.898,262.898,262.898
987,6.17592e+06,6.17592e+06,6.17592e+06,7512.79,7512.79,7512.79,166210,166210,166210,2.72938e+07,2.72938e+07,2.72938e+07,3.69682e+07,3.69682e+07,3.69682e+07,7928.72,7928.72,7928.72,130200,130200,130200,1.29229e+07,1.29229e+07,1.29229e+07,4.94137e+06,4.94137e+06,4.94137e+06,2.31599e+06,2.31599e+06,2.31599e+06,9.23357e+06,9.23357e+06,9.23357e+06,2.70271e+07,2.70271e+07,2.70271e+07,11.1294,11.1294,11.1294,259.734,259.734,259.734
988,6.15422e+06,6.15422e+06,6.15422e+06,10107.8,10107.8,10107.8,160747,160747,160747,2.709e+07,2.709e+07,2.709e+07,3.72187e+07,3.72187e+07,3.72187e+07,10782.9,10782.9,10782.9,125464,125464,125464,1.3055e+07,1.3055e+07,1.3055e+07,4.84627e+06,4.84627e+06,4.84627e+06,2.2639e+06,2.2639e+06,2.2639e+06,9.25812e+06,9.25812e+06,9.25812e+06,2.69994e+07,2.69994e+07,2.69994e+07,15.0265,15.0265,15.0265,252.619,252.619,252.619
989,6.14199e+06,6.14199e+06,6.14199e+06,13689.4,13689.4,13689.4,153644,153644,153644,2.69005e+07,2.69005e+07,2.69005e+07,3.74609e+07,3.74609e+07,3.74609e+07,14737.2,14737.2,14737.2,119366,119366,119366,1.31674e+07,1.31674e+07,1.31674e+07,4.76126e+06,4.76126e+06,4.76126e+06,2.22214e+06,2.22214e+06,2.22214e+06,9.26791e+06,9.26791e+06,9.26791e+06,2.69712e+07,2.69712e+07,2.69712e+07,20.3878,20.3878,20.3878,242.395,242.395,242.395
990,6.13849e+06,6.13849e+06,6.13849e+06,18698.4,18698.4,18698.4,145549,145549,145549,2.67277e+07,2.67277e+07,2.67277e+07,3.76903e+07,3.76903e+07,3.76903e+07,20276.7,20276.7,20276.7,112449,112449,112449,1.32572e+07,1.32572e+07,1.32572e+07,4.68919e+06,4.68919e+06,4.68919e+06,2.19375e+06,2.19375e+06,2.19375e+06,9.26064e+06,9.26064e+06,9.26064e+06,2.69425e+07,2.69425e+07,2.69425e+07,27.8494,27.8494,27.8494,230.095,230.095,230.095
991,6.13999e+06,6.13999e+06,6.13999e+06,25782,25782,25782,136955,136955,136955,2.6573e+07,2.6573e+07,2.6573e+07,3.79007e+07,3.79007e+07,3.79007e+07,28119.5,28119.5,28119.5,105174,105174,105174,1.33231e+07,1.33231e+07,1.33231e+07,4.63426e+06,4.63426e+06,4.63426e+06,2.18321e+06,2.18321e+06,2.18321e+06,9.2354e+06,9.2354e+06,9.2354e+06,2.69132e+07,2.69132e+07,2.69132e+07,38.3563,38.3563,38.3563,216.663,216.663,216.663
992,6.13971e+06,6.13971e+06,6.13971e+06,35856.3,35856.3,35856.3,128109,128109,128109,2.6437e+07,2.6437e+07,2.6437e+07,3.80831e+07,3.80831e+07,3.80831e+07,39301.5,39301.5,39301.5,97839,97839,97839,1.33647e+07,1.33647e+07,1.33647e+07,4.60257e+06,4.60257e+06,4.60257e+06,2.19708e+06,2.19708e+06,2.19708e+06,9.19228e+06,9.19228e+06,9.19228e+06,2.68834e+07,2.68834e+07,2.68834e+07,53.2819,53.2819,53.2819,202.759,202.759,202.759
993,6.12777e+06,6.12777e+06,6.12777e+06,50129.7,50129.7,50129.7,118973,118973,118973,2.63202e+07,2.63202e+07,2.63202e+07,3.82254e+07,3.82254e+07,3.82254e+07,55238.6,55238.6,55238.6,90535.6,90535.6,90535.6,1.33818e+07,1.33818e+07,1.33818e+07,4.60283e+06,4.60283e+06,4.60283e+06,2.24481e+06,2.24481e+06,2.24481e+06,9.13189e+06,9.13189e+06,9.13189e+06,2.68533e+07,2.68533e+07,2.68533e+07,74.5337,74.5337,74.5337,188.643,188.643,188.643
994,6.09138e+06,6.09138e+06,6.09138e+06,69979.6,69979.6,69979.6,109242,109242,109242,2.62236e+07,2.62236e+07,2.62236e+07,3.83109e+07,3.83109e+07,3.83109e+07,77668.9,77668.9,77668.9,83152.8,83152.8,83152.8,1.3374e+07,1.3374e+07,1.3374e+07,4.64698e+06,4.64698e+06,4.64698e+06,2.33964e+06,2.33964e+06,2.33964e+06,9.05476e+06,9.05476e+06,9.05476e+06,2.68237e+07,2.68237e+07,2.68237e+07,104.534,104.534,104.534,174.155,174.155,174.155
995,6.01582e+06,6.01582e+06,6.01582e+06,96488.9,96488.9,96488.9,98431,98431,98431,2.61493e+07,2.61493e+07,2.61493e+07,3.83184e+07,3.83184e+07,3.83184e+07,108272,108272,108272,75415.3,75415.3,75415.3,1.33396e+07,1.33396e+07,1.33396e+07,4.75001e+06,4.75001e+06,4.75001e+06,2.49886e+06,2.49886e+06,2.49886e+06,8.96091e+06,8.96091e+06,8.96091e+06,2.67955e+07,2.67955e+07,2.67955e+07,145.826,145.826,145.826,158.77,158.77,158.77
996,5.88743e+06,5.88743e+06,5.88743e+06,129428,129428,129428,86083.3,86083.3,86083.3,2.61006e+07,2.61006e+07,2.61006e+07,3.82247e+07,3.82247e+07,3.82247e+07,147676,147676,147676,66981.7,66981.7,66981.7,1.32759e+07,1.32759e+07,1.32759e+07,4.92801e+06,4.92801e+06,4.92801e+06,2.74241e+06,2.74241e+06,2.74241e+06,8.84955e+06,8.84955e+06,8.84955e+06,2.67703e+07,2.67703e+07,2.67703e+07,199.915,199.915,199.915,141.783,141.783,141.783
997,5.69943e+06,5.69943e+06,5.69943e+06,165834,165834,165834,72113.1,72113.1,72113.1,2.60821e+07,2.60821e+07,2.60821e+07,3.80108e+07,3.80108e+07,3.80108e+07,193785,193785,193785,57622.5,57622.5,57622.5,1.31794e+07,1.31794e+07,1.31794e+07,5.19293e+06,5.19293e+06,5.19293e+06,3.08811e+06,3.08811e+06,3.08811e+06,8.71913e+06,8.71913e+06,8.71913e+06,2.675e+07,2.675e+07,2.675e+07,265.084,265.084,265.084,122.667,122.667,122.667
998,5.45928e+06,5.45928e+06,5.45928e+06,199295,199295,199295,57144.7,57144.7,57144.7,2.6098e+07,2.6098e+07,2.6098e+07,3.76728e+07,3.76728e+07,3.76728e+07,240272,240272,240272,47449.1,47449.1,47449.1,1.30473e+07,1.30473e+07,1.30473e+07,5.54444e+06,5.54444e+06,5.54444e+06,3.54257e+06,3.54257e+06,3.54257e+06,8.56795e+06,8.56795e+06,8.56795e+06,2.67368e+07,2.67368e+07,2.67368e+07,333.955,333.955,333.955,101.573,101.573,101.573
999,5.19232e+06,5.19232e+06,5.19232e+06,221752,221752,221752,42519.5,42519.5,42519.5,2.61512e+07,2.61512e+07,2.61512e+07,3.72317e+07,3.72317e+07,3.72317e+07,277281,277281,277281,37048.2,37048.2,37048.2,1.28795e+07,1.28795e+07,1.28795e+07,5.96289e+06,5.96289e+06,5.96289e+06,4.09097e+06,4.09097e+06,4.09097e+06,8.39527e+06,8.39527e+06,8.39527e+06,2.67329e+07,2.67329e+07,2.67329e+07,393.339,393.339,393.339,79.6713,79.6713,79.6713
1000,4.93582e+06,4.93582e+06,4.93582e+06,227791,227791,227791,29756.3,29756.3,29756.3,2.62413e+07,2.62413e+07,2.62413e+07,3.67338e+07,3.67338e+07,3.67338e+07,295654,295654,295654,27333.7,27333.7,27333.7,1.26796e+07,1.26796e+07,1.26796e+07,6.41076e+06,6.41076e+06,6.41076e+06,4.69348e+06,4.69348e+06,4.69348e+06,8.20235e+06,8.20235e+06,8.20235e+06,2.67397e+07,2.67397e+07,2.67397e+07,428.98,428.98,428.98,58.9284,58.9284,58.9284
