time,low95:SS:Japan__all,SS:Japan__all,high95:SS:Japan__all,low95:IS:Japan__all,IS:Japan__all,high95:IS:Japan__all,low95:SI:Japan__all,SI:Japan__all,high95:SI:Japan__all,low95:RS:Japan__all,RS:Japan__all,high95:RS:Japan__all,low95:SR:Japan__all,SR:Japan__all,high95:SR:Japan__all,low95:IR:Japan__all,IR:Japan__all,high95:IR:Japan__all,low95:RI:Japan__all,RI:Japan__all,high95:RI:Japan__all,low95:SQ:Japan__all,SQ:Japan__all,high95:SQ:Japan__all,low95:QS:Japan__all,QS:Japan__all,high95:QS:Japan__all,low95:QR:Japan__all,QR:Japan__all,high95:QR:Japan__all,low95:RQ:Japan__all,RQ:Japan__all,high95:RQ:Japan__all,low95:RR:Japan__all,RR:Japan__all,high95:RR:Japan__all,low95:EV71_JAP__IASR__inc,EV71_JAP__IASR__inc,high95:EV71_JAP__IASR__inc,low95:CA16_JAP__IASR__inc,CA16_JAP__IASR__inc,high95:CA16_JAP__IASR__inc
0,6.3293e+06,6.3293e+06,6.3293e+06,134059,134059,134059,139522,139522,139522,2.43061e+07,2.43061e+07,2.43061e+07,2.5314e+07,2.5314e+07,2.5314e+07,184783,184783,184783,184710,184710,184710,1.37127e+07,1.37127e+07,1.37127e+07,1.33175e+07,1.33175e+07,1.33175e+07,9.58896e+06,9.58896e+06,9.58896e+06,9.58813e+06,9.58813e+06,9.58813e+06,2.39087e+07,2.39087e+07,2.39087e+07,0,0,0,0,0,0
1,6.31584e+06,6.31584e+06,6.31584e+06,136821,136821,136821,142390,142390,142390,2.42816e+07,2.42816e+07,2.42816e+07,2.52893e+07,2.52893e+07,2.52893e+07,188726,188726,188726,188638,188638,188638,1.37186e+07,1.37186e+07,1.37186e+07,1.33233e+07,1.33233e+07,1.33233e+07,9.59656e+06,9.59656e+06,9.59656e+06,9.59554e+06,9.59554e+06,9.59554e+06,2.39312e+07,2.39312e+07,2.39312e+07,397.521,397.521,397.521,289.179,289.179,289.179
2,6.28866e+06,6.28866e+06,6.28866e+06,138637,138637,138637,144257,144257,144257,2.42485e+07,2.42485e+07,2.42485e+07,2.52559e+07,2.52559e+07,2.52559e+07,191693,191693,191693,191565,191565,191565,1.37318e+07,1.37318e+07,1.37318e+07,1.33361e+07,1.33361e+07,1.33361e+07,9.61434e+06,9.61434e+06,9.61434e+06,9.61307e+06,9.61307e+06,9.61307e+06,2.39626e+07,2.39626e+07,2.39626e+07,404.74,404.74,404.74,294.391,294.391,294.391
3,6.25568e+06,6.25568e+06,6.25568e+06,139152,139152,139152,144745,144745,144745,2.42119e+07,2.42119e+07,2.42119e+07,2.5219e+07,2.5219e+07,2.5219e+07,193087,193087,193087,192886,192886,192886,1.37484e+07,1.37484e+07,1.37484e+07,1.33524e+07,1.33524e+07,1.33524e+07,9.63777e+06,9.63777e+06,9.63777e+06,9.63608e+06,9.63608e+06,9.63608e+06,2.39948e+07,2.39948e+07,2.39948e+07,408.926,408.926,408.926,297.347,297.347,297.347
4,6.22522e+06,6.22522e+06,6.22522e+06,138389,138389,138389,143876,143876,143876,2.41778e+07,2.41778e+07,2.41778e+07,2.51841e+07,2.51841e+07,2.51841e+07,192718,192718,192718,192410,192410,192410,1.3764e+07,1.3764e+07,1.3764e+07,1.33679e+07,1.33679e+07,1.33679e+07,9.66135e+06,9.66135e+06,9.66135e+06,9.659e+06,9.659e+06,9.659e+06,2.40279e+07,2.40279e+07,2.40279e+07,409.383,409.383,409.383,297.534,297.534,297.534
5,6.20406e+06,6.20406e+06,6.20406e+06,136664,136664,136664,141988,141988,141988,2.41508e+07,2.41508e+07,2.41508e+07,2.5156e+07,2.5156e+07,2.5156e+07,190823,190823,190823,190391,190391,190391,1.3775e+07,1.3775e+07,1.3775e+07,1.33792e+07,1.33792e+07,1.33792e+07,9.68001e+06,9.68001e+06,9.68001e+06,9.67667e+06,9.67667e+06,9.67667e+06,2.40617e+07,2.40617e+07,2.40617e+07,406.364,406.364,406.364,295.15,295.15,295.15
6,6.19609e+06,6.19609e+06,6.19609e+06,134466,134466,134466,139605,139605,139605,2.41341e+07,2.41341e+07,2.41341e+07,2.51379e+07,2.51379e+07,2.51379e+07,187961,187961,187961,187406,187406,187406,1.3779e+07,1.3779e+07,1.3779e+07,1.33841e+07,1.33841e+07,1.33841e+07,9.6902e+06,9.6902e+06,9.6902e+06,9.68556e+06,9.68556e+06,9.68556e+06,2.40956e+07,2.40956e+07,2.40956e+07,400.888,400.888,400.888,290.966,290.966,290.966
7,6.20189e+06,6.20189e+06,6.20189e+06,132310,132310,132310,137278,137278,137278,2.41284e+07,2.41284e+07,2.41284e+07,2.51303e+07,2.51303e+07,2.51303e+07,184825,184825,184825,184169,184169,184169,1.37757e+07,1.37757e+07,1.37757e+07,1.33821e+07,1.33821e+07,1.33821e+07,9.69055e+06,9.69055e+06,9.69055e+06,9.68434e+06,9.68434e+06,9.68434e+06,2.41287e+07,2.41287e+07,2.41287e+07,394.383,394.383,394.383,286.053,286.053,286.053
8,6.2192e+06,6.2192e+06,6.2192e+06,130623,130623,130623,135462,135462,135462,2.41323e+07,2.41323e+07,2.41323e+07,2.51321e+07,2.51321e+07,2.51321e+07,182059,182059,182059,181341,181341,181341,1.37659e+07,1.37659e+07,1.37659e+07,1.33742e+07,1.33742e+07,1.33742e+07,9.68181e+06,9.68181e+06,9.68181e+06,9.67387e+06,9.67387e+06,9.67387e+06,2.41604e+07,2.41604e+07,2.41604e+07,388.277,388.277,388.277,281.478,281.478,281.478
9,6.2437e+06,6.2437e+06,6.2437e+06,129675,129675,129675,134449,134449,134449,2.41428e+07,2.41428e+07,2.41428e+07,2.51404e+07,2.51404e+07,2.51404e+07,180140,180140,180140,179407,179407,179407,1.3752e+07,1.3752e+07,1.3752e+07,1.33624e+07,1.33624e+07,1.33624e+07,9.66641e+06,9.66641e+06,9.66641e+06,9.65673e+06,9.65673e+06,9.65673e+06,2.41899e+07,2.41899e+07,2.41899e+07,383.706,383.706,383.706,278.086,278.086,278.086
10,6.27017e+06,6.27017e+06,6.27017e+06,129567,129567,129567,134346,134346,134346,2.41562e+07,2.41562e+07,2.41562e+07,2.51516e+07,2.51516e+07,2.51516e+07,179321,179321,179321,178624,178624,178624,1.37367e+07,1.37367e+07,1.37367e+07,1.33492e+07,1.33492e+07,1.33492e+07,9.64775e+06,9.64775e+06,9.64775e+06,9.63645e+06,9.63645e+06,9.63645e+06,2.42169e+07,2.42169e+07,2.42169e+07,381.351,381.351,381.351,276.384,276.384,276.384
11,6.29347e+06,6.29347e+06,6.29347e+06,130232,130232,130232,135088,135088,135088,2.41687e+07,2.41687e+07,2.41687e+07,2.5162e+07,2.5162e+07,2.5162e+07,179624,179624,179624,179012,179012,179012,1.37227e+07,1.37227e+07,1.37227e+07,1.33371e+07,1.33371e+07,1.33371e+07,9.62943e+06,9.62943e+06,9.62943e+06,9.6168e+06,9.6168e+06,9.6168e+06,2.42413e+07,2.42413e+07,2.42413e+07,381.399,381.399,381.399,276.509,276.509,276.509
12,6.30951e+06,6.30951e+06,6.30951e+06,131469,131469,131469,136460,136460,136460,2.4177e+07,2.4177e+07,2.4177e+07,2.51687e+07,2.51687e+07,2.51687e+07,180862,180862,180862,180378,180378,180378,1.37123e+07,1.37123e+07,1.37123e+07,1.33283e+07,1.33283e+07,1.33283e+07,9.61459e+06,9.61459e+06,9.61459e+06,9.60103e+06,9.60103e+06,9.60103e+06,2.42635e+07,2.42635e+07,2.42635e+07,383.577,383.577,383.577,278.257,278.257,278.257
13,6.31596e+06,6.31596e+06,6.31596e+06,132980,132980,132980,138145,138145,138145,2.41794e+07,2.41794e+07,2.41794e+07,2.51699e+07,2.51699e+07,2.51699e+07,182688,182688,182688,182366,182366,182366,1.37069e+07,1.37069e+07,1.37069e+07,1.33239e+07,1.33239e+07,1.33239e+07,9.60536e+06,9.60536e+06,9.60536e+06,9.59137e+06,9.59137e+06,9.59137e+06,2.42839e+07,2.42839e+07,2.42839e+07,387.238,387.238,387.238,281.142,281.142,281.142
14,6.31256e+06,6.31256e+06,6.31256e+06,134428,134428,134428,139781,139781,139781,2.41753e+07,2.41753e+07,2.41753e+07,2.51651e+07,2.51651e+07,2.51651e+07,184665,184665,184665,184519,184519,184519,1.37068e+07,1.37068e+07,1.37068e+07,1.33242e+07,1.33242e+07,1.33242e+07,9.60254e+06,9.60254e+06,9.60254e+06,9.58865e+06,9.58865e+06,9.58865e+06,2.43031e+07,2.43031e+07,2.43031e+07,391.489,391.489,391.489,284.496,284.496,284.496
15,6.30114e+06,6.30114e+06,6.30114e+06,135507,135507,135507,141038,141038,141038,2.41656e+07,2.41656e+07,2.41656e+07,2.51552e+07,2.51552e+07,2.51552e+07,186349,186349,186349,186380,186380,186380,1.37112e+07,1.37112e+07,1.37112e+07,1.33284e+07,1.33284e+07,1.33284e+07,9.60552e+06,9.60552e+06,9.60552e+06,9.59227e+06,9.59227e+06,9.59227e+06,2.43217e+07,2.43217e+07,2.43217e+07,395.375,395.375,395.375,287.597,287.597,287.597
16,6.28505e+06,6.28505e+06,6.28505e+06,136011,136011,136011,141688,141688,141688,2.41524e+07,2.41524e+07,2.41524e+07,2.51425e+07,2.51425e+07,2.51425e+07,187388,187388,187388,187580,187580,187580,1.37184e+07,1.37184e+07,1.37184e+07,1.33349e+07,1.33349e+07,1.33349e+07,9.6125e+06,9.6125e+06,9.6125e+06,9.60037e+06,9.60037e+06,9.60037e+06,2.43402e+07,2.43402e+07,2.43402e+07,398.074,398.074,398.074,289.821,289.821,289.821
17,6.26833e+06,6.26833e+06,6.26833e+06,135877,135877,135877,141653,141653,141653,2.41385e+07,2.41385e+07,2.41385e+07,2.51294e+07,2.51294e+07,2.51294e+07,187598,187598,187598,187920,187920,187920,1.37265e+07,1.37265e+07,1.37265e+07,1.33419e+07,1.33419e+07,1.33419e+07,9.62098e+06,9.62098e+06,9.62098e+06,9.61034e+06,9.61034e+06,9.61034e+06,2.43588e+07,2.43588e+07,2.43588e+07,399.08,399.08,399.08,290.779,290.779,290.779
18,6.25475e+06,6.25475e+06,6.25475e+06,135186,135186,135186,141015,141015,141015,2.41265e+07,2.41265e+07,2.41265e+07,2.51186e+07,2.51186e+07,2.51186e+07,186993,186993,186993,187410,187410,187410,1.37332e+07,1.37332e+07,1.37332e+07,1.33473e+07,1.33473e+07,1.33473e+07,9.62833e+06,9.62833e+06,9.62833e+06,9.61944e+06,9.61944e+06,9.61944e+06,2.43776e+07,2.43776e+07,2.43776e+07,398.301,398.301,398.301,290.387,290.387,290.387
19,6.24704e+06,6.24704e+06,6.24704e+06,134135,134135,134135,139974,139974,139974,2.41185e+07,2.41185e+07,2.41185e+07,2.51122e+07,2.51122e+07,2.51122e+07,185764,185764,185764,186240,186240,186240,1.37372e+07,1.37372e+07,1.37372e+07,1.335e+07,1.335e+07,1.335e+07,9.6324e+06,9.6324e+06,9.6324e+06,9.62538e+06,9.62538e+06,9.62538e+06,2.43963e+07,2.43963e+07,2.43963e+07,396.044,396.044,396.044,288.868,288.868,288.868
20,6.24644e+06,6.24644e+06,6.24644e+06,132970,132970,132970,138794,138794,138794,2.41157e+07,2.41157e+07,2.41157e+07,2.51109e+07,2.51109e+07,2.51109e+07,184213,184213,184213,184719,184719,184719,1.37376e+07,1.37376e+07,1.37376e+07,1.33491e+07,1.33491e+07,1.33491e+07,9.63194e+06,9.63194e+06,9.63194e+06,9.62682e+06,9.62682e+06,9.62682e+06,2.44147e+07,2.44147e+07,2.44147e+07,392.903,392.903,392.903,286.656,286.656,286.656
21,6.25259e+06,6.25259e+06,6.25259e+06,131934,131934,131934,137732,137732,137732,2.41179e+07,2.41179e+07,2.41179e+07,2.51148e+07,2.51148e+07,2.51148e+07,182677,182677,182677,183193,183193,183193,1.37345e+07,1.37345e+07,1.37345e+07,1.33448e+07,1.33448e+07,1.33448e+07,9.62675e+06,9.62675e+06,9.62675e+06,9.62348e+06,9.62348e+06,9.62348e+06,2.44323e+07,2.44323e+07,2.44323e+07,389.587,389.587,389.587,284.281,284.281,284.281
22,6.26386e+06,6.26386e+06,6.26386e+06,131214,131214,131214,136987,136987,136987,2.41241e+07,2.41241e+07,2.41241e+07,2.51227e+07,2.51227e+07,2.51227e+07,181448,181448,181448,181959,181959,181959,1.37286e+07,1.37286e+07,1.37286e+07,1.33378e+07,1.33378e+07,1.33378e+07,9.61762e+06,9.61762e+06,9.61762e+06,9.6161e+06,9.6161e+06,9.6161e+06,2.44488e+07,2.44488e+07,2.44488e+07,386.757,386.757,386.757,282.235,282.235,282.235
23,6.2778e+06,6.2778e+06,6.2778e+06,130913,130913,130913,136674,136674,136674,2.41328e+07,2.41328e+07,2.41328e+07,2.5133e+07,2.5133e+07,2.5133e+07,180724,180724,180724,181224,181224,181224,1.37212e+07,1.37212e+07,1.37212e+07,1.33294e+07,1.33294e+07,1.33294e+07,9.60605e+06,9.60605e+06,9.60605e+06,9.60614e+06,9.60614e+06,9.60614e+06,2.44639e+07,2.44639e+07,2.44639e+07,384.901,384.901,384.901,280.884,280.884,280.884
24,6.29168e+06,6.29168e+06,6.29168e+06,131046,131046,131046,136809,136809,136809,2.4142e+07,2.4142e+07,2.4142e+07,2.51439e+07,2.51439e+07,2.51439e+07,180586,180586,180586,181071,181071,181071,1.37137e+07,1.37137e+07,1.37137e+07,1.33209e+07,1.33209e+07,1.33209e+07,9.59384e+06,9.59384e+06,9.59384e+06,9.59542e+06,9.59542e+06,9.59542e+06,2.44776e+07,2.44776e+07,2.44776e+07,384.267,384.267,384.267,280.415,280.415,280.415
25,6.30309e+06,6.30309e+06,6.30309e+06,131547,131547,131547,137322,137322,137322,2.415e+07,2.415e+07,2.415e+07,2.51535e+07,2.51535e+07,2.51535e+07,180998,180998,180998,181463,181463,181463,1.37074e+07,1.37074e+07,1.37074e+07,1.33136e+07,1.33136e+07,1.33136e+07,9.58279e+06,9.58279e+06,9.58279e+06,9.58572e+06,9.58572e+06,9.58572e+06,2.44899e+07,2.44899e+07,2.44899e+07,384.847,384.847,384.847,280.821,280.821,280.821
26,6.31031e+06,6.31031e+06,6.31031e+06,132283,132283,132283,138074,138074,138074,2.41555e+07,2.41555e+07,2.41555e+07,2.51605e+07,2.51605e+07,2.51605e+07,181821,181821,181821,182258,182258,182258,1.37032e+07,1.37032e+07,1.37032e+07,1.33083e+07,1.33083e+07,1.33083e+07,9.5743e+06,9.5743e+06,9.5743e+06,9.57843e+06,9.57843e+06,9.57843e+06,2.4501e+07,2.4501e+07,2.4501e+07,386.406,386.406,386.406,281.928,281.928,281.928
27,6.31264e+06,6.31264e+06,6.31264e+06,133089,133089,133089,138890,138890,138890,2.41579e+07,2.41579e+07,2.41579e+07,2.51643e+07,2.51643e+07,2.51643e+07,182853,182853,182853,183248,183248,183248,1.37015e+07,1.37015e+07,1.37015e+07,1.33056e+07,1.33056e+07,1.33056e+07,9.56917e+06,9.56917e+06,9.56917e+06,9.57432e+06,9.57432e+06,9.57432e+06,2.45112e+07,2.45112e+07,2.45112e+07,388.541,388.541,388.541,283.437,283.437,283.437
28,6.31045e+06,6.31045e+06,6.31045e+06,133800,133800,133800,139594,139594,139594,2.41573e+07,2.41573e+07,2.41573e+07,2.5165e+07,2.5165e+07,2.5165e+07,183865,183865,183865,184202,184202,184202,1.37022e+07,1.37022e+07,1.37022e+07,1.33052e+07,1.33052e+07,1.33052e+07,9.56749e+06,9.56749e+06,9.56749e+06,9.57345e+06,9.57345e+06,9.57345e+06,2.45209e+07,2.45209e+07,2.45209e+07,390.777,390.777,390.777,284.994,284.994,284.994
29,6.30499e+06,6.30499e+06,6.30499e+06,134287,134287,134287,140047,140047,140047,2.41545e+07,2.41545e+07,2.41545e+07,2.51632e+07,2.51632e+07,2.51632e+07,184656,184656,184656,184914,184914,184914,1.37046e+07,1.37046e+07,1.37046e+07,1.33068e+07,1.33068e+07,1.33068e+07,9.56867e+06,9.56867e+06,9.56867e+06,9.57519e+06,9.57519e+06,9.57519e+06,2.45302e+07,2.45302e+07,2.45302e+07,392.656,392.656,392.656,286.261,286.261,286.261
30,6.29809e+06,6.29809e+06,6.29809e+06,134476,134476,134476,140177,140177,140177,2.41507e+07,2.41507e+07,2.41507e+07,2.51602e+07,2.51602e+07,2.51602e+07,185086,185086,185086,185247,185247,185247,1.37079e+07,1.37079e+07,1.37079e+07,1.33093e+07,1.33093e+07,1.33093e+07,9.57165e+06,9.57165e+06,9.57165e+06,9.57843e+06,9.57843e+06,9.57843e+06,2.45395e+07,2.45395e+07,2.45395e+07,393.839,393.839,393.839,286.989,286.989,286.989
31,6.29169e+06,6.29169e+06,6.29169e+06,134367,134367,134367,139982,139982,139982,2.41473e+07,2.41473e+07,2.41473e+07,2.51573e+07,2.51573e+07,2.51573e+07,185107,185107,185107,185156,185156,185156,1.3711e+07,1.3711e+07,1.3711e+07,1.33119e+07,1.33119e+07,1.33119e+07,9.57514e+06,9.57514e+06,9.57514e+06,9.58184e+06,9.58184e+06,9.58184e+06,2.45487e+07,2.45487e+07,2.45487e+07,394.164,394.164,394.164,287.063,287.063,287.063
32,6.28745e+06,6.28745e+06,6.28745e+06,134023,134023,134023,139534,139534,139534,2.41455e+07,2.41455e+07,2.41455e+07,2.51555e+07,2.51555e+07,2.51555e+07,184761,184761,184761,184689,184689,184689,1.3713e+07,1.3713e+07,1.3713e+07,1.33137e+07,1.33137e+07,1.33137e+07,9.5779e+06,9.5779e+06,9.5779e+06,9.58417e+06,9.58417e+06,9.58417e+06,2.45579e+07,2.45579e+07,2.45579e+07,393.667,393.667,393.667,286.52,286.52,286.52
33,6.28637e+06,6.28637e+06,6.28637e+06,133549,133549,133549,138948,138948,138948,2.4146e+07,2.4146e+07,2.4146e+07,2.51558e+07,2.51558e+07,2.51558e+07,184165,184165,184165,183972,183972,183972,1.37133e+07,1.37133e+07,1.37133e+07,1.33142e+07,1.33142e+07,1.33142e+07,9.57904e+06,9.57904e+06,9.57904e+06,9.58454e+06,9.58454e+06,9.58454e+06,2.45669e+07,2.45669e+07,2.45669e+07,392.554,392.554,392.554,285.521,285.521,285.521
34,6.28874e+06,6.28874e+06,6.28874e+06,133065,133065,133065,138356,138356,138356,2.41491e+07,2.41491e+07,2.41491e+07,2.51583e+07,2.51583e+07,2.51583e+07,183474,183474,183474,183169,183169,183169,1.37118e+07,1.37118e+07,1.37118e+07,1.33132e+07,1.33132e+07,1.33132e+07,9.57812e+06,9.57812e+06,9.57812e+06,9.58254e+06,9.58254e+06,9.58254e+06,2.45755e+07,2.45755e+07,2.45755e+07,391.141,391.141,391.141,284.308,284.308,284.308
35,6.29406e+06,6.29406e+06,6.29406e+06,132682,132682,132682,137879,137879,137879,2.41546e+07,2.41546e+07,2.41546e+07,2.51628e+07,2.51628e+07,2.51628e+07,182846,182846,182846,182447,182447,182447,1.37086e+07,1.37086e+07,1.37086e+07,1.33109e+07,1.33109e+07,1.33109e+07,9.57522e+06,9.57522e+06,9.57522e+06,9.57832e+06,9.57832e+06,9.57832e+06,2.45837e+07,2.45837e+07,2.45837e+07,389.767,389.767,389.767,283.145,283.145,283.145
36,6.3013e+06,6.3013e+06,6.3013e+06,132475,132475,132475,137602,137602,137602,2.41617e+07,2.41617e+07,2.41617e+07,2.51687e+07,2.51687e+07,2.51687e+07,182408,182408,182408,181937,181937,181937,1.37044e+07,1.37044e+07,1.37044e+07,1.33076e+07,1.33076e+07,1.33076e+07,9.57086e+06,9.57086e+06,9.57086e+06,9.57245e+06,9.57245e+06,9.57245e+06,2.45912e+07,2.45912e+07,2.45912e+07,388.729,388.729,388.729,282.255,282.255,282.255
37,6.30912e+06,6.30912e+06,6.30912e+06,132478,132478,132478,137562,137562,137562,2.41696e+07,2.41696e+07,2.41696e+07,2.51751e+07,2.51751e+07,2.51751e+07,182238,182238,182238,181722,181722,181722,1.36997e+07,1.36997e+07,1.36997e+07,1.33042e+07,1.33042e+07,1.33042e+07,9.56582e+06,9.56582e+06,9.56582e+06,9.56582e+06,9.56582e+06,9.56582e+06,2.4598e+07,2.4598e+07,2.4598e+07,388.223,388.223,388.223,281.791,281.791,281.791
38,6.31618e+06,6.31618e+06,6.31618e+06,132680,132680,132680,137749,137749,137749,2.41771e+07,2.41771e+07,2.41771e+07,2.51811e+07,2.51811e+07,2.51811e+07,182349,182349,182349,181816,181816,181816,1.36953e+07,1.36953e+07,1.36953e+07,1.33011e+07,1.33011e+07,1.33011e+07,9.56099e+06,9.56099e+06,9.56099e+06,9.5594e+06,9.5594e+06,9.5594e+06,2.4604e+07,2.4604e+07,2.4604e+07,388.318,388.318,388.318,281.806,281.806,281.806
39,6.32139e+06,6.32139e+06,6.32139e+06,133028,133028,133028,138110,138110,138110,2.41835e+07,2.41835e+07,2.41835e+07,2.5186e+07,2.5186e+07,2.5186e+07,182699,182699,182699,182177,182177,182177,1.36919e+07,1.36919e+07,1.36919e+07,1.32989e+07,1.32989e+07,1.32989e+07,9.55716e+06,9.55716e+06,9.55716e+06,9.55406e+06,9.55406e+06,9.55406e+06,2.46093e+07,2.46093e+07,2.46093e+07,388.955,388.955,388.955,282.259,282.259,282.259
40,6.32409e+06,6.32409e+06,6.32409e+06,133448,133448,133448,138564,138564,138564,2.41882e+07,2.41882e+07,2.41882e+07,2.51892e+07,2.51892e+07,2.51892e+07,183202,183202,183202,182715,182715,182715,1.36898e+07,1.36898e+07,1.36898e+07,1.3298e+07,1.3298e+07,1.3298e+07,9.55488e+06,9.55488e+06,9.55488e+06,9.55042e+06,9.55042e+06,9.55042e+06,2.46142e+07,2.46142e+07,2.46142e+07,389.974,389.974,389.974,283.03,283.03,283.03
41,6.32417e+06,6.32417e+06,6.32417e+06,133852,133852,133852,139020,139020,139020,2.4191e+07,2.4191e+07,2.4191e+07,2.51907e+07,2.51907e+07,2.51907e+07,183746,183746,183746,183316,183316,183316,1.36892e+07,1.36892e+07,1.36892e+07,1.32983e+07,1.32983e+07,1.32983e+07,9.55433e+06,9.55433e+06,9.55433e+06,9.54875e+06,9.54875e+06,9.54875e+06,2.46186e+07,2.46186e+07,2.46186e+07,391.148,391.148,391.148,283.949,283.949,283.949
42,6.32203e+06,6.32203e+06,6.32203e+06,134167,134167,134167,139395,139395,139395,2.41922e+07,2.41922e+07,2.41922e+07,2.51908e+07,2.51908e+07,2.51908e+07,184223,184223,184223,183866,183866,183866,1.36898e+07,1.36898e+07,1.36898e+07,1.32998e+07,1.32998e+07,1.32998e+07,9.55539e+06,9.55539e+06,9.55539e+06,9.54894e+06,9.54894e+06,9.54894e+06,2.46229e+07,2.46229e+07,2.46229e+07,392.239,392.239,392.239,284.837,284.837,284.837
43,6.31845e+06,6.31845e+06,6.31845e+06,134339,134339,134339,139632,139632,139632,2.41921e+07,2.41921e+07,2.41921e+07,2.51898e+07,2.51898e+07,2.51898e+07,184546,184546,184546,184272,184272,184272,1.36914e+07,1.36914e+07,1.36914e+07,1.3302e+07,1.3302e+07,1.3302e+07,9.55762e+06,9.55762e+06,9.55762e+06,9.55058e+06,9.55058e+06,9.55058e+06,2.46271e+07,2.46271e+07,2.46271e+07,393.043,393.043,393.043,285.537,285.537,285.537
44,6.31439e+06,6.31439e+06,6.31439e+06,134351,134351,134351,139709,139709,139709,2.41914e+07,2.41914e+07,2.41914e+07,2.51885e+07,2.51885e+07,2.51885e+07,184667,184667,184667,184482,184482,184482,1.36935e+07,1.36935e+07,1.36935e+07,1.33044e+07,1.33044e+07,1.33044e+07,9.56038e+06,9.56038e+06,9.56038e+06,9.55307e+06,9.55307e+06,9.55307e+06,2.46314e+07,2.46314e+07,2.46314e+07,393.433,393.433,393.433,285.95,285.95,285.95
45,6.31079e+06,6.31079e+06,6.31079e+06,134218,134218,134218,139637,139637,139637,2.41907e+07,2.41907e+07,2.41907e+07,2.51875e+07,2.51875e+07,2.51875e+07,184586,184586,184586,184492,184492,184492,1.36955e+07,1.36955e+07,1.36955e+07,1.33065e+07,1.33065e+07,1.33065e+07,9.56304e+06,9.56304e+06,9.56304e+06,9.55573e+06,9.55573e+06,9.55573e+06,2.46356e+07,2.46356e+07,2.46356e+07,393.378,393.378,393.378,286.045,286.045,286.045
46,6.30836e+06,6.30836e+06,6.30836e+06,133984,133984,133984,139460,139460,139460,2.41906e+07,2.41906e+07,2.41906e+07,2.51874e+07,2.51874e+07,2.51874e+07,184343,184343,184343,184338,184338,184338,1.3697e+07,1.3697e+07,1.3697e+07,1.33081e+07,1.33081e+07,1.33081e+07,9.56504e+06,9.56504e+06,9.56504e+06,9.55801e+06,9.55801e+06,9.55801e+06,2.464e+07,2.464e+07,2.464e+07,392.94,392.94,392.94,285.864,285.864,285.864
47,6.30747e+06,6.30747e+06,6.30747e+06,133708,133708,133708,139238,139238,139238,2.41914e+07,2.41914e+07,2.41914e+07,2.51884e+07,2.51884e+07,2.51884e+07,184008,184008,184008,184088,184088,184088,1.36979e+07,1.36979e+07,1.36979e+07,1.33088e+07,1.33088e+07,1.33088e+07,9.56602e+06,9.56602e+06,9.56602e+06,9.55952e+06,9.55952e+06,9.55952e+06,2.46442e+07,2.46442e+07,2.46442e+07,392.254,392.254,392.254,285.5,285.5,285.5
48,6.30809e+06,6.30809e+06,6.30809e+06,133452,133452,133452,139033,139033,139033,2.4193e+07,2.4193e+07,2.4193e+07,2.51906e+07,2.51906e+07,2.51906e+07,183664,183664,183664,183823,183823,183823,1.36982e+07,1.36982e+07,1.36982e+07,1.33086e+07,1.33086e+07,1.33086e+07,9.5659e+06,9.5659e+06,9.5659e+06,9.56014e+06,9.56014e+06,9.56014e+06,2.46483e+07,2.46483e+07,2.46483e+07,391.493,391.493,391.493,285.074,285.074,285.074
49,6.30989e+06,6.30989e+06,6.30989e+06,133266,133266,133266,138897,138897,138897,2.41954e+07,2.41954e+07,2.41954e+07,2.51937e+07,2.51937e+07,2.51937e+07,183387,183387,183387,183617,183617,183617,1.36978e+07,1.36978e+07,1.36978e+07,1.33078e+07,1.33078e+07,1.33078e+07,9.56483e+06,9.56483e+06,9.56483e+06,9.56e+06,9.56e+06,9.56e+06,2.46523e+07,2.46523e+07,2.46523e+07,390.826,390.826,390.826,284.707,284.707,284.707
50,6.31227e+06,6.31227e+06,6.31227e+06,133182,133182,133182,138861,138861,138861,2.41981e+07,2.41981e+07,2.41981e+07,2.51973e+07,2.51973e+07,2.51973e+07,183232,183232,183232,183526,183526,183526,1.36973e+07,1.36973e+07,1.36973e+07,1.33065e+07,1.33065e+07,1.33065e+07,9.56316e+06,9.56316e+06,9.56316e+06,9.5594e+06,9.5594e+06,9.5594e+06,2.46559e+07,2.46559e+07,2.46559e+07,390.387,390.387,390.387,284.496,284.496,284.496
51,6.31457e+06,6.31457e+06,6.31457e+06,133208,133208,133208,138932,138932,138932,2.42007e+07,2.42007e+07,2.42007e+07,2.52011e+07,2.52011e+07,2.52011e+07,183228,183228,183228,183572,183572,183572,1.36967e+07,1.36967e+07,1.36967e+07,1.33052e+07,1.33052e+07,1.33052e+07,9.56135e+06,9.56135e+06,9.56135e+06,9.55878e+06,9.55878e+06,9.55878e+06,2.46593e+07,2.46593e+07,2.46593e+07,390.252,390.252,390.252,284.491,284.491,284.491
52,6.31618e+06,6.31618e+06,6.31618e+06,133330,133330,133330,139094,139094,139094,2.42028e+07,2.42028e+07,2.42028e+07,2.52044e+07,2.52044e+07,2.52044e+07,183368,183368,183368,183750,183750,183750,1.36966e+07,1.36966e+07,1.36966e+07,1.33042e+07,1.33042e+07,1.33042e+07,9.55985e+06,9.55985e+06,9.55985e+06,9.55854e+06,9.55854e+06,9.55854e+06,2.46625e+07,2.46625e+07,2.46625e+07,390.432,390.432,390.432,284.697,284.697,284.697
53,6.31665e+06,6.31665e+06,6.31665e+06,133516,133516,133516,139311,139311,139311,2.42041e+07,2.42041e+07,2.42041e+07,2.5207e+07,2.5207e+07,2.5207e+07,183620,183620,183620,184024,184024,184024,1.36971e+07,1.36971e+07,1.36971e+07,1.33036e+07,1.33036e+07,1.33036e+07,9.55905e+06,9.55905e+06,9.55905e+06,9.559e+06,9.559e+06,9.559e+06,2.46654e+07,2.46654e+07,2.46654e+07,390.872,390.872,390.872,285.07,285.07,285.07
54,6.31582e+06,6.31582e+06,6.31582e+06,133725,133725,133725,139539,139539,139539,2.42044e+07,2.42044e+07,2.42044e+07,2.52087e+07,2.52087e+07,2.52087e+07,183934,183934,183934,184342,184342,184342,1.36982e+07,1.36982e+07,1.36982e+07,1.33037e+07,1.33037e+07,1.33037e+07,9.55917e+06,9.55917e+06,9.55917e+06,9.56035e+06,9.56035e+06,9.56035e+06,2.46682e+07,2.46682e+07,2.46682e+07,391.475,391.475,391.475,285.535,285.535,285.535
55,6.31376e+06,6.31376e+06,6.31376e+06,133915,133915,133915,139732,139732,139732,2.42037e+07,2.42037e+07,2.42037e+07,2.52095e+07,2.52095e+07,2.52095e+07,184252,184252,184252,184643,184643,184643,1.37e+07,1.37e+07,1.37e+07,1.33044e+07,1.33044e+07,1.33044e+07,9.56024e+06,9.56024e+06,9.56024e+06,9.56258e+06,9.56258e+06,9.56258e+06,2.46709e+07,2.46709e+07,2.46709e+07,392.12,392.12,392.12,286.001,286.001,286.001
56,6.3108e+06,6.3108e+06,6.3108e+06,134053,134053,134053,139856,139856,139856,2.42024e+07,2.42024e+07,2.42024e+07,2.52095e+07,2.52095e+07,2.52095e+07,184521,184521,184521,184876,184876,184876,1.37022e+07,1.37022e+07,1.37022e+07,1.33056e+07,1.33056e+07,1.33056e+07,9.56216e+06,9.56216e+06,9.56216e+06,9.56549e+06,9.56549e+06,9.56549e+06,2.46736e+07,2.46736e+07,2.46736e+07,392.692,392.692,392.692,286.382,286.382,286.382
57,6.30741e+06,6.30741e+06,6.30741e+06,134119,134119,134119,139889,139889,139889,2.42008e+07,2.42008e+07,2.42008e+07,2.52091e+07,2.52091e+07,2.52091e+07,184706,184706,184706,185003,185003,185003,1.37047e+07,1.37047e+07,1.37047e+07,1.33071e+07,1.33071e+07,1.33071e+07,9.56465e+06,9.56465e+06,9.56465e+06,9.56878e+06,9.56878e+06,9.56878e+06,2.46764e+07,2.46764e+07,2.46764e+07,393.102,393.102,393.102,286.613,286.613,286.613
58,6.3041e+06,6.3041e+06,6.3041e+06,134112,134112,134112,139832,139832,139832,2.41992e+07,2.41992e+07,2.41992e+07,2.52084e+07,2.52084e+07,2.52084e+07,184789,184789,184789,185013,185013,185013,1.3707e+07,1.3707e+07,1.3707e+07,1.33087e+07,1.33087e+07,1.33087e+07,9.56741e+06,9.56741e+06,9.56741e+06,9.57209e+06,9.57209e+06,9.57209e+06,2.46793e+07,2.46793e+07,2.46793e+07,393.304,393.304,393.304,286.662,286.662,286.662
59,6.30131e+06,6.30131e+06,6.30131e+06,134044,134044,134044,139699,139699,139699,2.4198e+07,2.4198e+07,2.4198e+07,2.5208e+07,2.5208e+07,2.5208e+07,184778,184778,184778,184914,184914,184914,1.3709e+07,1.3709e+07,1.3709e+07,1.33101e+07,1.33101e+07,1.33101e+07,9.5701e+06,9.5701e+06,9.5701e+06,9.57506e+06,9.57506e+06,9.57506e+06,2.46823e+07,2.46823e+07,2.46823e+07,393.298,393.298,393.298,286.535,286.535,286.535
60,6.29934e+06,6.29934e+06,6.29934e+06,133940,133940,133940,139520,139520,139520,2.41975e+07,2.41975e+07,2.41975e+07,2.52078e+07,2.52078e+07,2.52078e+07,184698,184698,184698,184736,184736,184736,1.37105e+07,1.37105e+07,1.37105e+07,1.33113e+07,1.33113e+07,1.33113e+07,9.5725e+06,9.5725e+06,9.5725e+06,9.57743e+06,9.57743e+06,9.57743e+06,2.46853e+07,2.46853e+07,2.46853e+07,393.13,393.13,393.13,286.271,286.271,286.271
61,6.29831e+06,6.29831e+06,6.29831e+06,133829,133829,133829,139329,139329,139329,2.41977e+07,2.41977e+07,2.41977e+07,2.52081e+07,2.52081e+07,2.52081e+07,184584,184584,184584,184521,184521,184521,1.37114e+07,1.37114e+07,1.37114e+07,1.33121e+07,1.33121e+07,1.33121e+07,9.57445e+06,9.57445e+06,9.57445e+06,9.57905e+06,9.57905e+06,9.57905e+06,2.46883e+07,2.46883e+07,2.46883e+07,392.87,392.87,392.87,285.928,285.928,285.928
62,6.29815e+06,6.29815e+06,6.29815e+06,133737,133737,133737,139158,139158,139158,2.41986e+07,2.41986e+07,2.41986e+07,2.52089e+07,2.52089e+07,2.52089e+07,184474,184474,184474,184312,184312,184312,1.37117e+07,1.37117e+07,1.37117e+07,1.33126e+07,1.33126e+07,1.33126e+07,9.57594e+06,9.57594e+06,9.57594e+06,9.57993e+06,9.57993e+06,9.57993e+06,2.46913e+07,2.46913e+07,2.46913e+07,392.601,392.601,392.601,285.576,285.576,285.576
63,6.29863e+06,6.29863e+06,6.29863e+06,133685,133685,133685,139030,139030,139030,2.42002e+07,2.42002e+07,2.42002e+07,2.52099e+07,2.52099e+07,2.52099e+07,184401,184401,184401,184145,184145,184145,1.37115e+07,1.37115e+07,1.37115e+07,1.33128e+07,1.33128e+07,1.33128e+07,9.57706e+06,9.57706e+06,9.57706e+06,9.58018e+06,9.58018e+06,9.58018e+06,2.46941e+07,2.46941e+07,2.46941e+07,392.396,392.396,392.396,285.275,285.275,285.275
64,6.29944e+06,6.29944e+06,6.29944e+06,133682,133682,133682,138960,138960,138960,2.42021e+07,2.42021e+07,2.42021e+07,2.5211e+07,2.5211e+07,2.5211e+07,184384,184384,184384,184045,184045,184045,1.3711e+07,1.3711e+07,1.3711e+07,1.3313e+07,1.3313e+07,1.3313e+07,9.57797e+06,9.57797e+06,9.57797e+06,9.58001e+06,9.58001e+06,9.58001e+06,2.46968e+07,2.46968e+07,2.46968e+07,392.304,392.304,392.304,285.068,285.068,285.068
65,6.30025e+06,6.30025e+06,6.30025e+06,133725,133725,133725,138947,138947,138947,2.42042e+07,2.42042e+07,2.42042e+07,2.52121e+07,2.52121e+07,2.52121e+07,184427,184427,184427,184020,184020,184020,1.37104e+07,1.37104e+07,1.37104e+07,1.33132e+07,1.33132e+07,1.33132e+07,9.57888e+06,9.57888e+06,9.57888e+06,9.57966e+06,9.57966e+06,9.57966e+06,2.46993e+07,2.46993e+07,2.46993e+07,392.346,392.346,392.346,284.977,284.977,284.977
66,6.30081e+06,6.30081e+06,6.30081e+06,133801,133801,133801,138980,138980,138980,2.42062e+07,2.42062e+07,2.42062e+07,2.52128e+07,2.52128e+07,2.52128e+07,184519,184519,184519,184060,184060,184060,1.37099e+07,1.37099e+07,1.37099e+07,1.33137e+07,1.33137e+07,1.33137e+07,9.57994e+06,9.57994e+06,9.57994e+06,9.57936e+06,9.57936e+06,9.57936e+06,2.47017e+07,2.47017e+07,2.47017e+07,392.505,392.505,392.505,284.995,284.995,284.995
67,6.30095e+06,6.30095e+06,6.30095e+06,133890,133890,133890,139041,139041,139041,2.42079e+07,2.42079e+07,2.42079e+07,2.52132e+07,2.52132e+07,2.52132e+07,184638,184638,184638,184147,184147,184147,1.37096e+07,1.37096e+07,1.37096e+07,1.33144e+07,1.33144e+07,1.33144e+07,9.58126e+06,9.58126e+06,9.58126e+06,9.57928e+06,9.57928e+06,9.57928e+06,2.4704e+07,2.4704e+07,2.4704e+07,392.743,392.743,392.743,285.095,285.095,285.095
68,6.30065e+06,6.30065e+06,6.30065e+06,133972,133972,133972,139108,139108,139108,2.42094e+07,2.42094e+07,2.42094e+07,2.52133e+07,2.52133e+07,2.52133e+07,184757,184757,184757,184252,184252,184252,1.37094e+07,1.37094e+07,1.37094e+07,1.33153e+07,1.33153e+07,1.33153e+07,9.58287e+06,9.58287e+06,9.58287e+06,9.5795e+06,9.5795e+06,9.5795e+06,2.47061e+07,2.47061e+07,2.47061e+07,393.001,393.001,393.001,285.24,285.24,285.24
69,6.3e+06,6.3e+06,6.3e+06,134027,134027,134027,139161,139161,139161,2.42106e+07,2.42106e+07,2.42106e+07,2.52131e+07,2.52131e+07,2.52131e+07,184847,184847,184847,184348,184348,184348,1.37095e+07,1.37095e+07,1.37095e+07,1.33165e+07,1.33165e+07,1.33165e+07,9.58472e+06,9.58472e+06,9.58472e+06,9.58001e+06,9.58001e+06,9.58001e+06,2.47082e+07,2.47082e+07,2.47082e+07,393.218,393.218,393.218,285.384,285.384,285.384
70,6.2992e+06,6.2992e+06,6.2992e+06,134041,134041,134041,139186,139186,139186,2.42117e+07,2.42117e+07,2.42117e+07,2.52127e+07,2.52127e+07,2.52127e+07,184887,184887,184887,184412,184412,184412,1.37097e+07,1.37097e+07,1.37097e+07,1.33177e+07,1.33177e+07,1.33177e+07,9.58665e+06,9.58665e+06,9.58665e+06,9.58074e+06,9.58074e+06,9.58074e+06,2.47102e+07,2.47102e+07,2.47102e+07,393.344,393.344,393.344,285.492,285.492,285.492
71,6.29847e+06,6.29847e+06,6.29847e+06,134011,134011,134011,139179,139179,139179,2.42128e+07,2.42128e+07,2.42128e+07,2.52125e+07,2.52125e+07,2.52125e+07,184865,184865,184865,184432,184432,184432,1.37099e+07,1.37099e+07,1.37099e+07,1.33189e+07,1.33189e+07,1.33189e+07,9.5885e+06,9.5885e+06,9.5885e+06,9.58156e+06,9.58156e+06,9.58156e+06,2.47121e+07,2.47121e+07,2.47121e+07,393.346,393.346,393.346,285.538,285.538,285.538
72,6.29806e+06,6.29806e+06,6.29806e+06,133940,133940,133940,139142,139142,139142,2.42139e+07,2.42139e+07,2.42139e+07,2.52125e+07,2.52125e+07,2.52125e+07,184781,184781,184781,184406,184406,184406,1.37101e+07,1.37101e+07,1.37101e+07,1.33199e+07,1.33199e+07,1.33199e+07,9.59008e+06,9.59008e+06,9.59008e+06,9.58232e+06,9.58232e+06,9.58232e+06,2.4714e+07,2.4714e+07,2.4714e+07,393.216,393.216,393.216,285.515,285.515,285.515
73,6.29815e+06,6.29815e+06,6.29815e+06,133839,133839,133839,139085,139085,139085,2.42153e+07,2.42153e+07,2.42153e+07,2.52129e+07,2.52129e+07,2.52129e+07,184646,184646,184646,184343,184343,184343,1.37101e+07,1.37101e+07,1.37101e+07,1.33206e+07,1.33206e+07,1.33206e+07,9.59124e+06,9.59124e+06,9.59124e+06,9.5829e+06,9.5829e+06,9.5829e+06,2.47158e+07,2.47158e+07,2.47158e+07,392.972,392.972,392.972,285.432,285.432,285.432
74,6.29881e+06,6.29881e+06,6.29881e+06,133723,133723,133723,139022,139022,139022,2.4217e+07,2.4217e+07,2.4217e+07,2.52139e+07,2.52139e+07,2.52139e+07,184478,184478,184478,184258,184258,184258,1.37099e+07,1.37099e+07,1.37099e+07,1.3321e+07,1.3321e+07,1.3321e+07,9.59186e+06,9.59186e+06,9.59186e+06,9.58321e+06,9.58321e+06,9.58321e+06,2.47174e+07,2.47174e+07,2.47174e+07,392.647,392.647,392.647,285.311,285.311,285.311
75,6.30005e+06,6.30005e+06,6.30005e+06,133610,133610,133610,138969,138969,138969,2.4219e+07,2.4219e+07,2.4219e+07,2.52154e+07,2.52154e+07,2.52154e+07,184301,184301,184301,184171,184171,184171,1.37096e+07,1.37096e+07,1.37096e+07,1.3321e+07,1.3321e+07,1.3321e+07,9.59191e+06,9.59191e+06,9.59191e+06,9.58324e+06,9.58324e+06,9.58324e+06,2.47189e+07,2.47189e+07,2.47189e+07,392.289,392.289,392.289,285.182,285.182,285.182
76,6.30176e+06,6.30176e+06,6.30176e+06,133513,133513,133513,138938,138938,138938,2.42211e+07,2.42211e+07,2.42211e+07,2.52174e+07,2.52174e+07,2.52174e+07,184135,184135,184135,184101,184101,184101,1.37091e+07,1.37091e+07,1.37091e+07,1.33207e+07,1.33207e+07,1.33207e+07,9.59144e+06,9.59144e+06,9.59144e+06,9.58303e+06,9.58303e+06,9.58303e+06,2.47203e+07,2.47203e+07,2.47203e+07,391.945,391.945,391.945,285.074,285.074,285.074
77,6.30381e+06,6.30381e+06,6.30381e+06,133442,133442,133442,138938,138938,138938,2.42234e+07,2.42234e+07,2.42234e+07,2.52199e+07,2.52199e+07,2.52199e+07,183998,183998,183998,184061,184061,184061,1.37086e+07,1.37086e+07,1.37086e+07,1.33201e+07,1.33201e+07,1.33201e+07,9.59054e+06,9.59054e+06,9.59054e+06,9.58266e+06,9.58266e+06,9.58266e+06,2.47214e+07,2.47214e+07,2.47214e+07,391.652,391.652,391.652,285.01,285.01,285.01
78,6.30599e+06,6.30599e+06,6.30599e+06,133402,133402,133402,138968,138968,138968,2.42257e+07,2.42257e+07,2.42257e+07,2.52226e+07,2.52226e+07,2.52226e+07,183899,183899,183899,184057,184057,184057,1.37082e+07,1.37082e+07,1.37082e+07,1.33194e+07,1.33194e+07,1.33194e+07,9.58933e+06,9.58933e+06,9.58933e+06,9.58224e+06,9.58224e+06,9.58224e+06,2.47223e+07,2.47223e+07,2.47223e+07,391.438,391.438,391.438,285.004,285.004,285.004
79,6.30813e+06,6.30813e+06,6.30813e+06,133390,133390,133390,139026,139026,139026,2.42278e+07,2.42278e+07,2.42278e+07,2.52255e+07,2.52255e+07,2.52255e+07,183841,183841,183841,184087,184087,184087,1.37079e+07,1.37079e+07,1.37079e+07,1.33186e+07,1.33186e+07,1.33186e+07,9.58795e+06,9.58795e+06,9.58795e+06,9.58189e+06,9.58189e+06,9.58189e+06,2.47229e+07,2.47229e+07,2.47229e+07,391.31,391.31,391.31,285.055,285.055,285.055
80,6.3101e+06,6.3101e+06,6.3101e+06,133401,133401,133401,139101,139101,139101,2.42297e+07,2.42297e+07,2.42297e+07,2.52284e+07,2.52284e+07,2.52284e+07,183819,183819,183819,184142,184142,184142,1.37078e+07,1.37078e+07,1.37078e+07,1.33178e+07,1.33178e+07,1.33178e+07,9.58653e+06,9.58653e+06,9.58653e+06,9.58169e+06,9.58169e+06,9.58169e+06,2.47233e+07,2.47233e+07,2.47233e+07,391.261,391.261,391.261,285.153,285.153,285.153
81,6.31182e+06,6.31182e+06,6.31182e+06,133425,133425,133425,139181,139181,139181,2.42313e+07,2.42313e+07,2.42313e+07,2.52313e+07,2.52313e+07,2.52313e+07,183821,183821,183821,184209,184209,184209,1.3708e+07,1.3708e+07,1.3708e+07,1.33171e+07,1.33171e+07,1.33171e+07,9.58517e+06,9.58517e+06,9.58517e+06,9.58169e+06,9.58169e+06,9.58169e+06,2.47236e+07,2.47236e+07,2.47236e+07,391.272,391.272,391.272,285.277,285.277,285.277
82,6.31328e+06,6.31328e+06,6.31328e+06,133454,133454,133454,139255,139255,139255,2.42327e+07,2.42327e+07,2.42327e+07,2.52341e+07,2.52341e+07,2.52341e+07,183836,183836,183836,184273,184273,184273,1.37084e+07,1.37084e+07,1.37084e+07,1.33165e+07,1.33165e+07,1.33165e+07,9.58392e+06,9.58392e+06,9.58392e+06,9.58189e+06,9.58189e+06,9.58189e+06,2.47236e+07,2.47236e+07,2.47236e+07,391.318,391.318,391.318,285.405,285.405,285.405
83,6.31454e+06,6.31454e+06,6.31454e+06,133479,133479,133479,139312,139312,139312,2.42339e+07,2.42339e+07,2.42339e+07,2.52368e+07,2.52368e+07,2.52368e+07,183853,183853,183853,184319,184319,184319,1.3709e+07,1.3709e+07,1.3709e+07,1.33159e+07,1.33159e+07,1.33159e+07,9.58279e+06,9.58279e+06,9.58279e+06,9.58225e+06,9.58225e+06,9.58225e+06,2.47236e+07,2.47236e+07,2.47236e+07,391.373,391.373,391.373,285.513,285.513,285.513
84,6.31568e+06,6.31568e+06,6.31568e+06,133497,133497,133497,139347,139347,139347,2.4235e+07,2.4235e+07,2.4235e+07,2.52394e+07,2.52394e+07,2.52394e+07,183863,183863,183863,184340,184340,184340,1.37097e+07,1.37097e+07,1.37097e+07,1.33155e+07,1.33155e+07,1.33155e+07,9.58177e+06,9.58177e+06,9.58177e+06,9.58269e+06,9.58269e+06,9.58269e+06,2.47233e+07,2.47233e+07,2.47233e+07,391.416,391.416,391.416,285.583,285.583,285.583
85,6.31679e+06,6.31679e+06,6.31679e+06,133506,133506,133506,139357,139357,139357,2.4236e+07,2.4236e+07,2.4236e+07,2.52421e+07,2.52421e+07,2.52421e+07,183863,183863,183863,184329,184329,184329,1.37105e+07,1.37105e+07,1.37105e+07,1.3315e+07,1.3315e+07,1.3315e+07,9.58082e+06,9.58082e+06,9.58082e+06,9.58312e+06,9.58312e+06,9.58312e+06,2.4723e+07,2.4723e+07,2.4723e+07,391.439,391.439,391.439,285.608,285.608,285.608
86,6.31796e+06,6.31796e+06,6.31796e+06,133510,133510,133510,139348,139348,139348,2.42371e+07,2.42371e+07,2.42371e+07,2.52447e+07,2.52447e+07,2.52447e+07,183854,183854,183854,184291,184291,184291,1.37112e+07,1.37112e+07,1.37112e+07,1.33146e+07,1.33146e+07,1.33146e+07,9.57991e+06,9.57991e+06,9.57991e+06,9.58345e+06,9.58345e+06,9.58345e+06,2.47225e+07,2.47225e+07,2.47225e+07,391.441,391.441,391.441,285.586,285.586,285.586
87,6.31924e+06,6.31924e+06,6.31924e+06,133514,133514,133514,139324,139324,139324,2.42383e+07,2.42383e+07,2.42383e+07,2.52474e+07,2.52474e+07,2.52474e+07,183843,183843,183843,184232,184232,184232,1.37119e+07,1.37119e+07,1.37119e+07,1.33142e+07,1.33142e+07,1.33142e+07,9.57903e+06,9.57903e+06,9.57903e+06,9.58361e+06,9.58361e+06,9.58361e+06,2.4722e+07,2.4722e+07,2.4722e+07,391.432,391.432,391.432,285.527,285.527,285.527
88,6.32065e+06,6.32065e+06,6.32065e+06,133525,133525,133525,139294,139294,139294,2.42397e+07,2.42397e+07,2.42397e+07,2.525e+07,2.525e+07,2.525e+07,183837,183837,183837,184163,184163,184163,1.37124e+07,1.37124e+07,1.37124e+07,1.33139e+07,1.33139e+07,1.33139e+07,9.57816e+06,9.57816e+06,9.57816e+06,9.58357e+06,9.58357e+06,9.58357e+06,2.47213e+07,2.47213e+07,2.47213e+07,391.429,391.429,391.429,285.445,285.445,285.445
89,6.32215e+06,6.32215e+06,6.32215e+06,133548,133548,133548,139266,139266,139266,2.42412e+07,2.42412e+07,2.42412e+07,2.52526e+07,2.52526e+07,2.52526e+07,183846,183846,183846,184095,184095,184095,1.37128e+07,1.37128e+07,1.37128e+07,1.33135e+07,1.33135e+07,1.33135e+07,9.57735e+06,9.57735e+06,9.57735e+06,9.58331e+06,9.58331e+06,9.58331e+06,2.47205e+07,2.47205e+07,2.47205e+07,391.451,391.451,391.451,285.358,285.358,285.358
90,6.32366e+06,6.32366e+06,6.32366e+06,133588,133588,133588,139247,139247,139247,2.42429e+07,2.42429e+07,2.42429e+07,2.52551e+07,2.52551e+07,2.52551e+07,183875,183875,183875,184039,184039,184039,1.37132e+07,1.37132e+07,1.37132e+07,1.33133e+07,1.33133e+07,1.33133e+07,9.57664e+06,9.57664e+06,9.57664e+06,9.58288e+06,9.58288e+06,9.58288e+06,2.47196e+07,2.47196e+07,2.47196e+07,391.512,391.512,391.512,285.282,285.282,285.282
91,6.32509e+06,6.32509e+06,6.32509e+06,133646,133646,133646,139241,139241,139241,2.42446e+07,2.42446e+07,2.42446e+07,2.52574e+07,2.52574e+07,2.52574e+07,183930,183930,183930,184001,184001,184001,1.37134e+07,1.37134e+07,1.37134e+07,1.33133e+07,1.33133e+07,1.33133e+07,9.5761e+06,9.5761e+06,9.5761e+06,9.58233e+06,9.58233e+06,9.58233e+06,2.47186e+07,2.47186e+07,2.47186e+07,391.625,391.625,391.625,285.229,285.229,285.229
92,6.32634e+06,6.32634e+06,6.32634e+06,133720,133720,133720,139248,139248,139248,2.42464e+07,2.42464e+07,2.42464e+07,2.52594e+07,2.52594e+07,2.52594e+07,184009,184009,184009,183986,183986,183986,1.37137e+07,1.37137e+07,1.37137e+07,1.33134e+07,1.33134e+07,1.33134e+07,9.5758e+06,9.5758e+06,9.5758e+06,9.58174e+06,9.58174e+06,9.58174e+06,2.47175e+07,2.47175e+07,2.47175e+07,391.789,391.789,391.789,285.206,285.206,285.206
93,6.32733e+06,6.32733e+06,6.32733e+06,133806,133806,133806,139267,139267,139267,2.42481e+07,2.42481e+07,2.42481e+07,2.5261e+07,2.5261e+07,2.5261e+07,184109,184109,184109,183993,183993,183993,1.37139e+07,1.37139e+07,1.37139e+07,1.33137e+07,1.33137e+07,1.33137e+07,9.57578e+06,9.57578e+06,9.57578e+06,9.58117e+06,9.58117e+06,9.58117e+06,2.47164e+07,2.47164e+07,2.47164e+07,392,392,392,285.215,285.215,285.215
94,6.32801e+06,6.32801e+06,6.32801e+06,133897,133897,133897,139294,139294,139294,2.42498e+07,2.42498e+07,2.42498e+07,2.52623e+07,2.52623e+07,2.52623e+07,184222,184222,184222,184019,184019,184019,1.37142e+07,1.37142e+07,1.37142e+07,1.33144e+07,1.33144e+07,1.33144e+07,9.57609e+06,9.57609e+06,9.57609e+06,9.58068e+06,9.58068e+06,9.58068e+06,2.47152e+07,2.47152e+07,2.47152e+07,392.242,392.242,392.242,285.25,285.25,285.25
95,6.32835e+06,6.32835e+06,6.32835e+06,133987,133987,133987,139324,139324,139324,2.42512e+07,2.42512e+07,2.42512e+07,2.52632e+07,2.52632e+07,2.52632e+07,184340,184340,184340,184057,184057,184057,1.37146e+07,1.37146e+07,1.37146e+07,1.33152e+07,1.33152e+07,1.33152e+07,9.57674e+06,9.57674e+06,9.57674e+06,9.58032e+06,9.58032e+06,9.58032e+06,2.4714e+07,2.4714e+07,2.4714e+07,392.498,392.498,392.498,285.303,285.303,285.303
96,6.32838e+06,6.32838e+06,6.32838e+06,134068,134068,134068,139352,139352,139352,2.42526e+07,2.42526e+07,2.42526e+07,2.52637e+07,2.52637e+07,2.52637e+07,184453,184453,184453,184101,184101,184101,1.37151e+07,1.37151e+07,1.37151e+07,1.33164e+07,1.33164e+07,1.33164e+07,9.57769e+06,9.57769e+06,9.57769e+06,9.5801e+06,9.5801e+06,9.5801e+06,2.47128e+07,2.47128e+07,2.47128e+07,392.747,392.747,392.747,285.366,285.366,285.366
97,6.32813e+06,6.32813e+06,6.32813e+06,134136,134136,134136,139376,139376,139376,2.42538e+07,2.42538e+07,2.42538e+07,2.52638e+07,2.52638e+07,2.52638e+07,184553,184553,184553,184146,184146,184146,1.37156e+07,1.37156e+07,1.37156e+07,1.33177e+07,1.33177e+07,1.33177e+07,9.57892e+06,9.57892e+06,9.57892e+06,9.58003e+06,9.58003e+06,9.58003e+06,2.47116e+07,2.47116e+07,2.47116e+07,392.972,392.972,392.972,285.429,285.429,285.429
98,6.32767e+06,6.32767e+06,6.32767e+06,134188,134188,134188,139393,139393,139393,2.42549e+07,2.42549e+07,2.42549e+07,2.52637e+07,2.52637e+07,2.52637e+07,184636,184636,184636,184190,184190,184190,1.37161e+07,1.37161e+07,1.37161e+07,1.33191e+07,1.33191e+07,1.33191e+07,9.58035e+06,9.58035e+06,9.58035e+06,9.5801e+06,9.5801e+06,9.5801e+06,2.47104e+07,2.47104e+07,2.47104e+07,393.159,393.159,393.159,285.486,285.486,285.486
99,6.32705e+06,6.32705e+06,6.32705e+06,134224,134224,134224,139406,139406,139406,2.42559e+07,2.42559e+07,2.42559e+07,2.52635e+07,2.52635e+07,2.52635e+07,184699,184699,184699,184230,184230,184230,1.37167e+07,1.37167e+07,1.37167e+07,1.33207e+07,1.33207e+07,1.33207e+07,9.58192e+06,9.58192e+06,9.58192e+06,9.5803e+06,9.5803e+06,9.5803e+06,2.47093e+07,2.47093e+07,2.47093e+07,393.303,393.303,393.303,285.537,285.537,285.537
100,6.32635e+06,6.32635e+06,6.32635e+06,134244,134244,134244,139415,139415,139415,2.42568e+07,2.42568e+07,2.42568e+07,2.5263e+07,2.5263e+07,2.5263e+07,184744,184744,184744,184270,184270,184270,1.37173e+07,1.37173e+07,1.37173e+07,1.33223e+07,1.33223e+07,1.33223e+07,9.58356e+06,9.58356e+06,9.58356e+06,9.5806e+06,9.5806e+06,9.5806e+06,2.47083e+07,2.47083e+07,2.47083e+07,393.403,393.403,393.403,285.581,285.581,285.581
101,6.32558e+06,6.32558e+06,6.32558e+06,134252,134252,134252,139425,139425,139425,2.42577e+07,2.42577e+07,2.42577e+07,2.52625e+07,2.52625e+07,2.52625e+07,184773,184773,184773,184311,184311,184311,1.37179e+07,1.37179e+07,1.37179e+07,1.33239e+07,1.33239e+07,1.33239e+07,9.58521e+06,9.58521e+06,9.58521e+06,9.581e+06,9.581e+06,9.581e+06,2.47074e+07,2.47074e+07,2.47074e+07,393.465,393.465,393.465,285.625,285.625,285.625
102,6.32477e+06,6.32477e+06,6.32477e+06,134251,134251,134251,139439,139439,139439,2.42584e+07,2.42584e+07,2.42584e+07,2.5262e+07,2.5262e+07,2.5262e+07,184791,184791,184791,184358,184358,184358,1.37185e+07,1.37185e+07,1.37185e+07,1.33255e+07,1.33255e+07,1.33255e+07,9.58683e+06,9.58683e+06,9.58683e+06,9.58152e+06,9.58152e+06,9.58152e+06,2.47065e+07,2.47065e+07,2.47065e+07,393.498,393.498,393.498,285.674,285.674,285.674
103,6.32392e+06,6.32392e+06,6.32392e+06,134245,134245,134245,139460,139460,139460,2.4259e+07,2.4259e+07,2.4259e+07,2.52614e+07,2.52614e+07,2.52614e+07,184803,184803,184803,184414,184414,184414,1.37192e+07,1.37192e+07,1.37192e+07,1.3327e+07,1.3327e+07,1.3327e+07,9.58841e+06,9.58841e+06,9.58841e+06,9.58215e+06,9.58215e+06,9.58215e+06,2.47058e+07,2.47058e+07,2.47058e+07,393.511,393.511,393.511,285.734,285.734,285.734
104,6.323e+06,6.323e+06,6.323e+06,134236,134236,134236,139488,139488,139488,2.42594e+07,2.42594e+07,2.42594e+07,2.52608e+07,2.52608e+07,2.52608e+07,184813,184813,184813,184482,184482,184482,1.37199e+07,1.37199e+07,1.37199e+07,1.33285e+07,1.33285e+07,1.33285e+07,9.58992e+06,9.58992e+06,9.58992e+06,9.58294e+06,9.58294e+06,9.58294e+06,2.47051e+07,2.47051e+07,2.47051e+07,393.515,393.515,393.515,285.811,285.811,285.811
105,6.32199e+06,6.32199e+06,6.32199e+06,134226,134226,134226,139525,139525,139525,2.42596e+07,2.42596e+07,2.42596e+07,2.52602e+07,2.52602e+07,2.52602e+07,184823,184823,184823,184561,184561,184561,1.37207e+07,1.37207e+07,1.37207e+07,1.33298e+07,1.33298e+07,1.33298e+07,9.59138e+06,9.59138e+06,9.59138e+06,9.58391e+06,9.58391e+06,9.58391e+06,2.47045e+07,2.47045e+07,2.47045e+07,393.516,393.516,393.516,285.904,285.904,285.904
106,6.32087e+06,6.32087e+06,6.32087e+06,134216,134216,134216,139568,139568,139568,2.42596e+07,2.42596e+07,2.42596e+07,2.52596e+07,2.52596e+07,2.52596e+07,184835,184835,184835,184650,184650,184650,1.37216e+07,1.37216e+07,1.37216e+07,1.33312e+07,1.33312e+07,1.33312e+07,9.59279e+06,9.59279e+06,9.59279e+06,9.58507e+06,9.58507e+06,9.58507e+06,2.47041e+07,2.47041e+07,2.47041e+07,393.517,393.517,393.517,286.014,286.014,286.014
107,6.31963e+06,6.31963e+06,6.31963e+06,134203,134203,134203,139614,139614,139614,2.42594e+07,2.42594e+07,2.42594e+07,2.52591e+07,2.52591e+07,2.52591e+07,184849,184849,184849,184744,184744,184744,1.37226e+07,1.37226e+07,1.37226e+07,1.33324e+07,1.33324e+07,1.33324e+07,9.59415e+06,9.59415e+06,9.59415e+06,9.58645e+06,9.58645e+06,9.58645e+06,2.47037e+07,2.47037e+07,2.47037e+07,393.519,393.519,393.519,286.135,286.135,286.135
108,6.31828e+06,6.31828e+06,6.31828e+06,134187,134187,134187,139658,139658,139658,2.42589e+07,2.42589e+07,2.42589e+07,2.52585e+07,2.52585e+07,2.52585e+07,184861,184861,184861,184838,184838,184838,1.37237e+07,1.37237e+07,1.37237e+07,1.33336e+07,1.33336e+07,1.33336e+07,9.59547e+06,9.59547e+06,9.59547e+06,9.58803e+06,9.58803e+06,9.58803e+06,2.47035e+07,2.47035e+07,2.47035e+07,393.518,393.518,393.518,286.258,286.258,286.258
109,6.31684e+06,6.31684e+06,6.31684e+06,134168,134168,134168,139698,139698,139698,2.42582e+07,2.42582e+07,2.42582e+07,2.52579e+07,2.52579e+07,2.52579e+07,184871,184871,184871,184927,184927,184927,1.37249e+07,1.37249e+07,1.37249e+07,1.33347e+07,1.33347e+07,1.33347e+07,9.59675e+06,9.59675e+06,9.59675e+06,9.58979e+06,9.58979e+06,9.58979e+06,2.47034e+07,2.47034e+07,2.47034e+07,393.51,393.51,393.51,286.377,286.377,286.377
110,6.31534e+06,6.31534e+06,6.31534e+06,134142,134142,134142,139729,139729,139729,2.42573e+07,2.42573e+07,2.42573e+07,2.52574e+07,2.52574e+07,2.52574e+07,184876,184876,184876,185004,185004,185004,1.37263e+07,1.37263e+07,1.37263e+07,1.33357e+07,1.33357e+07,1.33357e+07,9.59798e+06,9.59798e+06,9.59798e+06,9.59171e+06,9.59171e+06,9.59171e+06,2.47034e+07,2.47034e+07,2.47034e+07,393.491,393.491,393.491,286.481,286.481,286.481
111,6.31384e+06,6.31384e+06,6.31384e+06,134112,134112,134112,139748,139748,139748,2.42563e+07,2.42563e+07,2.42563e+07,2.5257e+07,2.5257e+07,2.5257e+07,184874,184874,184874,185066,185066,185066,1.37276e+07,1.37276e+07,1.37276e+07,1.33366e+07,1.33366e+07,1.33366e+07,9.59914e+06,9.59914e+06,9.59914e+06,9.59372e+06,9.59372e+06,9.59372e+06,2.47036e+07,2.47036e+07,2.47036e+07,393.458,393.458,393.458,286.565,286.565,286.565
112,6.31238e+06,6.31238e+06,6.31238e+06,134077,134077,134077,139755,139755,139755,2.42551e+07,2.42551e+07,2.42551e+07,2.52567e+07,2.52567e+07,2.52567e+07,184866,184866,184866,185110,185110,185110,1.3729e+07,1.3729e+07,1.3729e+07,1.33374e+07,1.33374e+07,1.33374e+07,9.60022e+06,9.60022e+06,9.60022e+06,9.59578e+06,9.59578e+06,9.59578e+06,2.47039e+07,2.47039e+07,2.47039e+07,393.412,393.412,393.412,286.624,286.624,286.624
113,6.31102e+06,6.31102e+06,6.31102e+06,134039,134039,134039,139750,139750,139750,2.42539e+07,2.42539e+07,2.42539e+07,2.52564e+07,2.52564e+07,2.52564e+07,184853,184853,184853,185135,185135,185135,1.37304e+07,1.37304e+07,1.37304e+07,1.3338e+07,1.3338e+07,1.3338e+07,9.6012e+06,9.6012e+06,9.6012e+06,9.59782e+06,9.59782e+06,9.59782e+06,2.47043e+07,2.47043e+07,2.47043e+07,393.354,393.354,393.354,286.655,286.655,286.655
114,6.3098e+06,6.3098e+06,6.3098e+06,134001,134001,134001,139734,139734,139734,2.42528e+07,2.42528e+07,2.42528e+07,2.52563e+07,2.52563e+07,2.52563e+07,184836,184836,184836,185142,185142,185142,1.37317e+07,1.37317e+07,1.37317e+07,1.33385e+07,1.33385e+07,1.33385e+07,9.60208e+06,9.60208e+06,9.60208e+06,9.59979e+06,9.59979e+06,9.59979e+06,2.47049e+07,2.47049e+07,2.47049e+07,393.288,393.288,393.288,286.659,286.659,286.659
115,6.30873e+06,6.30873e+06,6.30873e+06,133966,133966,133966,139708,139708,139708,2.42517e+07,2.42517e+07,2.42517e+07,2.52563e+07,2.52563e+07,2.52563e+07,184819,184819,184819,185132,185132,185132,1.37329e+07,1.37329e+07,1.37329e+07,1.33389e+07,1.33389e+07,1.33389e+07,9.60285e+06,9.60285e+06,9.60285e+06,9.60163e+06,9.60163e+06,9.60163e+06,2.47056e+07,2.47056e+07,2.47056e+07,393.222,393.222,393.222,286.639,286.639,286.639
116,6.30784e+06,6.30784e+06,6.30784e+06,133935,133935,133935,139676,139676,139676,2.42507e+07,2.42507e+07,2.42507e+07,2.52564e+07,2.52564e+07,2.52564e+07,184804,184804,184804,185108,185108,185108,1.3734e+07,1.3734e+07,1.3734e+07,1.33392e+07,1.33392e+07,1.33392e+07,9.60353e+06,9.60353e+06,9.60353e+06,9.60332e+06,9.60332e+06,9.60332e+06,2.47063e+07,2.47063e+07,2.47063e+07,393.161,393.161,393.161,286.598,286.598,286.598
117,6.30713e+06,6.30713e+06,6.30713e+06,133910,133910,133910,139638,139638,139638,2.42499e+07,2.42499e+07,2.42499e+07,2.52566e+07,2.52566e+07,2.52566e+07,184794,184794,184794,185074,185074,185074,1.3735e+07,1.3735e+07,1.3735e+07,1.33394e+07,1.33394e+07,1.33394e+07,9.60413e+06,9.60413e+06,9.60413e+06,9.60482e+06,9.60482e+06,9.60482e+06,2.47072e+07,2.47072e+07,2.47072e+07,393.11,393.11,393.11,286.541,286.541,286.541
118,6.30659e+06,6.30659e+06,6.30659e+06,133892,133892,133892,139596,139596,139596,2.42492e+07,2.42492e+07,2.42492e+07,2.52569e+07,2.52569e+07,2.52569e+07,184788,184788,184788,185031,185031,185031,1.37359e+07,1.37359e+07,1.37359e+07,1.33395e+07,1.33395e+07,1.33395e+07,9.60467e+06,9.60467e+06,9.60467e+06,9.60612e+06,9.60612e+06,9.60612e+06,2.47082e+07,2.47082e+07,2.47082e+07,393.073,393.073,393.073,286.472,286.472,286.472
119,6.30621e+06,6.30621e+06,6.30621e+06,133881,133881,133881,139553,139553,139553,2.42487e+07,2.42487e+07,2.42487e+07,2.52572e+07,2.52572e+07,2.52572e+07,184788,184788,184788,184981,184981,184981,1.37366e+07,1.37366e+07,1.37366e+07,1.33396e+07,1.33396e+07,1.33396e+07,9.60518e+06,9.60518e+06,9.60518e+06,9.6072e+06,9.6072e+06,9.6072e+06,2.47092e+07,2.47092e+07,2.47092e+07,393.052,393.052,393.052,286.394,286.394,286.394
120,6.30598e+06,6.30598e+06,6.30598e+06,133876,133876,133876,139507,139507,139507,2.42484e+07,2.42484e+07,2.42484e+07,2.52576e+07,2.52576e+07,2.52576e+07,184792,184792,184792,184926,184926,184926,1.37371e+07,1.37371e+07,1.37371e+07,1.33397e+07,1.33397e+07,1.33397e+07,9.60565e+06,9.60565e+06,9.60565e+06,9.60806e+06,9.60806e+06,9.60806e+06,2.47103e+07,2.47103e+07,2.47103e+07,393.045,393.045,393.045,286.308,286.308,286.308
121,6.30589e+06,6.30589e+06,6.30589e+06,133875,133875,133875,139460,139460,139460,2.42484e+07,2.42484e+07,2.42484e+07,2.52579e+07,2.52579e+07,2.52579e+07,184797,184797,184797,184866,184866,184866,1.37375e+07,1.37375e+07,1.37375e+07,1.33398e+07,1.33398e+07,1.33398e+07,9.60612e+06,9.60612e+06,9.60612e+06,9.60869e+06,9.60869e+06,9.60869e+06,2.47115e+07,2.47115e+07,2.47115e+07,393.048,393.048,393.048,286.216,286.216,286.216
122,6.30595e+06,6.30595e+06,6.30595e+06,133877,133877,133877,139411,139411,139411,2.42485e+07,2.42485e+07,2.42485e+07,2.52583e+07,2.52583e+07,2.52583e+07,184802,184802,184802,184801,184801,184801,1.37377e+07,1.37377e+07,1.37377e+07,1.33398e+07,1.33398e+07,1.33398e+07,9.60657e+06,9.60657e+06,9.60657e+06,9.60909e+06,9.60909e+06,9.60909e+06,2.47127e+07,2.47127e+07,2.47127e+07,393.055,393.055,393.055,286.118,286.118,286.118
123,6.30616e+06,6.30616e+06,6.30616e+06,133880,133880,133880,139360,139360,139360,2.42489e+07,2.42489e+07,2.42489e+07,2.52587e+07,2.52587e+07,2.52587e+07,184803,184803,184803,184732,184732,184732,1.37378e+07,1.37378e+07,1.37378e+07,1.33399e+07,1.33399e+07,1.33399e+07,9.60701e+06,9.60701e+06,9.60701e+06,9.60927e+06,9.60927e+06,9.60927e+06,2.47139e+07,2.47139e+07,2.47139e+07,393.062,393.062,393.062,286.015,286.015,286.015
124,6.30653e+06,6.30653e+06,6.30653e+06,133881,133881,133881,139309,139309,139309,2.42495e+07,2.42495e+07,2.42495e+07,2.52591e+07,2.52591e+07,2.52591e+07,184798,184798,184798,184659,184659,184659,1.37377e+07,1.37377e+07,1.37377e+07,1.334e+07,1.334e+07,1.334e+07,9.60741e+06,9.60741e+06,9.60741e+06,9.60923e+06,9.60923e+06,9.60923e+06,2.47152e+07,2.47152e+07,2.47152e+07,393.062,393.062,393.062,285.908,285.908,285.908
125,6.30707e+06,6.30707e+06,6.30707e+06,133879,133879,133879,139259,139259,139259,2.42504e+07,2.42504e+07,2.42504e+07,2.52595e+07,2.52595e+07,2.52595e+07,184786,184786,184786,184584,184584,184584,1.37375e+07,1.37375e+07,1.37375e+07,1.33401e+07,1.33401e+07,1.33401e+07,9.60776e+06,9.60776e+06,9.60776e+06,9.60896e+06,9.60896e+06,9.60896e+06,2.47166e+07,2.47166e+07,2.47166e+07,393.052,393.052,393.052,285.798,285.798,285.798
126,6.30779e+06,6.30779e+06,6.30779e+06,133875,133875,133875,139211,139211,139211,2.42515e+07,2.42515e+07,2.42515e+07,2.526e+07,2.526e+07,2.526e+07,184764,184764,184764,184509,184509,184509,1.37371e+07,1.37371e+07,1.37371e+07,1.33402e+07,1.33402e+07,1.33402e+07,9.60805e+06,9.60805e+06,9.60805e+06,9.60848e+06,9.60848e+06,9.60848e+06,2.47179e+07,2.47179e+07,2.47179e+07,393.027,393.027,393.027,285.687,285.687,285.687
127,6.30869e+06,6.30869e+06,6.30869e+06,133868,133868,133868,139166,139166,139166,2.42528e+07,2.42528e+07,2.42528e+07,2.52606e+07,2.52606e+07,2.52606e+07,184734,184734,184734,184435,184435,184435,1.37366e+07,1.37366e+07,1.37366e+07,1.33403e+07,1.33403e+07,1.33403e+07,9.60823e+06,9.60823e+06,9.60823e+06,9.6078e+06,9.6078e+06,9.6078e+06,2.47192e+07,2.47192e+07,2.47192e+07,392.988,392.988,392.988,285.58,285.58,285.58
128,6.30977e+06,6.30977e+06,6.30977e+06,133858,133858,133858,139128,139128,139128,2.42544e+07,2.42544e+07,2.42544e+07,2.52613e+07,2.52613e+07,2.52613e+07,184695,184695,184695,184366,184366,184366,1.37359e+07,1.37359e+07,1.37359e+07,1.33403e+07,1.33403e+07,1.33403e+07,9.6083e+06,9.6083e+06,9.6083e+06,9.60694e+06,9.60694e+06,9.60694e+06,2.47206e+07,2.47206e+07,2.47206e+07,392.935,392.935,392.935,285.48,285.48,285.48
129,6.31101e+06,6.31101e+06,6.31101e+06,133847,133847,133847,139097,139097,139097,2.42561e+07,2.42561e+07,2.42561e+07,2.52621e+07,2.52621e+07,2.52621e+07,184650,184650,184650,184303,184303,184303,1.37352e+07,1.37352e+07,1.37352e+07,1.33403e+07,1.33403e+07,1.33403e+07,9.60824e+06,9.60824e+06,9.60824e+06,9.60593e+06,9.60593e+06,9.60593e+06,2.47219e+07,2.47219e+07,2.47219e+07,392.87,392.87,392.87,285.391,285.391,285.391
130,6.3124e+06,6.3124e+06,6.3124e+06,133834,133834,133834,139076,139076,139076,2.4258e+07,2.4258e+07,2.4258e+07,2.52631e+07,2.52631e+07,2.52631e+07,184600,184600,184600,184250,184250,184250,1.37344e+07,1.37344e+07,1.37344e+07,1.33403e+07,1.33403e+07,1.33403e+07,9.60804e+06,9.60804e+06,9.60804e+06,9.6048e+06,9.6048e+06,9.6048e+06,2.47232e+07,2.47232e+07,2.47232e+07,392.796,392.796,392.796,285.317,285.317,285.317
131,6.31391e+06,6.31391e+06,6.31391e+06,133820,133820,133820,139065,139065,139065,2.42601e+07,2.42601e+07,2.42601e+07,2.52641e+07,2.52641e+07,2.52641e+07,184545,184545,184545,184209,184209,184209,1.37336e+07,1.37336e+07,1.37336e+07,1.33402e+07,1.33402e+07,1.33402e+07,9.60769e+06,9.60769e+06,9.60769e+06,9.6036e+06,9.6036e+06,9.6036e+06,2.47245e+07,2.47245e+07,2.47245e+07,392.714,392.714,392.714,285.261,285.261,285.261
132,6.31552e+06,6.31552e+06,6.31552e+06,133806,133806,133806,139065,139065,139065,2.42622e+07,2.42622e+07,2.42622e+07,2.52654e+07,2.52654e+07,2.52654e+07,184489,184489,184489,184179,184179,184179,1.37327e+07,1.37327e+07,1.37327e+07,1.33401e+07,1.33401e+07,1.33401e+07,9.60719e+06,9.60719e+06,9.60719e+06,9.60236e+06,9.60236e+06,9.60236e+06,2.47258e+07,2.47258e+07,2.47258e+07,392.629,392.629,392.629,285.225,285.225,285.225
133,6.31719e+06,6.31719e+06,6.31719e+06,133792,133792,133792,139076,139076,139076,2.42643e+07,2.42643e+07,2.42643e+07,2.52667e+07,2.52667e+07,2.52667e+07,184432,184432,184432,184162,184162,184162,1.37319e+07,1.37319e+07,1.37319e+07,1.33399e+07,1.33399e+07,1.33399e+07,9.60655e+06,9.60655e+06,9.60655e+06,9.60111e+06,9.60111e+06,9.60111e+06,2.47271e+07,2.47271e+07,2.47271e+07,392.541,392.541,392.541,285.209,285.209,285.209
134,6.31889e+06,6.31889e+06,6.31889e+06,133779,133779,133779,139096,139096,139096,2.42665e+07,2.42665e+07,2.42665e+07,2.52682e+07,2.52682e+07,2.52682e+07,184374,184374,184374,184156,184156,184156,1.37312e+07,1.37312e+07,1.37312e+07,1.33397e+07,1.33397e+07,1.33397e+07,9.60577e+06,9.60577e+06,9.60577e+06,9.59991e+06,9.59991e+06,9.59991e+06,2.47282e+07,2.47282e+07,2.47282e+07,392.454,392.454,392.454,285.213,285.213,285.213
135,6.32059e+06,6.32059e+06,6.32059e+06,133766,133766,133766,139125,139125,139125,2.42686e+07,2.42686e+07,2.42686e+07,2.52699e+07,2.52699e+07,2.52699e+07,184319,184319,184319,184161,184161,184161,1.37305e+07,1.37305e+07,1.37305e+07,1.33394e+07,1.33394e+07,1.33394e+07,9.60486e+06,9.60486e+06,9.60486e+06,9.59878e+06,9.59878e+06,9.59878e+06,2.47294e+07,2.47294e+07,2.47294e+07,392.368,392.368,392.368,285.235,285.235,285.235
136,6.32229e+06,6.32229e+06,6.32229e+06,133753,133753,133753,139161,139161,139161,2.42707e+07,2.42707e+07,2.42707e+07,2.52716e+07,2.52716e+07,2.52716e+07,184265,184265,184265,184174,184174,184174,1.373e+07,1.373e+07,1.373e+07,1.33391e+07,1.33391e+07,1.33391e+07,9.60384e+06,9.60384e+06,9.60384e+06,9.59773e+06,9.59773e+06,9.59773e+06,2.47305e+07,2.47305e+07,2.47305e+07,392.284,392.284,392.284,285.271,285.271,285.271
137,6.32395e+06,6.32395e+06,6.32395e+06,133742,133742,133742,139201,139201,139201,2.42726e+07,2.42726e+07,2.42726e+07,2.52735e+07,2.52735e+07,2.52735e+07,184214,184214,184214,184195,184195,184195,1.37295e+07,1.37295e+07,1.37295e+07,1.33387e+07,1.33387e+07,1.33387e+07,9.60272e+06,9.60272e+06,9.60272e+06,9.5968e+06,9.5968e+06,9.5968e+06,2.47315e+07,2.47315e+07,2.47315e+07,392.205,392.205,392.205,285.32,285.32,285.32
138,6.32555e+06,6.32555e+06,6.32555e+06,133732,133732,133732,139246,139246,139246,2.42745e+07,2.42745e+07,2.42745e+07,2.52755e+07,2.52755e+07,2.52755e+07,184168,184168,184168,184221,184221,184221,1.37292e+07,1.37292e+07,1.37292e+07,1.33383e+07,1.33383e+07,1.33383e+07,9.60152e+06,9.60152e+06,9.60152e+06,9.596e+06,9.596e+06,9.596e+06,2.47325e+07,2.47325e+07,2.47325e+07,392.133,392.133,392.133,285.378,285.378,285.378
139,6.3271e+06,6.3271e+06,6.3271e+06,133725,133725,133725,139292,139292,139292,2.42762e+07,2.42762e+07,2.42762e+07,2.52776e+07,2.52776e+07,2.52776e+07,184128,184128,184128,184250,184250,184250,1.37291e+07,1.37291e+07,1.37291e+07,1.33379e+07,1.33379e+07,1.33379e+07,9.60026e+06,9.60026e+06,9.60026e+06,9.59532e+06,9.59532e+06,9.59532e+06,2.47334e+07,2.47334e+07,2.47334e+07,392.069,392.069,392.069,285.443,285.443,285.443
140,6.32856e+06,6.32856e+06,6.32856e+06,133721,133721,133721,139339,139339,139339,2.42778e+07,2.42778e+07,2.42778e+07,2.52798e+07,2.52798e+07,2.52798e+07,184095,184095,184095,184281,184281,184281,1.37291e+07,1.37291e+07,1.37291e+07,1.33375e+07,1.33375e+07,1.33375e+07,9.59896e+06,9.59896e+06,9.59896e+06,9.59478e+06,9.59478e+06,9.59478e+06,2.47343e+07,2.47343e+07,2.47343e+07,392.016,392.016,392.016,285.511,285.511,285.511
141,6.32994e+06,6.32994e+06,6.32994e+06,133722,133722,133722,139386,139386,139386,2.42792e+07,2.42792e+07,2.42792e+07,2.52821e+07,2.52821e+07,2.52821e+07,184072,184072,184072,184314,184314,184314,1.37292e+07,1.37292e+07,1.37292e+07,1.3337e+07,1.3337e+07,1.3337e+07,9.59765e+06,9.59765e+06,9.59765e+06,9.59436e+06,9.59436e+06,9.59436e+06,2.47351e+07,2.47351e+07,2.47351e+07,391.979,391.979,391.979,285.581,285.581,285.581
142,6.3312e+06,6.3312e+06,6.3312e+06,133728,133728,133728,139431,139431,139431,2.42806e+07,2.42806e+07,2.42806e+07,2.52843e+07,2.52843e+07,2.52843e+07,184059,184059,184059,184347,184347,184347,1.37294e+07,1.37294e+07,1.37294e+07,1.33366e+07,1.33366e+07,1.33366e+07,9.59636e+06,9.59636e+06,9.59636e+06,9.59407e+06,9.59407e+06,9.59407e+06,2.47359e+07,2.47359e+07,2.47359e+07,391.961,391.961,391.961,285.65,285.65,285.65
143,6.33234e+06,6.33234e+06,6.33234e+06,133740,133740,133740,139475,139475,139475,2.42818e+07,2.42818e+07,2.42818e+07,2.52866e+07,2.52866e+07,2.52866e+07,184059,184059,184059,184380,184380,184380,1.37298e+07,1.37298e+07,1.37298e+07,1.33362e+07,1.33362e+07,1.33362e+07,9.59512e+06,9.59512e+06,9.59512e+06,9.59389e+06,9.59389e+06,9.59389e+06,2.47367e+07,2.47367e+07,2.47367e+07,391.964,391.964,391.964,285.719,285.719,285.719
144,6.33335e+06,6.33335e+06,6.33335e+06,133760,133760,133760,139516,139516,139516,2.42828e+07,2.42828e+07,2.42828e+07,2.52888e+07,2.52888e+07,2.52888e+07,184072,184072,184072,184412,184412,184412,1.37303e+07,1.37303e+07,1.37303e+07,1.33358e+07,1.33358e+07,1.33358e+07,9.59398e+06,9.59398e+06,9.59398e+06,9.59382e+06,9.59382e+06,9.59382e+06,2.47374e+07,2.47374e+07,2.47374e+07,391.992,391.992,391.992,285.786,285.786,285.786
145,6.33419e+06,6.33419e+06,6.33419e+06,133787,133787,133787,139555,139555,139555,2.42838e+07,2.42838e+07,2.42838e+07,2.5291e+07,2.5291e+07,2.5291e+07,184099,184099,184099,184444,184444,184444,1.37309e+07,1.37309e+07,1.37309e+07,1.33355e+07,1.33355e+07,1.33355e+07,9.59296e+06,9.59296e+06,9.59296e+06,9.59386e+06,9.59386e+06,9.59386e+06,2.47382e+07,2.47382e+07,2.47382e+07,392.045,392.045,392.045,285.849,285.849,285.849
146,6.33487e+06,6.33487e+06,6.33487e+06,133821,133821,133821,139589,139589,139589,2.42846e+07,2.42846e+07,2.42846e+07,2.5293e+07,2.5293e+07,2.5293e+07,184139,184139,184139,184475,184475,184475,1.37315e+07,1.37315e+07,1.37315e+07,1.33353e+07,1.33353e+07,1.33353e+07,9.5921e+06,9.5921e+06,9.5921e+06,9.59398e+06,9.59398e+06,9.59398e+06,2.47389e+07,2.47389e+07,2.47389e+07,392.124,392.124,392.124,285.909,285.909,285.909
147,6.33536e+06,6.33536e+06,6.33536e+06,133861,133861,133861,139619,139619,139619,2.42853e+07,2.42853e+07,2.42853e+07,2.52949e+07,2.52949e+07,2.52949e+07,184193,184193,184193,184504,184504,184504,1.37323e+07,1.37323e+07,1.37323e+07,1.33352e+07,1.33352e+07,1.33352e+07,9.59144e+06,9.59144e+06,9.59144e+06,9.59419e+06,9.59419e+06,9.59419e+06,2.47396e+07,2.47396e+07,2.47396e+07,392.229,392.229,392.229,285.963,285.963,285.963
148,6.33567e+06,6.33567e+06,6.33567e+06,133908,133908,133908,139644,139644,139644,2.4286e+07,2.4286e+07,2.4286e+07,2.52966e+07,2.52966e+07,2.52966e+07,184259,184259,184259,184532,184532,184532,1.37331e+07,1.37331e+07,1.37331e+07,1.33352e+07,1.33352e+07,1.33352e+07,9.59099e+06,9.59099e+06,9.59099e+06,9.59447e+06,9.59447e+06,9.59447e+06,2.47403e+07,2.47403e+07,2.47403e+07,392.356,392.356,392.356,286.013,286.013,286.013
149,6.33578e+06,6.33578e+06,6.33578e+06,133958,133958,133958,139663,139663,139663,2.42865e+07,2.42865e+07,2.42865e+07,2.5298e+07,2.5298e+07,2.5298e+07,184335,184335,184335,184557,184557,184557,1.37339e+07,1.37339e+07,1.37339e+07,1.33354e+07,1.33354e+07,1.33354e+07,9.59079e+06,9.59079e+06,9.59079e+06,9.59481e+06,9.59481e+06,9.59481e+06,2.4741e+07,2.4741e+07,2.4741e+07,392.504,392.504,392.504,286.056,286.056,286.056
150,6.33571e+06,6.33571e+06,6.33571e+06,134012,134012,134012,139678,139678,139678,2.4287e+07,2.4287e+07,2.4287e+07,2.52993e+07,2.52993e+07,2.52993e+07,184419,184419,184419,184580,184580,184580,1.37347e+07,1.37347e+07,1.37347e+07,1.33357e+07,1.33357e+07,1.33357e+07,9.59084e+06,9.59084e+06,9.59084e+06,9.59521e+06,9.59521e+06,9.59521e+06,2.47418e+07,2.47418e+07,2.47418e+07,392.667,392.667,392.667,286.092,286.092,286.092
151,6.33544e+06,6.33544e+06,6.33544e+06,134068,134068,134068,139686,139686,139686,2.42875e+07,2.42875e+07,2.42875e+07,2.53003e+07,2.53003e+07,2.53003e+07,184509,184509,184509,184601,184601,184601,1.37356e+07,1.37356e+07,1.37356e+07,1.33362e+07,1.33362e+07,1.33362e+07,9.59115e+06,9.59115e+06,9.59115e+06,9.59565e+06,9.59565e+06,9.59565e+06,2.47425e+07,2.47425e+07,2.47425e+07,392.842,392.842,392.842,286.122,286.122,286.122
152,6.33501e+06,6.33501e+06,6.33501e+06,134123,134123,134123,139690,139690,139690,2.42879e+07,2.42879e+07,2.42879e+07,2.5301e+07,2.5301e+07,2.5301e+07,184602,184602,184602,184621,184621,184621,1.37365e+07,1.37365e+07,1.37365e+07,1.33368e+07,1.33368e+07,1.33368e+07,9.59172e+06,9.59172e+06,9.59172e+06,9.59613e+06,9.59613e+06,9.59613e+06,2.47434e+07,2.47434e+07,2.47434e+07,393.024,393.024,393.024,286.145,286.145,286.145
153,6.33441e+06,6.33441e+06,6.33441e+06,134177,134177,134177,139690,139690,139690,2.42883e+07,2.42883e+07,2.42883e+07,2.53015e+07,2.53015e+07,2.53015e+07,184697,184697,184697,184639,184639,184639,1.37373e+07,1.37373e+07,1.37373e+07,1.33376e+07,1.33376e+07,1.33376e+07,9.59254e+06,9.59254e+06,9.59254e+06,9.59663e+06,9.59663e+06,9.59663e+06,2.47443e+07,2.47443e+07,2.47443e+07,393.208,393.208,393.208,286.164,286.164,286.164
154,6.33367e+06,6.33367e+06,6.33367e+06,134229,134229,134229,139686,139686,139686,2.42887e+07,2.42887e+07,2.42887e+07,2.53017e+07,2.53017e+07,2.53017e+07,184790,184790,184790,184657,184657,184657,1.37381e+07,1.37381e+07,1.37381e+07,1.33385e+07,1.33385e+07,1.33385e+07,9.59359e+06,9.59359e+06,9.59359e+06,9.59716e+06,9.59716e+06,9.59716e+06,2.47452e+07,2.47452e+07,2.47452e+07,393.389,393.389,393.389,286.178,286.178,286.178
155,6.33279e+06,6.33279e+06,6.33279e+06,134276,134276,134276,139680,139680,139680,2.42891e+07,2.42891e+07,2.42891e+07,2.53017e+07,2.53017e+07,2.53017e+07,184880,184880,184880,184676,184676,184676,1.37388e+07,1.37388e+07,1.37388e+07,1.33396e+07,1.33396e+07,1.33396e+07,9.59486e+06,9.59486e+06,9.59486e+06,9.59771e+06,9.59771e+06,9.59771e+06,2.47462e+07,2.47462e+07,2.47462e+07,393.564,393.564,393.564,286.189,286.189,286.189
156,6.33179e+06,6.33179e+06,6.33179e+06,134319,134319,134319,139672,139672,139672,2.42895e+07,2.42895e+07,2.42895e+07,2.53015e+07,2.53015e+07,2.53015e+07,184965,184965,184965,184696,184696,184696,1.37395e+07,1.37395e+07,1.37395e+07,1.33407e+07,1.33407e+07,1.33407e+07,9.59633e+06,9.59633e+06,9.59633e+06,9.59829e+06,9.59829e+06,9.59829e+06,2.47473e+07,2.47473e+07,2.47473e+07,393.728,393.728,393.728,286.2,286.2,286.2
157,6.3307e+06,6.3307e+06,6.3307e+06,134355,134355,134355,139664,139664,139664,2.42898e+07,2.42898e+07,2.42898e+07,2.5301e+07,2.5301e+07,2.5301e+07,185044,185044,185044,184719,184719,184719,1.37402e+07,1.37402e+07,1.37402e+07,1.3342e+07,1.3342e+07,1.3342e+07,9.59795e+06,9.59795e+06,9.59795e+06,9.5989e+06,9.5989e+06,9.5989e+06,2.47485e+07,2.47485e+07,2.47485e+07,393.878,393.878,393.878,286.212,286.212,286.212
158,6.32953e+06,6.32953e+06,6.32953e+06,134385,134385,134385,139656,139656,139656,2.42902e+07,2.42902e+07,2.42902e+07,2.53004e+07,2.53004e+07,2.53004e+07,185114,185114,185114,184744,184744,184744,1.37408e+07,1.37408e+07,1.37408e+07,1.33433e+07,1.33433e+07,1.33433e+07,9.59971e+06,9.59971e+06,9.59971e+06,9.59955e+06,9.59955e+06,9.59955e+06,2.47497e+07,2.47497e+07,2.47497e+07,394.01,394.01,394.01,286.226,286.226,286.226
159,6.32829e+06,6.32829e+06,6.32829e+06,134407,134407,134407,139649,139649,139649,2.42905e+07,2.42905e+07,2.42905e+07,2.52997e+07,2.52997e+07,2.52997e+07,185174,185174,185174,184773,184773,184773,1.37414e+07,1.37414e+07,1.37414e+07,1.33447e+07,1.33447e+07,1.33447e+07,9.60156e+06,9.60156e+06,9.60156e+06,9.60024e+06,9.60024e+06,9.60024e+06,2.47511e+07,2.47511e+07,2.47511e+07,394.122,394.122,394.122,286.243,286.243,286.243
160,6.327e+06,6.327e+06,6.327e+06,134420,134420,134420,139644,139644,139644,2.42908e+07,2.42908e+07,2.42908e+07,2.52988e+07,2.52988e+07,2.52988e+07,185223,185223,185223,184806,184806,184806,1.37419e+07,1.37419e+07,1.37419e+07,1.33461e+07,1.33461e+07,1.33461e+07,9.60346e+06,9.60346e+06,9.60346e+06,9.60098e+06,9.60098e+06,9.60098e+06,2.47525e+07,2.47525e+07,2.47525e+07,394.212,394.212,394.212,286.265,286.265,286.265
161,6.32569e+06,6.32569e+06,6.32569e+06,134425,134425,134425,139640,139640,139640,2.42911e+07,2.42911e+07,2.42911e+07,2.52979e+07,2.52979e+07,2.52979e+07,185261,185261,185261,184841,184841,184841,1.37424e+07,1.37424e+07,1.37424e+07,1.33475e+07,1.33475e+07,1.33475e+07,9.60539e+06,9.60539e+06,9.60539e+06,9.60178e+06,9.60178e+06,9.60178e+06,2.47539e+07,2.47539e+07,2.47539e+07,394.277,394.277,394.277,286.291,286.291,286.291
162,6.32438e+06,6.32438e+06,6.32438e+06,134421,134421,134421,139639,139639,139639,2.42914e+07,2.42914e+07,2.42914e+07,2.5297e+07,2.5297e+07,2.5297e+07,185287,185287,185287,184879,184879,184879,1.37429e+07,1.37429e+07,1.37429e+07,1.33489e+07,1.33489e+07,1.33489e+07,9.6073e+06,9.6073e+06,9.6073e+06,9.60265e+06,9.60265e+06,9.60265e+06,2.47555e+07,2.47555e+07,2.47555e+07,394.317,394.317,394.317,286.321,286.321,286.321
163,6.32308e+06,6.32308e+06,6.32308e+06,134407,134407,134407,139639,139639,139639,2.42916e+07,2.42916e+07,2.42916e+07,2.52961e+07,2.52961e+07,2.52961e+07,185300,185300,185300,184919,184919,184919,1.37434e+07,1.37434e+07,1.37434e+07,1.33502e+07,1.33502e+07,1.33502e+07,9.60916e+06,9.60916e+06,9.60916e+06,9.60358e+06,9.60358e+06,9.60358e+06,2.47571e+07,2.47571e+07,2.47571e+07,394.33,394.33,394.33,286.355,286.355,286.355
164,6.32182e+06,6.32182e+06,6.32182e+06,134386,134386,134386,139640,139640,139640,2.42917e+07,2.42917e+07,2.42917e+07,2.52952e+07,2.52952e+07,2.52952e+07,185301,185301,185301,184959,184959,184959,1.37439e+07,1.37439e+07,1.37439e+07,1.33515e+07,1.33515e+07,1.33515e+07,9.61093e+06,9.61093e+06,9.61093e+06,9.60458e+06,9.60458e+06,9.60458e+06,2.47588e+07,2.47588e+07,2.47588e+07,394.317,394.317,394.317,286.391,286.391,286.391
165,6.32062e+06,6.32062e+06,6.32062e+06,134356,134356,134356,139642,139642,139642,2.42919e+07,2.42919e+07,2.42919e+07,2.52944e+07,2.52944e+07,2.52944e+07,185289,185289,185289,184998,184998,184998,1.37444e+07,1.37444e+07,1.37444e+07,1.33526e+07,1.33526e+07,1.33526e+07,9.61258e+06,9.61258e+06,9.61258e+06,9.60564e+06,9.60564e+06,9.60564e+06,2.47606e+07,2.47606e+07,2.47606e+07,394.278,394.278,394.278,286.428,286.428,286.428
166,6.3195e+06,6.3195e+06,6.3195e+06,134319,134319,134319,139645,139645,139645,2.42919e+07,2.42919e+07,2.42919e+07,2.52938e+07,2.52938e+07,2.52938e+07,185267,185267,185267,185036,185036,185036,1.37449e+07,1.37449e+07,1.37449e+07,1.33536e+07,1.33536e+07,1.33536e+07,9.61408e+06,9.61408e+06,9.61408e+06,9.60675e+06,9.60675e+06,9.60675e+06,2.47624e+07,2.47624e+07,2.47624e+07,394.216,394.216,394.216,286.464,286.464,286.464
167,6.31848e+06,6.31848e+06,6.31848e+06,134277,134277,134277,139648,139648,139648,2.42919e+07,2.42919e+07,2.42919e+07,2.52933e+07,2.52933e+07,2.52933e+07,185235,185235,185235,185070,185070,185070,1.37454e+07,1.37454e+07,1.37454e+07,1.33545e+07,1.33545e+07,1.33545e+07,9.61541e+06,9.61541e+06,9.61541e+06,9.60791e+06,9.60791e+06,9.60791e+06,2.47643e+07,2.47643e+07,2.47643e+07,394.133,394.133,394.133,286.498,286.498,286.498
168,6.31759e+06,6.31759e+06,6.31759e+06,134229,134229,134229,139650,139650,139650,2.42919e+07,2.42919e+07,2.42919e+07,2.5293e+07,2.5293e+07,2.5293e+07,185194,185194,185194,185100,185100,185100,1.37459e+07,1.37459e+07,1.37459e+07,1.33552e+07,1.33552e+07,1.33552e+07,9.61655e+06,9.61655e+06,9.61655e+06,9.6091e+06,9.6091e+06,9.6091e+06,2.47661e+07,2.47661e+07,2.47661e+07,394.032,394.032,394.032,286.529,286.529,286.529
169,6.31683e+06,6.31683e+06,6.31683e+06,134179,134179,134179,139651,139651,139651,2.42919e+07,2.42919e+07,2.42919e+07,2.52929e+07,2.52929e+07,2.52929e+07,185147,185147,185147,185125,185125,185125,1.37464e+07,1.37464e+07,1.37464e+07,1.33558e+07,1.33558e+07,1.33558e+07,9.61749e+06,9.61749e+06,9.61749e+06,9.6103e+06,9.6103e+06,9.6103e+06,2.47681e+07,2.47681e+07,2.47681e+07,393.918,393.918,393.918,286.554,286.554,286.554
170,6.31622e+06,6.31622e+06,6.31622e+06,134127,134127,134127,139650,139650,139650,2.42919e+07,2.42919e+07,2.42919e+07,2.5293e+07,2.5293e+07,2.5293e+07,185094,185094,185094,185143,185143,185143,1.37469e+07,1.37469e+07,1.37469e+07,1.33562e+07,1.33562e+07,1.33562e+07,9.61823e+06,9.61823e+06,9.61823e+06,9.6115e+06,9.6115e+06,9.6115e+06,2.477e+07,2.477e+07,2.477e+07,393.793,393.793,393.793,286.573,286.573,286.573
171,6.31577e+06,6.31577e+06,6.31577e+06,134076,134076,134076,139647,139647,139647,2.42918e+07,2.42918e+07,2.42918e+07,2.52933e+07,2.52933e+07,2.52933e+07,185039,185039,185039,185153,185153,185153,1.37474e+07,1.37474e+07,1.37474e+07,1.33564e+07,1.33564e+07,1.33564e+07,9.61876e+06,9.61876e+06,9.61876e+06,9.61266e+06,9.61266e+06,9.61266e+06,2.47719e+07,2.47719e+07,2.47719e+07,393.663,393.663,393.663,286.584,286.584,286.584
172,6.3155e+06,6.3155e+06,6.3155e+06,134025,134025,134025,139642,139642,139642,2.42918e+07,2.42918e+07,2.42918e+07,2.52938e+07,2.52938e+07,2.52938e+07,184983,184983,184983,185155,185155,185155,1.37479e+07,1.37479e+07,1.37479e+07,1.33565e+07,1.33565e+07,1.33565e+07,9.61909e+06,9.61909e+06,9.61909e+06,9.61378e+06,9.61378e+06,9.61378e+06,2.47738e+07,2.47738e+07,2.47738e+07,393.531,393.531,393.531,286.586,286.586,286.586
173,6.31539e+06,6.31539e+06,6.31539e+06,133978,133978,133978,139633,139633,139633,2.42919e+07,2.42919e+07,2.42919e+07,2.52946e+07,2.52946e+07,2.52946e+07,184927,184927,184927,185148,185148,185148,1.37484e+07,1.37484e+07,1.37484e+07,1.33564e+07,1.33564e+07,1.33564e+07,9.61922e+06,9.61922e+06,9.61922e+06,9.61483e+06,9.61483e+06,9.61483e+06,2.47757e+07,2.47757e+07,2.47757e+07,393.401,393.401,393.401,286.578,286.578,286.578
174,6.31547e+06,6.31547e+06,6.31547e+06,133935,133935,133935,139621,139621,139621,2.4292e+07,2.4292e+07,2.4292e+07,2.52955e+07,2.52955e+07,2.52955e+07,184873,184873,184873,185133,185133,185133,1.37488e+07,1.37488e+07,1.37488e+07,1.33562e+07,1.33562e+07,1.33562e+07,9.61919e+06,9.61919e+06,9.61919e+06,9.61578e+06,9.61578e+06,9.61578e+06,2.47775e+07,2.47775e+07,2.47775e+07,393.277,393.277,393.277,286.559,286.559,286.559
175,6.31572e+06,6.31572e+06,6.31572e+06,133896,133896,133896,139606,139606,139606,2.42922e+07,2.42922e+07,2.42922e+07,2.52967e+07,2.52967e+07,2.52967e+07,184822,184822,184822,185108,185108,185108,1.37491e+07,1.37491e+07,1.37491e+07,1.33558e+07,1.33558e+07,1.33558e+07,9.61899e+06,9.61899e+06,9.61899e+06,9.61661e+06,9.61661e+06,9.61661e+06,2.47793e+07,2.47793e+07,2.47793e+07,393.162,393.162,393.162,286.529,286.529,286.529
176,6.31615e+06,6.31615e+06,6.31615e+06,133863,133863,133863,139587,139587,139587,2.42925e+07,2.42925e+07,2.42925e+07,2.5298e+07,2.5298e+07,2.5298e+07,184775,184775,184775,185074,185074,185074,1.37495e+07,1.37495e+07,1.37495e+07,1.33554e+07,1.33554e+07,1.33554e+07,9.61866e+06,9.61866e+06,9.61866e+06,9.6173e+06,9.6173e+06,9.6173e+06,2.47811e+07,2.47811e+07,2.47811e+07,393.057,393.057,393.057,286.488,286.488,286.488
177,6.31675e+06,6.31675e+06,6.31675e+06,133837,133837,133837,139564,139564,139564,2.42929e+07,2.42929e+07,2.42929e+07,2.52995e+07,2.52995e+07,2.52995e+07,184733,184733,184733,185031,185031,185031,1.37497e+07,1.37497e+07,1.37497e+07,1.33549e+07,1.33549e+07,1.33549e+07,9.61821e+06,9.61821e+06,9.61821e+06,9.61784e+06,9.61784e+06,9.61784e+06,2.47827e+07,2.47827e+07,2.47827e+07,392.966,392.966,392.966,286.435,286.435,286.435
178,6.31752e+06,6.31752e+06,6.31752e+06,133817,133817,133817,139539,139539,139539,2.42935e+07,2.42935e+07,2.42935e+07,2.53011e+07,2.53011e+07,2.53011e+07,184696,184696,184696,184980,184980,184980,1.37499e+07,1.37499e+07,1.37499e+07,1.33543e+07,1.33543e+07,1.33543e+07,9.61767e+06,9.61767e+06,9.61767e+06,9.6182e+06,9.6182e+06,9.6182e+06,2.47843e+07,2.47843e+07,2.47843e+07,392.888,392.888,392.888,286.373,286.373,286.373
179,6.31844e+06,6.31844e+06,6.31844e+06,133803,133803,133803,139511,139511,139511,2.42942e+07,2.42942e+07,2.42942e+07,2.53028e+07,2.53028e+07,2.53028e+07,184664,184664,184664,184923,184923,184923,1.375e+07,1.375e+07,1.375e+07,1.33537e+07,1.33537e+07,1.33537e+07,9.61706e+06,9.61706e+06,9.61706e+06,9.61838e+06,9.61838e+06,9.61838e+06,2.47857e+07,2.47857e+07,2.47857e+07,392.825,392.825,392.825,286.302,286.302,286.302
180,6.31951e+06,6.31951e+06,6.31951e+06,133796,133796,133796,139481,139481,139481,2.42951e+07,2.42951e+07,2.42951e+07,2.53046e+07,2.53046e+07,2.53046e+07,184638,184638,184638,184861,184861,184861,1.375e+07,1.375e+07,1.375e+07,1.33531e+07,1.33531e+07,1.33531e+07,9.61639e+06,9.61639e+06,9.61639e+06,9.61837e+06,9.61837e+06,9.61837e+06,2.47871e+07,2.47871e+07,2.47871e+07,392.777,392.777,392.777,286.223,286.223,286.223
181,6.32072e+06,6.32072e+06,6.32072e+06,133796,133796,133796,139451,139451,139451,2.42962e+07,2.42962e+07,2.42962e+07,2.53064e+07,2.53064e+07,2.53064e+07,184617,184617,184617,184794,184794,184794,1.37499e+07,1.37499e+07,1.37499e+07,1.33524e+07,1.33524e+07,1.33524e+07,9.61569e+06,9.61569e+06,9.61569e+06,9.61816e+06,9.61816e+06,9.61816e+06,2.47883e+07,2.47883e+07,2.47883e+07,392.743,392.743,392.743,286.14,286.14,286.14
182,6.32204e+06,6.32204e+06,6.32204e+06,133802,133802,133802,139421,139421,139421,2.42975e+07,2.42975e+07,2.42975e+07,2.53083e+07,2.53083e+07,2.53083e+07,184601,184601,184601,184726,184726,184726,1.37497e+07,1.37497e+07,1.37497e+07,1.33518e+07,1.33518e+07,1.33518e+07,9.61497e+06,9.61497e+06,9.61497e+06,9.61775e+06,9.61775e+06,9.61775e+06,2.47894e+07,2.47894e+07,2.47894e+07,392.723,392.723,392.723,286.053,286.053,286.053
183,6.32347e+06,6.32347e+06,6.32347e+06,133813,133813,133813,139391,139391,139391,2.4299e+07,2.4299e+07,2.4299e+07,2.53102e+07,2.53102e+07,2.53102e+07,184589,184589,184589,184658,184658,184658,1.37494e+07,1.37494e+07,1.37494e+07,1.33513e+07,1.33513e+07,1.33513e+07,9.61425e+06,9.61425e+06,9.61425e+06,9.61717e+06,9.61717e+06,9.61717e+06,2.47904e+07,2.47904e+07,2.47904e+07,392.717,392.717,392.717,285.967,285.967,285.967
184,6.32498e+06,6.32498e+06,6.32498e+06,133828,133828,133828,139365,139365,139365,2.43006e+07,2.43006e+07,2.43006e+07,2.5312e+07,2.5312e+07,2.5312e+07,184581,184581,184581,184591,184591,184591,1.3749e+07,1.3749e+07,1.3749e+07,1.33507e+07,1.33507e+07,1.33507e+07,9.61355e+06,9.61355e+06,9.61355e+06,9.61641e+06,9.61641e+06,9.61641e+06,2.47912e+07,2.47912e+07,2.47912e+07,392.721,392.721,392.721,285.883,285.883,285.883
185,6.32655e+06,6.32655e+06,6.32655e+06,133848,133848,133848,139342,139342,139342,2.43024e+07,2.43024e+07,2.43024e+07,2.53139e+07,2.53139e+07,2.53139e+07,184577,184577,184577,184529,184529,184529,1.37486e+07,1.37486e+07,1.37486e+07,1.33503e+07,1.33503e+07,1.33503e+07,9.61286e+06,9.61286e+06,9.61286e+06,9.6155e+06,9.6155e+06,9.6155e+06,2.47919e+07,2.47919e+07,2.47919e+07,392.736,392.736,392.736,285.803,285.803,285.803
186,6.32817e+06,6.32817e+06,6.32817e+06,133871,133871,133871,139323,139323,139323,2.43043e+07,2.43043e+07,2.43043e+07,2.53157e+07,2.53157e+07,2.53157e+07,184575,184575,184575,184472,184472,184472,1.37481e+07,1.37481e+07,1.37481e+07,1.33499e+07,1.33499e+07,1.33499e+07,9.61221e+06,9.61221e+06,9.61221e+06,9.61446e+06,9.61446e+06,9.61446e+06,2.47925e+07,2.47925e+07,2.47925e+07,392.758,392.758,392.758,285.732,285.732,285.732
187,6.32981e+06,6.32981e+06,6.32981e+06,133896,133896,133896,139310,139310,139310,2.43064e+07,2.43064e+07,2.43064e+07,2.53175e+07,2.53175e+07,2.53175e+07,184575,184575,184575,184422,184422,184422,1.37475e+07,1.37475e+07,1.37475e+07,1.33496e+07,1.33496e+07,1.33496e+07,9.61159e+06,9.61159e+06,9.61159e+06,9.61332e+06,9.61332e+06,9.61332e+06,2.47929e+07,2.47929e+07,2.47929e+07,392.787,392.787,392.787,285.671,285.671,285.671
188,6.33144e+06,6.33144e+06,6.33144e+06,133922,133922,133922,139302,139302,139302,2.43085e+07,2.43085e+07,2.43085e+07,2.53192e+07,2.53192e+07,2.53192e+07,184577,184577,184577,184381,184381,184381,1.37469e+07,1.37469e+07,1.37469e+07,1.33494e+07,1.33494e+07,1.33494e+07,9.61101e+06,9.61101e+06,9.61101e+06,9.61211e+06,9.61211e+06,9.61211e+06,2.47932e+07,2.47932e+07,2.47932e+07,392.82,392.82,392.82,285.621,285.621,285.621
189,6.33305e+06,6.33305e+06,6.33305e+06,133949,133949,133949,139302,139302,139302,2.43107e+07,2.43107e+07,2.43107e+07,2.53209e+07,2.53209e+07,2.53209e+07,184579,184579,184579,184350,184350,184350,1.37463e+07,1.37463e+07,1.37463e+07,1.33493e+07,1.33493e+07,1.33493e+07,9.61047e+06,9.61047e+06,9.61047e+06,9.61086e+06,9.61086e+06,9.61086e+06,2.47934e+07,2.47934e+07,2.47934e+07,392.855,392.855,392.855,285.586,285.586,285.586
190,6.33461e+06,6.33461e+06,6.33461e+06,133976,133976,133976,139308,139308,139308,2.4313e+07,2.4313e+07,2.4313e+07,2.53225e+07,2.53225e+07,2.53225e+07,184582,184582,184582,184330,184330,184330,1.37458e+07,1.37458e+07,1.37458e+07,1.33492e+07,1.33492e+07,1.33492e+07,9.60997e+06,9.60997e+06,9.60997e+06,9.6096e+06,9.6096e+06,9.6096e+06,2.47934e+07,2.47934e+07,2.47934e+07,392.891,392.891,392.891,285.566,285.566,285.566
191,6.33611e+06,6.33611e+06,6.33611e+06,134001,134001,134001,139322,139322,139322,2.43152e+07,2.43152e+07,2.43152e+07,2.5324e+07,2.5324e+07,2.5324e+07,184585,184585,184585,184321,184321,184321,1.37452e+07,1.37452e+07,1.37452e+07,1.33492e+07,1.33492e+07,1.33492e+07,9.6095e+06,9.6095e+06,9.6095e+06,9.60837e+06,9.60837e+06,9.60837e+06,2.47933e+07,2.47933e+07,2.47933e+07,392.927,392.927,392.927,285.562,285.562,285.562
192,6.33752e+06,6.33752e+06,6.33752e+06,134026,134026,134026,139342,139342,139342,2.43174e+07,2.43174e+07,2.43174e+07,2.53255e+07,2.53255e+07,2.53255e+07,184588,184588,184588,184323,184323,184323,1.37447e+07,1.37447e+07,1.37447e+07,1.33493e+07,1.33493e+07,1.33493e+07,9.60907e+06,9.60907e+06,9.60907e+06,9.6072e+06,9.6072e+06,9.6072e+06,2.47931e+07,2.47931e+07,2.47931e+07,392.962,392.962,392.962,285.574,285.574,285.574
193,6.33882e+06,6.33882e+06,6.33882e+06,134049,134049,134049,139370,139370,139370,2.43195e+07,2.43195e+07,2.43195e+07,2.53269e+07,2.53269e+07,2.53269e+07,184591,184591,184591,184337,184337,184337,1.37443e+07,1.37443e+07,1.37443e+07,1.33495e+07,1.33495e+07,1.33495e+07,9.60867e+06,9.60867e+06,9.60867e+06,9.60613e+06,9.60613e+06,9.60613e+06,2.47928e+07,2.47928e+07,2.47928e+07,392.995,392.995,392.995,285.603,285.603,285.603
194,6.34001e+06,6.34001e+06,6.34001e+06,134070,134070,134070,139404,139404,139404,2.43215e+07,2.43215e+07,2.43215e+07,2.53282e+07,2.53282e+07,2.53282e+07,184595,184595,184595,184362,184362,184362,1.3744e+07,1.3744e+07,1.3744e+07,1.33496e+07,1.33496e+07,1.33496e+07,9.60831e+06,9.60831e+06,9.60831e+06,9.60518e+06,9.60518e+06,9.60518e+06,2.47923e+07,2.47923e+07,2.47923e+07,393.026,393.026,393.026,285.647,285.647,285.647
195,6.34105e+06,6.34105e+06,6.34105e+06,134089,134089,134089,139444,139444,139444,2.43234e+07,2.43234e+07,2.43234e+07,2.53295e+07,2.53295e+07,2.53295e+07,184600,184600,184600,184398,184398,184398,1.37438e+07,1.37438e+07,1.37438e+07,1.33499e+07,1.33499e+07,1.33499e+07,9.60798e+06,9.60798e+06,9.60798e+06,9.60437e+06,9.60437e+06,9.60437e+06,2.47919e+07,2.47919e+07,2.47919e+07,393.057,393.057,393.057,285.707,285.707,285.707
196,6.34195e+06,6.34195e+06,6.34195e+06,134107,134107,134107,139489,139489,139489,2.43251e+07,2.43251e+07,2.43251e+07,2.53308e+07,2.53308e+07,2.53308e+07,184606,184606,184606,184443,184443,184443,1.37437e+07,1.37437e+07,1.37437e+07,1.33502e+07,1.33502e+07,1.33502e+07,9.60768e+06,9.60768e+06,9.60768e+06,9.60373e+06,9.60373e+06,9.60373e+06,2.47913e+07,2.47913e+07,2.47913e+07,393.086,393.086,393.086,285.78,285.78,285.78
197,6.34268e+06,6.34268e+06,6.34268e+06,134124,134124,134124,139537,139537,139537,2.43266e+07,2.43266e+07,2.43266e+07,2.5332e+07,2.5332e+07,2.5332e+07,184615,184615,184615,184497,184497,184497,1.37438e+07,1.37438e+07,1.37438e+07,1.33505e+07,1.33505e+07,1.33505e+07,9.60743e+06,9.60743e+06,9.60743e+06,9.60328e+06,9.60328e+06,9.60328e+06,2.47906e+07,2.47906e+07,2.47906e+07,393.116,393.116,393.116,285.865,285.865,285.865
198,6.34323e+06,6.34323e+06,6.34323e+06,134139,134139,134139,139589,139589,139589,2.43279e+07,2.43279e+07,2.43279e+07,2.53331e+07,2.53331e+07,2.53331e+07,184626,184626,184626,184557,184557,184557,1.3744e+07,1.3744e+07,1.3744e+07,1.33508e+07,1.33508e+07,1.33508e+07,9.60721e+06,9.60721e+06,9.60721e+06,9.60303e+06,9.60303e+06,9.60303e+06,2.479e+07,2.479e+07,2.479e+07,393.148,393.148,393.148,285.96,285.96,285.96
199,6.34361e+06,6.34361e+06,6.34361e+06,134153,134153,134153,139641,139641,139641,2.4329e+07,2.4329e+07,2.4329e+07,2.53342e+07,2.53342e+07,2.53342e+07,184641,184641,184641,184623,184623,184623,1.37443e+07,1.37443e+07,1.37443e+07,1.33512e+07,1.33512e+07,1.33512e+07,9.60706e+06,9.60706e+06,9.60706e+06,9.60298e+06,9.60298e+06,9.60298e+06,2.47892e+07,2.47892e+07,2.47892e+07,393.183,393.183,393.183,286.061,286.061,286.061
200,6.3438e+06,6.3438e+06,6.3438e+06,134167,134167,134167,139694,139694,139694,2.43298e+07,2.43298e+07,2.43298e+07,2.53351e+07,2.53351e+07,2.53351e+07,184661,184661,184661,184693,184693,184693,1.37448e+07,1.37448e+07,1.37448e+07,1.33516e+07,1.33516e+07,1.33516e+07,9.60696e+06,9.60696e+06,9.60696e+06,9.60314e+06,9.60314e+06,9.60314e+06,2.47885e+07,2.47885e+07,2.47885e+07,393.222,393.222,393.222,286.168,286.168,286.168
201,6.34381e+06,6.34381e+06,6.34381e+06,134182,134182,134182,139746,139746,139746,2.43305e+07,2.43305e+07,2.43305e+07,2.5336e+07,2.5336e+07,2.5336e+07,184685,184685,184685,184765,184765,184765,1.37454e+07,1.37454e+07,1.37454e+07,1.3352e+07,1.3352e+07,1.3352e+07,9.60693e+06,9.60693e+06,9.60693e+06,9.60351e+06,9.60351e+06,9.60351e+06,2.47877e+07,2.47877e+07,2.47877e+07,393.266,393.266,393.266,286.277,286.277,286.277
202,6.34363e+06,6.34363e+06,6.34363e+06,134196,134196,134196,139795,139795,139795,2.43309e+07,2.43309e+07,2.43309e+07,2.53369e+07,2.53369e+07,2.53369e+07,184715,184715,184715,184837,184837,184837,1.37462e+07,1.37462e+07,1.37462e+07,1.33525e+07,1.33525e+07,1.33525e+07,9.60698e+06,9.60698e+06,9.60698e+06,9.60407e+06,9.60407e+06,9.60407e+06,2.47869e+07,2.47869e+07,2.47869e+07,393.318,393.318,393.318,286.385,286.385,286.385
203,6.34327e+06,6.34327e+06,6.34327e+06,134212,134212,134212,139841,139841,139841,2.4331e+07,2.4331e+07,2.4331e+07,2.53376e+07,2.53376e+07,2.53376e+07,184750,184750,184750,184907,184907,184907,1.37471e+07,1.37471e+07,1.37471e+07,1.3353e+07,1.3353e+07,1.3353e+07,9.60714e+06,9.60714e+06,9.60714e+06,9.60481e+06,9.60481e+06,9.60481e+06,2.47861e+07,2.47861e+07,2.47861e+07,393.376,393.376,393.376,286.49,286.49,286.49
204,6.34273e+06,6.34273e+06,6.34273e+06,134228,134228,134228,139881,139881,139881,2.4331e+07,2.4331e+07,2.4331e+07,2.53382e+07,2.53382e+07,2.53382e+07,184792,184792,184792,184975,184975,184975,1.37481e+07,1.37481e+07,1.37481e+07,1.33535e+07,1.33535e+07,1.33535e+07,9.60739e+06,9.60739e+06,9.60739e+06,9.60572e+06,9.60572e+06,9.60572e+06,2.47854e+07,2.47854e+07,2.47854e+07,393.443,393.443,393.443,286.589,286.589,286.589
205,6.34203e+06,6.34203e+06,6.34203e+06,134246,134246,134246,139916,139916,139916,2.43308e+07,2.43308e+07,2.43308e+07,2.53387e+07,2.53387e+07,2.53387e+07,184838,184838,184838,185038,185038,185038,1.37492e+07,1.37492e+07,1.37492e+07,1.3354e+07,1.3354e+07,1.3354e+07,9.60777e+06,9.60777e+06,9.60777e+06,9.60677e+06,9.60677e+06,9.60677e+06,2.47847e+07,2.47847e+07,2.47847e+07,393.518,393.518,393.518,286.68,286.68,286.68
206,6.34117e+06,6.34117e+06,6.34117e+06,134264,134264,134264,139944,139944,139944,2.43304e+07,2.43304e+07,2.43304e+07,2.5339e+07,2.5339e+07,2.5339e+07,184890,184890,184890,185096,185096,185096,1.37503e+07,1.37503e+07,1.37503e+07,1.33546e+07,1.33546e+07,1.33546e+07,9.60827e+06,9.60827e+06,9.60827e+06,9.60795e+06,9.60795e+06,9.60795e+06,2.4784e+07,2.4784e+07,2.4784e+07,393.602,393.602,393.602,286.761,286.761,286.761
207,6.34017e+06,6.34017e+06,6.34017e+06,134284,134284,134284,139965,139965,139965,2.43298e+07,2.43298e+07,2.43298e+07,2.53392e+07,2.53392e+07,2.53392e+07,184947,184947,184947,185148,185148,185148,1.37515e+07,1.37515e+07,1.37515e+07,1.33552e+07,1.33552e+07,1.33552e+07,9.60891e+06,9.60891e+06,9.60891e+06,9.60922e+06,9.60922e+06,9.60922e+06,2.47834e+07,2.47834e+07,2.47834e+07,393.693,393.693,393.693,286.832,286.832,286.832
208,6.33904e+06,6.33904e+06,6.33904e+06,134305,134305,134305,139979,139979,139979,2.43291e+07,2.43291e+07,2.43291e+07,2.53393e+07,2.53393e+07,2.53393e+07,185008,185008,185008,185193,185193,185193,1.37527e+07,1.37527e+07,1.37527e+07,1.33559e+07,1.33559e+07,1.33559e+07,9.60968e+06,9.60968e+06,9.60968e+06,9.61057e+06,9.61057e+06,9.61057e+06,2.47828e+07,2.47828e+07,2.47828e+07,393.79,393.79,393.79,286.89,286.89,286.89
209,6.3378e+06,6.3378e+06,6.3378e+06,134326,134326,134326,139985,139985,139985,2.43284e+07,2.43284e+07,2.43284e+07,2.53392e+07,2.53392e+07,2.53392e+07,185072,185072,185072,185230,185230,185230,1.37539e+07,1.37539e+07,1.37539e+07,1.33566e+07,1.33566e+07,1.33566e+07,9.6106e+06,9.6106e+06,9.6106e+06,9.61196e+06,9.61196e+06,9.61196e+06,2.47823e+07,2.47823e+07,2.47823e+07,393.893,393.893,393.893,286.935,286.935,286.935
210,6.33647e+06,6.33647e+06,6.33647e+06,134347,134347,134347,139983,139983,139983,2.43276e+07,2.43276e+07,2.43276e+07,2.53389e+07,2.53389e+07,2.53389e+07,185137,185137,185137,185260,185260,185260,1.37551e+07,1.37551e+07,1.37551e+07,1.33574e+07,1.33574e+07,1.33574e+07,9.61167e+06,9.61167e+06,9.61167e+06,9.61337e+06,9.61337e+06,9.61337e+06,2.47818e+07,2.47818e+07,2.47818e+07,393.999,393.999,393.999,286.967,286.967,286.967
211,6.33508e+06,6.33508e+06,6.33508e+06,134368,134368,134368,139975,139975,139975,2.43267e+07,2.43267e+07,2.43267e+07,2.53385e+07,2.53385e+07,2.53385e+07,185203,185203,185203,185283,185283,185283,1.37563e+07,1.37563e+07,1.37563e+07,1.33582e+07,1.33582e+07,1.33582e+07,9.61286e+06,9.61286e+06,9.61286e+06,9.61478e+06,9.61478e+06,9.61478e+06,2.47815e+07,2.47815e+07,2.47815e+07,394.106,394.106,394.106,286.986,286.986,286.986
212,6.33363e+06,6.33363e+06,6.33363e+06,134388,134388,134388,139960,139960,139960,2.43259e+07,2.43259e+07,2.43259e+07,2.5338e+07,2.5338e+07,2.5338e+07,185268,185268,185268,185299,185299,185299,1.37574e+07,1.37574e+07,1.37574e+07,1.33591e+07,1.33591e+07,1.33591e+07,9.61419e+06,9.61419e+06,9.61419e+06,9.61616e+06,9.61616e+06,9.61616e+06,2.47812e+07,2.47812e+07,2.47812e+07,394.212,394.212,394.212,286.992,286.992,286.992
213,6.33215e+06,6.33215e+06,6.33215e+06,134405,134405,134405,139940,139940,139940,2.4325e+07,2.4325e+07,2.4325e+07,2.53372e+07,2.53372e+07,2.53372e+07,185330,185330,185330,185308,185308,185308,1.37584e+07,1.37584e+07,1.37584e+07,1.336e+07,1.336e+07,1.336e+07,9.61563e+06,9.61563e+06,9.61563e+06,9.6175e+06,9.6175e+06,9.6175e+06,2.47809e+07,2.47809e+07,2.47809e+07,394.314,394.314,394.314,286.987,286.987,286.987
214,6.33067e+06,6.33067e+06,6.33067e+06,134420,134420,134420,139914,139914,139914,2.43242e+07,2.43242e+07,2.43242e+07,2.53364e+07,2.53364e+07,2.53364e+07,185388,185388,185388,185311,185311,185311,1.37593e+07,1.37593e+07,1.37593e+07,1.33609e+07,1.33609e+07,1.33609e+07,9.61717e+06,9.61717e+06,9.61717e+06,9.61878e+06,9.61878e+06,9.61878e+06,2.47808e+07,2.47808e+07,2.47808e+07,394.408,394.408,394.408,286.972,286.972,286.972
215,6.3292e+06,6.3292e+06,6.3292e+06,134432,134432,134432,139885,139885,139885,2.43235e+07,2.43235e+07,2.43235e+07,2.53354e+07,2.53354e+07,2.53354e+07,185440,185440,185440,185308,185308,185308,1.37601e+07,1.37601e+07,1.37601e+07,1.33619e+07,1.33619e+07,1.33619e+07,9.61879e+06,9.61879e+06,9.61879e+06,9.61998e+06,9.61998e+06,9.61998e+06,2.47807e+07,2.47807e+07,2.47807e+07,394.492,394.492,394.492,286.948,286.948,286.948
216,6.32777e+06,6.32777e+06,6.32777e+06,134439,134439,134439,139852,139852,139852,2.43228e+07,2.43228e+07,2.43228e+07,2.53344e+07,2.53344e+07,2.53344e+07,185485,185485,185485,185302,185302,185302,1.37608e+07,1.37608e+07,1.37608e+07,1.33629e+07,1.33629e+07,1.33629e+07,9.62045e+06,9.62045e+06,9.62045e+06,9.6211e+06,9.6211e+06,9.6211e+06,2.47807e+07,2.47807e+07,2.47807e+07,394.564,394.564,394.564,286.917,286.917,286.917
217,6.32639e+06,6.32639e+06,6.32639e+06,134442,134442,134442,139817,139817,139817,2.43222e+07,2.43222e+07,2.43222e+07,2.53332e+07,2.53332e+07,2.53332e+07,185521,185521,185521,185292,185292,185292,1.37614e+07,1.37614e+07,1.37614e+07,1.33638e+07,1.33638e+07,1.33638e+07,9.62214e+06,9.62214e+06,9.62214e+06,9.62213e+06,9.62213e+06,9.62213e+06,2.47807e+07,2.47807e+07,2.47807e+07,394.62,394.62,394.62,286.879,286.879,286.879
218,6.3251e+06,6.3251e+06,6.3251e+06,134439,134439,134439,139782,139782,139782,2.43217e+07,2.43217e+07,2.43217e+07,2.5332e+07,2.5332e+07,2.5332e+07,185547,185547,185547,185279,185279,185279,1.37619e+07,1.37619e+07,1.37619e+07,1.33648e+07,1.33648e+07,1.33648e+07,9.62383e+06,9.62383e+06,9.62383e+06,9.62306e+06,9.62306e+06,9.62306e+06,2.47809e+07,2.47809e+07,2.47809e+07,394.659,394.659,394.659,286.838,286.838,286.838
219,6.3239e+06,6.3239e+06,6.3239e+06,134431,134431,134431,139746,139746,139746,2.43212e+07,2.43212e+07,2.43212e+07,2.53308e+07,2.53308e+07,2.53308e+07,185563,185563,185563,185264,185264,185264,1.37622e+07,1.37622e+07,1.37622e+07,1.33657e+07,1.33657e+07,1.33657e+07,9.62548e+06,9.62548e+06,9.62548e+06,9.6239e+06,9.6239e+06,9.6239e+06,2.4781e+07,2.4781e+07,2.4781e+07,394.678,394.678,394.678,286.794,286.794,286.794
220,6.32281e+06,6.32281e+06,6.32281e+06,134416,134416,134416,139712,139712,139712,2.43209e+07,2.43209e+07,2.43209e+07,2.53296e+07,2.53296e+07,2.53296e+07,185567,185567,185567,185248,185248,185248,1.37625e+07,1.37625e+07,1.37625e+07,1.33666e+07,1.33666e+07,1.33666e+07,9.62707e+06,9.62707e+06,9.62707e+06,9.62464e+06,9.62464e+06,9.62464e+06,2.47812e+07,2.47812e+07,2.47812e+07,394.676,394.676,394.676,286.75,286.75,286.75
221,6.32186e+06,6.32186e+06,6.32186e+06,134396,134396,134396,139678,139678,139678,2.43207e+07,2.43207e+07,2.43207e+07,2.53285e+07,2.53285e+07,2.53285e+07,185559,185559,185559,185231,185231,185231,1.37626e+07,1.37626e+07,1.37626e+07,1.33674e+07,1.33674e+07,1.33674e+07,9.62855e+06,9.62855e+06,9.62855e+06,9.62528e+06,9.62528e+06,9.62528e+06,2.47815e+07,2.47815e+07,2.47815e+07,394.652,394.652,394.652,286.705,286.705,286.705
222,6.32105e+06,6.32105e+06,6.32105e+06,134369,134369,134369,139648,139648,139648,2.43206e+07,2.43206e+07,2.43206e+07,2.53274e+07,2.53274e+07,2.53274e+07,185539,185539,185539,185214,185214,185214,1.37627e+07,1.37627e+07,1.37627e+07,1.33682e+07,1.33682e+07,1.33682e+07,9.62991e+06,9.62991e+06,9.62991e+06,9.62584e+06,9.62584e+06,9.62584e+06,2.47818e+07,2.47818e+07,2.47818e+07,394.606,394.606,394.606,286.662,286.662,286.662
223,6.3204e+06,6.3204e+06,6.3204e+06,134338,134338,134338,139620,139620,139620,2.43205e+07,2.43205e+07,2.43205e+07,2.53265e+07,2.53265e+07,2.53265e+07,185508,185508,185508,185197,185197,185197,1.37626e+07,1.37626e+07,1.37626e+07,1.33688e+07,1.33688e+07,1.33688e+07,9.63111e+06,9.63111e+06,9.63111e+06,9.62631e+06,9.62631e+06,9.62631e+06,2.4782e+07,2.4782e+07,2.4782e+07,394.539,394.539,394.539,286.621,286.621,286.621
224,6.31992e+06,6.31992e+06,6.31992e+06,134301,134301,134301,139595,139595,139595,2.43205e+07,2.43205e+07,2.43205e+07,2.53257e+07,2.53257e+07,2.53257e+07,185467,185467,185467,185180,185180,185180,1.37625e+07,1.37625e+07,1.37625e+07,1.33693e+07,1.33693e+07,1.33693e+07,9.63213e+06,9.63213e+06,9.63213e+06,9.6267e+06,9.6267e+06,9.6267e+06,2.47823e+07,2.47823e+07,2.47823e+07,394.452,394.452,394.452,286.583,286.583,286.583
225,6.3196e+06,6.3196e+06,6.3196e+06,134259,134259,134259,139574,139574,139574,2.43207e+07,2.43207e+07,2.43207e+07,2.5325e+07,2.5325e+07,2.5325e+07,185415,185415,185415,185164,185164,185164,1.37623e+07,1.37623e+07,1.37623e+07,1.33697e+07,1.33697e+07,1.33697e+07,9.63295e+06,9.63295e+06,9.63295e+06,9.62702e+06,9.62702e+06,9.62702e+06,2.47826e+07,2.47826e+07,2.47826e+07,394.346,394.346,394.346,286.548,286.548,286.548
226,6.31947e+06,6.31947e+06,6.31947e+06,134214,134214,134214,139557,139557,139557,2.43208e+07,2.43208e+07,2.43208e+07,2.53246e+07,2.53246e+07,2.53246e+07,185355,185355,185355,185147,185147,185147,1.37621e+07,1.37621e+07,1.37621e+07,1.337e+07,1.337e+07,1.337e+07,9.63355e+06,9.63355e+06,9.63355e+06,9.62727e+06,9.62727e+06,9.62727e+06,2.47829e+07,2.47829e+07,2.47829e+07,394.223,394.223,394.223,286.517,286.517,286.517
227,6.31951e+06,6.31951e+06,6.31951e+06,134167,134167,134167,139543,139543,139543,2.43211e+07,2.43211e+07,2.43211e+07,2.53243e+07,2.53243e+07,2.53243e+07,185288,185288,185288,185131,185131,185131,1.37619e+07,1.37619e+07,1.37619e+07,1.33701e+07,1.33701e+07,1.33701e+07,9.63392e+06,9.63392e+06,9.63392e+06,9.62746e+06,9.62746e+06,9.62746e+06,2.47831e+07,2.47831e+07,2.47831e+07,394.088,394.088,394.088,286.488,286.488,286.488
228,6.31973e+06,6.31973e+06,6.31973e+06,134118,134118,134118,139532,139532,139532,2.43213e+07,2.43213e+07,2.43213e+07,2.53243e+07,2.53243e+07,2.53243e+07,185215,185215,185215,185113,185113,185113,1.37616e+07,1.37616e+07,1.37616e+07,1.337e+07,1.337e+07,1.337e+07,9.63406e+06,9.63406e+06,9.63406e+06,9.62758e+06,9.62758e+06,9.62758e+06,2.47833e+07,2.47833e+07,2.47833e+07,393.942,393.942,393.942,286.462,286.462,286.462
229,6.32012e+06,6.32012e+06,6.32012e+06,134069,134069,134069,139524,139524,139524,2.43217e+07,2.43217e+07,2.43217e+07,2.53245e+07,2.53245e+07,2.53245e+07,185138,185138,185138,185095,185095,185095,1.37613e+07,1.37613e+07,1.37613e+07,1.33699e+07,1.33699e+07,1.33699e+07,9.63396e+06,9.63396e+06,9.63396e+06,9.62764e+06,9.62764e+06,9.62764e+06,2.47834e+07,2.47834e+07,2.47834e+07,393.789,393.789,393.789,286.438,286.438,286.438
230,6.32069e+06,6.32069e+06,6.32069e+06,134021,134021,134021,139518,139518,139518,2.4322e+07,2.4322e+07,2.4322e+07,2.53249e+07,2.53249e+07,2.53249e+07,185060,185060,185060,185076,185076,185076,1.3761e+07,1.3761e+07,1.3761e+07,1.33695e+07,1.33695e+07,1.33695e+07,9.63363e+06,9.63363e+06,9.63363e+06,9.62764e+06,9.62764e+06,9.62764e+06,2.47835e+07,2.47835e+07,2.47835e+07,393.633,393.633,393.633,286.416,286.416,286.416
231,6.32141e+06,6.32141e+06,6.32141e+06,133976,133976,133976,139515,139515,139515,2.43225e+07,2.43225e+07,2.43225e+07,2.53255e+07,2.53255e+07,2.53255e+07,184981,184981,184981,185055,185055,185055,1.37607e+07,1.37607e+07,1.37607e+07,1.33691e+07,1.33691e+07,1.33691e+07,9.63308e+06,9.63308e+06,9.63308e+06,9.62757e+06,9.62757e+06,9.62757e+06,2.47835e+07,2.47835e+07,2.47835e+07,393.478,393.478,393.478,286.394,286.394,286.394
232,6.32228e+06,6.32228e+06,6.32228e+06,133933,133933,133933,139513,139513,139513,2.43229e+07,2.43229e+07,2.43229e+07,2.53264e+07,2.53264e+07,2.53264e+07,184905,184905,184905,185031,185031,185031,1.37604e+07,1.37604e+07,1.37604e+07,1.33685e+07,1.33685e+07,1.33685e+07,9.63233e+06,9.63233e+06,9.63233e+06,9.62745e+06,9.62745e+06,9.62745e+06,2.47834e+07,2.47834e+07,2.47834e+07,393.328,393.328,393.328,286.372,286.372,286.372
233,6.32329e+06,6.32329e+06,6.32329e+06,133895,133895,133895,139512,139512,139512,2.43234e+07,2.43234e+07,2.43234e+07,2.53274e+07,2.53274e+07,2.53274e+07,184831,184831,184831,185006,185006,185006,1.37601e+07,1.37601e+07,1.37601e+07,1.33678e+07,1.33678e+07,1.33678e+07,9.6314e+06,9.6314e+06,9.6314e+06,9.62725e+06,9.62725e+06,9.62725e+06,2.47832e+07,2.47832e+07,2.47832e+07,393.185,393.185,393.185,286.349,286.349,286.349
234,6.32442e+06,6.32442e+06,6.32442e+06,133863,133863,133863,139511,139511,139511,2.43239e+07,2.43239e+07,2.43239e+07,2.53287e+07,2.53287e+07,2.53287e+07,184763,184763,184763,184977,184977,184977,1.37598e+07,1.37598e+07,1.37598e+07,1.3367e+07,1.3367e+07,1.3367e+07,9.6303e+06,9.6303e+06,9.6303e+06,9.62699e+06,9.62699e+06,9.62699e+06,2.47829e+07,2.47829e+07,2.47829e+07,393.055,393.055,393.055,286.325,286.325,286.325
235,6.32565e+06,6.32565e+06,6.32565e+06,133837,133837,133837,139512,139512,139512,2.43245e+07,2.43245e+07,2.43245e+07,2.533e+07,2.533e+07,2.533e+07,184702,184702,184702,184947,184947,184947,1.37595e+07,1.37595e+07,1.37595e+07,1.33661e+07,1.33661e+07,1.33661e+07,9.62907e+06,9.62907e+06,9.62907e+06,9.62665e+06,9.62665e+06,9.62665e+06,2.47825e+07,2.47825e+07,2.47825e+07,392.939,392.939,392.939,286.299,286.299,286.299
236,6.32698e+06,6.32698e+06,6.32698e+06,133818,133818,133818,139512,139512,139512,2.43251e+07,2.43251e+07,2.43251e+07,2.53316e+07,2.53316e+07,2.53316e+07,184649,184649,184649,184914,184914,184914,1.37592e+07,1.37592e+07,1.37592e+07,1.33651e+07,1.33651e+07,1.33651e+07,9.62774e+06,9.62774e+06,9.62774e+06,9.62623e+06,9.62623e+06,9.62623e+06,2.47819e+07,2.47819e+07,2.47819e+07,392.84,392.84,392.84,286.271,286.271,286.271
237,6.32836e+06,6.32836e+06,6.32836e+06,133806,133806,133806,139511,139511,139511,2.43258e+07,2.43258e+07,2.43258e+07,2.53332e+07,2.53332e+07,2.53332e+07,184605,184605,184605,184879,184879,184879,1.37589e+07,1.37589e+07,1.37589e+07,1.33642e+07,1.33642e+07,1.33642e+07,9.62634e+06,9.62634e+06,9.62634e+06,9.62573e+06,9.62573e+06,9.62573e+06,2.47813e+07,2.47813e+07,2.47813e+07,392.761,392.761,392.761,286.24,286.24,286.24
238,6.3298e+06,6.3298e+06,6.3298e+06,133802,133802,133802,139511,139511,139511,2.43265e+07,2.43265e+07,2.43265e+07,2.53348e+07,2.53348e+07,2.53348e+07,184570,184570,184570,184842,184842,184842,1.37586e+07,1.37586e+07,1.37586e+07,1.33632e+07,1.33632e+07,1.33632e+07,9.62489e+06,9.62489e+06,9.62489e+06,9.62516e+06,9.62516e+06,9.62516e+06,2.47806e+07,2.47806e+07,2.47806e+07,392.702,392.702,392.702,286.208,286.208,286.208
239,6.33125e+06,6.33125e+06,6.33125e+06,133805,133805,133805,139510,139510,139510,2.43273e+07,2.43273e+07,2.43273e+07,2.53365e+07,2.53365e+07,2.53365e+07,184545,184545,184545,184804,184804,184804,1.37584e+07,1.37584e+07,1.37584e+07,1.33622e+07,1.33622e+07,1.33622e+07,9.62345e+06,9.62345e+06,9.62345e+06,9.6245e+06,9.6245e+06,9.6245e+06,2.47798e+07,2.47798e+07,2.47798e+07,392.665,392.665,392.665,286.175,286.175,286.175
240,6.33271e+06,6.33271e+06,6.33271e+06,133817,133817,133817,139509,139509,139509,2.43281e+07,2.43281e+07,2.43281e+07,2.53382e+07,2.53382e+07,2.53382e+07,184531,184531,184531,184767,184767,184767,1.37581e+07,1.37581e+07,1.37581e+07,1.33613e+07,1.33613e+07,1.33613e+07,9.62202e+06,9.62202e+06,9.62202e+06,9.62377e+06,9.62377e+06,9.62377e+06,2.47788e+07,2.47788e+07,2.47788e+07,392.65,392.65,392.65,286.141,286.141,286.141
241,6.33416e+06,6.33416e+06,6.33416e+06,133835,133835,133835,139508,139508,139508,2.43289e+07,2.43289e+07,2.43289e+07,2.53398e+07,2.53398e+07,2.53398e+07,184526,184526,184526,184729,184729,184729,1.37578e+07,1.37578e+07,1.37578e+07,1.33605e+07,1.33605e+07,1.33605e+07,9.62065e+06,9.62065e+06,9.62065e+06,9.62296e+06,9.62296e+06,9.62296e+06,2.47778e+07,2.47778e+07,2.47778e+07,392.656,392.656,392.656,286.107,286.107,286.107
242,6.33556e+06,6.33556e+06,6.33556e+06,133860,133860,133860,139507,139507,139507,2.43298e+07,2.43298e+07,2.43298e+07,2.53414e+07,2.53414e+07,2.53414e+07,184531,184531,184531,184694,184694,184694,1.37575e+07,1.37575e+07,1.37575e+07,1.33597e+07,1.33597e+07,1.33597e+07,9.61936e+06,9.61936e+06,9.61936e+06,9.62209e+06,9.62209e+06,9.62209e+06,2.47767e+07,2.47767e+07,2.47767e+07,392.683,392.683,392.683,286.074,286.074,286.074
243,6.3369e+06,6.3369e+06,6.3369e+06,133890,133890,133890,139507,139507,139507,2.43307e+07,2.43307e+07,2.43307e+07,2.53429e+07,2.53429e+07,2.53429e+07,184545,184545,184545,184661,184661,184661,1.37572e+07,1.37572e+07,1.37572e+07,1.3359e+07,1.3359e+07,1.3359e+07,9.61817e+06,9.61817e+06,9.61817e+06,9.62117e+06,9.62117e+06,9.62117e+06,2.47755e+07,2.47755e+07,2.47755e+07,392.729,392.729,392.729,286.043,286.043,286.043
244,6.33816e+06,6.33816e+06,6.33816e+06,133926,133926,133926,139507,139507,139507,2.43317e+07,2.43317e+07,2.43317e+07,2.53443e+07,2.53443e+07,2.53443e+07,184567,184567,184567,184632,184632,184632,1.37569e+07,1.37569e+07,1.37569e+07,1.33584e+07,1.33584e+07,1.33584e+07,9.61711e+06,9.61711e+06,9.61711e+06,9.6202e+06,9.6202e+06,9.6202e+06,2.47742e+07,2.47742e+07,2.47742e+07,392.792,392.792,392.792,286.016,286.016,286.016
245,6.33932e+06,6.33932e+06,6.33932e+06,133965,133965,133965,139510,139510,139510,2.43327e+07,2.43327e+07,2.43327e+07,2.53455e+07,2.53455e+07,2.53455e+07,184596,184596,184596,184608,184608,184608,1.37566e+07,1.37566e+07,1.37566e+07,1.3358e+07,1.3358e+07,1.3358e+07,9.61618e+06,9.61618e+06,9.61618e+06,9.61921e+06,9.61921e+06,9.61921e+06,2.47729e+07,2.47729e+07,2.47729e+07,392.87,392.87,392.87,285.994,285.994,285.994
246,6.34036e+06,6.34036e+06,6.34036e+06,134008,134008,134008,139514,139514,139514,2.43337e+07,2.43337e+07,2.43337e+07,2.53465e+07,2.53465e+07,2.53465e+07,184631,184631,184631,184590,184590,184590,1.37563e+07,1.37563e+07,1.37563e+07,1.33577e+07,1.33577e+07,1.33577e+07,9.6154e+06,9.6154e+06,9.6154e+06,9.61822e+06,9.61822e+06,9.61822e+06,2.47715e+07,2.47715e+07,2.47715e+07,392.961,392.961,392.961,285.978,285.978,285.978
247,6.34127e+06,6.34127e+06,6.34127e+06,134052,134052,134052,139521,139521,139521,2.43346e+07,2.43346e+07,2.43346e+07,2.53474e+07,2.53474e+07,2.53474e+07,184671,184671,184671,184579,184579,184579,1.3756e+07,1.3756e+07,1.3756e+07,1.33575e+07,1.33575e+07,1.33575e+07,9.61479e+06,9.61479e+06,9.61479e+06,9.61723e+06,9.61723e+06,9.61723e+06,2.477e+07,2.477e+07,2.477e+07,393.061,393.061,393.061,285.97,285.97,285.97
248,6.34203e+06,6.34203e+06,6.34203e+06,134097,134097,134097,139530,139530,139530,2.43356e+07,2.43356e+07,2.43356e+07,2.53481e+07,2.53481e+07,2.53481e+07,184715,184715,184715,184575,184575,184575,1.37557e+07,1.37557e+07,1.37557e+07,1.33574e+07,1.33574e+07,1.33574e+07,9.61433e+06,9.61433e+06,9.61433e+06,9.61628e+06,9.61628e+06,9.61628e+06,2.47686e+07,2.47686e+07,2.47686e+07,393.168,393.168,393.168,285.97,285.97,285.97
249,6.34263e+06,6.34263e+06,6.34263e+06,134141,134141,134141,139543,139543,139543,2.43364e+07,2.43364e+07,2.43364e+07,2.53485e+07,2.53485e+07,2.53485e+07,184761,184761,184761,184580,184580,184580,1.37555e+07,1.37555e+07,1.37555e+07,1.33575e+07,1.33575e+07,1.33575e+07,9.61404e+06,9.61404e+06,9.61404e+06,9.61539e+06,9.61539e+06,9.61539e+06,2.47671e+07,2.47671e+07,2.47671e+07,393.279,393.279,393.279,285.98,285.98,285.98
250,6.34306e+06,6.34306e+06,6.34306e+06,134184,134184,134184,139558,139558,139558,2.43372e+07,2.43372e+07,2.43372e+07,2.53488e+07,2.53488e+07,2.53488e+07,184809,184809,184809,184592,184592,184592,1.37553e+07,1.37553e+07,1.37553e+07,1.33577e+07,1.33577e+07,1.33577e+07,9.6139e+06,9.6139e+06,9.6139e+06,9.61457e+06,9.61457e+06,9.61457e+06,2.47657e+07,2.47657e+07,2.47657e+07,393.39,393.39,393.39,286,286,286
251,6.34331e+06,6.34331e+06,6.34331e+06,134225,134225,134225,139577,139577,139577,2.4338e+07,2.4338e+07,2.4338e+07,2.5349e+07,2.5349e+07,2.5349e+07,184856,184856,184856,184614,184614,184614,1.37552e+07,1.37552e+07,1.37552e+07,1.33581e+07,1.33581e+07,1.33581e+07,9.61392e+06,9.61392e+06,9.61392e+06,9.61386e+06,9.61386e+06,9.61386e+06,2.47642e+07,2.47642e+07,2.47642e+07,393.501,393.501,393.501,286.031,286.031,286.031
252,6.34339e+06,6.34339e+06,6.34339e+06,134262,134262,134262,139599,139599,139599,2.43386e+07,2.43386e+07,2.43386e+07,2.53489e+07,2.53489e+07,2.53489e+07,184904,184904,184904,184644,184644,184644,1.37551e+07,1.37551e+07,1.37551e+07,1.33585e+07,1.33585e+07,1.33585e+07,9.61408e+06,9.61408e+06,9.61408e+06,9.61326e+06,9.61326e+06,9.61326e+06,2.47628e+07,2.47628e+07,2.47628e+07,393.607,393.607,393.607,286.071,286.071,286.071
253,6.34328e+06,6.34328e+06,6.34328e+06,134295,134295,134295,139624,139624,139624,2.43391e+07,2.43391e+07,2.43391e+07,2.53487e+07,2.53487e+07,2.53487e+07,184949,184949,184949,184682,184682,184682,1.3755e+07,1.3755e+07,1.3755e+07,1.3359e+07,1.3359e+07,1.3359e+07,9.61437e+06,9.61437e+06,9.61437e+06,9.6128e+06,9.6128e+06,9.6128e+06,2.47614e+07,2.47614e+07,2.47614e+07,393.708,393.708,393.708,286.122,286.122,286.122
254,6.34299e+06,6.34299e+06,6.34299e+06,134323,134323,134323,139651,139651,139651,2.43394e+07,2.43394e+07,2.43394e+07,2.53483e+07,2.53483e+07,2.53483e+07,184993,184993,184993,184728,184728,184728,1.37551e+07,1.37551e+07,1.37551e+07,1.33596e+07,1.33596e+07,1.33596e+07,9.61478e+06,9.61478e+06,9.61478e+06,9.61249e+06,9.61249e+06,9.61249e+06,2.476e+07,2.476e+07,2.476e+07,393.801,393.801,393.801,286.182,286.182,286.182
255,6.34252e+06,6.34252e+06,6.34252e+06,134347,134347,134347,139680,139680,139680,2.43396e+07,2.43396e+07,2.43396e+07,2.53477e+07,2.53477e+07,2.53477e+07,185034,185034,185034,184781,184781,184781,1.37552e+07,1.37552e+07,1.37552e+07,1.33603e+07,1.33603e+07,1.33603e+07,9.61529e+06,9.61529e+06,9.61529e+06,9.61235e+06,9.61235e+06,9.61235e+06,2.47588e+07,2.47588e+07,2.47588e+07,393.886,393.886,393.886,286.251,286.251,286.251
256,6.34188e+06,6.34188e+06,6.34188e+06,134366,134366,134366,139711,139711,139711,2.43396e+07,2.43396e+07,2.43396e+07,2.53471e+07,2.53471e+07,2.53471e+07,185072,185072,185072,184839,184839,184839,1.37554e+07,1.37554e+07,1.37554e+07,1.3361e+07,1.3361e+07,1.3361e+07,9.61589e+06,9.61589e+06,9.61589e+06,9.61238e+06,9.61238e+06,9.61238e+06,2.47576e+07,2.47576e+07,2.47576e+07,393.96,393.96,393.96,286.326,286.326,286.326
257,6.34107e+06,6.34107e+06,6.34107e+06,134379,134379,134379,139743,139743,139743,2.43394e+07,2.43394e+07,2.43394e+07,2.53463e+07,2.53463e+07,2.53463e+07,185107,185107,185107,184901,184901,184901,1.37557e+07,1.37557e+07,1.37557e+07,1.33617e+07,1.33617e+07,1.33617e+07,9.61657e+06,9.61657e+06,9.61657e+06,9.6126e+06,9.6126e+06,9.6126e+06,2.47565e+07,2.47565e+07,2.47565e+07,394.025,394.025,394.025,286.407,286.407,286.407
258,6.34012e+06,6.34012e+06,6.34012e+06,134387,134387,134387,139774,139774,139774,2.4339e+07,2.4339e+07,2.4339e+07,2.53454e+07,2.53454e+07,2.53454e+07,185138,185138,185138,184966,184966,184966,1.37561e+07,1.37561e+07,1.37561e+07,1.33624e+07,1.33624e+07,1.33624e+07,9.6173e+06,9.6173e+06,9.6173e+06,9.61299e+06,9.61299e+06,9.61299e+06,2.47555e+07,2.47555e+07,2.47555e+07,394.08,394.08,394.08,286.491,286.491,286.491
259,6.33902e+06,6.33902e+06,6.33902e+06,134391,134391,134391,139804,139804,139804,2.43385e+07,2.43385e+07,2.43385e+07,2.53445e+07,2.53445e+07,2.53445e+07,185167,185167,185167,185033,185033,185033,1.37565e+07,1.37565e+07,1.37565e+07,1.33632e+07,1.33632e+07,1.33632e+07,9.61808e+06,9.61808e+06,9.61808e+06,9.61356e+06,9.61356e+06,9.61356e+06,2.47546e+07,2.47546e+07,2.47546e+07,394.124,394.124,394.124,286.577,286.577,286.577
260,6.3378e+06,6.3378e+06,6.3378e+06,134390,134390,134390,139833,139833,139833,2.43377e+07,2.43377e+07,2.43377e+07,2.53435e+07,2.53435e+07,2.53435e+07,185193,185193,185193,185100,185100,185100,1.37571e+07,1.37571e+07,1.37571e+07,1.33639e+07,1.33639e+07,1.33639e+07,9.6189e+06,9.6189e+06,9.6189e+06,9.6143e+06,9.6143e+06,9.6143e+06,2.47539e+07,2.47539e+07,2.47539e+07,394.159,394.159,394.159,286.662,286.662,286.662
261,6.33648e+06,6.33648e+06,6.33648e+06,134385,134385,134385,139858,139858,139858,2.43368e+07,2.43368e+07,2.43368e+07,2.53424e+07,2.53424e+07,2.53424e+07,185216,185216,185216,185165,185165,185165,1.37577e+07,1.37577e+07,1.37577e+07,1.33646e+07,1.33646e+07,1.33646e+07,9.61975e+06,9.61975e+06,9.61975e+06,9.61519e+06,9.61519e+06,9.61519e+06,2.47532e+07,2.47532e+07,2.47532e+07,394.185,394.185,394.185,286.744,286.744,286.744
262,6.33507e+06,6.33507e+06,6.33507e+06,134376,134376,134376,139880,139880,139880,2.43358e+07,2.43358e+07,2.43358e+07,2.53414e+07,2.53414e+07,2.53414e+07,185237,185237,185237,185226,185226,185226,1.37584e+07,1.37584e+07,1.37584e+07,1.33652e+07,1.33652e+07,1.33652e+07,9.62061e+06,9.62061e+06,9.62061e+06,9.61623e+06,9.61623e+06,9.61623e+06,2.47527e+07,2.47527e+07,2.47527e+07,394.204,394.204,394.204,286.821,286.821,286.821
263,6.33359e+06,6.33359e+06,6.33359e+06,134365,134365,134365,139898,139898,139898,2.43345e+07,2.43345e+07,2.43345e+07,2.53403e+07,2.53403e+07,2.53403e+07,185255,185255,185255,185283,185283,185283,1.37591e+07,1.37591e+07,1.37591e+07,1.33659e+07,1.33659e+07,1.33659e+07,9.62148e+06,9.62148e+06,9.62148e+06,9.61738e+06,9.61738e+06,9.61738e+06,2.47524e+07,2.47524e+07,2.47524e+07,394.216,394.216,394.216,286.89,286.89,286.89
264,6.33206e+06,6.33206e+06,6.33206e+06,134351,134351,134351,139910,139910,139910,2.43332e+07,2.43332e+07,2.43332e+07,2.53391e+07,2.53391e+07,2.53391e+07,185272,185272,185272,185333,185333,185333,1.37599e+07,1.37599e+07,1.37599e+07,1.33664e+07,1.33664e+07,1.33664e+07,9.62235e+06,9.62235e+06,9.62235e+06,9.61863e+06,9.61863e+06,9.61863e+06,2.47522e+07,2.47522e+07,2.47522e+07,394.223,394.223,394.223,286.951,286.951,286.951
265,6.33051e+06,6.33051e+06,6.33051e+06,134336,134336,134336,139917,139917,139917,2.43318e+07,2.43318e+07,2.43318e+07,2.5338e+07,2.5338e+07,2.5338e+07,185288,185288,185288,185376,185376,185376,1.37607e+07,1.37607e+07,1.37607e+07,1.33669e+07,1.33669e+07,1.33669e+07,9.62322e+06,9.62322e+06,9.62322e+06,9.61994e+06,9.61994e+06,9.61994e+06,2.47521e+07,2.47521e+07,2.47521e+07,394.224,394.224,394.224,287.001,287.001,287.001
266,6.32896e+06,6.32896e+06,6.32896e+06,134319,134319,134319,139917,139917,139917,2.43303e+07,2.43303e+07,2.43303e+07,2.53369e+07,2.53369e+07,2.53369e+07,185301,185301,185301,185411,185411,185411,1.37614e+07,1.37614e+07,1.37614e+07,1.33674e+07,1.33674e+07,1.33674e+07,9.62408e+06,9.62408e+06,9.62408e+06,9.6213e+06,9.6213e+06,9.6213e+06,2.47522e+07,2.47522e+07,2.47522e+07,394.222,394.222,394.222,287.038,287.038,287.038
267,6.32742e+06,6.32742e+06,6.32742e+06,134301,134301,134301,139911,139911,139911,2.43287e+07,2.43287e+07,2.43287e+07,2.53358e+07,2.53358e+07,2.53358e+07,185314,185314,185314,185436,185436,185436,1.37622e+07,1.37622e+07,1.37622e+07,1.33678e+07,1.33678e+07,1.33678e+07,9.62493e+06,9.62493e+06,9.62493e+06,9.62266e+06,9.62266e+06,9.62266e+06,2.47524e+07,2.47524e+07,2.47524e+07,394.217,394.217,394.217,287.062,287.062,287.062
268,6.32593e+06,6.32593e+06,6.32593e+06,134283,134283,134283,139898,139898,139898,2.43272e+07,2.43272e+07,2.43272e+07,2.53348e+07,2.53348e+07,2.53348e+07,185324,185324,185324,185452,185452,185452,1.37629e+07,1.37629e+07,1.37629e+07,1.33681e+07,1.33681e+07,1.33681e+07,9.62577e+06,9.62577e+06,9.62577e+06,9.62401e+06,9.62401e+06,9.62401e+06,2.47528e+07,2.47528e+07,2.47528e+07,394.208,394.208,394.208,287.072,287.072,287.072
269,6.3245e+06,6.3245e+06,6.3245e+06,134264,134264,134264,139879,139879,139879,2.43256e+07,2.43256e+07,2.43256e+07,2.53337e+07,2.53337e+07,2.53337e+07,185333,185333,185333,185457,185457,185457,1.37636e+07,1.37636e+07,1.37636e+07,1.33684e+07,1.33684e+07,1.33684e+07,9.62658e+06,9.62658e+06,9.62658e+06,9.62531e+06,9.62531e+06,9.62531e+06,2.47533e+07,2.47533e+07,2.47533e+07,394.198,394.198,394.198,287.067,287.067,287.067
270,6.32315e+06,6.32315e+06,6.32315e+06,134245,134245,134245,139854,139854,139854,2.43242e+07,2.43242e+07,2.43242e+07,2.53327e+07,2.53327e+07,2.53327e+07,185340,185340,185340,185452,185452,185452,1.37642e+07,1.37642e+07,1.37642e+07,1.33686e+07,1.33686e+07,1.33686e+07,9.62737e+06,9.62737e+06,9.62737e+06,9.62653e+06,9.62653e+06,9.62653e+06,2.47539e+07,2.47539e+07,2.47539e+07,394.185,394.185,394.185,287.048,287.048,287.048
271,6.32191e+06,6.32191e+06,6.32191e+06,134227,134227,134227,139823,139823,139823,2.43228e+07,2.43228e+07,2.43228e+07,2.53317e+07,2.53317e+07,2.53317e+07,185345,185345,185345,185438,185438,185438,1.37646e+07,1.37646e+07,1.37646e+07,1.33687e+07,1.33687e+07,1.33687e+07,9.62813e+06,9.62813e+06,9.62813e+06,9.62765e+06,9.62765e+06,9.62765e+06,2.47547e+07,2.47547e+07,2.47547e+07,394.169,394.169,394.169,287.014,287.014,287.014
272,6.32078e+06,6.32078e+06,6.32078e+06,134209,134209,134209,139788,139788,139788,2.43215e+07,2.43215e+07,2.43215e+07,2.53308e+07,2.53308e+07,2.53308e+07,185346,185346,185346,185414,185414,185414,1.3765e+07,1.3765e+07,1.3765e+07,1.33689e+07,1.33689e+07,1.33689e+07,9.62886e+06,9.62886e+06,9.62886e+06,9.62865e+06,9.62865e+06,9.62865e+06,2.47556e+07,2.47556e+07,2.47556e+07,394.15,394.15,394.15,286.968,286.968,286.968
273,6.31979e+06,6.31979e+06,6.31979e+06,134190,134190,134190,139747,139747,139747,2.43203e+07,2.43203e+07,2.43203e+07,2.53299e+07,2.53299e+07,2.53299e+07,185344,185344,185344,185382,185382,185382,1.37653e+07,1.37653e+07,1.37653e+07,1.33689e+07,1.33689e+07,1.33689e+07,9.62954e+06,9.62954e+06,9.62954e+06,9.6295e+06,9.6295e+06,9.6295e+06,2.47566e+07,2.47566e+07,2.47566e+07,394.127,394.127,394.127,286.91,286.91,286.91
274,6.31896e+06,6.31896e+06,6.31896e+06,134172,134172,134172,139704,139704,139704,2.43193e+07,2.43193e+07,2.43193e+07,2.5329e+07,2.5329e+07,2.5329e+07,185339,185339,185339,185342,185342,185342,1.37654e+07,1.37654e+07,1.37654e+07,1.33689e+07,1.33689e+07,1.33689e+07,9.63017e+06,9.63017e+06,9.63017e+06,9.6302e+06,9.6302e+06,9.6302e+06,2.47577e+07,2.47577e+07,2.47577e+07,394.1,394.1,394.1,286.841,286.841,286.841
275,6.31828e+06,6.31828e+06,6.31828e+06,134154,134154,134154,139658,139658,139658,2.43185e+07,2.43185e+07,2.43185e+07,2.53283e+07,2.53283e+07,2.53283e+07,185328,185328,185328,185296,185296,185296,1.37654e+07,1.37654e+07,1.37654e+07,1.33689e+07,1.33689e+07,1.33689e+07,9.63074e+06,9.63074e+06,9.63074e+06,9.63072e+06,9.63072e+06,9.63072e+06,2.47589e+07,2.47589e+07,2.47589e+07,394.068,394.068,394.068,286.764,286.764,286.764
276,6.31778e+06,6.31778e+06,6.31778e+06,134135,134135,134135,139611,139611,139611,2.43179e+07,2.43179e+07,2.43179e+07,2.53275e+07,2.53275e+07,2.53275e+07,185313,185313,185313,185244,185244,185244,1.37653e+07,1.37653e+07,1.37653e+07,1.33688e+07,1.33688e+07,1.33688e+07,9.63124e+06,9.63124e+06,9.63124e+06,9.63107e+06,9.63107e+06,9.63107e+06,2.47602e+07,2.47602e+07,2.47602e+07,394.029,394.029,394.029,286.679,286.679,286.679
277,6.31745e+06,6.31745e+06,6.31745e+06,134115,134115,134115,139564,139564,139564,2.43174e+07,2.43174e+07,2.43174e+07,2.53269e+07,2.53269e+07,2.53269e+07,185293,185293,185293,185189,185189,185189,1.3765e+07,1.3765e+07,1.3765e+07,1.33687e+07,1.33687e+07,1.33687e+07,9.63165e+06,9.63165e+06,9.63165e+06,9.63123e+06,9.63123e+06,9.63123e+06,2.47615e+07,2.47615e+07,2.47615e+07,393.983,393.983,393.983,286.591,286.591,286.591
278,6.31731e+06,6.31731e+06,6.31731e+06,134095,134095,134095,139518,139518,139518,2.43172e+07,2.43172e+07,2.43172e+07,2.53264e+07,2.53264e+07,2.53264e+07,185266,185266,185266,185131,185131,185131,1.37646e+07,1.37646e+07,1.37646e+07,1.33685e+07,1.33685e+07,1.33685e+07,9.63197e+06,9.63197e+06,9.63197e+06,9.63121e+06,9.63121e+06,9.63121e+06,2.4763e+07,2.4763e+07,2.4763e+07,393.93,393.93,393.93,286.499,286.499,286.499
279,6.31736e+06,6.31736e+06,6.31736e+06,134073,134073,134073,139473,139473,139473,2.43171e+07,2.43171e+07,2.43171e+07,2.5326e+07,2.5326e+07,2.5326e+07,185234,185234,185234,185072,185072,185072,1.37641e+07,1.37641e+07,1.37641e+07,1.33683e+07,1.33683e+07,1.33683e+07,9.63218e+06,9.63218e+06,9.63218e+06,9.63101e+06,9.63101e+06,9.63101e+06,2.47644e+07,2.47644e+07,2.47644e+07,393.868,393.868,393.868,286.407,286.407,286.407
280,6.3176e+06,6.3176e+06,6.3176e+06,134051,134051,134051,139432,139432,139432,2.43173e+07,2.43173e+07,2.43173e+07,2.53257e+07,2.53257e+07,2.53257e+07,185195,185195,185195,185012,185012,185012,1.37635e+07,1.37635e+07,1.37635e+07,1.3368e+07,1.3368e+07,1.3368e+07,9.63226e+06,9.63226e+06,9.63226e+06,9.63064e+06,9.63064e+06,9.63064e+06,2.4766e+07,2.4766e+07,2.4766e+07,393.797,393.797,393.797,286.317,286.317,286.317
281,6.31801e+06,6.31801e+06,6.31801e+06,134028,134028,134028,139394,139394,139394,2.43176e+07,2.43176e+07,2.43176e+07,2.53255e+07,2.53255e+07,2.53255e+07,185151,185151,185151,184954,184954,184954,1.37627e+07,1.37627e+07,1.37627e+07,1.33676e+07,1.33676e+07,1.33676e+07,9.63222e+06,9.63222e+06,9.63222e+06,9.63012e+06,9.63012e+06,9.63012e+06,2.47675e+07,2.47675e+07,2.47675e+07,393.718,393.718,393.718,286.23,286.23,286.23
282,6.31861e+06,6.31861e+06,6.31861e+06,134003,134003,134003,139361,139361,139361,2.43182e+07,2.43182e+07,2.43182e+07,2.53255e+07,2.53255e+07,2.53255e+07,185101,185101,185101,184898,184898,184898,1.37619e+07,1.37619e+07,1.37619e+07,1.33672e+07,1.33672e+07,1.33672e+07,9.63204e+06,9.63204e+06,9.63204e+06,9.62945e+06,9.62945e+06,9.62945e+06,2.47691e+07,2.47691e+07,2.47691e+07,393.63,393.63,393.63,286.148,286.148,286.148
283,6.31938e+06,6.31938e+06,6.31938e+06,133978,133978,133978,139333,139333,139333,2.43189e+07,2.43189e+07,2.43189e+07,2.53256e+07,2.53256e+07,2.53256e+07,185046,185046,185046,184845,184845,184845,1.3761e+07,1.3761e+07,1.3761e+07,1.33667e+07,1.33667e+07,1.33667e+07,9.63171e+06,9.63171e+06,9.63171e+06,9.62865e+06,9.62865e+06,9.62865e+06,2.47707e+07,2.47707e+07,2.47707e+07,393.535,393.535,393.535,286.073,286.073,286.073
284,6.32031e+06,6.32031e+06,6.32031e+06,133953,133953,133953,139311,139311,139311,2.43197e+07,2.43197e+07,2.43197e+07,2.53259e+07,2.53259e+07,2.53259e+07,184987,184987,184987,184796,184796,184796,1.37601e+07,1.37601e+07,1.37601e+07,1.33662e+07,1.33662e+07,1.33662e+07,9.63122e+06,9.63122e+06,9.63122e+06,9.62775e+06,9.62775e+06,9.62775e+06,2.47723e+07,2.47723e+07,2.47723e+07,393.433,393.433,393.433,286.006,286.006,286.006
285,6.32139e+06,6.32139e+06,6.32139e+06,133927,133927,133927,139295,139295,139295,2.43206e+07,2.43206e+07,2.43206e+07,2.53264e+07,2.53264e+07,2.53264e+07,184925,184925,184925,184752,184752,184752,1.37591e+07,1.37591e+07,1.37591e+07,1.33656e+07,1.33656e+07,1.33656e+07,9.63058e+06,9.63058e+06,9.63058e+06,9.62676e+06,9.62676e+06,9.62676e+06,2.47738e+07,2.47738e+07,2.47738e+07,393.326,393.326,393.326,285.948,285.948,285.948
286,6.3226e+06,6.3226e+06,6.3226e+06,133901,133901,133901,139285,139285,139285,2.43217e+07,2.43217e+07,2.43217e+07,2.5327e+07,2.5327e+07,2.5327e+07,184860,184860,184860,184712,184712,184712,1.37581e+07,1.37581e+07,1.37581e+07,1.33649e+07,1.33649e+07,1.33649e+07,9.62978e+06,9.62978e+06,9.62978e+06,9.62569e+06,9.62569e+06,9.62569e+06,2.47754e+07,2.47754e+07,2.47754e+07,393.216,393.216,393.216,285.899,285.899,285.899
287,6.32392e+06,6.32392e+06,6.32392e+06,133877,133877,133877,139280,139280,139280,2.43229e+07,2.43229e+07,2.43229e+07,2.53279e+07,2.53279e+07,2.53279e+07,184794,184794,184794,184678,184678,184678,1.37571e+07,1.37571e+07,1.37571e+07,1.33642e+07,1.33642e+07,1.33642e+07,9.62883e+06,9.62883e+06,9.62883e+06,9.62458e+06,9.62458e+06,9.62458e+06,2.4777e+07,2.4777e+07,2.4777e+07,393.104,393.104,393.104,285.86,285.86,285.86
288,6.32535e+06,6.32535e+06,6.32535e+06,133853,133853,133853,139282,139282,139282,2.43241e+07,2.43241e+07,2.43241e+07,2.53289e+07,2.53289e+07,2.53289e+07,184728,184728,184728,184648,184648,184648,1.37561e+07,1.37561e+07,1.37561e+07,1.33634e+07,1.33634e+07,1.33634e+07,9.62773e+06,9.62773e+06,9.62773e+06,9.62343e+06,9.62343e+06,9.62343e+06,2.47785e+07,2.47785e+07,2.47785e+07,392.993,392.993,392.993,285.83,285.83,285.83
289,6.32686e+06,6.32686e+06,6.32686e+06,133832,133832,133832,139289,139289,139289,2.43254e+07,2.43254e+07,2.43254e+07,2.533e+07,2.533e+07,2.533e+07,184664,184664,184664,184624,184624,184624,1.37551e+07,1.37551e+07,1.37551e+07,1.33626e+07,1.33626e+07,1.33626e+07,9.6265e+06,9.6265e+06,9.6265e+06,9.62227e+06,9.62227e+06,9.62227e+06,2.478e+07,2.478e+07,2.478e+07,392.886,392.886,392.886,285.811,285.811,285.811
290,6.32842e+06,6.32842e+06,6.32842e+06,133814,133814,133814,139301,139301,139301,2.43266e+07,2.43266e+07,2.43266e+07,2.53313e+07,2.53313e+07,2.53313e+07,184603,184603,184603,184605,184605,184605,1.37542e+07,1.37542e+07,1.37542e+07,1.33617e+07,1.33617e+07,1.33617e+07,9.62515e+06,9.62515e+06,9.62515e+06,9.62111e+06,9.62111e+06,9.62111e+06,2.47815e+07,2.47815e+07,2.47815e+07,392.784,392.784,392.784,285.8,285.8,285.8
291,6.33002e+06,6.33002e+06,6.33002e+06,133799,133799,133799,139318,139318,139318,2.43279e+07,2.43279e+07,2.43279e+07,2.53328e+07,2.53328e+07,2.53328e+07,184547,184547,184547,184591,184591,184591,1.37534e+07,1.37534e+07,1.37534e+07,1.33607e+07,1.33607e+07,1.33607e+07,9.6237e+06,9.6237e+06,9.6237e+06,9.61997e+06,9.61997e+06,9.61997e+06,2.47829e+07,2.47829e+07,2.47829e+07,392.691,392.691,392.691,285.799,285.799,285.799
292,6.33164e+06,6.33164e+06,6.33164e+06,133788,133788,133788,139339,139339,139339,2.43292e+07,2.43292e+07,2.43292e+07,2.53344e+07,2.53344e+07,2.53344e+07,184496,184496,184496,184581,184581,184581,1.37527e+07,1.37527e+07,1.37527e+07,1.33598e+07,1.33598e+07,1.33598e+07,9.62218e+06,9.62218e+06,9.62218e+06,9.61886e+06,9.61886e+06,9.61886e+06,2.47842e+07,2.47842e+07,2.47842e+07,392.609,392.609,392.609,285.805,285.805,285.805
293,6.33325e+06,6.33325e+06,6.33325e+06,133782,133782,133782,139362,139362,139362,2.43305e+07,2.43305e+07,2.43305e+07,2.5336e+07,2.5336e+07,2.5336e+07,184453,184453,184453,184576,184576,184576,1.3752e+07,1.3752e+07,1.3752e+07,1.33588e+07,1.33588e+07,1.33588e+07,9.6206e+06,9.6206e+06,9.6206e+06,9.61779e+06,9.61779e+06,9.61779e+06,2.47855e+07,2.47855e+07,2.47855e+07,392.541,392.541,392.541,285.818,285.818,285.818
294,6.33483e+06,6.33483e+06,6.33483e+06,133781,133781,133781,139389,139389,139389,2.43317e+07,2.43317e+07,2.43317e+07,2.53378e+07,2.53378e+07,2.53378e+07,184419,184419,184419,184574,184574,184574,1.37514e+07,1.37514e+07,1.37514e+07,1.33578e+07,1.33578e+07,1.33578e+07,9.61899e+06,9.61899e+06,9.61899e+06,9.61677e+06,9.61677e+06,9.61677e+06,2.47868e+07,2.47868e+07,2.47868e+07,392.489,392.489,392.489,285.836,285.836,285.836
295,6.33635e+06,6.33635e+06,6.33635e+06,133786,133786,133786,139416,139416,139416,2.43329e+07,2.43329e+07,2.43329e+07,2.53396e+07,2.53396e+07,2.53396e+07,184393,184393,184393,184575,184575,184575,1.37509e+07,1.37509e+07,1.37509e+07,1.33569e+07,1.33569e+07,1.33569e+07,9.61738e+06,9.61738e+06,9.61738e+06,9.6158e+06,9.6158e+06,9.6158e+06,2.4788e+07,2.4788e+07,2.4788e+07,392.454,392.454,392.454,285.86,285.86,285.86
296,6.3378e+06,6.3378e+06,6.3378e+06,133796,133796,133796,139445,139445,139445,2.43341e+07,2.43341e+07,2.43341e+07,2.53414e+07,2.53414e+07,2.53414e+07,184378,184378,184378,184580,184580,184580,1.37505e+07,1.37505e+07,1.37505e+07,1.3356e+07,1.3356e+07,1.3356e+07,9.61581e+06,9.61581e+06,9.61581e+06,9.6149e+06,9.6149e+06,9.6149e+06,2.47891e+07,2.47891e+07,2.47891e+07,392.438,392.438,392.438,285.888,285.888,285.888
297,6.33916e+06,6.33916e+06,6.33916e+06,133812,133812,133812,139474,139474,139474,2.43351e+07,2.43351e+07,2.43351e+07,2.53432e+07,2.53432e+07,2.53432e+07,184373,184373,184373,184586,184586,184586,1.37501e+07,1.37501e+07,1.37501e+07,1.33551e+07,1.33551e+07,1.33551e+07,9.6143e+06,9.6143e+06,9.6143e+06,9.61407e+06,9.61407e+06,9.61407e+06,2.47902e+07,2.47902e+07,2.47902e+07,392.442,392.442,392.442,285.918,285.918,285.918
298,6.34041e+06,6.34041e+06,6.34041e+06,133834,133834,133834,139503,139503,139503,2.43361e+07,2.43361e+07,2.43361e+07,2.5345e+07,2.5345e+07,2.5345e+07,184379,184379,184379,184595,184595,184595,1.37499e+07,1.37499e+07,1.37499e+07,1.33543e+07,1.33543e+07,1.33543e+07,9.61287e+06,9.61287e+06,9.61287e+06,9.61331e+06,9.61331e+06,9.61331e+06,2.47913e+07,2.47913e+07,2.47913e+07,392.466,392.466,392.466,285.95,285.95,285.95
299,6.34153e+06,6.34153e+06,6.34153e+06,133861,133861,133861,139531,139531,139531,2.43371e+07,2.43371e+07,2.43371e+07,2.53467e+07,2.53467e+07,2.53467e+07,184396,184396,184396,184606,184606,184606,1.37498e+07,1.37498e+07,1.37498e+07,1.33536e+07,1.33536e+07,1.33536e+07,9.61157e+06,9.61157e+06,9.61157e+06,9.61263e+06,9.61263e+06,9.61263e+06,2.47923e+07,2.47923e+07,2.47923e+07,392.51,392.51,392.51,285.984,285.984,285.984
300,6.34251e+06,6.34251e+06,6.34251e+06,133894,133894,133894,139558,139558,139558,2.4338e+07,2.4338e+07,2.4338e+07,2.53483e+07,2.53483e+07,2.53483e+07,184423,184423,184423,184618,184618,184618,1.37497e+07,1.37497e+07,1.37497e+07,1.3353e+07,1.3353e+07,1.3353e+07,9.6104e+06,9.6104e+06,9.6104e+06,9.61201e+06,9.61201e+06,9.61201e+06,2.47933e+07,2.47933e+07,2.47933e+07,392.574,392.574,392.574,286.018,286.018,286.018
301,6.34333e+06,6.34333e+06,6.34333e+06,133931,133931,133931,139583,139583,139583,2.43388e+07,2.43388e+07,2.43388e+07,2.53498e+07,2.53498e+07,2.53498e+07,184460,184460,184460,184632,184632,184632,1.37497e+07,1.37497e+07,1.37497e+07,1.33526e+07,1.33526e+07,1.33526e+07,9.6094e+06,9.6094e+06,9.6094e+06,9.61148e+06,9.61148e+06,9.61148e+06,2.47942e+07,2.47942e+07,2.47942e+07,392.656,392.656,392.656,286.053,286.053,286.053
302,6.34399e+06,6.34399e+06,6.34399e+06,133972,133972,133972,139606,139606,139606,2.43395e+07,2.43395e+07,2.43395e+07,2.53512e+07,2.53512e+07,2.53512e+07,184506,184506,184506,184648,184648,184648,1.37498e+07,1.37498e+07,1.37498e+07,1.33522e+07,1.33522e+07,1.33522e+07,9.60858e+06,9.60858e+06,9.60858e+06,9.61102e+06,9.61102e+06,9.61102e+06,2.47952e+07,2.47952e+07,2.47952e+07,392.755,392.755,392.755,286.088,286.088,286.088
303,6.34447e+06,6.34447e+06,6.34447e+06,134016,134016,134016,139627,139627,139627,2.43402e+07,2.43402e+07,2.43402e+07,2.53524e+07,2.53524e+07,2.53524e+07,184560,184560,184560,184666,184666,184666,1.37499e+07,1.37499e+07,1.37499e+07,1.3352e+07,1.3352e+07,1.3352e+07,9.60796e+06,9.60796e+06,9.60796e+06,9.61063e+06,9.61063e+06,9.61063e+06,2.47962e+07,2.47962e+07,2.47962e+07,392.87,392.87,392.87,286.122,286.122,286.122
304,6.34478e+06,6.34478e+06,6.34478e+06,134062,134062,134062,139647,139647,139647,2.43408e+07,2.43408e+07,2.43408e+07,2.53533e+07,2.53533e+07,2.53533e+07,184621,184621,184621,184686,184686,184686,1.37501e+07,1.37501e+07,1.37501e+07,1.33519e+07,1.33519e+07,1.33519e+07,9.60755e+06,9.60755e+06,9.60755e+06,9.61033e+06,9.61033e+06,9.61033e+06,2.47971e+07,2.47971e+07,2.47971e+07,392.997,392.997,392.997,286.157,286.157,286.157
305,6.3449e+06,6.3449e+06,6.3449e+06,134110,134110,134110,139664,139664,139664,2.43414e+07,2.43414e+07,2.43414e+07,2.53541e+07,2.53541e+07,2.53541e+07,184687,184687,184687,184708,184708,184708,1.37503e+07,1.37503e+07,1.37503e+07,1.33519e+07,1.33519e+07,1.33519e+07,9.60736e+06,9.60736e+06,9.60736e+06,9.6101e+06,9.6101e+06,9.6101e+06,2.47981e+07,2.47981e+07,2.47981e+07,393.133,393.133,393.133,286.192,286.192,286.192
306,6.34485e+06,6.34485e+06,6.34485e+06,134158,134158,134158,139680,139680,139680,2.43419e+07,2.43419e+07,2.43419e+07,2.53547e+07,2.53547e+07,2.53547e+07,184758,184758,184758,184733,184733,184733,1.37505e+07,1.37505e+07,1.37505e+07,1.33521e+07,1.33521e+07,1.33521e+07,9.60739e+06,9.60739e+06,9.60739e+06,9.60996e+06,9.60996e+06,9.60996e+06,2.47991e+07,2.47991e+07,2.47991e+07,393.277,393.277,393.277,286.227,286.227,286.227
307,6.34462e+06,6.34462e+06,6.34462e+06,134205,134205,134205,139694,139694,139694,2.43423e+07,2.43423e+07,2.43423e+07,2.53551e+07,2.53551e+07,2.53551e+07,184831,184831,184831,184760,184760,184760,1.37508e+07,1.37508e+07,1.37508e+07,1.33524e+07,1.33524e+07,1.33524e+07,9.60763e+06,9.60763e+06,9.60763e+06,9.60991e+06,9.60991e+06,9.60991e+06,2.48001e+07,2.48001e+07,2.48001e+07,393.425,393.425,393.425,286.263,286.263,286.263
308,6.34421e+06,6.34421e+06,6.34421e+06,134250,134250,134250,139707,139707,139707,2.43426e+07,2.43426e+07,2.43426e+07,2.53553e+07,2.53553e+07,2.53553e+07,184905,184905,184905,184790,184790,184790,1.37511e+07,1.37511e+07,1.37511e+07,1.33529e+07,1.33529e+07,1.33529e+07,9.60808e+06,9.60808e+06,9.60808e+06,9.60994e+06,9.60994e+06,9.60994e+06,2.48012e+07,2.48012e+07,2.48012e+07,393.573,393.573,393.573,286.3,286.3,286.3
309,6.34364e+06,6.34364e+06,6.34364e+06,134292,134292,134292,139719,139719,139719,2.43429e+07,2.43429e+07,2.43429e+07,2.53552e+07,2.53552e+07,2.53552e+07,184978,184978,184978,184823,184823,184823,1.37515e+07,1.37515e+07,1.37515e+07,1.33535e+07,1.33535e+07,1.33535e+07,9.60872e+06,9.60872e+06,9.60872e+06,9.61007e+06,9.61007e+06,9.61007e+06,2.48023e+07,2.48023e+07,2.48023e+07,393.718,393.718,393.718,286.339,286.339,286.339
310,6.34292e+06,6.34292e+06,6.34292e+06,134331,134331,134331,139730,139730,139730,2.43431e+07,2.43431e+07,2.43431e+07,2.5355e+07,2.5355e+07,2.5355e+07,185050,185050,185050,184859,184859,184859,1.37519e+07,1.37519e+07,1.37519e+07,1.33542e+07,1.33542e+07,1.33542e+07,9.60955e+06,9.60955e+06,9.60955e+06,9.61029e+06,9.61029e+06,9.61029e+06,2.48035e+07,2.48035e+07,2.48035e+07,393.857,393.857,393.857,286.379,286.379,286.379
311,6.34205e+06,6.34205e+06,6.34205e+06,134364,134364,134364,139740,139740,139740,2.43433e+07,2.43433e+07,2.43433e+07,2.53546e+07,2.53546e+07,2.53546e+07,185117,185117,185117,184897,184897,184897,1.37522e+07,1.37522e+07,1.37522e+07,1.3355e+07,1.3355e+07,1.3355e+07,9.61054e+06,9.61054e+06,9.61054e+06,9.61061e+06,9.61061e+06,9.61061e+06,2.48048e+07,2.48048e+07,2.48048e+07,393.988,393.988,393.988,286.421,286.421,286.421
312,6.34106e+06,6.34106e+06,6.34106e+06,134393,134393,134393,139749,139749,139749,2.43434e+07,2.43434e+07,2.43434e+07,2.53541e+07,2.53541e+07,2.53541e+07,185180,185180,185180,184938,184938,184938,1.37526e+07,1.37526e+07,1.37526e+07,1.33558e+07,1.33558e+07,1.33558e+07,9.61167e+06,9.61167e+06,9.61167e+06,9.61104e+06,9.61104e+06,9.61104e+06,2.48061e+07,2.48061e+07,2.48061e+07,394.107,394.107,394.107,286.465,286.465,286.465
313,6.33996e+06,6.33996e+06,6.33996e+06,134415,134415,134415,139758,139758,139758,2.43434e+07,2.43434e+07,2.43434e+07,2.53534e+07,2.53534e+07,2.53534e+07,185237,185237,185237,184981,184981,184981,1.37531e+07,1.37531e+07,1.37531e+07,1.33567e+07,1.33567e+07,1.33567e+07,9.61291e+06,9.61291e+06,9.61291e+06,9.61156e+06,9.61156e+06,9.61156e+06,2.48075e+07,2.48075e+07,2.48075e+07,394.212,394.212,394.212,286.509,286.509,286.509
314,6.33876e+06,6.33876e+06,6.33876e+06,134431,134431,134431,139766,139766,139766,2.43433e+07,2.43433e+07,2.43433e+07,2.53526e+07,2.53526e+07,2.53526e+07,185287,185287,185287,185025,185025,185025,1.37535e+07,1.37535e+07,1.37535e+07,1.33577e+07,1.33577e+07,1.33577e+07,9.61424e+06,9.61424e+06,9.61424e+06,9.61218e+06,9.61218e+06,9.61218e+06,2.4809e+07,2.4809e+07,2.4809e+07,394.302,394.302,394.302,286.555,286.555,286.555
315,6.3375e+06,6.3375e+06,6.3375e+06,134440,134440,134440,139774,139774,139774,2.43432e+07,2.43432e+07,2.43432e+07,2.53517e+07,2.53517e+07,2.53517e+07,185330,185330,185330,185070,185070,185070,1.37539e+07,1.37539e+07,1.37539e+07,1.33587e+07,1.33587e+07,1.33587e+07,9.61564e+06,9.61564e+06,9.61564e+06,9.61291e+06,9.61291e+06,9.61291e+06,2.48106e+07,2.48106e+07,2.48106e+07,394.374,394.374,394.374,286.602,286.602,286.602
316,6.33618e+06,6.33618e+06,6.33618e+06,134442,134442,134442,139781,139781,139781,2.43429e+07,2.43429e+07,2.43429e+07,2.53508e+07,2.53508e+07,2.53508e+07,185365,185365,185365,185116,185116,185116,1.37544e+07,1.37544e+07,1.37544e+07,1.33597e+07,1.33597e+07,1.33597e+07,9.61707e+06,9.61707e+06,9.61707e+06,9.61372e+06,9.61372e+06,9.61372e+06,2.48122e+07,2.48122e+07,2.48122e+07,394.429,394.429,394.429,286.649,286.649,286.649
317,6.33483e+06,6.33483e+06,6.33483e+06,134438,134438,134438,139787,139787,139787,2.43426e+07,2.43426e+07,2.43426e+07,2.53499e+07,2.53499e+07,2.53499e+07,185391,185391,185391,185161,185161,185161,1.37549e+07,1.37549e+07,1.37549e+07,1.33606e+07,1.33606e+07,1.33606e+07,9.61851e+06,9.61851e+06,9.61851e+06,9.61463e+06,9.61463e+06,9.61463e+06,2.4814e+07,2.4814e+07,2.4814e+07,394.465,394.465,394.465,286.695,286.695,286.695
318,6.33348e+06,6.33348e+06,6.33348e+06,134428,134428,134428,139792,139792,139792,2.43423e+07,2.43423e+07,2.43423e+07,2.53489e+07,2.53489e+07,2.53489e+07,185409,185409,185409,185204,185204,185204,1.37554e+07,1.37554e+07,1.37554e+07,1.33615e+07,1.33615e+07,1.33615e+07,9.61993e+06,9.61993e+06,9.61993e+06,9.61562e+06,9.61562e+06,9.61562e+06,2.48158e+07,2.48158e+07,2.48158e+07,394.483,394.483,394.483,286.739,286.739,286.739
319,6.33213e+06,6.33213e+06,6.33213e+06,134411,134411,134411,139796,139796,139796,2.43419e+07,2.43419e+07,2.43419e+07,2.5348e+07,2.5348e+07,2.5348e+07,185418,185418,185418,185245,185245,185245,1.37559e+07,1.37559e+07,1.37559e+07,1.33624e+07,1.33624e+07,1.33624e+07,9.62131e+06,9.62131e+06,9.62131e+06,9.61668e+06,9.61668e+06,9.61668e+06,2.48177e+07,2.48177e+07,2.48177e+07,394.484,394.484,394.484,286.78,286.78,286.78
320,6.33083e+06,6.33083e+06,6.33083e+06,134389,134389,134389,139798,139798,139798,2.43414e+07,2.43414e+07,2.43414e+07,2.53471e+07,2.53471e+07,2.53471e+07,185420,185420,185420,185283,185283,185283,1.37564e+07,1.37564e+07,1.37564e+07,1.33632e+07,1.33632e+07,1.33632e+07,9.62263e+06,9.62263e+06,9.62263e+06,9.61779e+06,9.61779e+06,9.61779e+06,2.48196e+07,2.48196e+07,2.48196e+07,394.467,394.467,394.467,286.818,286.818,286.818
321,6.32958e+06,6.32958e+06,6.32958e+06,134363,134363,134363,139798,139798,139798,2.43409e+07,2.43409e+07,2.43409e+07,2.53464e+07,2.53464e+07,2.53464e+07,185415,185415,185415,185317,185317,185317,1.37569e+07,1.37569e+07,1.37569e+07,1.33639e+07,1.33639e+07,1.33639e+07,9.62386e+06,9.62386e+06,9.62386e+06,9.61895e+06,9.61895e+06,9.61895e+06,2.48217e+07,2.48217e+07,2.48217e+07,394.436,394.436,394.436,286.85,286.85,286.85
322,6.3284e+06,6.3284e+06,6.3284e+06,134333,134333,134333,139796,139796,139796,2.43404e+07,2.43404e+07,2.43404e+07,2.53457e+07,2.53457e+07,2.53457e+07,185403,185403,185403,185345,185345,185345,1.37574e+07,1.37574e+07,1.37574e+07,1.33645e+07,1.33645e+07,1.33645e+07,9.62499e+06,9.62499e+06,9.62499e+06,9.62014e+06,9.62014e+06,9.62014e+06,2.48238e+07,2.48238e+07,2.48238e+07,394.39,394.39,394.39,286.876,286.876,286.876
323,6.32732e+06,6.32732e+06,6.32732e+06,134300,134300,134300,139791,139791,139791,2.43399e+07,2.43399e+07,2.43399e+07,2.53451e+07,2.53451e+07,2.53451e+07,185385,185385,185385,185367,185367,185367,1.37579e+07,1.37579e+07,1.37579e+07,1.3365e+07,1.3365e+07,1.3365e+07,9.62602e+06,9.62602e+06,9.62602e+06,9.62133e+06,9.62133e+06,9.62133e+06,2.48259e+07,2.48259e+07,2.48259e+07,394.333,394.333,394.333,286.896,286.896,286.896
324,6.32636e+06,6.32636e+06,6.32636e+06,134265,134265,134265,139784,139784,139784,2.43394e+07,2.43394e+07,2.43394e+07,2.53447e+07,2.53447e+07,2.53447e+07,185363,185363,185363,185382,185382,185382,1.37583e+07,1.37583e+07,1.37583e+07,1.33654e+07,1.33654e+07,1.33654e+07,9.62692e+06,9.62692e+06,9.62692e+06,9.6225e+06,9.6225e+06,9.6225e+06,2.48281e+07,2.48281e+07,2.48281e+07,394.265,394.265,394.265,286.907,286.907,286.907
325,6.32553e+06,6.32553e+06,6.32553e+06,134228,134228,134228,139773,139773,139773,2.43389e+07,2.43389e+07,2.43389e+07,2.53444e+07,2.53444e+07,2.53444e+07,185335,185335,185335,185390,185390,185390,1.37588e+07,1.37588e+07,1.37588e+07,1.33657e+07,1.33657e+07,1.33657e+07,9.62769e+06,9.62769e+06,9.62769e+06,9.62365e+06,9.62365e+06,9.62365e+06,2.48303e+07,2.48303e+07,2.48303e+07,394.19,394.19,394.19,286.909,286.909,286.909
326,6.32484e+06,6.32484e+06,6.32484e+06,134191,134191,134191,139759,139759,139759,2.43385e+07,2.43385e+07,2.43385e+07,2.53443e+07,2.53443e+07,2.53443e+07,185305,185305,185305,185389,185389,185389,1.37592e+07,1.37592e+07,1.37592e+07,1.33658e+07,1.33658e+07,1.33658e+07,9.62833e+06,9.62833e+06,9.62833e+06,9.62473e+06,9.62473e+06,9.62473e+06,2.48325e+07,2.48325e+07,2.48325e+07,394.109,394.109,394.109,286.901,286.901,286.901
327,6.3243e+06,6.3243e+06,6.3243e+06,134155,134155,134155,139742,139742,139742,2.43381e+07,2.43381e+07,2.43381e+07,2.53443e+07,2.53443e+07,2.53443e+07,185271,185271,185271,185381,185381,185381,1.37595e+07,1.37595e+07,1.37595e+07,1.33659e+07,1.33659e+07,1.33659e+07,9.62883e+06,9.62883e+06,9.62883e+06,9.62574e+06,9.62574e+06,9.62574e+06,2.48348e+07,2.48348e+07,2.48348e+07,394.024,394.024,394.024,286.884,286.884,286.884
328,6.32394e+06,6.32394e+06,6.32394e+06,134120,134120,134120,139722,139722,139722,2.43379e+07,2.43379e+07,2.43379e+07,2.53445e+07,2.53445e+07,2.53445e+07,185236,185236,185236,185364,185364,185364,1.37598e+07,1.37598e+07,1.37598e+07,1.33658e+07,1.33658e+07,1.33658e+07,9.62921e+06,9.62921e+06,9.62921e+06,9.62665e+06,9.62665e+06,9.62665e+06,2.4837e+07,2.4837e+07,2.4837e+07,393.938,393.938,393.938,286.856,286.856,286.856
329,6.32374e+06,6.32374e+06,6.32374e+06,134087,134087,134087,139699,139699,139699,2.43377e+07,2.43377e+07,2.43377e+07,2.53448e+07,2.53448e+07,2.53448e+07,185200,185200,185200,185340,185340,185340,1.376e+07,1.376e+07,1.376e+07,1.33657e+07,1.33657e+07,1.33657e+07,9.62945e+06,9.62945e+06,9.62945e+06,9.62745e+06,9.62745e+06,9.62745e+06,2.48393e+07,2.48393e+07,2.48393e+07,393.852,393.852,393.852,286.819,286.819,286.819
330,6.32373e+06,6.32373e+06,6.32373e+06,134057,134057,134057,139674,139674,139674,2.43377e+07,2.43377e+07,2.43377e+07,2.53453e+07,2.53453e+07,2.53453e+07,185163,185163,185163,185307,185307,185307,1.37602e+07,1.37602e+07,1.37602e+07,1.33654e+07,1.33654e+07,1.33654e+07,9.62956e+06,9.62956e+06,9.62956e+06,9.62811e+06,9.62811e+06,9.62811e+06,2.48415e+07,2.48415e+07,2.48415e+07,393.767,393.767,393.767,286.772,286.772,286.772
331,6.3239e+06,6.3239e+06,6.3239e+06,134029,134029,134029,139646,139646,139646,2.43378e+07,2.43378e+07,2.43378e+07,2.5346e+07,2.5346e+07,2.5346e+07,185126,185126,185126,185268,185268,185268,1.37603e+07,1.37603e+07,1.37603e+07,1.33651e+07,1.33651e+07,1.33651e+07,9.62956e+06,9.62956e+06,9.62956e+06,9.62862e+06,9.62862e+06,9.62862e+06,2.48436e+07,2.48436e+07,2.48436e+07,393.686,393.686,393.686,286.717,286.717,286.717
332,6.32425e+06,6.32425e+06,6.32425e+06,134005,134005,134005,139617,139617,139617,2.4338e+07,2.4338e+07,2.4338e+07,2.53467e+07,2.53467e+07,2.53467e+07,185090,185090,185090,185222,185222,185222,1.37603e+07,1.37603e+07,1.37603e+07,1.33647e+07,1.33647e+07,1.33647e+07,9.62944e+06,9.62944e+06,9.62944e+06,9.62898e+06,9.62898e+06,9.62898e+06,2.48457e+07,2.48457e+07,2.48457e+07,393.609,393.609,393.609,286.654,286.654,286.654
333,6.32478e+06,6.32478e+06,6.32478e+06,133985,133985,133985,139587,139587,139587,2.43385e+07,2.43385e+07,2.43385e+07,2.53476e+07,2.53476e+07,2.53476e+07,185054,185054,185054,185171,185171,185171,1.37602e+07,1.37602e+07,1.37602e+07,1.33643e+07,1.33643e+07,1.33643e+07,9.62922e+06,9.62922e+06,9.62922e+06,9.62917e+06,9.62917e+06,9.62917e+06,2.48478e+07,2.48478e+07,2.48478e+07,393.537,393.537,393.537,286.585,286.585,286.585
334,6.32548e+06,6.32548e+06,6.32548e+06,133968,133968,133968,139556,139556,139556,2.43391e+07,2.43391e+07,2.43391e+07,2.53487e+07,2.53487e+07,2.53487e+07,185019,185019,185019,185116,185116,185116,1.376e+07,1.376e+07,1.376e+07,1.33638e+07,1.33638e+07,1.33638e+07,9.62891e+06,9.62891e+06,9.62891e+06,9.62918e+06,9.62918e+06,9.62918e+06,2.48497e+07,2.48497e+07,2.48497e+07,393.471,393.471,393.471,286.512,286.512,286.512
335,6.32634e+06,6.32634e+06,6.32634e+06,133955,133955,133955,139526,139526,139526,2.43398e+07,2.43398e+07,2.43398e+07,2.53498e+07,2.53498e+07,2.53498e+07,184986,184986,184986,185058,185058,185058,1.37597e+07,1.37597e+07,1.37597e+07,1.33633e+07,1.33633e+07,1.33633e+07,9.62851e+06,9.62851e+06,9.62851e+06,9.62902e+06,9.62902e+06,9.62902e+06,2.48516e+07,2.48516e+07,2.48516e+07,393.41,393.41,393.41,286.435,286.435,286.435
336,6.32736e+06,6.32736e+06,6.32736e+06,133946,133946,133946,139497,139497,139497,2.43408e+07,2.43408e+07,2.43408e+07,2.5351e+07,2.5351e+07,2.5351e+07,184954,184954,184954,184998,184998,184998,1.37594e+07,1.37594e+07,1.37594e+07,1.33627e+07,1.33627e+07,1.33627e+07,9.62804e+06,9.62804e+06,9.62804e+06,9.62869e+06,9.62869e+06,9.62869e+06,2.48533e+07,2.48533e+07,2.48533e+07,393.356,393.356,393.356,286.357,286.357,286.357
337,6.32852e+06,6.32852e+06,6.32852e+06,133940,133940,133940,139471,139471,139471,2.43419e+07,2.43419e+07,2.43419e+07,2.53523e+07,2.53523e+07,2.53523e+07,184923,184923,184923,184939,184939,184939,1.37589e+07,1.37589e+07,1.37589e+07,1.33622e+07,1.33622e+07,1.33622e+07,9.62749e+06,9.62749e+06,9.62749e+06,9.6282e+06,9.6282e+06,9.6282e+06,2.4855e+07,2.4855e+07,2.4855e+07,393.308,393.308,393.308,286.28,286.28,286.28
338,6.32981e+06,6.32981e+06,6.32981e+06,133937,133937,133937,139447,139447,139447,2.43432e+07,2.43432e+07,2.43432e+07,2.53537e+07,2.53537e+07,2.53537e+07,184893,184893,184893,184880,184880,184880,1.37584e+07,1.37584e+07,1.37584e+07,1.33617e+07,1.33617e+07,1.33617e+07,9.62689e+06,9.62689e+06,9.62689e+06,9.62756e+06,9.62756e+06,9.62756e+06,2.48565e+07,2.48565e+07,2.48565e+07,393.265,393.265,393.265,286.205,286.205,286.205
339,6.33121e+06,6.33121e+06,6.33121e+06,133938,133938,133938,139427,139427,139427,2.43447e+07,2.43447e+07,2.43447e+07,2.53552e+07,2.53552e+07,2.53552e+07,184865,184865,184865,184824,184824,184824,1.37579e+07,1.37579e+07,1.37579e+07,1.33611e+07,1.33611e+07,1.33611e+07,9.62623e+06,9.62623e+06,9.62623e+06,9.62679e+06,9.62679e+06,9.62679e+06,2.4858e+07,2.4858e+07,2.4858e+07,393.228,393.228,393.228,286.135,286.135,286.135
340,6.3327e+06,6.3327e+06,6.3327e+06,133941,133941,133941,139411,139411,139411,2.43462e+07,2.43462e+07,2.43462e+07,2.53567e+07,2.53567e+07,2.53567e+07,184838,184838,184838,184772,184772,184772,1.37573e+07,1.37573e+07,1.37573e+07,1.33606e+07,1.33606e+07,1.33606e+07,9.62553e+06,9.62553e+06,9.62553e+06,9.62589e+06,9.62589e+06,9.62589e+06,2.48592e+07,2.48592e+07,2.48592e+07,393.197,393.197,393.197,286.071,286.071,286.071
341,6.33427e+06,6.33427e+06,6.33427e+06,133947,133947,133947,139399,139399,139399,2.4348e+07,2.4348e+07,2.4348e+07,2.53583e+07,2.53583e+07,2.53583e+07,184812,184812,184812,184725,184725,184725,1.37566e+07,1.37566e+07,1.37566e+07,1.33601e+07,1.33601e+07,1.33601e+07,9.62479e+06,9.62479e+06,9.62479e+06,9.62489e+06,9.62489e+06,9.62489e+06,2.48604e+07,2.48604e+07,2.48604e+07,393.17,393.17,393.17,286.016,286.016,286.016
342,6.33589e+06,6.33589e+06,6.33589e+06,133955,133955,133955,139394,139394,139394,2.43498e+07,2.43498e+07,2.43498e+07,2.53599e+07,2.53599e+07,2.53599e+07,184788,184788,184788,184685,184685,184685,1.3756e+07,1.3756e+07,1.3756e+07,1.33596e+07,1.33596e+07,1.33596e+07,9.62401e+06,9.62401e+06,9.62401e+06,9.62383e+06,9.62383e+06,9.62383e+06,2.48614e+07,2.48614e+07,2.48614e+07,393.148,393.148,393.148,285.969,285.969,285.969
343,6.33754e+06,6.33754e+06,6.33754e+06,133965,133965,133965,139393,139393,139393,2.43516e+07,2.43516e+07,2.43516e+07,2.53615e+07,2.53615e+07,2.53615e+07,184766,184766,184766,184651,184651,184651,1.37553e+07,1.37553e+07,1.37553e+07,1.33592e+07,1.33592e+07,1.33592e+07,9.62321e+06,9.62321e+06,9.62321e+06,9.6227e+06,9.6227e+06,9.6227e+06,2.48623e+07,2.48623e+07,2.48623e+07,393.13,393.13,393.13,285.934,285.934,285.934
344,6.3392e+06,6.3392e+06,6.3392e+06,133976,133976,133976,139399,139399,139399,2.43536e+07,2.43536e+07,2.43536e+07,2.53631e+07,2.53631e+07,2.53631e+07,184745,184745,184745,184625,184625,184625,1.37547e+07,1.37547e+07,1.37547e+07,1.33588e+07,1.33588e+07,1.33588e+07,9.62239e+06,9.62239e+06,9.62239e+06,9.62156e+06,9.62156e+06,9.62156e+06,2.48631e+07,2.48631e+07,2.48631e+07,393.117,393.117,393.117,285.909,285.909,285.909
345,6.34085e+06,6.34085e+06,6.34085e+06,133989,133989,133989,139410,139410,139410,2.43555e+07,2.43555e+07,2.43555e+07,2.53648e+07,2.53648e+07,2.53648e+07,184727,184727,184727,184607,184607,184607,1.37541e+07,1.37541e+07,1.37541e+07,1.33585e+07,1.33585e+07,1.33585e+07,9.62156e+06,9.62156e+06,9.62156e+06,9.62041e+06,9.62041e+06,9.62041e+06,2.48637e+07,2.48637e+07,2.48637e+07,393.108,393.108,393.108,285.897,285.897,285.897
346,6.34247e+06,6.34247e+06,6.34247e+06,134004,134004,134004,139428,139428,139428,2.43575e+07,2.43575e+07,2.43575e+07,2.53665e+07,2.53665e+07,2.53665e+07,184712,184712,184712,184597,184597,184597,1.37536e+07,1.37536e+07,1.37536e+07,1.33582e+07,1.33582e+07,1.33582e+07,9.62073e+06,9.62073e+06,9.62073e+06,9.61928e+06,9.61928e+06,9.61928e+06,2.48642e+07,2.48642e+07,2.48642e+07,393.104,393.104,393.104,285.898,285.898,285.898
347,6.34403e+06,6.34403e+06,6.34403e+06,134019,134019,134019,139450,139450,139450,2.43594e+07,2.43594e+07,2.43594e+07,2.53681e+07,2.53681e+07,2.53681e+07,184699,184699,184699,184596,184596,184596,1.37531e+07,1.37531e+07,1.37531e+07,1.33579e+07,1.33579e+07,1.33579e+07,9.6199e+06,9.6199e+06,9.6199e+06,9.61821e+06,9.61821e+06,9.61821e+06,2.48646e+07,2.48646e+07,2.48646e+07,393.106,393.106,393.106,285.911,285.911,285.911
348,6.34552e+06,6.34552e+06,6.34552e+06,134036,134036,134036,139478,139478,139478,2.43612e+07,2.43612e+07,2.43612e+07,2.53698e+07,2.53698e+07,2.53698e+07,184691,184691,184691,184603,184603,184603,1.37527e+07,1.37527e+07,1.37527e+07,1.33577e+07,1.33577e+07,1.33577e+07,9.61909e+06,9.61909e+06,9.61909e+06,9.61721e+06,9.61721e+06,9.61721e+06,2.48649e+07,2.48649e+07,2.48649e+07,393.112,393.112,393.112,285.936,285.936,285.936
349,6.34691e+06,6.34691e+06,6.34691e+06,134053,134053,134053,139511,139511,139511,2.4363e+07,2.4363e+07,2.4363e+07,2.53714e+07,2.53714e+07,2.53714e+07,184686,184686,184686,184619,184619,184619,1.37523e+07,1.37523e+07,1.37523e+07,1.33575e+07,1.33575e+07,1.33575e+07,9.61831e+06,9.61831e+06,9.61831e+06,9.6163e+06,9.6163e+06,9.6163e+06,2.48651e+07,2.48651e+07,2.48651e+07,393.125,393.125,393.125,285.973,285.973,285.973
350,6.3482e+06,6.3482e+06,6.3482e+06,134072,134072,134072,139547,139547,139547,2.43647e+07,2.43647e+07,2.43647e+07,2.5373e+07,2.5373e+07,2.5373e+07,184686,184686,184686,184642,184642,184642,1.37521e+07,1.37521e+07,1.37521e+07,1.33574e+07,1.33574e+07,1.33574e+07,9.61756e+06,9.61756e+06,9.61756e+06,9.6155e+06,9.6155e+06,9.6155e+06,2.48652e+07,2.48652e+07,2.48652e+07,393.144,393.144,393.144,286.02,286.02,286.02
351,6.34935e+06,6.34935e+06,6.34935e+06,134093,134093,134093,139587,139587,139587,2.43662e+07,2.43662e+07,2.43662e+07,2.53746e+07,2.53746e+07,2.53746e+07,184690,184690,184690,184672,184672,184672,1.3752e+07,1.3752e+07,1.3752e+07,1.33573e+07,1.33573e+07,1.33573e+07,9.61686e+06,9.61686e+06,9.61686e+06,9.61483e+06,9.61483e+06,9.61483e+06,2.48652e+07,2.48652e+07,2.48652e+07,393.171,393.171,393.171,286.078,286.078,286.078
352,6.35035e+06,6.35035e+06,6.35035e+06,134114,134114,134114,139629,139629,139629,2.43677e+07,2.43677e+07,2.43677e+07,2.5376e+07,2.5376e+07,2.5376e+07,184701,184701,184701,184708,184708,184708,1.37521e+07,1.37521e+07,1.37521e+07,1.33573e+07,1.33573e+07,1.33573e+07,9.61622e+06,9.61622e+06,9.61622e+06,9.61429e+06,9.61429e+06,9.61429e+06,2.48652e+07,2.48652e+07,2.48652e+07,393.206,393.206,393.206,286.143,286.143,286.143
353,6.3512e+06,6.3512e+06,6.3512e+06,134137,134137,134137,139673,139673,139673,2.43689e+07,2.43689e+07,2.43689e+07,2.53775e+07,2.53775e+07,2.53775e+07,184717,184717,184717,184750,184750,184750,1.37522e+07,1.37522e+07,1.37522e+07,1.33573e+07,1.33573e+07,1.33573e+07,9.61566e+06,9.61566e+06,9.61566e+06,9.61391e+06,9.61391e+06,9.61391e+06,2.4865e+07,2.4865e+07,2.4865e+07,393.25,393.25,393.25,286.216,286.216,286.216
354,6.35188e+06,6.35188e+06,6.35188e+06,134162,134162,134162,139717,139717,139717,2.437e+07,2.437e+07,2.437e+07,2.53788e+07,2.53788e+07,2.53788e+07,184739,184739,184739,184796,184796,184796,1.37525e+07,1.37525e+07,1.37525e+07,1.33574e+07,1.33574e+07,1.33574e+07,9.61519e+06,9.61519e+06,9.61519e+06,9.61368e+06,9.61368e+06,9.61368e+06,2.48649e+07,2.48649e+07,2.48649e+07,393.303,393.303,393.303,286.293,286.293,286.293
355,6.35239e+06,6.35239e+06,6.35239e+06,134188,134188,134188,139761,139761,139761,2.4371e+07,2.4371e+07,2.4371e+07,2.538e+07,2.538e+07,2.538e+07,184768,184768,184768,184846,184846,184846,1.37529e+07,1.37529e+07,1.37529e+07,1.33576e+07,1.33576e+07,1.33576e+07,9.61483e+06,9.61483e+06,9.61483e+06,9.61361e+06,9.61361e+06,9.61361e+06,2.48647e+07,2.48647e+07,2.48647e+07,393.365,393.365,393.365,286.375,286.375,286.375
356,6.35271e+06,6.35271e+06,6.35271e+06,134215,134215,134215,139804,139804,139804,2.43717e+07,2.43717e+07,2.43717e+07,2.53812e+07,2.53812e+07,2.53812e+07,184802,184802,184802,184897,184897,184897,1.37534e+07,1.37534e+07,1.37534e+07,1.33578e+07,1.33578e+07,1.33578e+07,9.61458e+06,9.61458e+06,9.61458e+06,9.61369e+06,9.61369e+06,9.61369e+06,2.48644e+07,2.48644e+07,2.48644e+07,393.437,393.437,393.437,286.458,286.458,286.458
357,6.35285e+06,6.35285e+06,6.35285e+06,134243,134243,134243,139845,139845,139845,2.43723e+07,2.43723e+07,2.43723e+07,2.53822e+07,2.53822e+07,2.53822e+07,184844,184844,184844,184950,184950,184950,1.3754e+07,1.3754e+07,1.3754e+07,1.33581e+07,1.33581e+07,1.33581e+07,9.61446e+06,9.61446e+06,9.61446e+06,9.61393e+06,9.61393e+06,9.61393e+06,2.48642e+07,2.48642e+07,2.48642e+07,393.518,393.518,393.518,286.541,286.541,286.541
358,6.35281e+06,6.35281e+06,6.35281e+06,134273,134273,134273,139883,139883,139883,2.43727e+07,2.43727e+07,2.43727e+07,2.5383e+07,2.5383e+07,2.5383e+07,184891,184891,184891,185003,185003,185003,1.37547e+07,1.37547e+07,1.37547e+07,1.33585e+07,1.33585e+07,1.33585e+07,9.61448e+06,9.61448e+06,9.61448e+06,9.61431e+06,9.61431e+06,9.61431e+06,2.48639e+07,2.48639e+07,2.48639e+07,393.609,393.609,393.609,286.622,286.622,286.622
359,6.35258e+06,6.35258e+06,6.35258e+06,134303,134303,134303,139917,139917,139917,2.4373e+07,2.4373e+07,2.4373e+07,2.53838e+07,2.53838e+07,2.53838e+07,184943,184943,184943,185056,185056,185056,1.37555e+07,1.37555e+07,1.37555e+07,1.3359e+07,1.3359e+07,1.3359e+07,9.61465e+06,9.61465e+06,9.61465e+06,9.61484e+06,9.61484e+06,9.61484e+06,2.48637e+07,2.48637e+07,2.48637e+07,393.707,393.707,393.707,286.701,286.701,286.701
360,6.35218e+06,6.35218e+06,6.35218e+06,134335,134335,134335,139947,139947,139947,2.43731e+07,2.43731e+07,2.43731e+07,2.53843e+07,2.53843e+07,2.53843e+07,185000,185000,185000,185108,185108,185108,1.37564e+07,1.37564e+07,1.37564e+07,1.33595e+07,1.33595e+07,1.33595e+07,9.61497e+06,9.61497e+06,9.61497e+06,9.61549e+06,9.61549e+06,9.61549e+06,2.48635e+07,2.48635e+07,2.48635e+07,393.813,393.813,393.813,286.776,286.776,286.776
361,6.35161e+06,6.35161e+06,6.35161e+06,134366,134366,134366,139973,139973,139973,2.43731e+07,2.43731e+07,2.43731e+07,2.53847e+07,2.53847e+07,2.53847e+07,185062,185062,185062,185157,185157,185157,1.37573e+07,1.37573e+07,1.37573e+07,1.33601e+07,1.33601e+07,1.33601e+07,9.61546e+06,9.61546e+06,9.61546e+06,9.61625e+06,9.61625e+06,9.61625e+06,2.48634e+07,2.48634e+07,2.48634e+07,393.925,393.925,393.925,286.845,286.845,286.845
362,6.35088e+06,6.35088e+06,6.35088e+06,134397,134397,134397,139995,139995,139995,2.43729e+07,2.43729e+07,2.43729e+07,2.53849e+07,2.53849e+07,2.53849e+07,185126,185126,185126,185204,185204,185204,1.37583e+07,1.37583e+07,1.37583e+07,1.33608e+07,1.33608e+07,1.33608e+07,9.61611e+06,9.61611e+06,9.61611e+06,9.61712e+06,9.61712e+06,9.61712e+06,2.48632e+07,2.48632e+07,2.48632e+07,394.042,394.042,394.042,286.909,286.909,286.909
363,6.35001e+06,6.35001e+06,6.35001e+06,134428,134428,134428,140011,140011,140011,2.43727e+07,2.43727e+07,2.43727e+07,2.5385e+07,2.5385e+07,2.5385e+07,185193,185193,185193,185248,185248,185248,1.37593e+07,1.37593e+07,1.37593e+07,1.33616e+07,1.33616e+07,1.33616e+07,9.61692e+06,9.61692e+06,9.61692e+06,9.61807e+06,9.61807e+06,9.61807e+06,2.48632e+07,2.48632e+07,2.48632e+07,394.161,394.161,394.161,286.966,286.966,286.966
364,6.349e+06,6.349e+06,6.349e+06,134457,134457,134457,140022,140022,140022,2.43723e+07,2.43723e+07,2.43723e+07,2.53849e+07,2.53849e+07,2.53849e+07,185261,185261,185261,185289,185289,185289,1.37603e+07,1.37603e+07,1.37603e+07,1.33624e+07,1.33624e+07,1.33624e+07,9.61788e+06,9.61788e+06,9.61788e+06,9.61909e+06,9.61909e+06,9.61909e+06,2.48632e+07,2.48632e+07,2.48632e+07,394.281,394.281,394.281,287.015,287.015,287.015
365,6.34788e+06,6.34788e+06,6.34788e+06,134484,134484,134484,140029,140029,140029,2.43719e+07,2.43719e+07,2.43719e+07,2.53846e+07,2.53846e+07,2.53846e+07,185329,185329,185329,185326,185326,185326,1.37613e+07,1.37613e+07,1.37613e+07,1.33633e+07,1.33633e+07,1.33633e+07,9.619e+06,9.619e+06,9.619e+06,9.62017e+06,9.62017e+06,9.62017e+06,2.48633e+07,2.48633e+07,2.48633e+07,394.399,394.399,394.399,287.057,287.057,287.057
366,6.34666e+06,6.34666e+06,6.34666e+06,134509,134509,134509,140031,140031,140031,2.43714e+07,2.43714e+07,2.43714e+07,2.53842e+07,2.53842e+07,2.53842e+07,185395,185395,185395,185359,185359,185359,1.37623e+07,1.37623e+07,1.37623e+07,1.33643e+07,1.33643e+07,1.33643e+07,9.62025e+06,9.62025e+06,9.62025e+06,9.6213e+06,9.6213e+06,9.6213e+06,2.48634e+07,2.48634e+07,2.48634e+07,394.514,394.514,394.514,287.092,287.092,287.092
367,6.34537e+06,6.34537e+06,6.34537e+06,134531,134531,134531,140028,140028,140028,2.43709e+07,2.43709e+07,2.43709e+07,2.53836e+07,2.53836e+07,2.53836e+07,185458,185458,185458,185389,185389,185389,1.37633e+07,1.37633e+07,1.37633e+07,1.33653e+07,1.33653e+07,1.33653e+07,9.62162e+06,9.62162e+06,9.62162e+06,9.62245e+06,9.62245e+06,9.62245e+06,2.48636e+07,2.48636e+07,2.48636e+07,394.623,394.623,394.623,287.12,287.12,287.12
368,6.34402e+06,6.34402e+06,6.34402e+06,134549,134549,134549,140022,140022,140022,2.43704e+07,2.43704e+07,2.43704e+07,2.53829e+07,2.53829e+07,2.53829e+07,185517,185517,185517,185415,185415,185415,1.37642e+07,1.37642e+07,1.37642e+07,1.33664e+07,1.33664e+07,1.33664e+07,9.6231e+06,9.6231e+06,9.6231e+06,9.62362e+06,9.62362e+06,9.62362e+06,2.4864e+07,2.4864e+07,2.4864e+07,394.723,394.723,394.723,287.141,287.141,287.141
369,6.34263e+06,6.34263e+06,6.34263e+06,134564,134564,134564,140012,140012,140012,2.43698e+07,2.43698e+07,2.43698e+07,2.5382e+07,2.5382e+07,2.5382e+07,185570,185570,185570,185438,185438,185438,1.37651e+07,1.37651e+07,1.37651e+07,1.33675e+07,1.33675e+07,1.33675e+07,9.62466e+06,9.62466e+06,9.62466e+06,9.6248e+06,9.6248e+06,9.6248e+06,2.48644e+07,2.48644e+07,2.48644e+07,394.813,394.813,394.813,287.155,287.155,287.155
370,6.34123e+06,6.34123e+06,6.34123e+06,134573,134573,134573,139999,139999,139999,2.43693e+07,2.43693e+07,2.43693e+07,2.53811e+07,2.53811e+07,2.53811e+07,185618,185618,185618,185457,185457,185457,1.3766e+07,1.3766e+07,1.3766e+07,1.33686e+07,1.33686e+07,1.33686e+07,9.62628e+06,9.62628e+06,9.62628e+06,9.62597e+06,9.62597e+06,9.62597e+06,2.48649e+07,2.48649e+07,2.48649e+07,394.89,394.89,394.89,287.163,287.163,287.163
371,6.33983e+06,6.33983e+06,6.33983e+06,134578,134578,134578,139984,139984,139984,2.43687e+07,2.43687e+07,2.43687e+07,2.53801e+07,2.53801e+07,2.53801e+07,185657,185657,185657,185473,185473,185473,1.37668e+07,1.37668e+07,1.37668e+07,1.33697e+07,1.33697e+07,1.33697e+07,9.62794e+06,9.62794e+06,9.62794e+06,9.62712e+06,9.62712e+06,9.62712e+06,2.48654e+07,2.48654e+07,2.48654e+07,394.952,394.952,394.952,287.166,287.166,287.166
372,6.33847e+06,6.33847e+06,6.33847e+06,134577,134577,134577,139966,139966,139966,2.43682e+07,2.43682e+07,2.43682e+07,2.53791e+07,2.53791e+07,2.53791e+07,185689,185689,185689,185486,185486,185486,1.37675e+07,1.37675e+07,1.37675e+07,1.33708e+07,1.33708e+07,1.33708e+07,9.62961e+06,9.62961e+06,9.62961e+06,9.62825e+06,9.62825e+06,9.62825e+06,2.48661e+07,2.48661e+07,2.48661e+07,394.998,394.998,394.998,287.164,287.164,287.164
373,6.33716e+06,6.33716e+06,6.33716e+06,134570,134570,134570,139947,139947,139947,2.43677e+07,2.43677e+07,2.43677e+07,2.5378e+07,2.5378e+07,2.5378e+07,185711,185711,185711,185495,185495,185495,1.37681e+07,1.37681e+07,1.37681e+07,1.33718e+07,1.33718e+07,1.33718e+07,9.63127e+06,9.63127e+06,9.63127e+06,9.62935e+06,9.62935e+06,9.62935e+06,2.48668e+07,2.48668e+07,2.48668e+07,395.027,395.027,395.027,287.158,287.158,287.158
374,6.33592e+06,6.33592e+06,6.33592e+06,134559,134559,134559,139927,139927,139927,2.43673e+07,2.43673e+07,2.43673e+07,2.5377e+07,2.5377e+07,2.5377e+07,185724,185724,185724,185502,185502,185502,1.37687e+07,1.37687e+07,1.37687e+07,1.33728e+07,1.33728e+07,1.33728e+07,9.63288e+06,9.63288e+06,9.63288e+06,9.63041e+06,9.63041e+06,9.63041e+06,2.48677e+07,2.48677e+07,2.48677e+07,395.038,395.038,395.038,287.148,287.148,287.148
375,6.33478e+06,6.33478e+06,6.33478e+06,134542,134542,134542,139907,139907,139907,2.43669e+07,2.43669e+07,2.43669e+07,2.5376e+07,2.5376e+07,2.5376e+07,185727,185727,185727,185506,185506,185506,1.37692e+07,1.37692e+07,1.37692e+07,1.33738e+07,1.33738e+07,1.33738e+07,9.63442e+06,9.63442e+06,9.63442e+06,9.63142e+06,9.63142e+06,9.63142e+06,2.48685e+07,2.48685e+07,2.48685e+07,395.03,395.03,395.03,287.135,287.135,287.135
376,6.33374e+06,6.33374e+06,6.33374e+06,134519,134519,134519,139887,139887,139887,2.43665e+07,2.43665e+07,2.43665e+07,2.5375e+07,2.5375e+07,2.5375e+07,185720,185720,185720,185508,185508,185508,1.37697e+07,1.37697e+07,1.37697e+07,1.33747e+07,1.33747e+07,1.33747e+07,9.63586e+06,9.63586e+06,9.63586e+06,9.63238e+06,9.63238e+06,9.63238e+06,2.48695e+07,2.48695e+07,2.48695e+07,395.003,395.003,395.003,287.119,287.119,287.119
377,6.33284e+06,6.33284e+06,6.33284e+06,134492,134492,134492,139866,139866,139866,2.43662e+07,2.43662e+07,2.43662e+07,2.53742e+07,2.53742e+07,2.53742e+07,185704,185704,185704,185506,185506,185506,1.377e+07,1.377e+07,1.377e+07,1.33755e+07,1.33755e+07,1.33755e+07,9.63719e+06,9.63719e+06,9.63719e+06,9.63329e+06,9.63329e+06,9.63329e+06,2.48705e+07,2.48705e+07,2.48705e+07,394.959,394.959,394.959,287.101,287.101,287.101
378,6.33207e+06,6.33207e+06,6.33207e+06,134461,134461,134461,139846,139846,139846,2.4366e+07,2.4366e+07,2.4366e+07,2.53735e+07,2.53735e+07,2.53735e+07,185679,185679,185679,185501,185501,185501,1.37703e+07,1.37703e+07,1.37703e+07,1.33761e+07,1.33761e+07,1.33761e+07,9.63837e+06,9.63837e+06,9.63837e+06,9.63413e+06,9.63413e+06,9.63413e+06,2.48715e+07,2.48715e+07,2.48715e+07,394.898,394.898,394.898,287.081,287.081,287.081
379,6.33146e+06,6.33146e+06,6.33146e+06,134426,134426,134426,139827,139827,139827,2.43659e+07,2.43659e+07,2.43659e+07,2.53729e+07,2.53729e+07,2.53729e+07,185646,185646,185646,185494,185494,185494,1.37706e+07,1.37706e+07,1.37706e+07,1.33767e+07,1.33767e+07,1.33767e+07,9.6394e+06,9.6394e+06,9.6394e+06,9.63491e+06,9.63491e+06,9.63491e+06,2.48726e+07,2.48726e+07,2.48726e+07,394.821,394.821,394.821,287.058,287.058,287.058
380,6.33101e+06,6.33101e+06,6.33101e+06,134389,134389,134389,139809,139809,139809,2.43658e+07,2.43658e+07,2.43658e+07,2.53724e+07,2.53724e+07,2.53724e+07,185605,185605,185605,185483,185483,185483,1.37708e+07,1.37708e+07,1.37708e+07,1.33772e+07,1.33772e+07,1.33772e+07,9.64025e+06,9.64025e+06,9.64025e+06,9.63561e+06,9.63561e+06,9.63561e+06,2.48737e+07,2.48737e+07,2.48737e+07,394.73,394.73,394.73,287.034,287.034,287.034
381,6.33074e+06,6.33074e+06,6.33074e+06,134349,134349,134349,139792,139792,139792,2.43658e+07,2.43658e+07,2.43658e+07,2.53722e+07,2.53722e+07,2.53722e+07,185557,185557,185557,185470,185470,185470,1.37709e+07,1.37709e+07,1.37709e+07,1.33775e+07,1.33775e+07,1.33775e+07,9.64092e+06,9.64092e+06,9.64092e+06,9.63623e+06,9.63623e+06,9.63623e+06,2.48747e+07,2.48747e+07,2.48747e+07,394.628,394.628,394.628,287.007,287.007,287.007
382,6.33064e+06,6.33064e+06,6.33064e+06,134308,134308,134308,139775,139775,139775,2.43658e+07,2.43658e+07,2.43658e+07,2.53721e+07,2.53721e+07,2.53721e+07,185504,185504,185504,185452,185452,185452,1.3771e+07,1.3771e+07,1.3771e+07,1.33777e+07,1.33777e+07,1.33777e+07,9.6414e+06,9.6414e+06,9.6414e+06,9.63677e+06,9.63677e+06,9.63677e+06,2.48758e+07,2.48758e+07,2.48758e+07,394.516,394.516,394.516,286.979,286.979,286.979
383,6.33073e+06,6.33073e+06,6.33073e+06,134267,134267,134267,139759,139759,139759,2.4366e+07,2.4366e+07,2.4366e+07,2.53722e+07,2.53722e+07,2.53722e+07,185447,185447,185447,185432,185432,185432,1.37711e+07,1.37711e+07,1.37711e+07,1.33777e+07,1.33777e+07,1.33777e+07,9.64168e+06,9.64168e+06,9.64168e+06,9.63722e+06,9.63722e+06,9.63722e+06,2.48769e+07,2.48769e+07,2.48769e+07,394.397,394.397,394.397,286.948,286.948,286.948
384,6.33099e+06,6.33099e+06,6.33099e+06,134226,134226,134226,139745,139745,139745,2.43662e+07,2.43662e+07,2.43662e+07,2.53726e+07,2.53726e+07,2.53726e+07,185387,185387,185387,185408,185408,185408,1.37711e+07,1.37711e+07,1.37711e+07,1.33777e+07,1.33777e+07,1.33777e+07,9.64177e+06,9.64177e+06,9.64177e+06,9.63758e+06,9.63758e+06,9.63758e+06,2.4878e+07,2.4878e+07,2.4878e+07,394.274,394.274,394.274,286.915,286.915,286.915
385,6.33144e+06,6.33144e+06,6.33144e+06,134187,134187,134187,139731,139731,139731,2.43666e+07,2.43666e+07,2.43666e+07,2.53731e+07,2.53731e+07,2.53731e+07,185325,185325,185325,185380,185380,185380,1.3771e+07,1.3771e+07,1.3771e+07,1.33775e+07,1.33775e+07,1.33775e+07,9.64167e+06,9.64167e+06,9.64167e+06,9.63783e+06,9.63783e+06,9.63783e+06,2.4879e+07,2.4879e+07,2.4879e+07,394.149,394.149,394.149,286.879,286.879,286.879
386,6.33206e+06,6.33206e+06,6.33206e+06,134151,134151,134151,139717,139717,139717,2.4367e+07,2.4367e+07,2.4367e+07,2.53738e+07,2.53738e+07,2.53738e+07,185263,185263,185263,185349,185349,185349,1.3771e+07,1.3771e+07,1.3771e+07,1.33772e+07,1.33772e+07,1.33772e+07,9.64138e+06,9.64138e+06,9.64138e+06,9.63799e+06,9.63799e+06,9.63799e+06,2.48799e+07,2.48799e+07,2.48799e+07,394.026,394.026,394.026,286.841,286.841,286.841
387,6.33285e+06,6.33285e+06,6.33285e+06,134117,134117,134117,139705,139705,139705,2.43675e+07,2.43675e+07,2.43675e+07,2.53747e+07,2.53747e+07,2.53747e+07,185202,185202,185202,185315,185315,185315,1.37709e+07,1.37709e+07,1.37709e+07,1.33768e+07,1.33768e+07,1.33768e+07,9.64092e+06,9.64092e+06,9.64092e+06,9.63803e+06,9.63803e+06,9.63803e+06,2.48808e+07,2.48808e+07,2.48808e+07,393.906,393.906,393.906,286.801,286.801,286.801
388,6.33379e+06,6.33379e+06,6.33379e+06,134088,134088,134088,139693,139693,139693,2.43681e+07,2.43681e+07,2.43681e+07,2.53758e+07,2.53758e+07,2.53758e+07,185143,185143,185143,185278,185278,185278,1.37707e+07,1.37707e+07,1.37707e+07,1.33763e+07,1.33763e+07,1.33763e+07,9.64031e+06,9.64031e+06,9.64031e+06,9.63796e+06,9.63796e+06,9.63796e+06,2.48817e+07,2.48817e+07,2.48817e+07,393.793,393.793,393.793,286.759,286.759,286.759
389,6.33488e+06,6.33488e+06,6.33488e+06,134063,134063,134063,139682,139682,139682,2.43689e+07,2.43689e+07,2.43689e+07,2.53771e+07,2.53771e+07,2.53771e+07,185087,185087,185087,185239,185239,185239,1.37705e+07,1.37705e+07,1.37705e+07,1.33758e+07,1.33758e+07,1.33758e+07,9.63956e+06,9.63956e+06,9.63956e+06,9.63779e+06,9.63779e+06,9.63779e+06,2.48824e+07,2.48824e+07,2.48824e+07,393.689,393.689,393.689,286.716,286.716,286.716
390,6.3361e+06,6.3361e+06,6.3361e+06,134044,134044,134044,139672,139672,139672,2.43697e+07,2.43697e+07,2.43697e+07,2.53785e+07,2.53785e+07,2.53785e+07,185036,185036,185036,185197,185197,185197,1.37703e+07,1.37703e+07,1.37703e+07,1.33752e+07,1.33752e+07,1.33752e+07,9.63869e+06,9.63869e+06,9.63869e+06,9.63749e+06,9.63749e+06,9.63749e+06,2.48831e+07,2.48831e+07,2.48831e+07,393.596,393.596,393.596,286.671,286.671,286.671
391,6.33744e+06,6.33744e+06,6.33744e+06,134030,134030,134030,139664,139664,139664,2.43706e+07,2.43706e+07,2.43706e+07,2.538e+07,2.538e+07,2.538e+07,184989,184989,184989,185154,185154,185154,1.37701e+07,1.37701e+07,1.37701e+07,1.33745e+07,1.33745e+07,1.33745e+07,9.63772e+06,9.63772e+06,9.63772e+06,9.63709e+06,9.63709e+06,9.63709e+06,2.48837e+07,2.48837e+07,2.48837e+07,393.514,393.514,393.514,286.625,286.625,286.625
392,6.33887e+06,6.33887e+06,6.33887e+06,134021,134021,134021,139656,139656,139656,2.43716e+07,2.43716e+07,2.43716e+07,2.53816e+07,2.53816e+07,2.53816e+07,184949,184949,184949,185111,185111,185111,1.37699e+07,1.37699e+07,1.37699e+07,1.33738e+07,1.33738e+07,1.33738e+07,9.63668e+06,9.63668e+06,9.63668e+06,9.63658e+06,9.63658e+06,9.63658e+06,2.48842e+07,2.48842e+07,2.48842e+07,393.447,393.447,393.447,286.58,286.58,286.58
393,6.34038e+06,6.34038e+06,6.34038e+06,134019,134019,134019,139649,139649,139649,2.43727e+07,2.43727e+07,2.43727e+07,2.53833e+07,2.53833e+07,2.53833e+07,184914,184914,184914,185067,185067,185067,1.37696e+07,1.37696e+07,1.37696e+07,1.33732e+07,1.33732e+07,1.33732e+07,9.63558e+06,9.63558e+06,9.63558e+06,9.63597e+06,9.63597e+06,9.63597e+06,2.48846e+07,2.48846e+07,2.48846e+07,393.394,393.394,393.394,286.535,286.535,286.535
394,6.34194e+06,6.34194e+06,6.34194e+06,134022,134022,134022,139645,139645,139645,2.4374e+07,2.4374e+07,2.4374e+07,2.53851e+07,2.53851e+07,2.53851e+07,184887,184887,184887,185025,185025,185025,1.37693e+07,1.37693e+07,1.37693e+07,1.33725e+07,1.33725e+07,1.33725e+07,9.63445e+06,9.63445e+06,9.63445e+06,9.63526e+06,9.63526e+06,9.63526e+06,2.48848e+07,2.48848e+07,2.48848e+07,393.356,393.356,393.356,286.492,286.492,286.492
395,6.34355e+06,6.34355e+06,6.34355e+06,134031,134031,134031,139642,139642,139642,2.43752e+07,2.43752e+07,2.43752e+07,2.53868e+07,2.53868e+07,2.53868e+07,184866,184866,184866,184985,184985,184985,1.3769e+07,1.3769e+07,1.3769e+07,1.33718e+07,1.33718e+07,1.33718e+07,9.63332e+06,9.63332e+06,9.63332e+06,9.63447e+06,9.63447e+06,9.63447e+06,2.4885e+07,2.4885e+07,2.4885e+07,393.334,393.334,393.334,286.452,286.452,286.452
396,6.34516e+06,6.34516e+06,6.34516e+06,134046,134046,134046,139641,139641,139641,2.43766e+07,2.43766e+07,2.43766e+07,2.53886e+07,2.53886e+07,2.53886e+07,184852,184852,184852,184947,184947,184947,1.37687e+07,1.37687e+07,1.37687e+07,1.33712e+07,1.33712e+07,1.33712e+07,9.6322e+06,9.6322e+06,9.6322e+06,9.6336e+06,9.6336e+06,9.6336e+06,2.48851e+07,2.48851e+07,2.48851e+07,393.327,393.327,393.327,286.416,286.416,286.416
397,6.34677e+06,6.34677e+06,6.34677e+06,134065,134065,134065,139643,139643,139643,2.4378e+07,2.4378e+07,2.4378e+07,2.53904e+07,2.53904e+07,2.53904e+07,184845,184845,184845,184914,184914,184914,1.37684e+07,1.37684e+07,1.37684e+07,1.33707e+07,1.33707e+07,1.33707e+07,9.63111e+06,9.63111e+06,9.63111e+06,9.63268e+06,9.63268e+06,9.63268e+06,2.4885e+07,2.4885e+07,2.4885e+07,393.336,393.336,393.336,286.385,286.385,286.385
398,6.34834e+06,6.34834e+06,6.34834e+06,134089,134089,134089,139648,139648,139648,2.43795e+07,2.43795e+07,2.43795e+07,2.53921e+07,2.53921e+07,2.53921e+07,184845,184845,184845,184885,184885,184885,1.37681e+07,1.37681e+07,1.37681e+07,1.33702e+07,1.33702e+07,1.33702e+07,9.63007e+06,9.63007e+06,9.63007e+06,9.63172e+06,9.63172e+06,9.63172e+06,2.48848e+07,2.48848e+07,2.48848e+07,393.358,393.358,393.358,286.361,286.361,286.361
399,6.34986e+06,6.34986e+06,6.34986e+06,134117,134117,134117,139655,139655,139655,2.4381e+07,2.4381e+07,2.4381e+07,2.53938e+07,2.53938e+07,2.53938e+07,184851,184851,184851,184861,184861,184861,1.37678e+07,1.37678e+07,1.37678e+07,1.33698e+07,1.33698e+07,1.33698e+07,9.6291e+06,9.6291e+06,9.6291e+06,9.63073e+06,9.63073e+06,9.63073e+06,2.48846e+07,2.48846e+07,2.48846e+07,393.393,393.393,393.393,286.343,286.343,286.343
400,6.35131e+06,6.35131e+06,6.35131e+06,134148,134148,134148,139666,139666,139666,2.43825e+07,2.43825e+07,2.43825e+07,2.53954e+07,2.53954e+07,2.53954e+07,184863,184863,184863,184844,184844,184844,1.37675e+07,1.37675e+07,1.37675e+07,1.33695e+07,1.33695e+07,1.33695e+07,9.62822e+06,9.62822e+06,9.62822e+06,9.62974e+06,9.62974e+06,9.62974e+06,2.48842e+07,2.48842e+07,2.48842e+07,393.441,393.441,393.441,286.333,286.333,286.333
401,6.35267e+06,6.35267e+06,6.35267e+06,134181,134181,134181,139680,139680,139680,2.43839e+07,2.43839e+07,2.43839e+07,2.53969e+07,2.53969e+07,2.53969e+07,184880,184880,184880,184834,184834,184834,1.37673e+07,1.37673e+07,1.37673e+07,1.33693e+07,1.33693e+07,1.33693e+07,9.62743e+06,9.62743e+06,9.62743e+06,9.62876e+06,9.62876e+06,9.62876e+06,2.48838e+07,2.48838e+07,2.48838e+07,393.498,393.498,393.498,286.332,286.332,286.332
402,6.35391e+06,6.35391e+06,6.35391e+06,134217,134217,134217,139697,139697,139697,2.43854e+07,2.43854e+07,2.43854e+07,2.53982e+07,2.53982e+07,2.53982e+07,184902,184902,184902,184831,184831,184831,1.37671e+07,1.37671e+07,1.37671e+07,1.33692e+07,1.33692e+07,1.33692e+07,9.62674e+06,9.62674e+06,9.62674e+06,9.62782e+06,9.62782e+06,9.62782e+06,2.48832e+07,2.48832e+07,2.48832e+07,393.565,393.565,393.565,286.34,286.34,286.34
403,6.35503e+06,6.35503e+06,6.35503e+06,134253,134253,134253,139718,139718,139718,2.43868e+07,2.43868e+07,2.43868e+07,2.53995e+07,2.53995e+07,2.53995e+07,184928,184928,184928,184836,184836,184836,1.37669e+07,1.37669e+07,1.37669e+07,1.33692e+07,1.33692e+07,1.33692e+07,9.62617e+06,9.62617e+06,9.62617e+06,9.62694e+06,9.62694e+06,9.62694e+06,2.48826e+07,2.48826e+07,2.48826e+07,393.64,393.64,393.64,286.357,286.357,286.357
404,6.356e+06,6.356e+06,6.356e+06,134291,134291,134291,139742,139742,139742,2.43882e+07,2.43882e+07,2.43882e+07,2.54006e+07,2.54006e+07,2.54006e+07,184959,184959,184959,184849,184849,184849,1.37669e+07,1.37669e+07,1.37669e+07,1.33693e+07,1.33693e+07,1.33693e+07,9.62572e+06,9.62572e+06,9.62572e+06,9.62613e+06,9.62613e+06,9.62613e+06,2.4882e+07,2.4882e+07,2.4882e+07,393.72,393.72,393.72,286.385,286.385,286.385
405,6.35681e+06,6.35681e+06,6.35681e+06,134327,134327,134327,139769,139769,139769,2.43894e+07,2.43894e+07,2.43894e+07,2.54016e+07,2.54016e+07,2.54016e+07,184992,184992,184992,184869,184869,184869,1.37668e+07,1.37668e+07,1.37668e+07,1.33696e+07,1.33696e+07,1.33696e+07,9.62538e+06,9.62538e+06,9.62538e+06,9.62542e+06,9.62542e+06,9.62542e+06,2.48812e+07,2.48812e+07,2.48812e+07,393.805,393.805,393.805,286.422,286.422,286.422
406,6.35746e+06,6.35746e+06,6.35746e+06,134364,134364,134364,139799,139799,139799,2.43906e+07,2.43906e+07,2.43906e+07,2.54025e+07,2.54025e+07,2.54025e+07,185028,185028,185028,184898,184898,184898,1.37669e+07,1.37669e+07,1.37669e+07,1.33699e+07,1.33699e+07,1.33699e+07,9.62518e+06,9.62518e+06,9.62518e+06,9.62483e+06,9.62483e+06,9.62483e+06,2.48805e+07,2.48805e+07,2.48805e+07,393.894,393.894,393.894,286.469,286.469,286.469
407,6.35793e+06,6.35793e+06,6.35793e+06,134399,134399,134399,139831,139831,139831,2.43916e+07,2.43916e+07,2.43916e+07,2.54032e+07,2.54032e+07,2.54032e+07,185067,185067,185067,184933,184933,184933,1.37671e+07,1.37671e+07,1.37671e+07,1.33703e+07,1.33703e+07,1.33703e+07,9.62509e+06,9.62509e+06,9.62509e+06,9.62436e+06,9.62436e+06,9.62436e+06,2.48796e+07,2.48796e+07,2.48796e+07,393.984,393.984,393.984,286.525,286.525,286.525
408,6.35821e+06,6.35821e+06,6.35821e+06,134432,134432,134432,139866,139866,139866,2.43925e+07,2.43925e+07,2.43925e+07,2.54037e+07,2.54037e+07,2.54037e+07,185107,185107,185107,184976,184976,184976,1.37673e+07,1.37673e+07,1.37673e+07,1.33707e+07,1.33707e+07,1.33707e+07,9.62514e+06,9.62514e+06,9.62514e+06,9.62405e+06,9.62405e+06,9.62405e+06,2.48788e+07,2.48788e+07,2.48788e+07,394.075,394.075,394.075,286.589,286.589,286.589
409,6.35831e+06,6.35831e+06,6.35831e+06,134463,134463,134463,139901,139901,139901,2.43932e+07,2.43932e+07,2.43932e+07,2.54042e+07,2.54042e+07,2.54042e+07,185149,185149,185149,185024,185024,185024,1.37676e+07,1.37676e+07,1.37676e+07,1.33713e+07,1.33713e+07,1.33713e+07,9.6253e+06,9.6253e+06,9.6253e+06,9.62388e+06,9.62388e+06,9.62388e+06,2.4878e+07,2.4878e+07,2.4878e+07,394.165,394.165,394.165,286.66,286.66,286.66
410,6.35823e+06,6.35823e+06,6.35823e+06,134492,134492,134492,139938,139938,139938,2.43938e+07,2.43938e+07,2.43938e+07,2.54044e+07,2.54044e+07,2.54044e+07,185192,185192,185192,185078,185078,185078,1.3768e+07,1.3768e+07,1.3768e+07,1.33719e+07,1.33719e+07,1.33719e+07,9.62558e+06,9.62558e+06,9.62558e+06,9.62389e+06,9.62389e+06,9.62389e+06,2.48771e+07,2.48771e+07,2.48771e+07,394.255,394.255,394.255,286.737,286.737,286.737
411,6.35796e+06,6.35796e+06,6.35796e+06,134519,134519,134519,139974,139974,139974,2.43942e+07,2.43942e+07,2.43942e+07,2.54046e+07,2.54046e+07,2.54046e+07,185236,185236,185236,185136,185136,185136,1.37685e+07,1.37685e+07,1.37685e+07,1.33726e+07,1.33726e+07,1.33726e+07,9.62597e+06,9.62597e+06,9.62597e+06,9.62405e+06,9.62405e+06,9.62405e+06,2.48763e+07,2.48763e+07,2.48763e+07,394.343,394.343,394.343,286.818,286.818,286.818
412,6.35751e+06,6.35751e+06,6.35751e+06,134542,134542,134542,140010,140010,140010,2.43944e+07,2.43944e+07,2.43944e+07,2.54046e+07,2.54046e+07,2.54046e+07,185280,185280,185280,185197,185197,185197,1.37692e+07,1.37692e+07,1.37692e+07,1.33734e+07,1.33734e+07,1.33734e+07,9.62648e+06,9.62648e+06,9.62648e+06,9.62439e+06,9.62439e+06,9.62439e+06,2.48754e+07,2.48754e+07,2.48754e+07,394.428,394.428,394.428,286.903,286.903,286.903
413,6.35689e+06,6.35689e+06,6.35689e+06,134563,134563,134563,140045,140045,140045,2.43944e+07,2.43944e+07,2.43944e+07,2.54045e+07,2.54045e+07,2.54045e+07,185325,185325,185325,185259,185259,185259,1.37698e+07,1.37698e+07,1.37698e+07,1.33742e+07,1.33742e+07,1.33742e+07,9.62709e+06,9.62709e+06,9.62709e+06,9.6249e+06,9.6249e+06,9.6249e+06,2.48746e+07,2.48746e+07,2.48746e+07,394.51,394.51,394.51,286.989,286.989,286.989
414,6.35611e+06,6.35611e+06,6.35611e+06,134581,134581,134581,140078,140078,140078,2.43943e+07,2.43943e+07,2.43943e+07,2.54043e+07,2.54043e+07,2.54043e+07,185369,185369,185369,185323,185323,185323,1.37706e+07,1.37706e+07,1.37706e+07,1.3375e+07,1.3375e+07,1.3375e+07,9.6278e+06,9.6278e+06,9.6278e+06,9.62557e+06,9.62557e+06,9.62557e+06,2.48739e+07,2.48739e+07,2.48739e+07,394.589,394.589,394.589,287.074,287.074,287.074
415,6.35518e+06,6.35518e+06,6.35518e+06,134597,134597,134597,140107,140107,140107,2.43939e+07,2.43939e+07,2.43939e+07,2.54039e+07,2.54039e+07,2.54039e+07,185414,185414,185414,185386,185386,185386,1.37715e+07,1.37715e+07,1.37715e+07,1.33759e+07,1.33759e+07,1.33759e+07,9.6286e+06,9.6286e+06,9.6286e+06,9.62639e+06,9.62639e+06,9.62639e+06,2.48732e+07,2.48732e+07,2.48732e+07,394.665,394.665,394.665,287.158,287.158,287.158
416,6.35411e+06,6.35411e+06,6.35411e+06,134609,134609,134609,140134,140134,140134,2.43935e+07,2.43935e+07,2.43935e+07,2.54035e+07,2.54035e+07,2.54035e+07,185458,185458,185458,185447,185447,185447,1.37724e+07,1.37724e+07,1.37724e+07,1.33768e+07,1.33768e+07,1.33768e+07,9.62949e+06,9.62949e+06,9.62949e+06,9.62735e+06,9.62735e+06,9.62735e+06,2.48725e+07,2.48725e+07,2.48725e+07,394.736,394.736,394.736,287.237,287.237,287.237
417,6.35292e+06,6.35292e+06,6.35292e+06,134619,134619,134619,140156,140156,140156,2.43928e+07,2.43928e+07,2.43928e+07,2.54029e+07,2.54029e+07,2.54029e+07,185501,185501,185501,185506,185506,185506,1.37734e+07,1.37734e+07,1.37734e+07,1.33776e+07,1.33776e+07,1.33776e+07,9.63046e+06,9.63046e+06,9.63046e+06,9.62843e+06,9.62843e+06,9.62843e+06,2.4872e+07,2.4872e+07,2.4872e+07,394.804,394.804,394.804,287.312,287.312,287.312
418,6.35163e+06,6.35163e+06,6.35163e+06,134626,134626,134626,140174,140174,140174,2.43921e+07,2.43921e+07,2.43921e+07,2.54023e+07,2.54023e+07,2.54023e+07,185543,185543,185543,185560,185560,185560,1.37744e+07,1.37744e+07,1.37744e+07,1.33785e+07,1.33785e+07,1.33785e+07,9.6315e+06,9.6315e+06,9.6315e+06,9.62962e+06,9.62962e+06,9.62962e+06,2.48714e+07,2.48714e+07,2.48714e+07,394.867,394.867,394.867,287.379,287.379,287.379
419,6.35026e+06,6.35026e+06,6.35026e+06,134631,134631,134631,140187,140187,140187,2.43912e+07,2.43912e+07,2.43912e+07,2.54016e+07,2.54016e+07,2.54016e+07,185583,185583,185583,185610,185610,185610,1.37754e+07,1.37754e+07,1.37754e+07,1.33794e+07,1.33794e+07,1.33794e+07,9.6326e+06,9.6326e+06,9.6326e+06,9.6309e+06,9.6309e+06,9.6309e+06,2.4871e+07,2.4871e+07,2.4871e+07,394.925,394.925,394.925,287.439,287.439,287.439
420,6.34883e+06,6.34883e+06,6.34883e+06,134634,134634,134634,140194,140194,140194,2.43902e+07,2.43902e+07,2.43902e+07,2.54008e+07,2.54008e+07,2.54008e+07,185622,185622,185622,185654,185654,185654,1.37764e+07,1.37764e+07,1.37764e+07,1.33803e+07,1.33803e+07,1.33803e+07,9.63376e+06,9.63376e+06,9.63376e+06,9.63225e+06,9.63225e+06,9.63225e+06,2.48706e+07,2.48706e+07,2.48706e+07,394.979,394.979,394.979,287.489,287.489,287.489
421,6.34736e+06,6.34736e+06,6.34736e+06,134634,134634,134634,140196,140196,140196,2.43892e+07,2.43892e+07,2.43892e+07,2.53999e+07,2.53999e+07,2.53999e+07,185659,185659,185659,185691,185691,185691,1.37775e+07,1.37775e+07,1.37775e+07,1.33812e+07,1.33812e+07,1.33812e+07,9.63496e+06,9.63496e+06,9.63496e+06,9.63364e+06,9.63364e+06,9.63364e+06,2.48703e+07,2.48703e+07,2.48703e+07,395.027,395.027,395.027,287.529,287.529,287.529
422,6.34587e+06,6.34587e+06,6.34587e+06,134632,134632,134632,140193,140193,140193,2.43881e+07,2.43881e+07,2.43881e+07,2.5399e+07,2.5399e+07,2.5399e+07,185692,185692,185692,185722,185722,185722,1.37785e+07,1.37785e+07,1.37785e+07,1.3382e+07,1.3382e+07,1.3382e+07,9.6362e+06,9.6362e+06,9.6362e+06,9.63505e+06,9.63505e+06,9.63505e+06,2.48701e+07,2.48701e+07,2.48701e+07,395.069,395.069,395.069,287.559,287.559,287.559
423,6.34438e+06,6.34438e+06,6.34438e+06,134627,134627,134627,140184,140184,140184,2.43869e+07,2.43869e+07,2.43869e+07,2.5398e+07,2.5398e+07,2.5398e+07,185723,185723,185723,185745,185745,185745,1.37794e+07,1.37794e+07,1.37794e+07,1.33828e+07,1.33828e+07,1.33828e+07,9.63747e+06,9.63747e+06,9.63747e+06,9.63646e+06,9.63646e+06,9.63646e+06,2.48699e+07,2.48699e+07,2.48699e+07,395.105,395.105,395.105,287.577,287.577,287.577
424,6.34292e+06,6.34292e+06,6.34292e+06,134621,134621,134621,140170,140170,140170,2.43858e+07,2.43858e+07,2.43858e+07,2.5397e+07,2.5397e+07,2.5397e+07,185750,185750,185750,185761,185761,185761,1.37803e+07,1.37803e+07,1.37803e+07,1.33836e+07,1.33836e+07,1.33836e+07,9.63875e+06,9.63875e+06,9.63875e+06,9.63785e+06,9.63785e+06,9.63785e+06,2.48698e+07,2.48698e+07,2.48698e+07,395.133,395.133,395.133,287.584,287.584,287.584
425,6.3415e+06,6.3415e+06,6.3415e+06,134612,134612,134612,140152,140152,140152,2.43847e+07,2.43847e+07,2.43847e+07,2.5396e+07,2.5396e+07,2.5396e+07,185772,185772,185772,185769,185769,185769,1.37812e+07,1.37812e+07,1.37812e+07,1.33844e+07,1.33844e+07,1.33844e+07,9.64002e+06,9.64002e+06,9.64002e+06,9.63919e+06,9.63919e+06,9.63919e+06,2.48698e+07,2.48698e+07,2.48698e+07,395.155,395.155,395.155,287.581,287.581,287.581
426,6.34015e+06,6.34015e+06,6.34015e+06,134601,134601,134601,140128,140128,140128,2.43836e+07,2.43836e+07,2.43836e+07,2.5395e+07,2.5395e+07,2.5395e+07,185790,185790,185790,185770,185770,185770,1.37819e+07,1.37819e+07,1.37819e+07,1.33851e+07,1.33851e+07,1.33851e+07,9.64128e+06,9.64128e+06,9.64128e+06,9.64047e+06,9.64047e+06,9.64047e+06,2.48698e+07,2.48698e+07,2.48698e+07,395.167,395.167,395.167,287.566,287.566,287.566
427,6.33889e+06,6.33889e+06,6.33889e+06,134589,134589,134589,140101,140101,140101,2.43826e+07,2.43826e+07,2.43826e+07,2.5394e+07,2.5394e+07,2.5394e+07,185802,185802,185802,185764,185764,185764,1.37826e+07,1.37826e+07,1.37826e+07,1.33857e+07,1.33857e+07,1.33857e+07,9.64252e+06,9.64252e+06,9.64252e+06,9.64166e+06,9.64166e+06,9.64166e+06,2.48699e+07,2.48699e+07,2.48699e+07,395.171,395.171,395.171,287.542,287.542,287.542
428,6.33773e+06,6.33773e+06,6.33773e+06,134573,134573,134573,140071,140071,140071,2.43817e+07,2.43817e+07,2.43817e+07,2.5393e+07,2.5393e+07,2.5393e+07,185808,185808,185808,185751,185751,185751,1.37832e+07,1.37832e+07,1.37832e+07,1.33863e+07,1.33863e+07,1.33863e+07,9.64371e+06,9.64371e+06,9.64371e+06,9.64276e+06,9.64276e+06,9.64276e+06,2.487e+07,2.487e+07,2.487e+07,395.165,395.165,395.165,287.508,287.508,287.508
429,6.3367e+06,6.3367e+06,6.3367e+06,134556,134556,134556,140039,140039,140039,2.43808e+07,2.43808e+07,2.43808e+07,2.5392e+07,2.5392e+07,2.5392e+07,185809,185809,185809,185733,185733,185733,1.37837e+07,1.37837e+07,1.37837e+07,1.33869e+07,1.33869e+07,1.33869e+07,9.64484e+06,9.64484e+06,9.64484e+06,9.64374e+06,9.64374e+06,9.64374e+06,2.48702e+07,2.48702e+07,2.48702e+07,395.15,395.15,395.15,287.467,287.467,287.467
430,6.3358e+06,6.3358e+06,6.3358e+06,134536,134536,134536,140004,140004,140004,2.43801e+07,2.43801e+07,2.43801e+07,2.53911e+07,2.53911e+07,2.53911e+07,185802,185802,185802,185709,185709,185709,1.3784e+07,1.3784e+07,1.3784e+07,1.33874e+07,1.33874e+07,1.33874e+07,9.64589e+06,9.64589e+06,9.64589e+06,9.6446e+06,9.6446e+06,9.6446e+06,2.48704e+07,2.48704e+07,2.48704e+07,395.123,395.123,395.123,287.418,287.418,287.418
431,6.33505e+06,6.33505e+06,6.33505e+06,134515,134515,134515,139969,139969,139969,2.43795e+07,2.43795e+07,2.43795e+07,2.53903e+07,2.53903e+07,2.53903e+07,185789,185789,185789,185680,185680,185680,1.37843e+07,1.37843e+07,1.37843e+07,1.33878e+07,1.33878e+07,1.33878e+07,9.64686e+06,9.64686e+06,9.64686e+06,9.64534e+06,9.64534e+06,9.64534e+06,2.48706e+07,2.48706e+07,2.48706e+07,395.086,395.086,395.086,287.364,287.364,287.364
432,6.33446e+06,6.33446e+06,6.33446e+06,134491,134491,134491,139933,139933,139933,2.4379e+07,2.4379e+07,2.4379e+07,2.53895e+07,2.53895e+07,2.53895e+07,185769,185769,185769,185647,185647,185647,1.37844e+07,1.37844e+07,1.37844e+07,1.33882e+07,1.33882e+07,1.33882e+07,9.64771e+06,9.64771e+06,9.64771e+06,9.64593e+06,9.64593e+06,9.64593e+06,2.48708e+07,2.48708e+07,2.48708e+07,395.038,395.038,395.038,287.305,287.305,287.305
433,6.33404e+06,6.33404e+06,6.33404e+06,134465,134465,134465,139898,139898,139898,2.43787e+07,2.43787e+07,2.43787e+07,2.53889e+07,2.53889e+07,2.53889e+07,185743,185743,185743,185611,185611,185611,1.37845e+07,1.37845e+07,1.37845e+07,1.33884e+07,1.33884e+07,1.33884e+07,9.64845e+06,9.64845e+06,9.64845e+06,9.64638e+06,9.64638e+06,9.64638e+06,2.48709e+07,2.48709e+07,2.48709e+07,394.978,394.978,394.978,287.243,287.243,287.243
434,6.3338e+06,6.3338e+06,6.3338e+06,134438,134438,134438,139863,139863,139863,2.43785e+07,2.43785e+07,2.43785e+07,2.53883e+07,2.53883e+07,2.53883e+07,185710,185710,185710,185573,185573,185573,1.37844e+07,1.37844e+07,1.37844e+07,1.33886e+07,1.33886e+07,1.33886e+07,9.64905e+06,9.64905e+06,9.64905e+06,9.6467e+06,9.6467e+06,9.6467e+06,2.48711e+07,2.48711e+07,2.48711e+07,394.909,394.909,394.909,287.18,287.18,287.18
435,6.33373e+06,6.33373e+06,6.33373e+06,134410,134410,134410,139831,139831,139831,2.43784e+07,2.43784e+07,2.43784e+07,2.53879e+07,2.53879e+07,2.53879e+07,185670,185670,185670,185532,185532,185532,1.37842e+07,1.37842e+07,1.37842e+07,1.33887e+07,1.33887e+07,1.33887e+07,9.64951e+06,9.64951e+06,9.64951e+06,9.64688e+06,9.64688e+06,9.64688e+06,2.48712e+07,2.48712e+07,2.48712e+07,394.83,394.83,394.83,287.116,287.116,287.116
436,6.33384e+06,6.33384e+06,6.33384e+06,134380,134380,134380,139801,139801,139801,2.43785e+07,2.43785e+07,2.43785e+07,2.53876e+07,2.53876e+07,2.53876e+07,185625,185625,185625,185491,185491,185491,1.3784e+07,1.3784e+07,1.3784e+07,1.33887e+07,1.33887e+07,1.33887e+07,9.64981e+06,9.64981e+06,9.64981e+06,9.64692e+06,9.64692e+06,9.64692e+06,2.48713e+07,2.48713e+07,2.48713e+07,394.741,394.741,394.741,287.052,287.052,287.052
437,6.33413e+06,6.33413e+06,6.33413e+06,134349,134349,134349,139774,139774,139774,2.43787e+07,2.43787e+07,2.43787e+07,2.53875e+07,2.53875e+07,2.53875e+07,185575,185575,185575,185450,185450,185450,1.37837e+07,1.37837e+07,1.37837e+07,1.33887e+07,1.33887e+07,1.33887e+07,9.64995e+06,9.64995e+06,9.64995e+06,9.64683e+06,9.64683e+06,9.64683e+06,2.48714e+07,2.48714e+07,2.48714e+07,394.645,394.645,394.645,286.99,286.99,286.99
438,6.33459e+06,6.33459e+06,6.33459e+06,134319,134319,134319,139750,139750,139750,2.4379e+07,2.4379e+07,2.4379e+07,2.53875e+07,2.53875e+07,2.53875e+07,185520,185520,185520,185408,185408,185408,1.37833e+07,1.37833e+07,1.37833e+07,1.33885e+07,1.33885e+07,1.33885e+07,9.64992e+06,9.64992e+06,9.64992e+06,9.64662e+06,9.64662e+06,9.64662e+06,2.48713e+07,2.48713e+07,2.48713e+07,394.543,394.543,394.543,286.931,286.931,286.931
439,6.33521e+06,6.33521e+06,6.33521e+06,134288,134288,134288,139730,139730,139730,2.43794e+07,2.43794e+07,2.43794e+07,2.53876e+07,2.53876e+07,2.53876e+07,185462,185462,185462,185367,185367,185367,1.37828e+07,1.37828e+07,1.37828e+07,1.33882e+07,1.33882e+07,1.33882e+07,9.64972e+06,9.64972e+06,9.64972e+06,9.6463e+06,9.6463e+06,9.6463e+06,2.48712e+07,2.48712e+07,2.48712e+07,394.436,394.436,394.436,286.875,286.875,286.875
440,6.33599e+06,6.33599e+06,6.33599e+06,134258,134258,134258,139713,139713,139713,2.43799e+07,2.43799e+07,2.43799e+07,2.53879e+07,2.53879e+07,2.53879e+07,185402,185402,185402,185328,185328,185328,1.37823e+07,1.37823e+07,1.37823e+07,1.33879e+07,1.33879e+07,1.33879e+07,9.64935e+06,9.64935e+06,9.64935e+06,9.64588e+06,9.64588e+06,9.64588e+06,2.4871e+07,2.4871e+07,2.4871e+07,394.326,394.326,394.326,286.823,286.823,286.823
441,6.33692e+06,6.33692e+06,6.33692e+06,134230,134230,134230,139700,139700,139700,2.43805e+07,2.43805e+07,2.43805e+07,2.53884e+07,2.53884e+07,2.53884e+07,185341,185341,185341,185290,185290,185290,1.37818e+07,1.37818e+07,1.37818e+07,1.33875e+07,1.33875e+07,1.33875e+07,9.64882e+06,9.64882e+06,9.64882e+06,9.64536e+06,9.64536e+06,9.64536e+06,2.48707e+07,2.48707e+07,2.48707e+07,394.214,394.214,394.214,286.776,286.776,286.776
442,6.33797e+06,6.33797e+06,6.33797e+06,134204,134204,134204,139691,139691,139691,2.43812e+07,2.43812e+07,2.43812e+07,2.53891e+07,2.53891e+07,2.53891e+07,185279,185279,185279,185254,185254,185254,1.37813e+07,1.37813e+07,1.37813e+07,1.3387e+07,1.3387e+07,1.3387e+07,9.64814e+06,9.64814e+06,9.64814e+06,9.64476e+06,9.64476e+06,9.64476e+06,2.48702e+07,2.48702e+07,2.48702e+07,394.105,394.105,394.105,286.734,286.734,286.734
443,6.33913e+06,6.33913e+06,6.33913e+06,134180,134180,134180,139686,139686,139686,2.43819e+07,2.43819e+07,2.43819e+07,2.53898e+07,2.53898e+07,2.53898e+07,185219,185219,185219,185220,185220,185220,1.37807e+07,1.37807e+07,1.37807e+07,1.33864e+07,1.33864e+07,1.33864e+07,9.64731e+06,9.64731e+06,9.64731e+06,9.64409e+06,9.64409e+06,9.64409e+06,2.48697e+07,2.48697e+07,2.48697e+07,393.998,393.998,393.998,286.697,286.697,286.697
444,6.3404e+06,6.3404e+06,6.3404e+06,134159,134159,134159,139685,139685,139685,2.43827e+07,2.43827e+07,2.43827e+07,2.53907e+07,2.53907e+07,2.53907e+07,185161,185161,185161,185188,185188,185188,1.37801e+07,1.37801e+07,1.37801e+07,1.33858e+07,1.33858e+07,1.33858e+07,9.64634e+06,9.64634e+06,9.64634e+06,9.64335e+06,9.64335e+06,9.64335e+06,2.4869e+07,2.4869e+07,2.4869e+07,393.897,393.897,393.897,286.665,286.665,286.665
445,6.34174e+06,6.34174e+06,6.34174e+06,134142,134142,134142,139687,139687,139687,2.43835e+07,2.43835e+07,2.43835e+07,2.53918e+07,2.53918e+07,2.53918e+07,185106,185106,185106,185159,185159,185159,1.37796e+07,1.37796e+07,1.37796e+07,1.33851e+07,1.33851e+07,1.33851e+07,9.64526e+06,9.64526e+06,9.64526e+06,9.64257e+06,9.64257e+06,9.64257e+06,2.48683e+07,2.48683e+07,2.48683e+07,393.804,393.804,393.804,286.638,286.638,286.638
446,6.34313e+06,6.34313e+06,6.34313e+06,134129,134129,134129,139692,139692,139692,2.43844e+07,2.43844e+07,2.43844e+07,2.53929e+07,2.53929e+07,2.53929e+07,185056,185056,185056,185132,185132,185132,1.37791e+07,1.37791e+07,1.37791e+07,1.33844e+07,1.33844e+07,1.33844e+07,9.64409e+06,9.64409e+06,9.64409e+06,9.64175e+06,9.64175e+06,9.64175e+06,2.48674e+07,2.48674e+07,2.48674e+07,393.721,393.721,393.721,286.617,286.617,286.617
447,6.34456e+06,6.34456e+06,6.34456e+06,134120,134120,134120,139700,139700,139700,2.43853e+07,2.43853e+07,2.43853e+07,2.53941e+07,2.53941e+07,2.53941e+07,185011,185011,185011,185108,185108,185108,1.37786e+07,1.37786e+07,1.37786e+07,1.33837e+07,1.33837e+07,1.33837e+07,9.64284e+06,9.64284e+06,9.64284e+06,9.64089e+06,9.64089e+06,9.64089e+06,2.48664e+07,2.48664e+07,2.48664e+07,393.649,393.649,393.649,286.601,286.601,286.601
448,6.34601e+06,6.34601e+06,6.34601e+06,134116,134116,134116,139711,139711,139711,2.43861e+07,2.43861e+07,2.43861e+07,2.53954e+07,2.53954e+07,2.53954e+07,184973,184973,184973,185087,185087,185087,1.37781e+07,1.37781e+07,1.37781e+07,1.33829e+07,1.33829e+07,1.33829e+07,9.64153e+06,9.64153e+06,9.64153e+06,9.64002e+06,9.64002e+06,9.64002e+06,2.48653e+07,2.48653e+07,2.48653e+07,393.59,393.59,393.59,286.589,286.589,286.589
449,6.34745e+06,6.34745e+06,6.34745e+06,134117,134117,134117,139724,139724,139724,2.4387e+07,2.4387e+07,2.4387e+07,2.53967e+07,2.53967e+07,2.53967e+07,184942,184942,184942,185068,185068,185068,1.37777e+07,1.37777e+07,1.37777e+07,1.33822e+07,1.33822e+07,1.33822e+07,9.6402e+06,9.6402e+06,9.6402e+06,9.63914e+06,9.63914e+06,9.63914e+06,2.48641e+07,2.48641e+07,2.48641e+07,393.545,393.545,393.545,286.582,286.582,286.582
450,6.34887e+06,6.34887e+06,6.34887e+06,134123,134123,134123,139738,139738,139738,2.43878e+07,2.43878e+07,2.43878e+07,2.53981e+07,2.53981e+07,2.53981e+07,184919,184919,184919,185053,185053,185053,1.37773e+07,1.37773e+07,1.37773e+07,1.33814e+07,1.33814e+07,1.33814e+07,9.63886e+06,9.63886e+06,9.63886e+06,9.63826e+06,9.63826e+06,9.63826e+06,2.48628e+07,2.48628e+07,2.48628e+07,393.516,393.516,393.516,286.579,286.579,286.579
451,6.35023e+06,6.35023e+06,6.35023e+06,134134,134134,134134,139754,139754,139754,2.43886e+07,2.43886e+07,2.43886e+07,2.53994e+07,2.53994e+07,2.53994e+07,184904,184904,184904,185041,185041,185041,1.3777e+07,1.3777e+07,1.3777e+07,1.33808e+07,1.33808e+07,1.33808e+07,9.63754e+06,9.63754e+06,9.63754e+06,9.63739e+06,9.63739e+06,9.63739e+06,2.48614e+07,2.48614e+07,2.48614e+07,393.503,393.503,393.503,286.58,286.58,286.58
452,6.35152e+06,6.35152e+06,6.35152e+06,134150,134150,134150,139772,139772,139772,2.43894e+07,2.43894e+07,2.43894e+07,2.54007e+07,2.54007e+07,2.54007e+07,184898,184898,184898,185031,185031,185031,1.37767e+07,1.37767e+07,1.37767e+07,1.33801e+07,1.33801e+07,1.33801e+07,9.63626e+06,9.63626e+06,9.63626e+06,9.63653e+06,9.63653e+06,9.63653e+06,2.48599e+07,2.48599e+07,2.48599e+07,393.507,393.507,393.507,286.585,286.585,286.585
453,6.35273e+06,6.35273e+06,6.35273e+06,134171,134171,134171,139790,139790,139790,2.43902e+07,2.43902e+07,2.43902e+07,2.54019e+07,2.54019e+07,2.54019e+07,184900,184900,184900,185026,185026,185026,1.37765e+07,1.37765e+07,1.37765e+07,1.33795e+07,1.33795e+07,1.33795e+07,9.63505e+06,9.63505e+06,9.63505e+06,9.6357e+06,9.6357e+06,9.6357e+06,2.48583e+07,2.48583e+07,2.48583e+07,393.527,393.527,393.527,286.595,286.595,286.595
454,6.35383e+06,6.35383e+06,6.35383e+06,134197,134197,134197,139809,139809,139809,2.43908e+07,2.43908e+07,2.43908e+07,2.5403e+07,2.5403e+07,2.5403e+07,184911,184911,184911,185023,185023,185023,1.37763e+07,1.37763e+07,1.37763e+07,1.3379e+07,1.3379e+07,1.3379e+07,9.63394e+06,9.63394e+06,9.63394e+06,9.63491e+06,9.63491e+06,9.63491e+06,2.48567e+07,2.48567e+07,2.48567e+07,393.564,393.564,393.564,286.608,286.608,286.608
455,6.3548e+06,6.3548e+06,6.3548e+06,134226,134226,134226,139829,139829,139829,2.43915e+07,2.43915e+07,2.43915e+07,2.54041e+07,2.54041e+07,2.54041e+07,184930,184930,184930,185025,185025,185025,1.37762e+07,1.37762e+07,1.37762e+07,1.33786e+07,1.33786e+07,1.33786e+07,9.63293e+06,9.63293e+06,9.63293e+06,9.63416e+06,9.63416e+06,9.63416e+06,2.4855e+07,2.4855e+07,2.4855e+07,393.616,393.616,393.616,286.624,286.624,286.624
456,6.35563e+06,6.35563e+06,6.35563e+06,134259,134259,134259,139849,139849,139849,2.4392e+07,2.4392e+07,2.4392e+07,2.5405e+07,2.5405e+07,2.5405e+07,184957,184957,184957,185030,185030,185030,1.37761e+07,1.37761e+07,1.37761e+07,1.33783e+07,1.33783e+07,1.33783e+07,9.63205e+06,9.63205e+06,9.63205e+06,9.63346e+06,9.63346e+06,9.63346e+06,2.48533e+07,2.48533e+07,2.48533e+07,393.683,393.683,393.683,286.645,286.645,286.645
457,6.35631e+06,6.35631e+06,6.35631e+06,134295,134295,134295,139869,139869,139869,2.43925e+07,2.43925e+07,2.43925e+07,2.54057e+07,2.54057e+07,2.54057e+07,184991,184991,184991,185040,185040,185040,1.37761e+07,1.37761e+07,1.37761e+07,1.33781e+07,1.33781e+07,1.33781e+07,9.63131e+06,9.63131e+06,9.63131e+06,9.63283e+06,9.63283e+06,9.63283e+06,2.48516e+07,2.48516e+07,2.48516e+07,393.764,393.764,393.764,286.669,286.669,286.669
458,6.35682e+06,6.35682e+06,6.35682e+06,134333,134333,134333,139890,139890,139890,2.43928e+07,2.43928e+07,2.43928e+07,2.54063e+07,2.54063e+07,2.54063e+07,185032,185032,185032,185053,185053,185053,1.37762e+07,1.37762e+07,1.37762e+07,1.3378e+07,1.3378e+07,1.3378e+07,9.63073e+06,9.63073e+06,9.63073e+06,9.63226e+06,9.63226e+06,9.63226e+06,2.48498e+07,2.48498e+07,2.48498e+07,393.855,393.855,393.855,286.697,286.697,286.697
459,6.35716e+06,6.35716e+06,6.35716e+06,134372,134372,134372,139910,139910,139910,2.43931e+07,2.43931e+07,2.43931e+07,2.54067e+07,2.54067e+07,2.54067e+07,185078,185078,185078,185071,185071,185071,1.37762e+07,1.37762e+07,1.37762e+07,1.3378e+07,1.3378e+07,1.3378e+07,9.63031e+06,9.63031e+06,9.63031e+06,9.63178e+06,9.63178e+06,9.63178e+06,2.48481e+07,2.48481e+07,2.48481e+07,393.957,393.957,393.957,286.729,286.729,286.729
460,6.35732e+06,6.35732e+06,6.35732e+06,134412,134412,134412,139930,139930,139930,2.43933e+07,2.43933e+07,2.43933e+07,2.54069e+07,2.54069e+07,2.54069e+07,185128,185128,185128,185093,185093,185093,1.37764e+07,1.37764e+07,1.37764e+07,1.33781e+07,1.33781e+07,1.33781e+07,9.63007e+06,9.63007e+06,9.63007e+06,9.63139e+06,9.63139e+06,9.63139e+06,2.48464e+07,2.48464e+07,2.48464e+07,394.065,394.065,394.065,286.764,286.764,286.764
461,6.3573e+06,6.3573e+06,6.3573e+06,134452,134452,134452,139949,139949,139949,2.43934e+07,2.43934e+07,2.43934e+07,2.5407e+07,2.5407e+07,2.5407e+07,185182,185182,185182,185119,185119,185119,1.37766e+07,1.37766e+07,1.37766e+07,1.33784e+07,1.33784e+07,1.33784e+07,9.62999e+06,9.62999e+06,9.62999e+06,9.63109e+06,9.63109e+06,9.63109e+06,2.48447e+07,2.48447e+07,2.48447e+07,394.179,394.179,394.179,286.803,286.803,286.803
462,6.35709e+06,6.35709e+06,6.35709e+06,134490,134490,134490,139969,139969,139969,2.43934e+07,2.43934e+07,2.43934e+07,2.54068e+07,2.54068e+07,2.54068e+07,185239,185239,185239,185149,185149,185149,1.37768e+07,1.37768e+07,1.37768e+07,1.33787e+07,1.33787e+07,1.33787e+07,9.63009e+06,9.63009e+06,9.63009e+06,9.63089e+06,9.63089e+06,9.63089e+06,2.4843e+07,2.4843e+07,2.4843e+07,394.296,394.296,394.296,286.845,286.845,286.845
463,6.3567e+06,6.3567e+06,6.3567e+06,134527,134527,134527,139987,139987,139987,2.43933e+07,2.43933e+07,2.43933e+07,2.54064e+07,2.54064e+07,2.54064e+07,185296,185296,185296,185182,185182,185182,1.37771e+07,1.37771e+07,1.37771e+07,1.33791e+07,1.33791e+07,1.33791e+07,9.63035e+06,9.63035e+06,9.63035e+06,9.63079e+06,9.63079e+06,9.63079e+06,2.48415e+07,2.48415e+07,2.48415e+07,394.412,394.412,394.412,286.889,286.889,286.889
464,6.35614e+06,6.35614e+06,6.35614e+06,134560,134560,134560,140005,140005,140005,2.4393e+07,2.4393e+07,2.4393e+07,2.54059e+07,2.54059e+07,2.54059e+07,185354,185354,185354,185219,185219,185219,1.37774e+07,1.37774e+07,1.37774e+07,1.33797e+07,1.33797e+07,1.33797e+07,9.63077e+06,9.63077e+06,9.63077e+06,9.63081e+06,9.63081e+06,9.63081e+06,2.48399e+07,2.48399e+07,2.48399e+07,394.527,394.527,394.527,286.937,286.937,286.937
465,6.35541e+06,6.35541e+06,6.35541e+06,134591,134591,134591,140022,140022,140022,2.43926e+07,2.43926e+07,2.43926e+07,2.54052e+07,2.54052e+07,2.54052e+07,185411,185411,185411,185259,185259,185259,1.37777e+07,1.37777e+07,1.37777e+07,1.33803e+07,1.33803e+07,1.33803e+07,9.63134e+06,9.63134e+06,9.63134e+06,9.63094e+06,9.63094e+06,9.63094e+06,2.48385e+07,2.48385e+07,2.48385e+07,394.638,394.638,394.638,286.986,286.986,286.986
466,6.35451e+06,6.35451e+06,6.35451e+06,134618,134618,134618,140039,140039,140039,2.43921e+07,2.43921e+07,2.43921e+07,2.54043e+07,2.54043e+07,2.54043e+07,185466,185466,185466,185301,185301,185301,1.37781e+07,1.37781e+07,1.37781e+07,1.3381e+07,1.3381e+07,1.3381e+07,9.63205e+06,9.63205e+06,9.63205e+06,9.63119e+06,9.63119e+06,9.63119e+06,2.48372e+07,2.48372e+07,2.48372e+07,394.742,394.742,394.742,287.037,287.037,287.037
467,6.35347e+06,6.35347e+06,6.35347e+06,134640,134640,134640,140054,140054,140054,2.43915e+07,2.43915e+07,2.43915e+07,2.54032e+07,2.54032e+07,2.54032e+07,185518,185518,185518,185346,185346,185346,1.37786e+07,1.37786e+07,1.37786e+07,1.33817e+07,1.33817e+07,1.33817e+07,9.63288e+06,9.63288e+06,9.63288e+06,9.63156e+06,9.63156e+06,9.63156e+06,2.48359e+07,2.48359e+07,2.48359e+07,394.838,394.838,394.838,287.089,287.089,287.089
468,6.3523e+06,6.3523e+06,6.3523e+06,134657,134657,134657,140067,140067,140067,2.43908e+07,2.43908e+07,2.43908e+07,2.5402e+07,2.5402e+07,2.5402e+07,185567,185567,185567,185391,185391,185391,1.3779e+07,1.3779e+07,1.3779e+07,1.33825e+07,1.33825e+07,1.33825e+07,9.63381e+06,9.63381e+06,9.63381e+06,9.63204e+06,9.63204e+06,9.63204e+06,2.48348e+07,2.48348e+07,2.48348e+07,394.925,394.925,394.925,287.142,287.142,287.142
469,6.35101e+06,6.35101e+06,6.35101e+06,134670,134670,134670,140079,140079,140079,2.439e+07,2.439e+07,2.439e+07,2.54007e+07,2.54007e+07,2.54007e+07,185611,185611,185611,185438,185438,185438,1.37795e+07,1.37795e+07,1.37795e+07,1.33834e+07,1.33834e+07,1.33834e+07,9.63482e+06,9.63482e+06,9.63482e+06,9.63263e+06,9.63263e+06,9.63263e+06,2.48338e+07,2.48338e+07,2.48338e+07,395.001,395.001,395.001,287.194,287.194,287.194
470,6.34962e+06,6.34962e+06,6.34962e+06,134677,134677,134677,140090,140090,140090,2.4389e+07,2.4389e+07,2.4389e+07,2.53993e+07,2.53993e+07,2.53993e+07,185651,185651,185651,185484,185484,185484,1.378e+07,1.378e+07,1.378e+07,1.33842e+07,1.33842e+07,1.33842e+07,9.63591e+06,9.63591e+06,9.63591e+06,9.63332e+06,9.63332e+06,9.63332e+06,2.4833e+07,2.4833e+07,2.4833e+07,395.065,395.065,395.065,287.244,287.244,287.244
471,6.34815e+06,6.34815e+06,6.34815e+06,134680,134680,134680,140098,140098,140098,2.43879e+07,2.43879e+07,2.43879e+07,2.53978e+07,2.53978e+07,2.53978e+07,185685,185685,185685,185529,185529,185529,1.37806e+07,1.37806e+07,1.37806e+07,1.3385e+07,1.3385e+07,1.3385e+07,9.63704e+06,9.63704e+06,9.63704e+06,9.63411e+06,9.63411e+06,9.63411e+06,2.48323e+07,2.48323e+07,2.48323e+07,395.117,395.117,395.117,287.293,287.293,287.293
472,6.34663e+06,6.34663e+06,6.34663e+06,134677,134677,134677,140104,140104,140104,2.43868e+07,2.43868e+07,2.43868e+07,2.53963e+07,2.53963e+07,2.53963e+07,185714,185714,185714,185571,185571,185571,1.37811e+07,1.37811e+07,1.37811e+07,1.33858e+07,1.33858e+07,1.33858e+07,9.6382e+06,9.6382e+06,9.6382e+06,9.63499e+06,9.63499e+06,9.63499e+06,2.48317e+07,2.48317e+07,2.48317e+07,395.155,395.155,395.155,287.337,287.337,287.337
473,6.34506e+06,6.34506e+06,6.34506e+06,134669,134669,134669,140107,140107,140107,2.43855e+07,2.43855e+07,2.43855e+07,2.53947e+07,2.53947e+07,2.53947e+07,185737,185737,185737,185611,185611,185611,1.37817e+07,1.37817e+07,1.37817e+07,1.33866e+07,1.33866e+07,1.33866e+07,9.63937e+06,9.63937e+06,9.63937e+06,9.63594e+06,9.63594e+06,9.63594e+06,2.48313e+07,2.48313e+07,2.48313e+07,395.18,395.18,395.18,287.378,287.378,287.378
474,6.34348e+06,6.34348e+06,6.34348e+06,134656,134656,134656,140107,140107,140107,2.43842e+07,2.43842e+07,2.43842e+07,2.53931e+07,2.53931e+07,2.53931e+07,185754,185754,185754,185648,185648,185648,1.37822e+07,1.37822e+07,1.37822e+07,1.33873e+07,1.33873e+07,1.33873e+07,9.64053e+06,9.64053e+06,9.64053e+06,9.63696e+06,9.63696e+06,9.63696e+06,2.4831e+07,2.4831e+07,2.4831e+07,395.192,395.192,395.192,287.413,287.413,287.413
475,6.3419e+06,6.3419e+06,6.3419e+06,134639,134639,134639,140104,140104,140104,2.43829e+07,2.43829e+07,2.43829e+07,2.53915e+07,2.53915e+07,2.53915e+07,185764,185764,185764,185679,185679,185679,1.37827e+07,1.37827e+07,1.37827e+07,1.3388e+07,1.3388e+07,1.3388e+07,9.64167e+06,9.64167e+06,9.64167e+06,9.63801e+06,9.63801e+06,9.63801e+06,2.48309e+07,2.48309e+07,2.48309e+07,395.191,395.191,395.191,287.442,287.442,287.442
476,6.34036e+06,6.34036e+06,6.34036e+06,134618,134618,134618,140097,140097,140097,2.43815e+07,2.43815e+07,2.43815e+07,2.53899e+07,2.53899e+07,2.53899e+07,185769,185769,185769,185705,185705,185705,1.37832e+07,1.37832e+07,1.37832e+07,1.33886e+07,1.33886e+07,1.33886e+07,9.64276e+06,9.64276e+06,9.64276e+06,9.63909e+06,9.63909e+06,9.63909e+06,2.48309e+07,2.48309e+07,2.48309e+07,395.177,395.177,395.177,287.463,287.463,287.463
477,6.33886e+06,6.33886e+06,6.33886e+06,134594,134594,134594,140087,140087,140087,2.43801e+07,2.43801e+07,2.43801e+07,2.53884e+07,2.53884e+07,2.53884e+07,185769,185769,185769,185726,185726,185726,1.37837e+07,1.37837e+07,1.37837e+07,1.33891e+07,1.33891e+07,1.33891e+07,9.64379e+06,9.64379e+06,9.64379e+06,9.64017e+06,9.64017e+06,9.64017e+06,2.48311e+07,2.48311e+07,2.48311e+07,395.152,395.152,395.152,287.476,287.476,287.476
478,6.33744e+06,6.33744e+06,6.33744e+06,134567,134567,134567,140074,140074,140074,2.43786e+07,2.43786e+07,2.43786e+07,2.5387e+07,2.5387e+07,2.5387e+07,185762,185762,185762,185739,185739,185739,1.37842e+07,1.37842e+07,1.37842e+07,1.33896e+07,1.33896e+07,1.33896e+07,9.64475e+06,9.64475e+06,9.64475e+06,9.64125e+06,9.64125e+06,9.64125e+06,2.48314e+07,2.48314e+07,2.48314e+07,395.116,395.116,395.116,287.481,287.481,287.481
479,6.3361e+06,6.3361e+06,6.3361e+06,134537,134537,134537,140057,140057,140057,2.43772e+07,2.43772e+07,2.43772e+07,2.53856e+07,2.53856e+07,2.53856e+07,185751,185751,185751,185745,185745,185745,1.37846e+07,1.37846e+07,1.37846e+07,1.33899e+07,1.33899e+07,1.33899e+07,9.64563e+06,9.64563e+06,9.64563e+06,9.64229e+06,9.64229e+06,9.64229e+06,2.48318e+07,2.48318e+07,2.48318e+07,395.069,395.069,395.069,287.476,287.476,287.476
480,6.33488e+06,6.33488e+06,6.33488e+06,134505,134505,134505,140036,140036,140036,2.43759e+07,2.43759e+07,2.43759e+07,2.53843e+07,2.53843e+07,2.53843e+07,185734,185734,185734,185744,185744,185744,1.37849e+07,1.37849e+07,1.37849e+07,1.33902e+07,1.33902e+07,1.33902e+07,9.64642e+06,9.64642e+06,9.64642e+06,9.64327e+06,9.64327e+06,9.64327e+06,2.48324e+07,2.48324e+07,2.48324e+07,395.014,395.014,395.014,287.462,287.462,287.462
481,6.33379e+06,6.33379e+06,6.33379e+06,134472,134472,134472,140012,140012,140012,2.43746e+07,2.43746e+07,2.43746e+07,2.53832e+07,2.53832e+07,2.53832e+07,185713,185713,185713,185736,185736,185736,1.37852e+07,1.37852e+07,1.37852e+07,1.33903e+07,1.33903e+07,1.33903e+07,9.6471e+06,9.6471e+06,9.6471e+06,9.64419e+06,9.64419e+06,9.64419e+06,2.48331e+07,2.48331e+07,2.48331e+07,394.951,394.951,394.951,287.438,287.438,287.438
482,6.33283e+06,6.33283e+06,6.33283e+06,134439,134439,134439,139985,139985,139985,2.43734e+07,2.43734e+07,2.43734e+07,2.53821e+07,2.53821e+07,2.53821e+07,185688,185688,185688,185719,185719,185719,1.37853e+07,1.37853e+07,1.37853e+07,1.33904e+07,1.33904e+07,1.33904e+07,9.64767e+06,9.64767e+06,9.64767e+06,9.64501e+06,9.64501e+06,9.64501e+06,2.48339e+07,2.48339e+07,2.48339e+07,394.881,394.881,394.881,287.404,287.404,287.404
483,6.33204e+06,6.33204e+06,6.33204e+06,134405,134405,134405,139955,139955,139955,2.43723e+07,2.43723e+07,2.43723e+07,2.53812e+07,2.53812e+07,2.53812e+07,185659,185659,185659,185696,185696,185696,1.37854e+07,1.37854e+07,1.37854e+07,1.33903e+07,1.33903e+07,1.33903e+07,9.64812e+06,9.64812e+06,9.64812e+06,9.64572e+06,9.64572e+06,9.64572e+06,2.48348e+07,2.48348e+07,2.48348e+07,394.806,394.806,394.806,287.362,287.362,287.362
484,6.33141e+06,6.33141e+06,6.33141e+06,134371,134371,134371,139923,139923,139923,2.43713e+07,2.43713e+07,2.43713e+07,2.53804e+07,2.53804e+07,2.53804e+07,185626,185626,185626,185665,185665,185665,1.37855e+07,1.37855e+07,1.37855e+07,1.33902e+07,1.33902e+07,1.33902e+07,9.64845e+06,9.64845e+06,9.64845e+06,9.64631e+06,9.64631e+06,9.64631e+06,2.48358e+07,2.48358e+07,2.48358e+07,394.726,394.726,394.726,287.31,287.31,287.31
485,6.33096e+06,6.33096e+06,6.33096e+06,134338,134338,134338,139889,139889,139889,2.43704e+07,2.43704e+07,2.43704e+07,2.53797e+07,2.53797e+07,2.53797e+07,185590,185590,185590,185628,185628,185628,1.37854e+07,1.37854e+07,1.37854e+07,1.33899e+07,1.33899e+07,1.33899e+07,9.64866e+06,9.64866e+06,9.64866e+06,9.64676e+06,9.64676e+06,9.64676e+06,2.48369e+07,2.48369e+07,2.48369e+07,394.642,394.642,394.642,287.251,287.251,287.251
486,6.33069e+06,6.33069e+06,6.33069e+06,134306,134306,134306,139853,139853,139853,2.43697e+07,2.43697e+07,2.43697e+07,2.53792e+07,2.53792e+07,2.53792e+07,185551,185551,185551,185584,185584,185584,1.37852e+07,1.37852e+07,1.37852e+07,1.33896e+07,1.33896e+07,1.33896e+07,9.64874e+06,9.64874e+06,9.64874e+06,9.64706e+06,9.64706e+06,9.64706e+06,2.48381e+07,2.48381e+07,2.48381e+07,394.555,394.555,394.555,287.184,287.184,287.184
487,6.33061e+06,6.33061e+06,6.33061e+06,134275,134275,134275,139817,139817,139817,2.43692e+07,2.43692e+07,2.43692e+07,2.53788e+07,2.53788e+07,2.53788e+07,185509,185509,185509,185536,185536,185536,1.37849e+07,1.37849e+07,1.37849e+07,1.33892e+07,1.33892e+07,1.33892e+07,9.64869e+06,9.64869e+06,9.64869e+06,9.6472e+06,9.6472e+06,9.6472e+06,2.48393e+07,2.48393e+07,2.48393e+07,394.467,394.467,394.467,287.112,287.112,287.112
488,6.33071e+06,6.33071e+06,6.33071e+06,134245,134245,134245,139780,139780,139780,2.43688e+07,2.43688e+07,2.43688e+07,2.53786e+07,2.53786e+07,2.53786e+07,185465,185465,185465,185483,185483,185483,1.37845e+07,1.37845e+07,1.37845e+07,1.33887e+07,1.33887e+07,1.33887e+07,9.64852e+06,9.64852e+06,9.64852e+06,9.64718e+06,9.64718e+06,9.64718e+06,2.48406e+07,2.48406e+07,2.48406e+07,394.377,394.377,394.377,287.035,287.035,287.035
489,6.331e+06,6.331e+06,6.331e+06,134218,134218,134218,139744,139744,139744,2.43686e+07,2.43686e+07,2.43686e+07,2.53785e+07,2.53785e+07,2.53785e+07,185419,185419,185419,185426,185426,185426,1.37841e+07,1.37841e+07,1.37841e+07,1.33882e+07,1.33882e+07,1.33882e+07,9.64822e+06,9.64822e+06,9.64822e+06,9.647e+06,9.647e+06,9.647e+06,2.48419e+07,2.48419e+07,2.48419e+07,394.286,394.286,394.286,286.954,286.954,286.954
490,6.33148e+06,6.33148e+06,6.33148e+06,134192,134192,134192,139710,139710,139710,2.43686e+07,2.43686e+07,2.43686e+07,2.53786e+07,2.53786e+07,2.53786e+07,185372,185372,185372,185367,185367,185367,1.37835e+07,1.37835e+07,1.37835e+07,1.33876e+07,1.33876e+07,1.33876e+07,9.64779e+06,9.64779e+06,9.64779e+06,9.64665e+06,9.64665e+06,9.64665e+06,2.48433e+07,2.48433e+07,2.48433e+07,394.196,394.196,394.196,286.872,286.872,286.872
491,6.33213e+06,6.33213e+06,6.33213e+06,134169,134169,134169,139677,139677,139677,2.43688e+07,2.43688e+07,2.43688e+07,2.53788e+07,2.53788e+07,2.53788e+07,185323,185323,185323,185307,185307,185307,1.37829e+07,1.37829e+07,1.37829e+07,1.33869e+07,1.33869e+07,1.33869e+07,9.64724e+06,9.64724e+06,9.64724e+06,9.64613e+06,9.64613e+06,9.64613e+06,2.48446e+07,2.48446e+07,2.48446e+07,394.106,394.106,394.106,286.79,286.79,286.79
492,6.33294e+06,6.33294e+06,6.33294e+06,134147,134147,134147,139646,139646,139646,2.43691e+07,2.43691e+07,2.43691e+07,2.53791e+07,2.53791e+07,2.53791e+07,185274,185274,185274,185247,185247,185247,1.37821e+07,1.37821e+07,1.37821e+07,1.33861e+07,1.33861e+07,1.33861e+07,9.64658e+06,9.64658e+06,9.64658e+06,9.64547e+06,9.64547e+06,9.64547e+06,2.4846e+07,2.4846e+07,2.4846e+07,394.018,394.018,394.018,286.708,286.708,286.708
493,6.33392e+06,6.33392e+06,6.33392e+06,134128,134128,134128,139619,139619,139619,2.43696e+07,2.43696e+07,2.43696e+07,2.53796e+07,2.53796e+07,2.53796e+07,185224,185224,185224,185187,185187,185187,1.37813e+07,1.37813e+07,1.37813e+07,1.33854e+07,1.33854e+07,1.33854e+07,9.6458e+06,9.6458e+06,9.6458e+06,9.64466e+06,9.64466e+06,9.64466e+06,2.48474e+07,2.48474e+07,2.48474e+07,393.931,393.931,393.931,286.63,286.63,286.63
494,6.33503e+06,6.33503e+06,6.33503e+06,134112,134112,134112,139595,139595,139595,2.43703e+07,2.43703e+07,2.43703e+07,2.53802e+07,2.53802e+07,2.53802e+07,185174,185174,185174,185129,185129,185129,1.37804e+07,1.37804e+07,1.37804e+07,1.33846e+07,1.33846e+07,1.33846e+07,9.64492e+06,9.64492e+06,9.64492e+06,9.64372e+06,9.64372e+06,9.64372e+06,2.48488e+07,2.48488e+07,2.48488e+07,393.848,393.848,393.848,286.555,286.555,286.555
495,6.33627e+06,6.33627e+06,6.33627e+06,134097,134097,134097,139575,139575,139575,2.43711e+07,2.43711e+07,2.43711e+07,2.5381e+07,2.5381e+07,2.5381e+07,185124,185124,185124,185074,185074,185074,1.37795e+07,1.37795e+07,1.37795e+07,1.33837e+07,1.33837e+07,1.33837e+07,9.64393e+06,9.64393e+06,9.64393e+06,9.64266e+06,9.64266e+06,9.64266e+06,2.48502e+07,2.48502e+07,2.48502e+07,393.767,393.767,393.767,286.486,286.486,286.486
496,6.33762e+06,6.33762e+06,6.33762e+06,134086,134086,134086,139560,139560,139560,2.43721e+07,2.43721e+07,2.43721e+07,2.53818e+07,2.53818e+07,2.53818e+07,185076,185076,185076,185023,185023,185023,1.37786e+07,1.37786e+07,1.37786e+07,1.33829e+07,1.33829e+07,1.33829e+07,9.64286e+06,9.64286e+06,9.64286e+06,9.6415e+06,9.6415e+06,9.6415e+06,2.48515e+07,2.48515e+07,2.48515e+07,393.691,393.691,393.691,286.423,286.423,286.423
497,6.33906e+06,6.33906e+06,6.33906e+06,134077,134077,134077,139550,139550,139550,2.43731e+07,2.43731e+07,2.43731e+07,2.53828e+07,2.53828e+07,2.53828e+07,185029,185029,185029,184976,184976,184976,1.37776e+07,1.37776e+07,1.37776e+07,1.3382e+07,1.3382e+07,1.3382e+07,9.6417e+06,9.6417e+06,9.6417e+06,9.64026e+06,9.64026e+06,9.64026e+06,2.48529e+07,2.48529e+07,2.48529e+07,393.62,393.62,393.62,286.369,286.369,286.369
498,6.34057e+06,6.34057e+06,6.34057e+06,134070,134070,134070,139544,139544,139544,2.43743e+07,2.43743e+07,2.43743e+07,2.53839e+07,2.53839e+07,2.53839e+07,184985,184985,184985,184934,184934,184934,1.37766e+07,1.37766e+07,1.37766e+07,1.33811e+07,1.33811e+07,1.33811e+07,9.64047e+06,9.64047e+06,9.64047e+06,9.63896e+06,9.63896e+06,9.63896e+06,2.48541e+07,2.48541e+07,2.48541e+07,393.554,393.554,393.554,286.322,286.322,286.322
499,6.34213e+06,6.34213e+06,6.34213e+06,134067,134067,134067,139544,139544,139544,2.43755e+07,2.43755e+07,2.43755e+07,2.5385e+07,2.5385e+07,2.5385e+07,184944,184944,184944,184898,184898,184898,1.37757e+07,1.37757e+07,1.37757e+07,1.33802e+07,1.33802e+07,1.33802e+07,9.63919e+06,9.63919e+06,9.63919e+06,9.63761e+06,9.63761e+06,9.63761e+06,2.48554e+07,2.48554e+07,2.48554e+07,393.495,393.495,393.495,286.286,286.286,286.286
500,6.34372e+06,6.34372e+06,6.34372e+06,134066,134066,134066,139549,139549,139549,2.43768e+07,2.43768e+07,2.43768e+07,2.53863e+07,2.53863e+07,2.53863e+07,184906,184906,184906,184869,184869,184869,1.37747e+07,1.37747e+07,1.37747e+07,1.33794e+07,1.33794e+07,1.33794e+07,9.63785e+06,9.63785e+06,9.63785e+06,9.63624e+06,9.63624e+06,9.63624e+06,2.48565e+07,2.48565e+07,2.48565e+07,393.444,393.444,393.444,286.259,286.259,286.259
501,6.34531e+06,6.34531e+06,6.34531e+06,134069,134069,134069,139559,139559,139559,2.43782e+07,2.43782e+07,2.43782e+07,2.53876e+07,2.53876e+07,2.53876e+07,184873,184873,184873,184846,184846,184846,1.37738e+07,1.37738e+07,1.37738e+07,1.33785e+07,1.33785e+07,1.33785e+07,9.63649e+06,9.63649e+06,9.63649e+06,9.63488e+06,9.63488e+06,9.63488e+06,2.48576e+07,2.48576e+07,2.48576e+07,393.402,393.402,393.402,286.243,286.243,286.243
502,6.34687e+06,6.34687e+06,6.34687e+06,134075,134075,134075,139574,139574,139574,2.43795e+07,2.43795e+07,2.43795e+07,2.53889e+07,2.53889e+07,2.53889e+07,184845,184845,184845,184830,184830,184830,1.3773e+07,1.3773e+07,1.3773e+07,1.33777e+07,1.33777e+07,1.33777e+07,9.63511e+06,9.63511e+06,9.63511e+06,9.63353e+06,9.63353e+06,9.63353e+06,2.48586e+07,2.48586e+07,2.48586e+07,393.369,393.369,393.369,286.237,286.237,286.237
503,6.3484e+06,6.3484e+06,6.3484e+06,134083,134083,134083,139593,139593,139593,2.43808e+07,2.43808e+07,2.43808e+07,2.53903e+07,2.53903e+07,2.53903e+07,184822,184822,184822,184821,184821,184821,1.37722e+07,1.37722e+07,1.37722e+07,1.33769e+07,1.33769e+07,1.33769e+07,9.63374e+06,9.63374e+06,9.63374e+06,9.63222e+06,9.63222e+06,9.63222e+06,2.48596e+07,2.48596e+07,2.48596e+07,393.346,393.346,393.346,286.241,286.241,286.241
504,6.34986e+06,6.34986e+06,6.34986e+06,134095,134095,134095,139616,139616,139616,2.43821e+07,2.43821e+07,2.43821e+07,2.53917e+07,2.53917e+07,2.53917e+07,184806,184806,184806,184819,184819,184819,1.37715e+07,1.37715e+07,1.37715e+07,1.33761e+07,1.33761e+07,1.33761e+07,9.63238e+06,9.63238e+06,9.63238e+06,9.63097e+06,9.63097e+06,9.63097e+06,2.48605e+07,2.48605e+07,2.48605e+07,393.335,393.335,393.335,286.254,286.254,286.254
505,6.35123e+06,6.35123e+06,6.35123e+06,134110,134110,134110,139642,139642,139642,2.43834e+07,2.43834e+07,2.43834e+07,2.53931e+07,2.53931e+07,2.53931e+07,184796,184796,184796,184823,184823,184823,1.37709e+07,1.37709e+07,1.37709e+07,1.33754e+07,1.33754e+07,1.33754e+07,9.63107e+06,9.63107e+06,9.63107e+06,9.6298e+06,9.6298e+06,9.6298e+06,2.48613e+07,2.48613e+07,2.48613e+07,393.335,393.335,393.335,286.277,286.277,286.277
506,6.3525e+06,6.3525e+06,6.3525e+06,134127,134127,134127,139672,139672,139672,2.43845e+07,2.43845e+07,2.43845e+07,2.53944e+07,2.53944e+07,2.53944e+07,184792,184792,184792,184833,184833,184833,1.37704e+07,1.37704e+07,1.37704e+07,1.33748e+07,1.33748e+07,1.33748e+07,9.6298e+06,9.6298e+06,9.6298e+06,9.62871e+06,9.62871e+06,9.62871e+06,2.4862e+07,2.4862e+07,2.4862e+07,393.346,393.346,393.346,286.308,286.308,286.308
507,6.35364e+06,6.35364e+06,6.35364e+06,134148,134148,134148,139703,139703,139703,2.43856e+07,2.43856e+07,2.43856e+07,2.53957e+07,2.53957e+07,2.53957e+07,184796,184796,184796,184848,184848,184848,1.37699e+07,1.37699e+07,1.37699e+07,1.33742e+07,1.33742e+07,1.33742e+07,9.62861e+06,9.62861e+06,9.62861e+06,9.62772e+06,9.62772e+06,9.62772e+06,2.48627e+07,2.48627e+07,2.48627e+07,393.37,393.37,393.37,286.346,286.346,286.346
508,6.35465e+06,6.35465e+06,6.35465e+06,134171,134171,134171,139736,139736,139736,2.43866e+07,2.43866e+07,2.43866e+07,2.5397e+07,2.5397e+07,2.5397e+07,184807,184807,184807,184869,184869,184869,1.37696e+07,1.37696e+07,1.37696e+07,1.33737e+07,1.33737e+07,1.33737e+07,9.62751e+06,9.62751e+06,9.62751e+06,9.62685e+06,9.62685e+06,9.62685e+06,2.48633e+07,2.48633e+07,2.48633e+07,393.405,393.405,393.405,286.391,286.391,286.391
509,6.35551e+06,6.35551e+06,6.35551e+06,134197,134197,134197,139770,139770,139770,2.43875e+07,2.43875e+07,2.43875e+07,2.53982e+07,2.53982e+07,2.53982e+07,184825,184825,184825,184895,184895,184895,1.37694e+07,1.37694e+07,1.37694e+07,1.33732e+07,1.33732e+07,1.33732e+07,9.62652e+06,9.62652e+06,9.62652e+06,9.6261e+06,9.6261e+06,9.6261e+06,2.48639e+07,2.48639e+07,2.48639e+07,393.453,393.453,393.453,286.44,286.44,286.44
510,6.35621e+06,6.35621e+06,6.35621e+06,134225,134225,134225,139804,139804,139804,2.43883e+07,2.43883e+07,2.43883e+07,2.53993e+07,2.53993e+07,2.53993e+07,184850,184850,184850,184924,184924,184924,1.37692e+07,1.37692e+07,1.37692e+07,1.33729e+07,1.33729e+07,1.33729e+07,9.62565e+06,9.62565e+06,9.62565e+06,9.62547e+06,9.62547e+06,9.62547e+06,2.48644e+07,2.48644e+07,2.48644e+07,393.513,393.513,393.513,286.495,286.495,286.495
511,6.35673e+06,6.35673e+06,6.35673e+06,134255,134255,134255,139837,139837,139837,2.43889e+07,2.43889e+07,2.43889e+07,2.54002e+07,2.54002e+07,2.54002e+07,184882,184882,184882,184957,184957,184957,1.37692e+07,1.37692e+07,1.37692e+07,1.33726e+07,1.33726e+07,1.33726e+07,9.62491e+06,9.62491e+06,9.62491e+06,9.62498e+06,9.62498e+06,9.62498e+06,2.48648e+07,2.48648e+07,2.48648e+07,393.584,393.584,393.584,286.552,286.552,286.552
512,6.35707e+06,6.35707e+06,6.35707e+06,134287,134287,134287,139870,139870,139870,2.43895e+07,2.43895e+07,2.43895e+07,2.54011e+07,2.54011e+07,2.54011e+07,184920,184920,184920,184993,184993,184993,1.37693e+07,1.37693e+07,1.37693e+07,1.33724e+07,1.33724e+07,1.33724e+07,9.62433e+06,9.62433e+06,9.62433e+06,9.62461e+06,9.62461e+06,9.62461e+06,2.48653e+07,2.48653e+07,2.48653e+07,393.666,393.666,393.666,286.612,286.612,286.612
513,6.35723e+06,6.35723e+06,6.35723e+06,134320,134320,134320,139901,139901,139901,2.43899e+07,2.43899e+07,2.43899e+07,2.54018e+07,2.54018e+07,2.54018e+07,184965,184965,184965,185031,185031,185031,1.37694e+07,1.37694e+07,1.37694e+07,1.33724e+07,1.33724e+07,1.33724e+07,9.6239e+06,9.6239e+06,9.6239e+06,9.62438e+06,9.62438e+06,9.62438e+06,2.48657e+07,2.48657e+07,2.48657e+07,393.757,393.757,393.757,286.673,286.673,286.673
514,6.35721e+06,6.35721e+06,6.35721e+06,134354,134354,134354,139931,139931,139931,2.43902e+07,2.43902e+07,2.43902e+07,2.54024e+07,2.54024e+07,2.54024e+07,185015,185015,185015,185072,185072,185072,1.37697e+07,1.37697e+07,1.37697e+07,1.33724e+07,1.33724e+07,1.33724e+07,9.62364e+06,9.62364e+06,9.62364e+06,9.62428e+06,9.62428e+06,9.62428e+06,2.4866e+07,2.4866e+07,2.4866e+07,393.858,393.858,393.858,286.734,286.734,286.734
515,6.357e+06,6.357e+06,6.357e+06,134388,134388,134388,139958,139958,139958,2.43903e+07,2.43903e+07,2.43903e+07,2.54028e+07,2.54028e+07,2.54028e+07,185070,185070,185070,185113,185113,185113,1.377e+07,1.377e+07,1.377e+07,1.33725e+07,1.33725e+07,1.33725e+07,9.62356e+06,9.62356e+06,9.62356e+06,9.62431e+06,9.62431e+06,9.62431e+06,2.48664e+07,2.48664e+07,2.48664e+07,393.965,393.965,393.965,286.795,286.795,286.795
516,6.35661e+06,6.35661e+06,6.35661e+06,134422,134422,134422,139982,139982,139982,2.43903e+07,2.43903e+07,2.43903e+07,2.5403e+07,2.5403e+07,2.5403e+07,185129,185129,185129,185156,185156,185156,1.37703e+07,1.37703e+07,1.37703e+07,1.33728e+07,1.33728e+07,1.33728e+07,9.62365e+06,9.62365e+06,9.62365e+06,9.62446e+06,9.62446e+06,9.62446e+06,2.48668e+07,2.48668e+07,2.48668e+07,394.078,394.078,394.078,286.855,286.855,286.855
517,6.35605e+06,6.35605e+06,6.35605e+06,134456,134456,134456,140004,140004,140004,2.43902e+07,2.43902e+07,2.43902e+07,2.5403e+07,2.5403e+07,2.5403e+07,185191,185191,185191,185199,185199,185199,1.37708e+07,1.37708e+07,1.37708e+07,1.33731e+07,1.33731e+07,1.33731e+07,9.62392e+06,9.62392e+06,9.62392e+06,9.62474e+06,9.62474e+06,9.62474e+06,2.48672e+07,2.48672e+07,2.48672e+07,394.194,394.194,394.194,286.913,286.913,286.913
518,6.35531e+06,6.35531e+06,6.35531e+06,134488,134488,134488,140022,140022,140022,2.439e+07,2.439e+07,2.439e+07,2.54029e+07,2.54029e+07,2.54029e+07,185254,185254,185254,185241,185241,185241,1.37712e+07,1.37712e+07,1.37712e+07,1.33735e+07,1.33735e+07,1.33735e+07,9.62436e+06,9.62436e+06,9.62436e+06,9.62512e+06,9.62512e+06,9.62512e+06,2.48675e+07,2.48675e+07,2.48675e+07,394.312,394.312,394.312,286.969,286.969,286.969
519,6.35443e+06,6.35443e+06,6.35443e+06,134518,134518,134518,140037,140037,140037,2.43897e+07,2.43897e+07,2.43897e+07,2.54026e+07,2.54026e+07,2.54026e+07,185318,185318,185318,185283,185283,185283,1.37718e+07,1.37718e+07,1.37718e+07,1.3374e+07,1.3374e+07,1.3374e+07,9.62497e+06,9.62497e+06,9.62497e+06,9.62561e+06,9.62561e+06,9.62561e+06,2.48679e+07,2.48679e+07,2.48679e+07,394.429,394.429,394.429,287.021,287.021,287.021
520,6.3534e+06,6.3534e+06,6.3534e+06,134546,134546,134546,140049,140049,140049,2.43893e+07,2.43893e+07,2.43893e+07,2.54021e+07,2.54021e+07,2.54021e+07,185382,185382,185382,185325,185325,185325,1.37723e+07,1.37723e+07,1.37723e+07,1.33746e+07,1.33746e+07,1.33746e+07,9.62573e+06,9.62573e+06,9.62573e+06,9.6262e+06,9.6262e+06,9.6262e+06,2.48684e+07,2.48684e+07,2.48684e+07,394.544,394.544,394.544,287.07,287.07,287.07
521,6.35225e+06,6.35225e+06,6.35225e+06,134571,134571,134571,140057,140057,140057,2.43888e+07,2.43888e+07,2.43888e+07,2.54015e+07,2.54015e+07,2.54015e+07,185444,185444,185444,185364,185364,185364,1.37729e+07,1.37729e+07,1.37729e+07,1.33752e+07,1.33752e+07,1.33752e+07,9.62664e+06,9.62664e+06,9.62664e+06,9.62687e+06,9.62687e+06,9.62687e+06,2.48688e+07,2.48688e+07,2.48688e+07,394.654,394.654,394.654,287.114,287.114,287.114
522,6.35099e+06,6.35099e+06,6.35099e+06,134592,134592,134592,140063,140063,140063,2.43882e+07,2.43882e+07,2.43882e+07,2.54007e+07,2.54007e+07,2.54007e+07,185503,185503,185503,185403,185403,185403,1.37734e+07,1.37734e+07,1.37734e+07,1.33759e+07,1.33759e+07,1.33759e+07,9.62768e+06,9.62768e+06,9.62768e+06,9.62762e+06,9.62762e+06,9.62762e+06,2.48693e+07,2.48693e+07,2.48693e+07,394.757,394.757,394.757,287.155,287.155,287.155
523,6.34964e+06,6.34964e+06,6.34964e+06,134609,134609,134609,140064,140064,140064,2.43876e+07,2.43876e+07,2.43876e+07,2.53998e+07,2.53998e+07,2.53998e+07,185559,185559,185559,185439,185439,185439,1.3774e+07,1.3774e+07,1.3774e+07,1.33766e+07,1.33766e+07,1.33766e+07,9.62883e+06,9.62883e+06,9.62883e+06,9.62844e+06,9.62844e+06,9.62844e+06,2.48698e+07,2.48698e+07,2.48698e+07,394.851,394.851,394.851,287.191,287.191,287.191
524,6.34822e+06,6.34822e+06,6.34822e+06,134621,134621,134621,140063,140063,140063,2.43869e+07,2.43869e+07,2.43869e+07,2.53988e+07,2.53988e+07,2.53988e+07,185609,185609,185609,185473,185473,185473,1.37745e+07,1.37745e+07,1.37745e+07,1.33774e+07,1.33774e+07,1.33774e+07,9.63007e+06,9.63007e+06,9.63007e+06,9.62932e+06,9.62932e+06,9.62932e+06,2.48703e+07,2.48703e+07,2.48703e+07,394.934,394.934,394.934,287.222,287.222,287.222
525,6.34675e+06,6.34675e+06,6.34675e+06,134628,134628,134628,140059,140059,140059,2.43862e+07,2.43862e+07,2.43862e+07,2.53977e+07,2.53977e+07,2.53977e+07,185654,185654,185654,185504,185504,185504,1.37751e+07,1.37751e+07,1.37751e+07,1.33782e+07,1.33782e+07,1.33782e+07,9.63139e+06,9.63139e+06,9.63139e+06,9.63025e+06,9.63025e+06,9.63025e+06,2.48709e+07,2.48709e+07,2.48709e+07,395.005,395.005,395.005,287.249,287.249,287.249
526,6.34526e+06,6.34526e+06,6.34526e+06,134631,134631,134631,140053,140053,140053,2.43854e+07,2.43854e+07,2.43854e+07,2.53965e+07,2.53965e+07,2.53965e+07,185692,185692,185692,185533,185533,185533,1.37756e+07,1.37756e+07,1.37756e+07,1.3379e+07,1.3379e+07,1.3379e+07,9.63275e+06,9.63275e+06,9.63275e+06,9.63121e+06,9.63121e+06,9.63121e+06,2.48715e+07,2.48715e+07,2.48715e+07,395.063,395.063,395.063,287.27,287.27,287.27
527,6.34376e+06,6.34376e+06,6.34376e+06,134629,134629,134629,140044,140044,140044,2.43846e+07,2.43846e+07,2.43846e+07,2.53953e+07,2.53953e+07,2.53953e+07,185723,185723,185723,185558,185558,185558,1.37761e+07,1.37761e+07,1.37761e+07,1.33798e+07,1.33798e+07,1.33798e+07,9.63414e+06,9.63414e+06,9.63414e+06,9.63219e+06,9.63219e+06,9.63219e+06,2.48721e+07,2.48721e+07,2.48721e+07,395.106,395.106,395.106,287.288,287.288,287.288
528,6.34228e+06,6.34228e+06,6.34228e+06,134621,134621,134621,140033,140033,140033,2.43838e+07,2.43838e+07,2.43838e+07,2.5394e+07,2.5394e+07,2.5394e+07,185747,185747,185747,185581,185581,185581,1.37765e+07,1.37765e+07,1.37765e+07,1.33805e+07,1.33805e+07,1.33805e+07,9.63552e+06,9.63552e+06,9.63552e+06,9.63319e+06,9.63319e+06,9.63319e+06,2.48728e+07,2.48728e+07,2.48728e+07,395.133,395.133,395.133,287.3,287.3,287.3
529,6.34084e+06,6.34084e+06,6.34084e+06,134608,134608,134608,140020,140020,140020,2.43829e+07,2.43829e+07,2.43829e+07,2.53927e+07,2.53927e+07,2.53927e+07,185762,185762,185762,185599,185599,185599,1.37769e+07,1.37769e+07,1.37769e+07,1.33812e+07,1.33812e+07,1.33812e+07,9.63689e+06,9.63689e+06,9.63689e+06,9.63419e+06,9.63419e+06,9.63419e+06,2.48734e+07,2.48734e+07,2.48734e+07,395.145,395.145,395.145,287.307,287.307,287.307
530,6.33945e+06,6.33945e+06,6.33945e+06,134591,134591,134591,140005,140005,140005,2.43821e+07,2.43821e+07,2.43821e+07,2.53915e+07,2.53915e+07,2.53915e+07,185770,185770,185770,185614,185614,185614,1.37772e+07,1.37772e+07,1.37772e+07,1.33819e+07,1.33819e+07,1.33819e+07,9.63821e+06,9.63821e+06,9.63821e+06,9.63519e+06,9.63519e+06,9.63519e+06,2.48741e+07,2.48741e+07,2.48741e+07,395.141,395.141,395.141,287.31,287.31,287.31
531,6.33815e+06,6.33815e+06,6.33815e+06,134569,134569,134569,139988,139988,139988,2.43813e+07,2.43813e+07,2.43813e+07,2.53903e+07,2.53903e+07,2.53903e+07,185769,185769,185769,185625,185625,185625,1.37776e+07,1.37776e+07,1.37776e+07,1.33825e+07,1.33825e+07,1.33825e+07,9.63946e+06,9.63946e+06,9.63946e+06,9.63616e+06,9.63616e+06,9.63616e+06,2.48747e+07,2.48747e+07,2.48747e+07,395.121,395.121,395.121,287.307,287.307,287.307
532,6.33694e+06,6.33694e+06,6.33694e+06,134543,134543,134543,139971,139971,139971,2.43805e+07,2.43805e+07,2.43805e+07,2.53891e+07,2.53891e+07,2.53891e+07,185761,185761,185761,185631,185631,185631,1.37778e+07,1.37778e+07,1.37778e+07,1.3383e+07,1.3383e+07,1.3383e+07,9.64063e+06,9.64063e+06,9.64063e+06,9.6371e+06,9.6371e+06,9.6371e+06,2.48754e+07,2.48754e+07,2.48754e+07,395.086,395.086,395.086,287.3,287.3,287.3
533,6.33584e+06,6.33584e+06,6.33584e+06,134513,134513,134513,139951,139951,139951,2.43797e+07,2.43797e+07,2.43797e+07,2.5388e+07,2.5388e+07,2.5388e+07,185745,185745,185745,185633,185633,185633,1.3778e+07,1.3778e+07,1.3778e+07,1.33834e+07,1.33834e+07,1.33834e+07,9.64169e+06,9.64169e+06,9.64169e+06,9.638e+06,9.638e+06,9.638e+06,2.4876e+07,2.4876e+07,2.4876e+07,395.036,395.036,395.036,287.287,287.287,287.287
534,6.33487e+06,6.33487e+06,6.33487e+06,134480,134480,134480,139931,139931,139931,2.4379e+07,2.4379e+07,2.4379e+07,2.53871e+07,2.53871e+07,2.53871e+07,185722,185722,185722,185630,185630,185630,1.37782e+07,1.37782e+07,1.37782e+07,1.33837e+07,1.33837e+07,1.33837e+07,9.64262e+06,9.64262e+06,9.64262e+06,9.63884e+06,9.63884e+06,9.63884e+06,2.48766e+07,2.48766e+07,2.48766e+07,394.973,394.973,394.973,287.269,287.269,287.269
535,6.33405e+06,6.33405e+06,6.33405e+06,134445,134445,134445,139910,139910,139910,2.43783e+07,2.43783e+07,2.43783e+07,2.53862e+07,2.53862e+07,2.53862e+07,185692,185692,185692,185622,185622,185622,1.37782e+07,1.37782e+07,1.37782e+07,1.33839e+07,1.33839e+07,1.33839e+07,9.64342e+06,9.64342e+06,9.64342e+06,9.63962e+06,9.63962e+06,9.63962e+06,2.48771e+07,2.48771e+07,2.48771e+07,394.898,394.898,394.898,287.246,287.246,287.246
536,6.33338e+06,6.33338e+06,6.33338e+06,134408,134408,134408,139888,139888,139888,2.43777e+07,2.43777e+07,2.43777e+07,2.53855e+07,2.53855e+07,2.53855e+07,185656,185656,185656,185609,185609,185609,1.37783e+07,1.37783e+07,1.37783e+07,1.3384e+07,1.3384e+07,1.3384e+07,9.64408e+06,9.64408e+06,9.64408e+06,9.64032e+06,9.64032e+06,9.64032e+06,2.48776e+07,2.48776e+07,2.48776e+07,394.813,394.813,394.813,287.218,287.218,287.218
537,6.33287e+06,6.33287e+06,6.33287e+06,134370,134370,134370,139866,139866,139866,2.43772e+07,2.43772e+07,2.43772e+07,2.53849e+07,2.53849e+07,2.53849e+07,185615,185615,185615,185591,185591,185591,1.37782e+07,1.37782e+07,1.37782e+07,1.3384e+07,1.3384e+07,1.3384e+07,9.64457e+06,9.64457e+06,9.64457e+06,9.64092e+06,9.64092e+06,9.64092e+06,2.4878e+07,2.4878e+07,2.4878e+07,394.72,394.72,394.72,287.184,287.184,287.184
538,6.33253e+06,6.33253e+06,6.33253e+06,134332,134332,134332,139843,139843,139843,2.43767e+07,2.43767e+07,2.43767e+07,2.53845e+07,2.53845e+07,2.53845e+07,185570,185570,185570,185568,185568,185568,1.37782e+07,1.37782e+07,1.37782e+07,1.33839e+07,1.33839e+07,1.33839e+07,9.64491e+06,9.64491e+06,9.64491e+06,9.64144e+06,9.64144e+06,9.64144e+06,2.48783e+07,2.48783e+07,2.48783e+07,394.619,394.619,394.619,287.146,287.146,287.146
539,6.33236e+06,6.33236e+06,6.33236e+06,134294,134294,134294,139819,139819,139819,2.43763e+07,2.43763e+07,2.43763e+07,2.53842e+07,2.53842e+07,2.53842e+07,185522,185522,185522,185541,185541,185541,1.3778e+07,1.3778e+07,1.3778e+07,1.33837e+07,1.33837e+07,1.33837e+07,9.64509e+06,9.64509e+06,9.64509e+06,9.64184e+06,9.64184e+06,9.64184e+06,2.48785e+07,2.48785e+07,2.48785e+07,394.514,394.514,394.514,287.104,287.104,287.104
540,6.33237e+06,6.33237e+06,6.33237e+06,134257,134257,134257,139796,139796,139796,2.43761e+07,2.43761e+07,2.43761e+07,2.5384e+07,2.5384e+07,2.5384e+07,185471,185471,185471,185509,185509,185509,1.37778e+07,1.37778e+07,1.37778e+07,1.33834e+07,1.33834e+07,1.33834e+07,9.6451e+06,9.6451e+06,9.6451e+06,9.64213e+06,9.64213e+06,9.64213e+06,2.48786e+07,2.48786e+07,2.48786e+07,394.407,394.407,394.407,287.057,287.057,287.057
541,6.33255e+06,6.33255e+06,6.33255e+06,134222,134222,134222,139773,139773,139773,2.43759e+07,2.43759e+07,2.43759e+07,2.53841e+07,2.53841e+07,2.53841e+07,185418,185418,185418,185473,185473,185473,1.37775e+07,1.37775e+07,1.37775e+07,1.33829e+07,1.33829e+07,1.33829e+07,9.64495e+06,9.64495e+06,9.64495e+06,9.6423e+06,9.6423e+06,9.6423e+06,2.48786e+07,2.48786e+07,2.48786e+07,394.298,394.298,394.298,287.006,287.006,287.006
542,6.3329e+06,6.3329e+06,6.3329e+06,134189,134189,134189,139750,139750,139750,2.43758e+07,2.43758e+07,2.43758e+07,2.53842e+07,2.53842e+07,2.53842e+07,185365,185365,185365,185433,185433,185433,1.37772e+07,1.37772e+07,1.37772e+07,1.33824e+07,1.33824e+07,1.33824e+07,9.64465e+06,9.64465e+06,9.64465e+06,9.64234e+06,9.64234e+06,9.64234e+06,2.48784e+07,2.48784e+07,2.48784e+07,394.191,394.191,394.191,286.952,286.952,286.952
543,6.33341e+06,6.33341e+06,6.33341e+06,134159,134159,134159,139728,139728,139728,2.43758e+07,2.43758e+07,2.43758e+07,2.53845e+07,2.53845e+07,2.53845e+07,185313,185313,185313,185390,185390,185390,1.37768e+07,1.37768e+07,1.37768e+07,1.33818e+07,1.33818e+07,1.33818e+07,9.64421e+06,9.64421e+06,9.64421e+06,9.64225e+06,9.64225e+06,9.64225e+06,2.48781e+07,2.48781e+07,2.48781e+07,394.088,394.088,394.088,286.896,286.896,286.896
544,6.33407e+06,6.33407e+06,6.33407e+06,134133,134133,134133,139707,139707,139707,2.43759e+07,2.43759e+07,2.43759e+07,2.5385e+07,2.5385e+07,2.5385e+07,185261,185261,185261,185345,185345,185345,1.37764e+07,1.37764e+07,1.37764e+07,1.33811e+07,1.33811e+07,1.33811e+07,9.64364e+06,9.64364e+06,9.64364e+06,9.64204e+06,9.64204e+06,9.64204e+06,2.48776e+07,2.48776e+07,2.48776e+07,393.988,393.988,393.988,286.838,286.838,286.838
545,6.33488e+06,6.33488e+06,6.33488e+06,134110,134110,134110,139687,139687,139687,2.43761e+07,2.43761e+07,2.43761e+07,2.53855e+07,2.53855e+07,2.53855e+07,185212,185212,185212,185298,185298,185298,1.37759e+07,1.37759e+07,1.37759e+07,1.33804e+07,1.33804e+07,1.33804e+07,9.64294e+06,9.64294e+06,9.64294e+06,9.64169e+06,9.64169e+06,9.64169e+06,2.4877e+07,2.4877e+07,2.4877e+07,393.896,393.896,393.896,286.779,286.779,286.779
546,6.33581e+06,6.33581e+06,6.33581e+06,134091,134091,134091,139668,139668,139668,2.43764e+07,2.43764e+07,2.43764e+07,2.53862e+07,2.53862e+07,2.53862e+07,185165,185165,185165,185250,185250,185250,1.37753e+07,1.37753e+07,1.37753e+07,1.33796e+07,1.33796e+07,1.33796e+07,9.64214e+06,9.64214e+06,9.64214e+06,9.64122e+06,9.64122e+06,9.64122e+06,2.48761e+07,2.48761e+07,2.48761e+07,393.81,393.81,393.81,286.72,286.72,286.72
547,6.33685e+06,6.33685e+06,6.33685e+06,134077,134077,134077,139652,139652,139652,2.43768e+07,2.43768e+07,2.43768e+07,2.53869e+07,2.53869e+07,2.53869e+07,185121,185121,185121,185201,185201,185201,1.37747e+07,1.37747e+07,1.37747e+07,1.33788e+07,1.33788e+07,1.33788e+07,9.64124e+06,9.64124e+06,9.64124e+06,9.64063e+06,9.64063e+06,9.64063e+06,2.48751e+07,2.48751e+07,2.48751e+07,393.734,393.734,393.734,286.662,286.662,286.662
548,6.33798e+06,6.33798e+06,6.33798e+06,134067,134067,134067,139637,139637,139637,2.43773e+07,2.43773e+07,2.43773e+07,2.53877e+07,2.53877e+07,2.53877e+07,185080,185080,185080,185153,185153,185153,1.37741e+07,1.37741e+07,1.37741e+07,1.3378e+07,1.3378e+07,1.3378e+07,9.64027e+06,9.64027e+06,9.64027e+06,9.63993e+06,9.63993e+06,9.63993e+06,2.48738e+07,2.48738e+07,2.48738e+07,393.667,393.667,393.667,286.605,286.605,286.605
549,6.3392e+06,6.3392e+06,6.3392e+06,134061,134061,134061,139625,139625,139625,2.43779e+07,2.43779e+07,2.43779e+07,2.53885e+07,2.53885e+07,2.53885e+07,185044,185044,185044,185107,185107,185107,1.37735e+07,1.37735e+07,1.37735e+07,1.33771e+07,1.33771e+07,1.33771e+07,9.63924e+06,9.63924e+06,9.63924e+06,9.63912e+06,9.63912e+06,9.63912e+06,2.48724e+07,2.48724e+07,2.48724e+07,393.61,393.61,393.61,286.552,286.552,286.552
550,6.34046e+06,6.34046e+06,6.34046e+06,134060,134060,134060,139616,139616,139616,2.43785e+07,2.43785e+07,2.43785e+07,2.53894e+07,2.53894e+07,2.53894e+07,185012,185012,185012,185063,185063,185063,1.37728e+07,1.37728e+07,1.37728e+07,1.33763e+07,1.33763e+07,1.33763e+07,9.63816e+06,9.63816e+06,9.63816e+06,9.63822e+06,9.63822e+06,9.63822e+06,2.48708e+07,2.48708e+07,2.48708e+07,393.564,393.564,393.564,286.502,286.502,286.502
551,6.34177e+06,6.34177e+06,6.34177e+06,134063,134063,134063,139609,139609,139609,2.43792e+07,2.43792e+07,2.43792e+07,2.53903e+07,2.53903e+07,2.53903e+07,184985,184985,184985,185022,185022,185022,1.37721e+07,1.37721e+07,1.37721e+07,1.33755e+07,1.33755e+07,1.33755e+07,9.63706e+06,9.63706e+06,9.63706e+06,9.63725e+06,9.63725e+06,9.63725e+06,2.4869e+07,2.4869e+07,2.4869e+07,393.528,393.528,393.528,286.458,286.458,286.458
552,6.34309e+06,6.34309e+06,6.34309e+06,134069,134069,134069,139606,139606,139606,2.43799e+07,2.43799e+07,2.43799e+07,2.53912e+07,2.53912e+07,2.53912e+07,184963,184963,184963,184984,184984,184984,1.37715e+07,1.37715e+07,1.37715e+07,1.33747e+07,1.33747e+07,1.33747e+07,9.63594e+06,9.63594e+06,9.63594e+06,9.63621e+06,9.63621e+06,9.63621e+06,2.4867e+07,2.4867e+07,2.4867e+07,393.503,393.503,393.503,286.419,286.419,286.419
553,6.3444e+06,6.3444e+06,6.3444e+06,134079,134079,134079,139605,139605,139605,2.43807e+07,2.43807e+07,2.43807e+07,2.53921e+07,2.53921e+07,2.53921e+07,184945,184945,184945,184952,184952,184952,1.37708e+07,1.37708e+07,1.37708e+07,1.3374e+07,1.3374e+07,1.3374e+07,9.63483e+06,9.63483e+06,9.63483e+06,9.63512e+06,9.63512e+06,9.63512e+06,2.48648e+07,2.48648e+07,2.48648e+07,393.489,393.489,393.489,286.386,286.386,286.386
554,6.34569e+06,6.34569e+06,6.34569e+06,134093,134093,134093,139609,139609,139609,2.43814e+07,2.43814e+07,2.43814e+07,2.53929e+07,2.53929e+07,2.53929e+07,184932,184932,184932,184924,184924,184924,1.37701e+07,1.37701e+07,1.37701e+07,1.33733e+07,1.33733e+07,1.33733e+07,9.63373e+06,9.63373e+06,9.63373e+06,9.63401e+06,9.63401e+06,9.63401e+06,2.48625e+07,2.48625e+07,2.48625e+07,393.485,393.485,393.485,286.361,286.361,286.361
555,6.34692e+06,6.34692e+06,6.34692e+06,134109,134109,134109,139615,139615,139615,2.43822e+07,2.43822e+07,2.43822e+07,2.53937e+07,2.53937e+07,2.53937e+07,184924,184924,184924,184902,184902,184902,1.37695e+07,1.37695e+07,1.37695e+07,1.33726e+07,1.33726e+07,1.33726e+07,9.63267e+06,9.63267e+06,9.63267e+06,9.63288e+06,9.63288e+06,9.63288e+06,2.486e+07,2.486e+07,2.486e+07,393.49,393.49,393.49,286.343,286.343,286.343
556,6.34809e+06,6.34809e+06,6.34809e+06,134128,134128,134128,139625,139625,139625,2.43829e+07,2.43829e+07,2.43829e+07,2.53943e+07,2.53943e+07,2.53943e+07,184921,184921,184921,184887,184887,184887,1.37689e+07,1.37689e+07,1.37689e+07,1.33721e+07,1.33721e+07,1.33721e+07,9.63165e+06,9.63165e+06,9.63165e+06,9.63176e+06,9.63176e+06,9.63176e+06,2.48574e+07,2.48574e+07,2.48574e+07,393.505,393.505,393.505,286.334,286.334,286.334
557,6.34917e+06,6.34917e+06,6.34917e+06,134150,134150,134150,139639,139639,139639,2.43835e+07,2.43835e+07,2.43835e+07,2.5395e+07,2.5395e+07,2.5395e+07,184923,184923,184923,184878,184878,184878,1.37683e+07,1.37683e+07,1.37683e+07,1.33715e+07,1.33715e+07,1.33715e+07,9.63068e+06,9.63068e+06,9.63068e+06,9.63067e+06,9.63067e+06,9.63067e+06,2.48547e+07,2.48547e+07,2.48547e+07,393.529,393.529,393.529,286.334,286.334,286.334
558,6.35015e+06,6.35015e+06,6.35015e+06,134173,134173,134173,139656,139656,139656,2.43841e+07,2.43841e+07,2.43841e+07,2.53955e+07,2.53955e+07,2.53955e+07,184929,184929,184929,184876,184876,184876,1.37678e+07,1.37678e+07,1.37678e+07,1.33711e+07,1.33711e+07,1.33711e+07,9.62979e+06,9.62979e+06,9.62979e+06,9.62962e+06,9.62962e+06,9.62962e+06,2.48518e+07,2.48518e+07,2.48518e+07,393.562,393.562,393.562,286.342,286.342,286.342
559,6.351e+06,6.351e+06,6.351e+06,134197,134197,134197,139676,139676,139676,2.43846e+07,2.43846e+07,2.43846e+07,2.53958e+07,2.53958e+07,2.53958e+07,184941,184941,184941,184881,184881,184881,1.37673e+07,1.37673e+07,1.37673e+07,1.33707e+07,1.33707e+07,1.33707e+07,9.62897e+06,9.62897e+06,9.62897e+06,9.62864e+06,9.62864e+06,9.62864e+06,2.48488e+07,2.48488e+07,2.48488e+07,393.603,393.603,393.603,286.36,286.36,286.36
560,6.3517e+06,6.3517e+06,6.3517e+06,134223,134223,134223,139699,139699,139699,2.4385e+07,2.4385e+07,2.4385e+07,2.53961e+07,2.53961e+07,2.53961e+07,184957,184957,184957,184893,184893,184893,1.37669e+07,1.37669e+07,1.37669e+07,1.33705e+07,1.33705e+07,1.33705e+07,9.62824e+06,9.62824e+06,9.62824e+06,9.62774e+06,9.62774e+06,9.62774e+06,2.48458e+07,2.48458e+07,2.48458e+07,393.65,393.65,393.65,286.387,286.387,286.387
561,6.35225e+06,6.35225e+06,6.35225e+06,134249,134249,134249,139725,139725,139725,2.43853e+07,2.43853e+07,2.43853e+07,2.53962e+07,2.53962e+07,2.53962e+07,184977,184977,184977,184911,184911,184911,1.37666e+07,1.37666e+07,1.37666e+07,1.33703e+07,1.33703e+07,1.33703e+07,9.6276e+06,9.6276e+06,9.6276e+06,9.62694e+06,9.62694e+06,9.62694e+06,2.48426e+07,2.48426e+07,2.48426e+07,393.705,393.705,393.705,286.422,286.422,286.422
562,6.35264e+06,6.35264e+06,6.35264e+06,134276,134276,134276,139752,139752,139752,2.43854e+07,2.43854e+07,2.43854e+07,2.53962e+07,2.53962e+07,2.53962e+07,185001,185001,185001,184936,184936,184936,1.37664e+07,1.37664e+07,1.37664e+07,1.33701e+07,1.33701e+07,1.33701e+07,9.62707e+06,9.62707e+06,9.62707e+06,9.62624e+06,9.62624e+06,9.62624e+06,2.48394e+07,2.48394e+07,2.48394e+07,393.765,393.765,393.765,286.464,286.464,286.464
563,6.35285e+06,6.35285e+06,6.35285e+06,134302,134302,134302,139781,139781,139781,2.43854e+07,2.43854e+07,2.43854e+07,2.53961e+07,2.53961e+07,2.53961e+07,185029,185029,185029,184967,184967,184967,1.37662e+07,1.37662e+07,1.37662e+07,1.33701e+07,1.33701e+07,1.33701e+07,9.62664e+06,9.62664e+06,9.62664e+06,9.62568e+06,9.62568e+06,9.62568e+06,2.48361e+07,2.48361e+07,2.48361e+07,393.83,393.83,393.83,286.514,286.514,286.514
564,6.35287e+06,6.35287e+06,6.35287e+06,134328,134328,134328,139811,139811,139811,2.43851e+07,2.43851e+07,2.43851e+07,2.53958e+07,2.53958e+07,2.53958e+07,185060,185060,185060,185003,185003,185003,1.37662e+07,1.37662e+07,1.37662e+07,1.33701e+07,1.33701e+07,1.33701e+07,9.62633e+06,9.62633e+06,9.62633e+06,9.62524e+06,9.62524e+06,9.62524e+06,2.48329e+07,2.48329e+07,2.48329e+07,393.899,393.899,393.899,286.569,286.569,286.569
565,6.35271e+06,6.35271e+06,6.35271e+06,134354,134354,134354,139841,139841,139841,2.43848e+07,2.43848e+07,2.43848e+07,2.53953e+07,2.53953e+07,2.53953e+07,185095,185095,185095,185043,185043,185043,1.37662e+07,1.37662e+07,1.37662e+07,1.33702e+07,1.33702e+07,1.33702e+07,9.62614e+06,9.62614e+06,9.62614e+06,9.62494e+06,9.62494e+06,9.62494e+06,2.48295e+07,2.48295e+07,2.48295e+07,393.971,393.971,393.971,286.629,286.629,286.629
566,6.35236e+06,6.35236e+06,6.35236e+06,134378,134378,134378,139870,139870,139870,2.43842e+07,2.43842e+07,2.43842e+07,2.53946e+07,2.53946e+07,2.53946e+07,185132,185132,185132,185087,185087,185087,1.37663e+07,1.37663e+07,1.37663e+07,1.33704e+07,1.33704e+07,1.33704e+07,9.62607e+06,9.62607e+06,9.62607e+06,9.62479e+06,9.62479e+06,9.62479e+06,2.48262e+07,2.48262e+07,2.48262e+07,394.046,394.046,394.046,286.693,286.693,286.693
567,6.35182e+06,6.35182e+06,6.35182e+06,134400,134400,134400,139899,139899,139899,2.43835e+07,2.43835e+07,2.43835e+07,2.53938e+07,2.53938e+07,2.53938e+07,185172,185172,185172,185133,185133,185133,1.37665e+07,1.37665e+07,1.37665e+07,1.33706e+07,1.33706e+07,1.33706e+07,9.62611e+06,9.62611e+06,9.62611e+06,9.62478e+06,9.62478e+06,9.62478e+06,2.48229e+07,2.48229e+07,2.48229e+07,394.123,394.123,394.123,286.758,286.758,286.758
568,6.3511e+06,6.3511e+06,6.3511e+06,134421,134421,134421,139926,139926,139926,2.43825e+07,2.43825e+07,2.43825e+07,2.53929e+07,2.53929e+07,2.53929e+07,185214,185214,185214,185181,185181,185181,1.37668e+07,1.37668e+07,1.37668e+07,1.33709e+07,1.33709e+07,1.33709e+07,9.62627e+06,9.62627e+06,9.62627e+06,9.62491e+06,9.62491e+06,9.62491e+06,2.48196e+07,2.48196e+07,2.48196e+07,394.2,394.2,394.2,286.824,286.824,286.824
569,6.35021e+06,6.35021e+06,6.35021e+06,134441,134441,134441,139950,139950,139950,2.43814e+07,2.43814e+07,2.43814e+07,2.53917e+07,2.53917e+07,2.53917e+07,185257,185257,185257,185230,185230,185230,1.37671e+07,1.37671e+07,1.37671e+07,1.33712e+07,1.33712e+07,1.33712e+07,9.62656e+06,9.62656e+06,9.62656e+06,9.62518e+06,9.62518e+06,9.62518e+06,2.48164e+07,2.48164e+07,2.48164e+07,394.277,394.277,394.277,286.89,286.89,286.89
570,6.34914e+06,6.34914e+06,6.34914e+06,134458,134458,134458,139972,139972,139972,2.43802e+07,2.43802e+07,2.43802e+07,2.53905e+07,2.53905e+07,2.53905e+07,185301,185301,185301,185278,185278,185278,1.37675e+07,1.37675e+07,1.37675e+07,1.33716e+07,1.33716e+07,1.33716e+07,9.62695e+06,9.62695e+06,9.62695e+06,9.62559e+06,9.62559e+06,9.62559e+06,2.48132e+07,2.48132e+07,2.48132e+07,394.353,394.353,394.353,286.953,286.953,286.953
571,6.34792e+06,6.34792e+06,6.34792e+06,134473,134473,134473,139990,139990,139990,2.43787e+07,2.43787e+07,2.43787e+07,2.5389e+07,2.5389e+07,2.5389e+07,185345,185345,185345,185326,185326,185326,1.37679e+07,1.37679e+07,1.37679e+07,1.3372e+07,1.3372e+07,1.3372e+07,9.62745e+06,9.62745e+06,9.62745e+06,9.62611e+06,9.62611e+06,9.62611e+06,2.48101e+07,2.48101e+07,2.48101e+07,394.427,394.427,394.427,287.013,287.013,287.013
572,6.34657e+06,6.34657e+06,6.34657e+06,134485,134485,134485,140005,140005,140005,2.43771e+07,2.43771e+07,2.43771e+07,2.53874e+07,2.53874e+07,2.53874e+07,185389,185389,185389,185372,185372,185372,1.37684e+07,1.37684e+07,1.37684e+07,1.33724e+07,1.33724e+07,1.33724e+07,9.62806e+06,9.62806e+06,9.62806e+06,9.62674e+06,9.62674e+06,9.62674e+06,2.4807e+07,2.4807e+07,2.4807e+07,394.499,394.499,394.499,287.069,287.069,287.069
573,6.34508e+06,6.34508e+06,6.34508e+06,134496,134496,134496,140015,140015,140015,2.43754e+07,2.43754e+07,2.43754e+07,2.53857e+07,2.53857e+07,2.53857e+07,185433,185433,185433,185415,185415,185415,1.37689e+07,1.37689e+07,1.37689e+07,1.33729e+07,1.33729e+07,1.33729e+07,9.62877e+06,9.62877e+06,9.62877e+06,9.62747e+06,9.62747e+06,9.62747e+06,2.48041e+07,2.48041e+07,2.48041e+07,394.568,394.568,394.568,287.119,287.119,287.119
574,6.34348e+06,6.34348e+06,6.34348e+06,134503,134503,134503,140021,140021,140021,2.43735e+07,2.43735e+07,2.43735e+07,2.53838e+07,2.53838e+07,2.53838e+07,185475,185475,185475,185454,185454,185454,1.37694e+07,1.37694e+07,1.37694e+07,1.33734e+07,1.33734e+07,1.33734e+07,9.62956e+06,9.62956e+06,9.62956e+06,9.62828e+06,9.62828e+06,9.62828e+06,2.48012e+07,2.48012e+07,2.48012e+07,394.631,394.631,394.631,287.163,287.163,287.163
575,6.3418e+06,6.3418e+06,6.3418e+06,134507,134507,134507,140023,140023,140023,2.43715e+07,2.43715e+07,2.43715e+07,2.53818e+07,2.53818e+07,2.53818e+07,185516,185516,185516,185490,185490,185490,1.377e+07,1.377e+07,1.377e+07,1.33739e+07,1.33739e+07,1.33739e+07,9.63043e+06,9.63043e+06,9.63043e+06,9.62915e+06,9.62915e+06,9.62915e+06,2.47984e+07,2.47984e+07,2.47984e+07,394.69,394.69,394.69,287.2,287.2,287.2
576,6.34004e+06,6.34004e+06,6.34004e+06,134509,134509,134509,140020,140020,140020,2.43694e+07,2.43694e+07,2.43694e+07,2.53797e+07,2.53797e+07,2.53797e+07,185553,185553,185553,185521,185521,185521,1.37705e+07,1.37705e+07,1.37705e+07,1.33744e+07,1.33744e+07,1.33744e+07,9.63137e+06,9.63137e+06,9.63137e+06,9.63008e+06,9.63008e+06,9.63008e+06,2.47957e+07,2.47957e+07,2.47957e+07,394.741,394.741,394.741,287.229,287.229,287.229
577,6.33824e+06,6.33824e+06,6.33824e+06,134507,134507,134507,140012,140012,140012,2.43673e+07,2.43673e+07,2.43673e+07,2.53775e+07,2.53775e+07,2.53775e+07,185587,185587,185587,185546,185546,185546,1.3771e+07,1.3771e+07,1.3771e+07,1.33749e+07,1.33749e+07,1.33749e+07,9.63235e+06,9.63235e+06,9.63235e+06,9.63103e+06,9.63103e+06,9.63103e+06,2.47932e+07,2.47932e+07,2.47932e+07,394.786,394.786,394.786,287.249,287.249,287.249
578,6.33641e+06,6.33641e+06,6.33641e+06,134502,134502,134502,140000,140000,140000,2.43651e+07,2.43651e+07,2.43651e+07,2.53753e+07,2.53753e+07,2.53753e+07,185617,185617,185617,185567,185567,185567,1.37714e+07,1.37714e+07,1.37714e+07,1.33754e+07,1.33754e+07,1.33754e+07,9.63338e+06,9.63338e+06,9.63338e+06,9.63199e+06,9.63199e+06,9.63199e+06,2.47907e+07,2.47907e+07,2.47907e+07,394.821,394.821,394.821,287.26,287.26,287.26
579,6.33457e+06,6.33457e+06,6.33457e+06,134494,134494,134494,139983,139983,139983,2.43628e+07,2.43628e+07,2.43628e+07,2.53729e+07,2.53729e+07,2.53729e+07,185642,185642,185642,185581,185581,185581,1.37718e+07,1.37718e+07,1.37718e+07,1.33758e+07,1.33758e+07,1.33758e+07,9.63443e+06,9.63443e+06,9.63443e+06,9.63295e+06,9.63295e+06,9.63295e+06,2.47884e+07,2.47884e+07,2.47884e+07,394.847,394.847,394.847,287.262,287.262,287.262
580,6.33275e+06,6.33275e+06,6.33275e+06,134482,134482,134482,139962,139962,139962,2.43606e+07,2.43606e+07,2.43606e+07,2.53705e+07,2.53705e+07,2.53705e+07,185662,185662,185662,185589,185589,185589,1.37722e+07,1.37722e+07,1.37722e+07,1.33762e+07,1.33762e+07,1.33762e+07,9.63548e+06,9.63548e+06,9.63548e+06,9.63389e+06,9.63389e+06,9.63389e+06,2.47862e+07,2.47862e+07,2.47862e+07,394.862,394.862,394.862,287.256,287.256,287.256
581,6.33097e+06,6.33097e+06,6.33097e+06,134467,134467,134467,139937,139937,139937,2.43584e+07,2.43584e+07,2.43584e+07,2.53681e+07,2.53681e+07,2.53681e+07,185675,185675,185675,185592,185592,185592,1.37724e+07,1.37724e+07,1.37724e+07,1.33766e+07,1.33766e+07,1.33766e+07,9.63652e+06,9.63652e+06,9.63652e+06,9.63479e+06,9.63479e+06,9.63479e+06,2.47841e+07,2.47841e+07,2.47841e+07,394.866,394.866,394.866,287.24,287.24,287.24
582,6.32925e+06,6.32925e+06,6.32925e+06,134449,134449,134449,139909,139909,139909,2.43561e+07,2.43561e+07,2.43561e+07,2.53656e+07,2.53656e+07,2.53656e+07,185682,185682,185682,185588,185588,185588,1.37726e+07,1.37726e+07,1.37726e+07,1.33769e+07,1.33769e+07,1.33769e+07,9.63753e+06,9.63753e+06,9.63753e+06,9.63563e+06,9.63563e+06,9.63563e+06,2.47821e+07,2.47821e+07,2.47821e+07,394.858,394.858,394.858,287.216,287.216,287.216
583,6.32761e+06,6.32761e+06,6.32761e+06,134427,134427,134427,139878,139878,139878,2.43539e+07,2.43539e+07,2.43539e+07,2.53632e+07,2.53632e+07,2.53632e+07,185683,185683,185683,185578,185578,185578,1.37727e+07,1.37727e+07,1.37727e+07,1.33772e+07,1.33772e+07,1.33772e+07,9.63849e+06,9.63849e+06,9.63849e+06,9.6364e+06,9.6364e+06,9.6364e+06,2.47802e+07,2.47802e+07,2.47802e+07,394.838,394.838,394.838,287.184,287.184,287.184
584,6.32607e+06,6.32607e+06,6.32607e+06,134401,134401,134401,139844,139844,139844,2.43518e+07,2.43518e+07,2.43518e+07,2.53608e+07,2.53608e+07,2.53608e+07,185676,185676,185676,185563,185563,185563,1.37727e+07,1.37727e+07,1.37727e+07,1.33774e+07,1.33774e+07,1.33774e+07,9.63939e+06,9.63939e+06,9.63939e+06,9.63709e+06,9.63709e+06,9.63709e+06,2.47784e+07,2.47784e+07,2.47784e+07,394.804,394.804,394.804,287.145,287.145,287.145
585,6.32464e+06,6.32464e+06,6.32464e+06,134373,134373,134373,139809,139809,139809,2.43498e+07,2.43498e+07,2.43498e+07,2.53584e+07,2.53584e+07,2.53584e+07,185662,185662,185662,185543,185543,185543,1.37726e+07,1.37726e+07,1.37726e+07,1.33775e+07,1.33775e+07,1.33775e+07,9.6402e+06,9.6402e+06,9.6402e+06,9.63768e+06,9.63768e+06,9.63768e+06,2.47767e+07,2.47767e+07,2.47767e+07,394.758,394.758,394.758,287.098,287.098,287.098
586,6.32336e+06,6.32336e+06,6.32336e+06,134341,134341,134341,139772,139772,139772,2.43478e+07,2.43478e+07,2.43478e+07,2.53561e+07,2.53561e+07,2.53561e+07,185640,185640,185640,185518,185518,185518,1.37724e+07,1.37724e+07,1.37724e+07,1.33775e+07,1.33775e+07,1.33775e+07,9.6409e+06,9.6409e+06,9.6409e+06,9.63817e+06,9.63817e+06,9.63817e+06,2.47751e+07,2.47751e+07,2.47751e+07,394.699,394.699,394.699,287.046,287.046,287.046
587,6.32222e+06,6.32222e+06,6.32222e+06,134307,134307,134307,139734,139734,139734,2.43459e+07,2.43459e+07,2.43459e+07,2.53539e+07,2.53539e+07,2.53539e+07,185611,185611,185611,185488,185488,185488,1.37721e+07,1.37721e+07,1.37721e+07,1.33774e+07,1.33774e+07,1.33774e+07,9.64149e+06,9.64149e+06,9.64149e+06,9.63854e+06,9.63854e+06,9.63854e+06,2.47735e+07,2.47735e+07,2.47735e+07,394.627,394.627,394.627,286.989,286.989,286.989
588,6.32123e+06,6.32123e+06,6.32123e+06,134271,134271,134271,139696,139696,139696,2.43441e+07,2.43441e+07,2.43441e+07,2.53518e+07,2.53518e+07,2.53518e+07,185575,185575,185575,185453,185453,185453,1.37717e+07,1.37717e+07,1.37717e+07,1.33773e+07,1.33773e+07,1.33773e+07,9.64194e+06,9.64194e+06,9.64194e+06,9.63879e+06,9.63879e+06,9.63879e+06,2.47721e+07,2.47721e+07,2.47721e+07,394.544,394.544,394.544,286.927,286.927,286.927
589,6.32042e+06,6.32042e+06,6.32042e+06,134232,134232,134232,139658,139658,139658,2.43424e+07,2.43424e+07,2.43424e+07,2.53498e+07,2.53498e+07,2.53498e+07,185532,185532,185532,185416,185416,185416,1.37713e+07,1.37713e+07,1.37713e+07,1.3377e+07,1.3377e+07,1.3377e+07,9.64225e+06,9.64225e+06,9.64225e+06,9.63892e+06,9.63892e+06,9.63892e+06,2.47706e+07,2.47706e+07,2.47706e+07,394.449,394.449,394.449,286.862,286.862,286.862
590,6.31978e+06,6.31978e+06,6.31978e+06,134192,134192,134192,139621,139621,139621,2.43409e+07,2.43409e+07,2.43409e+07,2.53479e+07,2.53479e+07,2.53479e+07,185483,185483,185483,185374,185374,185374,1.37707e+07,1.37707e+07,1.37707e+07,1.33766e+07,1.33766e+07,1.33766e+07,9.64239e+06,9.64239e+06,9.64239e+06,9.63892e+06,9.63892e+06,9.63892e+06,2.47693e+07,2.47693e+07,2.47693e+07,394.344,394.344,394.344,286.794,286.794,286.794
591,6.31932e+06,6.31932e+06,6.31932e+06,134151,134151,134151,139585,139585,139585,2.43394e+07,2.43394e+07,2.43394e+07,2.53462e+07,2.53462e+07,2.53462e+07,185429,185429,185429,185330,185330,185330,1.377e+07,1.377e+07,1.377e+07,1.33761e+07,1.33761e+07,1.33761e+07,9.64237e+06,9.64237e+06,9.64237e+06,9.63879e+06,9.63879e+06,9.63879e+06,2.47679e+07,2.47679e+07,2.47679e+07,394.229,394.229,394.229,286.724,286.724,286.724
592,6.31905e+06,6.31905e+06,6.31905e+06,134109,134109,134109,139550,139550,139550,2.43381e+07,2.43381e+07,2.43381e+07,2.53446e+07,2.53446e+07,2.53446e+07,185369,185369,185369,185284,185284,185284,1.37692e+07,1.37692e+07,1.37692e+07,1.33755e+07,1.33755e+07,1.33755e+07,9.64218e+06,9.64218e+06,9.64218e+06,9.63853e+06,9.63853e+06,9.63853e+06,2.47666e+07,2.47666e+07,2.47666e+07,394.108,394.108,394.108,286.652,286.652,286.652
593,6.31896e+06,6.31896e+06,6.31896e+06,134067,134067,134067,139518,139518,139518,2.43369e+07,2.43369e+07,2.43369e+07,2.53432e+07,2.53432e+07,2.53432e+07,185305,185305,185305,185235,185235,185235,1.37684e+07,1.37684e+07,1.37684e+07,1.33748e+07,1.33748e+07,1.33748e+07,9.64181e+06,9.64181e+06,9.64181e+06,9.63813e+06,9.63813e+06,9.63813e+06,2.47653e+07,2.47653e+07,2.47653e+07,393.98,393.98,393.98,286.581,286.581,286.581
594,6.31904e+06,6.31904e+06,6.31904e+06,134026,134026,134026,139487,139487,139487,2.43358e+07,2.43358e+07,2.43358e+07,2.5342e+07,2.5342e+07,2.5342e+07,185238,185238,185238,185185,185185,185185,1.37675e+07,1.37675e+07,1.37675e+07,1.3374e+07,1.3374e+07,1.3374e+07,9.64126e+06,9.64126e+06,9.64126e+06,9.63761e+06,9.63761e+06,9.63761e+06,2.4764e+07,2.4764e+07,2.4764e+07,393.847,393.847,393.847,286.509,286.509,286.509
595,6.3193e+06,6.3193e+06,6.3193e+06,133986,133986,133986,139459,139459,139459,2.43348e+07,2.43348e+07,2.43348e+07,2.53409e+07,2.53409e+07,2.53409e+07,185168,185168,185168,185134,185134,185134,1.37665e+07,1.37665e+07,1.37665e+07,1.33731e+07,1.33731e+07,1.33731e+07,9.64054e+06,9.64054e+06,9.64054e+06,9.63697e+06,9.63697e+06,9.63697e+06,2.47627e+07,2.47627e+07,2.47627e+07,393.713,393.713,393.713,286.439,286.439,286.439
596,6.31972e+06,6.31972e+06,6.31972e+06,133947,133947,133947,139433,139433,139433,2.4334e+07,2.4334e+07,2.4334e+07,2.534e+07,2.534e+07,2.534e+07,185098,185098,185098,185083,185083,185083,1.37655e+07,1.37655e+07,1.37655e+07,1.33721e+07,1.33721e+07,1.33721e+07,9.63964e+06,9.63964e+06,9.63964e+06,9.6362e+06,9.6362e+06,9.6362e+06,2.47614e+07,2.47614e+07,2.47614e+07,393.578,393.578,393.578,286.369,286.369,286.369
597,6.32029e+06,6.32029e+06,6.32029e+06,133911,133911,133911,139410,139410,139410,2.43332e+07,2.43332e+07,2.43332e+07,2.53393e+07,2.53393e+07,2.53393e+07,185027,185027,185027,185031,185031,185031,1.37644e+07,1.37644e+07,1.37644e+07,1.3371e+07,1.3371e+07,1.3371e+07,9.63858e+06,9.63858e+06,9.63858e+06,9.63533e+06,9.63533e+06,9.63533e+06,2.47601e+07,2.47601e+07,2.47601e+07,393.444,393.444,393.444,286.302,286.302,286.302
598,6.32101e+06,6.32101e+06,6.32101e+06,133878,133878,133878,139390,139390,139390,2.43326e+07,2.43326e+07,2.43326e+07,2.53387e+07,2.53387e+07,2.53387e+07,184957,184957,184957,184979,184979,184979,1.37633e+07,1.37633e+07,1.37633e+07,1.33698e+07,1.33698e+07,1.33698e+07,9.63736e+06,9.63736e+06,9.63736e+06,9.63434e+06,9.63434e+06,9.63434e+06,2.47587e+07,2.47587e+07,2.47587e+07,393.315,393.315,393.315,286.237,286.237,286.237
599,6.32185e+06,6.32185e+06,6.32185e+06,133848,133848,133848,139372,139372,139372,2.4332e+07,2.4332e+07,2.4332e+07,2.53383e+07,2.53383e+07,2.53383e+07,184889,184889,184889,184928,184928,184928,1.37622e+07,1.37622e+07,1.37622e+07,1.33686e+07,1.33686e+07,1.33686e+07,9.63601e+06,9.63601e+06,9.63601e+06,9.63326e+06,9.63326e+06,9.63326e+06,2.47573e+07,2.47573e+07,2.47573e+07,393.19,393.19,393.19,286.176,286.176,286.176
600,6.3228e+06,6.3228e+06,6.3228e+06,133822,133822,133822,139358,139358,139358,2.43315e+07,2.43315e+07,2.43315e+07,2.5338e+07,2.5338e+07,2.5338e+07,184824,184824,184824,184878,184878,184878,1.3761e+07,1.3761e+07,1.3761e+07,1.33672e+07,1.33672e+07,1.33672e+07,9.63453e+06,9.63453e+06,9.63453e+06,9.63208e+06,9.63208e+06,9.63208e+06,2.47559e+07,2.47559e+07,2.47559e+07,393.073,393.073,393.073,286.117,286.117,286.117
601,6.32384e+06,6.32384e+06,6.32384e+06,133800,133800,133800,139346,139346,139346,2.43311e+07,2.43311e+07,2.43311e+07,2.53378e+07,2.53378e+07,2.53378e+07,184762,184762,184762,184830,184830,184830,1.37598e+07,1.37598e+07,1.37598e+07,1.33659e+07,1.33659e+07,1.33659e+07,9.63295e+06,9.63295e+06,9.63295e+06,9.63083e+06,9.63083e+06,9.63083e+06,2.47544e+07,2.47544e+07,2.47544e+07,392.966,392.966,392.966,286.062,286.062,286.062
602,6.32495e+06,6.32495e+06,6.32495e+06,133783,133783,133783,139337,139337,139337,2.43307e+07,2.43307e+07,2.43307e+07,2.53377e+07,2.53377e+07,2.53377e+07,184706,184706,184706,184784,184784,184784,1.37586e+07,1.37586e+07,1.37586e+07,1.33645e+07,1.33645e+07,1.33645e+07,9.63127e+06,9.63127e+06,9.63127e+06,9.6295e+06,9.6295e+06,9.6295e+06,2.47528e+07,2.47528e+07,2.47528e+07,392.869,392.869,392.869,286.012,286.012,286.012
603,6.32611e+06,6.32611e+06,6.32611e+06,133770,133770,133770,139332,139332,139332,2.43304e+07,2.43304e+07,2.43304e+07,2.53378e+07,2.53378e+07,2.53378e+07,184655,184655,184655,184741,184741,184741,1.37575e+07,1.37575e+07,1.37575e+07,1.33631e+07,1.33631e+07,1.33631e+07,9.62954e+06,9.62954e+06,9.62954e+06,9.62812e+06,9.62812e+06,9.62812e+06,2.47512e+07,2.47512e+07,2.47512e+07,392.784,392.784,392.784,285.966,285.966,285.966
604,6.3273e+06,6.3273e+06,6.3273e+06,133762,133762,133762,139328,139328,139328,2.43302e+07,2.43302e+07,2.43302e+07,2.53378e+07,2.53378e+07,2.53378e+07,184611,184611,184611,184701,184701,184701,1.37563e+07,1.37563e+07,1.37563e+07,1.33617e+07,1.33617e+07,1.33617e+07,9.62775e+06,9.62775e+06,9.62775e+06,9.62668e+06,9.62668e+06,9.62668e+06,2.47495e+07,2.47495e+07,2.47495e+07,392.713,392.713,392.713,285.925,285.925,285.925
605,6.3285e+06,6.3285e+06,6.3285e+06,133760,133760,133760,139328,139328,139328,2.433e+07,2.433e+07,2.433e+07,2.53379e+07,2.53379e+07,2.53379e+07,184573,184573,184573,184663,184663,184663,1.37552e+07,1.37552e+07,1.37552e+07,1.33603e+07,1.33603e+07,1.33603e+07,9.62595e+06,9.62595e+06,9.62595e+06,9.62521e+06,9.62521e+06,9.62521e+06,2.47478e+07,2.47478e+07,2.47478e+07,392.656,392.656,392.656,285.889,285.889,285.889
606,6.32968e+06,6.32968e+06,6.32968e+06,133762,133762,133762,139330,139330,139330,2.43298e+07,2.43298e+07,2.43298e+07,2.53381e+07,2.53381e+07,2.53381e+07,184543,184543,184543,184630,184630,184630,1.3754e+07,1.3754e+07,1.3754e+07,1.3359e+07,1.3359e+07,1.3359e+07,9.62415e+06,9.62415e+06,9.62415e+06,9.62372e+06,9.62372e+06,9.62372e+06,2.4746e+07,2.4746e+07,2.4746e+07,392.613,392.613,392.613,285.859,285.859,285.859
607,6.33082e+06,6.33082e+06,6.33082e+06,133769,133769,133769,139334,139334,139334,2.43296e+07,2.43296e+07,2.43296e+07,2.53382e+07,2.53382e+07,2.53382e+07,184520,184520,184520,184601,184601,184601,1.3753e+07,1.3753e+07,1.3753e+07,1.33576e+07,1.33576e+07,1.33576e+07,9.62236e+06,9.62236e+06,9.62236e+06,9.62222e+06,9.62222e+06,9.62222e+06,2.47441e+07,2.47441e+07,2.47441e+07,392.586,392.586,392.586,285.834,285.834,285.834
608,6.3319e+06,6.3319e+06,6.3319e+06,133780,133780,133780,139341,139341,139341,2.43293e+07,2.43293e+07,2.43293e+07,2.53383e+07,2.53383e+07,2.53383e+07,184504,184504,184504,184577,184577,184577,1.37519e+07,1.37519e+07,1.37519e+07,1.33564e+07,1.33564e+07,1.33564e+07,9.62063e+06,9.62063e+06,9.62063e+06,9.62073e+06,9.62073e+06,9.62073e+06,2.47422e+07,2.47422e+07,2.47422e+07,392.574,392.574,392.574,285.815,285.815,285.815
609,6.3329e+06,6.3329e+06,6.3329e+06,133796,133796,133796,139350,139350,139350,2.43291e+07,2.43291e+07,2.43291e+07,2.53383e+07,2.53383e+07,2.53383e+07,184497,184497,184497,184557,184557,184557,1.37509e+07,1.37509e+07,1.37509e+07,1.33552e+07,1.33552e+07,1.33552e+07,9.61896e+06,9.61896e+06,9.61896e+06,9.61925e+06,9.61925e+06,9.61925e+06,2.47402e+07,2.47402e+07,2.47402e+07,392.576,392.576,392.576,285.803,285.803,285.803
610,6.3338e+06,6.3338e+06,6.3338e+06,133815,133815,133815,139360,139360,139360,2.43288e+07,2.43288e+07,2.43288e+07,2.53383e+07,2.53383e+07,2.53383e+07,184496,184496,184496,184542,184542,184542,1.37499e+07,1.37499e+07,1.37499e+07,1.3354e+07,1.3354e+07,1.3354e+07,9.61737e+06,9.61737e+06,9.61737e+06,9.6178e+06,9.6178e+06,9.6178e+06,2.47382e+07,2.47382e+07,2.47382e+07,392.593,392.593,392.593,285.796,285.796,285.796
611,6.33459e+06,6.33459e+06,6.33459e+06,133838,133838,133838,139373,139373,139373,2.43285e+07,2.43285e+07,2.43285e+07,2.53381e+07,2.53381e+07,2.53381e+07,184503,184503,184503,184532,184532,184532,1.3749e+07,1.3749e+07,1.3749e+07,1.3353e+07,1.3353e+07,1.3353e+07,9.61588e+06,9.61588e+06,9.61588e+06,9.61641e+06,9.61641e+06,9.61641e+06,2.47361e+07,2.47361e+07,2.47361e+07,392.622,392.622,392.622,285.795,285.795,285.795
612,6.33524e+06,6.33524e+06,6.33524e+06,133863,133863,133863,139387,139387,139387,2.43282e+07,2.43282e+07,2.43282e+07,2.53379e+07,2.53379e+07,2.53379e+07,184516,184516,184516,184528,184528,184528,1.37482e+07,1.37482e+07,1.37482e+07,1.3352e+07,1.3352e+07,1.3352e+07,9.61451e+06,9.61451e+06,9.61451e+06,9.61507e+06,9.61507e+06,9.61507e+06,2.4734e+07,2.4734e+07,2.4734e+07,392.664,392.664,392.664,285.801,285.801,285.801
613,6.33574e+06,6.33574e+06,6.33574e+06,133890,133890,133890,139402,139402,139402,2.43277e+07,2.43277e+07,2.43277e+07,2.53375e+07,2.53375e+07,2.53375e+07,184535,184535,184535,184529,184529,184529,1.37474e+07,1.37474e+07,1.37474e+07,1.33512e+07,1.33512e+07,1.33512e+07,9.61326e+06,9.61326e+06,9.61326e+06,9.6138e+06,9.6138e+06,9.6138e+06,2.47319e+07,2.47319e+07,2.47319e+07,392.716,392.716,392.716,285.812,285.812,285.812
614,6.33608e+06,6.33608e+06,6.33608e+06,133919,133919,133919,139419,139419,139419,2.43272e+07,2.43272e+07,2.43272e+07,2.5337e+07,2.5337e+07,2.5337e+07,184560,184560,184560,184536,184536,184536,1.37466e+07,1.37466e+07,1.37466e+07,1.33504e+07,1.33504e+07,1.33504e+07,9.61215e+06,9.61215e+06,9.61215e+06,9.61261e+06,9.61261e+06,9.61261e+06,2.47298e+07,2.47298e+07,2.47298e+07,392.778,392.778,392.778,285.83,285.83,285.83
615,6.33626e+06,6.33626e+06,6.33626e+06,133948,133948,133948,139436,139436,139436,2.43266e+07,2.43266e+07,2.43266e+07,2.53363e+07,2.53363e+07,2.53363e+07,184590,184590,184590,184548,184548,184548,1.37459e+07,1.37459e+07,1.37459e+07,1.33498e+07,1.33498e+07,1.33498e+07,9.61119e+06,9.61119e+06,9.61119e+06,9.61153e+06,9.61153e+06,9.61153e+06,2.47276e+07,2.47276e+07,2.47276e+07,392.848,392.848,392.848,285.853,285.853,285.853
616,6.33625e+06,6.33625e+06,6.33625e+06,133978,133978,133978,139454,139454,139454,2.43258e+07,2.43258e+07,2.43258e+07,2.53355e+07,2.53355e+07,2.53355e+07,184624,184624,184624,184565,184565,184565,1.37453e+07,1.37453e+07,1.37453e+07,1.33492e+07,1.33492e+07,1.33492e+07,9.61038e+06,9.61038e+06,9.61038e+06,9.61054e+06,9.61054e+06,9.61054e+06,2.47255e+07,2.47255e+07,2.47255e+07,392.924,392.924,392.924,285.881,285.881,285.881
617,6.33607e+06,6.33607e+06,6.33607e+06,134008,134008,134008,139472,139472,139472,2.4325e+07,2.4325e+07,2.4325e+07,2.53345e+07,2.53345e+07,2.53345e+07,184661,184661,184661,184587,184587,184587,1.37448e+07,1.37448e+07,1.37448e+07,1.33488e+07,1.33488e+07,1.33488e+07,9.60973e+06,9.60973e+06,9.60973e+06,9.60968e+06,9.60968e+06,9.60968e+06,2.47234e+07,2.47234e+07,2.47234e+07,393.005,393.005,393.005,285.915,285.915,285.915
618,6.33571e+06,6.33571e+06,6.33571e+06,134036,134036,134036,139491,139491,139491,2.4324e+07,2.4324e+07,2.4324e+07,2.53334e+07,2.53334e+07,2.53334e+07,184701,184701,184701,184613,184613,184613,1.37443e+07,1.37443e+07,1.37443e+07,1.33484e+07,1.33484e+07,1.33484e+07,9.60922e+06,9.60922e+06,9.60922e+06,9.60893e+06,9.60893e+06,9.60893e+06,2.47213e+07,2.47213e+07,2.47213e+07,393.088,393.088,393.088,285.953,285.953,285.953
619,6.33516e+06,6.33516e+06,6.33516e+06,134063,134063,134063,139509,139509,139509,2.4323e+07,2.4323e+07,2.4323e+07,2.5332e+07,2.5332e+07,2.5332e+07,184743,184743,184743,184644,184644,184644,1.37439e+07,1.37439e+07,1.37439e+07,1.33482e+07,1.33482e+07,1.33482e+07,9.60887e+06,9.60887e+06,9.60887e+06,9.60832e+06,9.60832e+06,9.60832e+06,2.47192e+07,2.47192e+07,2.47192e+07,393.173,393.173,393.173,285.994,285.994,285.994
620,6.33443e+06,6.33443e+06,6.33443e+06,134087,134087,134087,139527,139527,139527,2.43217e+07,2.43217e+07,2.43217e+07,2.53306e+07,2.53306e+07,2.53306e+07,184786,184786,184786,184678,184678,184678,1.37435e+07,1.37435e+07,1.37435e+07,1.3348e+07,1.3348e+07,1.3348e+07,9.60867e+06,9.60867e+06,9.60867e+06,9.60783e+06,9.60783e+06,9.60783e+06,2.47172e+07,2.47172e+07,2.47172e+07,393.257,393.257,393.257,286.039,286.039,286.039
621,6.33353e+06,6.33353e+06,6.33353e+06,134109,134109,134109,139544,139544,139544,2.43204e+07,2.43204e+07,2.43204e+07,2.53289e+07,2.53289e+07,2.53289e+07,184829,184829,184829,184715,184715,184715,1.37432e+07,1.37432e+07,1.37432e+07,1.33479e+07,1.33479e+07,1.33479e+07,9.60861e+06,9.60861e+06,9.60861e+06,9.60748e+06,9.60748e+06,9.60748e+06,2.47153e+07,2.47153e+07,2.47153e+07,393.338,393.338,393.338,286.085,286.085,286.085
622,6.33246e+06,6.33246e+06,6.33246e+06,134128,134128,134128,139560,139560,139560,2.43189e+07,2.43189e+07,2.43189e+07,2.53271e+07,2.53271e+07,2.53271e+07,184871,184871,184871,184754,184754,184754,1.3743e+07,1.3743e+07,1.3743e+07,1.33478e+07,1.33478e+07,1.33478e+07,9.60867e+06,9.60867e+06,9.60867e+06,9.60727e+06,9.60727e+06,9.60727e+06,2.47134e+07,2.47134e+07,2.47134e+07,393.416,393.416,393.416,286.133,286.133,286.133
623,6.33124e+06,6.33124e+06,6.33124e+06,134143,134143,134143,139573,139573,139573,2.43172e+07,2.43172e+07,2.43172e+07,2.53252e+07,2.53252e+07,2.53252e+07,184912,184912,184912,184794,184794,184794,1.37428e+07,1.37428e+07,1.37428e+07,1.33478e+07,1.33478e+07,1.33478e+07,9.60886e+06,9.60886e+06,9.60886e+06,9.60718e+06,9.60718e+06,9.60718e+06,2.47116e+07,2.47116e+07,2.47116e+07,393.489,393.489,393.489,286.181,286.181,286.181
624,6.32988e+06,6.32988e+06,6.32988e+06,134154,134154,134154,139585,139585,139585,2.43155e+07,2.43155e+07,2.43155e+07,2.53231e+07,2.53231e+07,2.53231e+07,184952,184952,184952,184835,184835,184835,1.37426e+07,1.37426e+07,1.37426e+07,1.33479e+07,1.33479e+07,1.33479e+07,9.60916e+06,9.60916e+06,9.60916e+06,9.60722e+06,9.60722e+06,9.60722e+06,2.47099e+07,2.47099e+07,2.47099e+07,393.555,393.555,393.555,286.229,286.229,286.229
625,6.3284e+06,6.3284e+06,6.3284e+06,134162,134162,134162,139595,139595,139595,2.43136e+07,2.43136e+07,2.43136e+07,2.53209e+07,2.53209e+07,2.53209e+07,184988,184988,184988,184876,184876,184876,1.37425e+07,1.37425e+07,1.37425e+07,1.3348e+07,1.3348e+07,1.3348e+07,9.60956e+06,9.60956e+06,9.60956e+06,9.60739e+06,9.60739e+06,9.60739e+06,2.47083e+07,2.47083e+07,2.47083e+07,393.614,393.614,393.614,286.274,286.274,286.274
626,6.3268e+06,6.3268e+06,6.3268e+06,134165,134165,134165,139602,139602,139602,2.43116e+07,2.43116e+07,2.43116e+07,2.53186e+07,2.53186e+07,2.53186e+07,185022,185022,185022,184915,184915,184915,1.37424e+07,1.37424e+07,1.37424e+07,1.33481e+07,1.33481e+07,1.33481e+07,9.61004e+06,9.61004e+06,9.61004e+06,9.60766e+06,9.60766e+06,9.60766e+06,2.47068e+07,2.47068e+07,2.47068e+07,393.664,393.664,393.664,286.317,286.317,286.317
627,6.32512e+06,6.32512e+06,6.32512e+06,134165,134165,134165,139605,139605,139605,2.43095e+07,2.43095e+07,2.43095e+07,2.53162e+07,2.53162e+07,2.53162e+07,185052,185052,185052,184953,184953,184953,1.37424e+07,1.37424e+07,1.37424e+07,1.33482e+07,1.33482e+07,1.33482e+07,9.61058e+06,9.61058e+06,9.61058e+06,9.60803e+06,9.60803e+06,9.60803e+06,2.47054e+07,2.47054e+07,2.47054e+07,393.705,393.705,393.705,286.356,286.356,286.356
628,6.32336e+06,6.32336e+06,6.32336e+06,134160,134160,134160,139606,139606,139606,2.43073e+07,2.43073e+07,2.43073e+07,2.53138e+07,2.53138e+07,2.53138e+07,185078,185078,185078,184987,184987,184987,1.37423e+07,1.37423e+07,1.37423e+07,1.33483e+07,1.33483e+07,1.33483e+07,9.61118e+06,9.61118e+06,9.61118e+06,9.60849e+06,9.60849e+06,9.60849e+06,2.47042e+07,2.47042e+07,2.47042e+07,393.736,393.736,393.736,286.389,286.389,286.389
629,6.32156e+06,6.32156e+06,6.32156e+06,134150,134150,134150,139602,139602,139602,2.4305e+07,2.4305e+07,2.4305e+07,2.53113e+07,2.53113e+07,2.53113e+07,185099,185099,185099,185017,185017,185017,1.37423e+07,1.37423e+07,1.37423e+07,1.33484e+07,1.33484e+07,1.33484e+07,9.61181e+06,9.61181e+06,9.61181e+06,9.60902e+06,9.60902e+06,9.60902e+06,2.47031e+07,2.47031e+07,2.47031e+07,393.756,393.756,393.756,286.416,286.416,286.416
630,6.31974e+06,6.31974e+06,6.31974e+06,134137,134137,134137,139595,139595,139595,2.43027e+07,2.43027e+07,2.43027e+07,2.53087e+07,2.53087e+07,2.53087e+07,185115,185115,185115,185043,185043,185043,1.37422e+07,1.37422e+07,1.37422e+07,1.33484e+07,1.33484e+07,1.33484e+07,9.61245e+06,9.61245e+06,9.61245e+06,9.6096e+06,9.6096e+06,9.6096e+06,2.47022e+07,2.47022e+07,2.47022e+07,393.764,393.764,393.764,286.436,286.436,286.436
631,6.31792e+06,6.31792e+06,6.31792e+06,134120,134120,134120,139584,139584,139584,2.43003e+07,2.43003e+07,2.43003e+07,2.53062e+07,2.53062e+07,2.53062e+07,185125,185125,185125,185063,185063,185063,1.37422e+07,1.37422e+07,1.37422e+07,1.33484e+07,1.33484e+07,1.33484e+07,9.6131e+06,9.6131e+06,9.6131e+06,9.61021e+06,9.61021e+06,9.61021e+06,2.47014e+07,2.47014e+07,2.47014e+07,393.762,393.762,393.762,286.448,286.448,286.448
632,6.31611e+06,6.31611e+06,6.31611e+06,134099,134099,134099,139569,139569,139569,2.42979e+07,2.42979e+07,2.42979e+07,2.53036e+07,2.53036e+07,2.53036e+07,185131,185131,185131,185078,185078,185078,1.37421e+07,1.37421e+07,1.37421e+07,1.33484e+07,1.33484e+07,1.33484e+07,9.61374e+06,9.61374e+06,9.61374e+06,9.61084e+06,9.61084e+06,9.61084e+06,2.47007e+07,2.47007e+07,2.47007e+07,393.749,393.749,393.749,286.452,286.452,286.452
633,6.31435e+06,6.31435e+06,6.31435e+06,134075,134075,134075,139550,139550,139550,2.42955e+07,2.42955e+07,2.42955e+07,2.53011e+07,2.53011e+07,2.53011e+07,185131,185131,185131,185086,185086,185086,1.37419e+07,1.37419e+07,1.37419e+07,1.33483e+07,1.33483e+07,1.33483e+07,9.61434e+06,9.61434e+06,9.61434e+06,9.61146e+06,9.61146e+06,9.61146e+06,2.47002e+07,2.47002e+07,2.47002e+07,393.724,393.724,393.724,286.447,286.447,286.447
634,6.31266e+06,6.31266e+06,6.31266e+06,134048,134048,134048,139527,139527,139527,2.4293e+07,2.4293e+07,2.4293e+07,2.52986e+07,2.52986e+07,2.52986e+07,185126,185126,185126,185088,185088,185088,1.37418e+07,1.37418e+07,1.37418e+07,1.33481e+07,1.33481e+07,1.33481e+07,9.6149e+06,9.6149e+06,9.6149e+06,9.61207e+06,9.61207e+06,9.61207e+06,2.46998e+07,2.46998e+07,2.46998e+07,393.69,393.69,393.69,286.433,286.433,286.433
635,6.31105e+06,6.31105e+06,6.31105e+06,134019,134019,134019,139501,139501,139501,2.42907e+07,2.42907e+07,2.42907e+07,2.52962e+07,2.52962e+07,2.52962e+07,185115,185115,185115,185083,185083,185083,1.37415e+07,1.37415e+07,1.37415e+07,1.33479e+07,1.33479e+07,1.33479e+07,9.61541e+06,9.61541e+06,9.61541e+06,9.61263e+06,9.61263e+06,9.61263e+06,2.46995e+07,2.46995e+07,2.46995e+07,393.646,393.646,393.646,286.41,286.41,286.41
636,6.30954e+06,6.30954e+06,6.30954e+06,133988,133988,133988,139472,139472,139472,2.42884e+07,2.42884e+07,2.42884e+07,2.52938e+07,2.52938e+07,2.52938e+07,185100,185100,185100,185072,185072,185072,1.37412e+07,1.37412e+07,1.37412e+07,1.33476e+07,1.33476e+07,1.33476e+07,9.61584e+06,9.61584e+06,9.61584e+06,9.61313e+06,9.61313e+06,9.61313e+06,2.46993e+07,2.46993e+07,2.46993e+07,393.593,393.593,393.593,286.379,286.379,286.379
637,6.30815e+06,6.30815e+06,6.30815e+06,133955,133955,133955,139441,139441,139441,2.42861e+07,2.42861e+07,2.42861e+07,2.52915e+07,2.52915e+07,2.52915e+07,185079,185079,185079,185054,185054,185054,1.37408e+07,1.37408e+07,1.37408e+07,1.33472e+07,1.33472e+07,1.33472e+07,9.61619e+06,9.61619e+06,9.61619e+06,9.61356e+06,9.61356e+06,9.61356e+06,2.46993e+07,2.46993e+07,2.46993e+07,393.531,393.531,393.531,286.34,286.34,286.34
638,6.30689e+06,6.30689e+06,6.30689e+06,133921,133921,133921,139406,139406,139406,2.4284e+07,2.4284e+07,2.4284e+07,2.52893e+07,2.52893e+07,2.52893e+07,185054,185054,185054,185030,185030,185030,1.37404e+07,1.37404e+07,1.37404e+07,1.33467e+07,1.33467e+07,1.33467e+07,9.61645e+06,9.61645e+06,9.61645e+06,9.6139e+06,9.6139e+06,9.6139e+06,2.46993e+07,2.46993e+07,2.46993e+07,393.462,393.462,393.462,286.292,286.292,286.292
639,6.30577e+06,6.30577e+06,6.30577e+06,133886,133886,133886,139370,139370,139370,2.42819e+07,2.42819e+07,2.42819e+07,2.52872e+07,2.52872e+07,2.52872e+07,185023,185023,185023,185000,185000,185000,1.37398e+07,1.37398e+07,1.37398e+07,1.33462e+07,1.33462e+07,1.33462e+07,9.61661e+06,9.61661e+06,9.61661e+06,9.61414e+06,9.61414e+06,9.61414e+06,2.46994e+07,2.46994e+07,2.46994e+07,393.384,393.384,393.384,286.237,286.237,286.237
640,6.30482e+06,6.30482e+06,6.30482e+06,133849,133849,133849,139332,139332,139332,2.428e+07,2.428e+07,2.428e+07,2.52853e+07,2.52853e+07,2.52853e+07,184988,184988,184988,184963,184963,184963,1.37392e+07,1.37392e+07,1.37392e+07,1.33455e+07,1.33455e+07,1.33455e+07,9.61666e+06,9.61666e+06,9.61666e+06,9.61426e+06,9.61426e+06,9.61426e+06,2.46995e+07,2.46995e+07,2.46995e+07,393.299,393.299,393.299,286.174,286.174,286.174
641,6.30403e+06,6.30403e+06,6.30403e+06,133813,133813,133813,139292,139292,139292,2.42781e+07,2.42781e+07,2.42781e+07,2.52834e+07,2.52834e+07,2.52834e+07,184948,184948,184948,184922,184922,184922,1.37384e+07,1.37384e+07,1.37384e+07,1.33448e+07,1.33448e+07,1.33448e+07,9.61659e+06,9.61659e+06,9.61659e+06,9.61425e+06,9.61425e+06,9.61425e+06,2.46997e+07,2.46997e+07,2.46997e+07,393.208,393.208,393.208,286.106,286.106,286.106
642,6.30342e+06,6.30342e+06,6.30342e+06,133776,133776,133776,139252,139252,139252,2.42765e+07,2.42765e+07,2.42765e+07,2.52817e+07,2.52817e+07,2.52817e+07,184904,184904,184904,184875,184875,184875,1.37376e+07,1.37376e+07,1.37376e+07,1.3344e+07,1.3344e+07,1.3344e+07,9.6164e+06,9.6164e+06,9.6164e+06,9.61411e+06,9.61411e+06,9.61411e+06,2.47e+07,2.47e+07,2.47e+07,393.11,393.11,393.11,286.031,286.031,286.031
643,6.30299e+06,6.30299e+06,6.30299e+06,133739,133739,133739,139212,139212,139212,2.42749e+07,2.42749e+07,2.42749e+07,2.52801e+07,2.52801e+07,2.52801e+07,184855,184855,184855,184823,184823,184823,1.37367e+07,1.37367e+07,1.37367e+07,1.33431e+07,1.33431e+07,1.33431e+07,9.61607e+06,9.61607e+06,9.61607e+06,9.61382e+06,9.61382e+06,9.61382e+06,2.47002e+07,2.47002e+07,2.47002e+07,393.007,393.007,393.007,285.952,285.952,285.952
644,6.30274e+06,6.30274e+06,6.30274e+06,133702,133702,133702,139172,139172,139172,2.42736e+07,2.42736e+07,2.42736e+07,2.52787e+07,2.52787e+07,2.52787e+07,184803,184803,184803,184768,184768,184768,1.37357e+07,1.37357e+07,1.37357e+07,1.33421e+07,1.33421e+07,1.33421e+07,9.61561e+06,9.61561e+06,9.61561e+06,9.61339e+06,9.61339e+06,9.61339e+06,2.47005e+07,2.47005e+07,2.47005e+07,392.9,392.9,392.9,285.87,285.87,285.87
645,6.30268e+06,6.30268e+06,6.30268e+06,133667,133667,133667,139133,139133,139133,2.42724e+07,2.42724e+07,2.42724e+07,2.52774e+07,2.52774e+07,2.52774e+07,184747,184747,184747,184711,184711,184711,1.37346e+07,1.37346e+07,1.37346e+07,1.33411e+07,1.33411e+07,1.33411e+07,9.61502e+06,9.61502e+06,9.61502e+06,9.61282e+06,9.61282e+06,9.61282e+06,2.47008e+07,2.47008e+07,2.47008e+07,392.789,392.789,392.789,285.785,285.785,285.785
646,6.3028e+06,6.3028e+06,6.3028e+06,133632,133632,133632,139095,139095,139095,2.42713e+07,2.42713e+07,2.42713e+07,2.52763e+07,2.52763e+07,2.52763e+07,184689,184689,184689,184651,184651,184651,1.37334e+07,1.37334e+07,1.37334e+07,1.33399e+07,1.33399e+07,1.33399e+07,9.61428e+06,9.61428e+06,9.61428e+06,9.6121e+06,9.6121e+06,9.6121e+06,2.47011e+07,2.47011e+07,2.47011e+07,392.675,392.675,392.675,285.7,285.7,285.7
647,6.3031e+06,6.3031e+06,6.3031e+06,133599,133599,133599,139060,139060,139060,2.42704e+07,2.42704e+07,2.42704e+07,2.52753e+07,2.52753e+07,2.52753e+07,184629,184629,184629,184590,184590,184590,1.37322e+07,1.37322e+07,1.37322e+07,1.33387e+07,1.33387e+07,1.33387e+07,9.61341e+06,9.61341e+06,9.61341e+06,9.61123e+06,9.61123e+06,9.61123e+06,2.47014e+07,2.47014e+07,2.47014e+07,392.56,392.56,392.56,285.614,285.614,285.614
648,6.30356e+06,6.30356e+06,6.30356e+06,133568,133568,133568,139028,139028,139028,2.42697e+07,2.42697e+07,2.42697e+07,2.52745e+07,2.52745e+07,2.52745e+07,184567,184567,184567,184529,184529,184529,1.37308e+07,1.37308e+07,1.37308e+07,1.33375e+07,1.33375e+07,1.33375e+07,9.6124e+06,9.6124e+06,9.6124e+06,9.61023e+06,9.61023e+06,9.61023e+06,2.47016e+07,2.47016e+07,2.47016e+07,392.445,392.445,392.445,285.53,285.53,285.53
649,6.30418e+06,6.30418e+06,6.30418e+06,133538,133538,133538,138998,138998,138998,2.42691e+07,2.42691e+07,2.42691e+07,2.52738e+07,2.52738e+07,2.52738e+07,184505,184505,184505,184469,184469,184469,1.37294e+07,1.37294e+07,1.37294e+07,1.33361e+07,1.33361e+07,1.33361e+07,9.61126e+06,9.61126e+06,9.61126e+06,9.6091e+06,9.6091e+06,9.6091e+06,2.47018e+07,2.47018e+07,2.47018e+07,392.331,392.331,392.331,285.45,285.45,285.45
650,6.30494e+06,6.30494e+06,6.30494e+06,133511,133511,133511,138973,138973,138973,2.42686e+07,2.42686e+07,2.42686e+07,2.52733e+07,2.52733e+07,2.52733e+07,184443,184443,184443,184410,184410,184410,1.3728e+07,1.3728e+07,1.3728e+07,1.33348e+07,1.33348e+07,1.33348e+07,9.61e+06,9.61e+06,9.61e+06,9.60786e+06,9.60786e+06,9.60786e+06,2.47019e+07,2.47019e+07,2.47019e+07,392.22,392.22,392.22,285.373,285.373,285.373
651,6.30583e+06,6.30583e+06,6.30583e+06,133487,133487,133487,138951,138951,138951,2.42683e+07,2.42683e+07,2.42683e+07,2.52729e+07,2.52729e+07,2.52729e+07,184381,184381,184381,184353,184353,184353,1.37266e+07,1.37266e+07,1.37266e+07,1.33333e+07,1.33333e+07,1.33333e+07,9.60862e+06,9.60862e+06,9.60862e+06,9.60652e+06,9.60652e+06,9.60652e+06,2.47019e+07,2.47019e+07,2.47019e+07,392.112,392.112,392.112,285.3,285.3,285.3
652,6.30684e+06,6.30684e+06,6.30684e+06,133466,133466,133466,138933,138933,138933,2.42681e+07,2.42681e+07,2.42681e+07,2.52726e+07,2.52726e+07,2.52726e+07,184322,184322,184322,184299,184299,184299,1.37251e+07,1.37251e+07,1.37251e+07,1.33319e+07,1.33319e+07,1.33319e+07,9.60714e+06,9.60714e+06,9.60714e+06,9.60508e+06,9.60508e+06,9.60508e+06,2.47019e+07,2.47019e+07,2.47019e+07,392.009,392.009,392.009,285.234,285.234,285.234
653,6.30793e+06,6.30793e+06,6.30793e+06,133447,133447,133447,138919,138919,138919,2.4268e+07,2.4268e+07,2.4268e+07,2.52725e+07,2.52725e+07,2.52725e+07,184264,184264,184264,184249,184249,184249,1.37236e+07,1.37236e+07,1.37236e+07,1.33304e+07,1.33304e+07,1.33304e+07,9.60556e+06,9.60556e+06,9.60556e+06,9.60357e+06,9.60357e+06,9.60357e+06,2.47019e+07,2.47019e+07,2.47019e+07,391.911,391.911,391.911,285.174,285.174,285.174
654,6.3091e+06,6.3091e+06,6.3091e+06,133432,133432,133432,138909,138909,138909,2.42679e+07,2.42679e+07,2.42679e+07,2.52724e+07,2.52724e+07,2.52724e+07,184209,184209,184209,184202,184202,184202,1.37221e+07,1.37221e+07,1.37221e+07,1.33289e+07,1.33289e+07,1.33289e+07,9.60391e+06,9.60391e+06,9.60391e+06,9.602e+06,9.602e+06,9.602e+06,2.47017e+07,2.47017e+07,2.47017e+07,391.821,391.821,391.821,285.121,285.121,285.121
655,6.31032e+06,6.31032e+06,6.31032e+06,133420,133420,133420,138904,138904,138904,2.42679e+07,2.42679e+07,2.42679e+07,2.52725e+07,2.52725e+07,2.52725e+07,184158,184158,184158,184160,184160,184160,1.37206e+07,1.37206e+07,1.37206e+07,1.33274e+07,1.33274e+07,1.33274e+07,9.60218e+06,9.60218e+06,9.60218e+06,9.60038e+06,9.60038e+06,9.60038e+06,2.47015e+07,2.47015e+07,2.47015e+07,391.739,391.739,391.739,285.075,285.075,285.075
656,6.31157e+06,6.31157e+06,6.31157e+06,133411,133411,133411,138902,138902,138902,2.4268e+07,2.4268e+07,2.4268e+07,2.52726e+07,2.52726e+07,2.52726e+07,184111,184111,184111,184123,184123,184123,1.37191e+07,1.37191e+07,1.37191e+07,1.33259e+07,1.33259e+07,1.33259e+07,9.60041e+06,9.60041e+06,9.60041e+06,9.59874e+06,9.59874e+06,9.59874e+06,2.47011e+07,2.47011e+07,2.47011e+07,391.666,391.666,391.666,285.037,285.037,285.037
657,6.31283e+06,6.31283e+06,6.31283e+06,133406,133406,133406,138905,138905,138905,2.42681e+07,2.42681e+07,2.42681e+07,2.52728e+07,2.52728e+07,2.52728e+07,184069,184069,184069,184090,184090,184090,1.37177e+07,1.37177e+07,1.37177e+07,1.33244e+07,1.33244e+07,1.33244e+07,9.59861e+06,9.59861e+06,9.59861e+06,9.59708e+06,9.59708e+06,9.59708e+06,2.47007e+07,2.47007e+07,2.47007e+07,391.603,391.603,391.603,285.006,285.006,285.006
658,6.31408e+06,6.31408e+06,6.31408e+06,133405,133405,133405,138911,138911,138911,2.42682e+07,2.42682e+07,2.42682e+07,2.5273e+07,2.5273e+07,2.5273e+07,184032,184032,184032,184063,184063,184063,1.37163e+07,1.37163e+07,1.37163e+07,1.33229e+07,1.33229e+07,1.33229e+07,9.59679e+06,9.59679e+06,9.59679e+06,9.59543e+06,9.59543e+06,9.59543e+06,2.47003e+07,2.47003e+07,2.47003e+07,391.55,391.55,391.55,284.984,284.984,284.984
659,6.3153e+06,6.3153e+06,6.3153e+06,133408,133408,133408,138920,138920,138920,2.42683e+07,2.42683e+07,2.42683e+07,2.52733e+07,2.52733e+07,2.52733e+07,184002,184002,184002,184040,184040,184040,1.3715e+07,1.3715e+07,1.3715e+07,1.33215e+07,1.33215e+07,1.33215e+07,9.59498e+06,9.59498e+06,9.59498e+06,9.5938e+06,9.5938e+06,9.5938e+06,2.46997e+07,2.46997e+07,2.46997e+07,391.51,391.51,391.51,284.969,284.969,284.969
660,6.31647e+06,6.31647e+06,6.31647e+06,133414,133414,133414,138933,138933,138933,2.42684e+07,2.42684e+07,2.42684e+07,2.52735e+07,2.52735e+07,2.52735e+07,183978,183978,183978,184024,184024,184024,1.37137e+07,1.37137e+07,1.37137e+07,1.33201e+07,1.33201e+07,1.33201e+07,9.59319e+06,9.59319e+06,9.59319e+06,9.5922e+06,9.5922e+06,9.5922e+06,2.46991e+07,2.46991e+07,2.46991e+07,391.482,391.482,391.482,284.961,284.961,284.961
661,6.31756e+06,6.31756e+06,6.31756e+06,133424,133424,133424,138949,138949,138949,2.42684e+07,2.42684e+07,2.42684e+07,2.52738e+07,2.52738e+07,2.52738e+07,183961,183961,183961,184012,184012,184012,1.37126e+07,1.37126e+07,1.37126e+07,1.33188e+07,1.33188e+07,1.33188e+07,9.59144e+06,9.59144e+06,9.59144e+06,9.59066e+06,9.59066e+06,9.59066e+06,2.46984e+07,2.46984e+07,2.46984e+07,391.467,391.467,391.467,284.961,284.961,284.961
662,6.31855e+06,6.31855e+06,6.31855e+06,133437,133437,133437,138966,138966,138966,2.42684e+07,2.42684e+07,2.42684e+07,2.5274e+07,2.5274e+07,2.5274e+07,183952,183952,183952,184007,184007,184007,1.37114e+07,1.37114e+07,1.37114e+07,1.33175e+07,1.33175e+07,1.33175e+07,9.58975e+06,9.58975e+06,9.58975e+06,9.58917e+06,9.58917e+06,9.58917e+06,2.46976e+07,2.46976e+07,2.46976e+07,391.465,391.465,391.465,284.969,284.969,284.969
663,6.31944e+06,6.31944e+06,6.31944e+06,133454,133454,133454,138986,138986,138986,2.42684e+07,2.42684e+07,2.42684e+07,2.52742e+07,2.52742e+07,2.52742e+07,183949,183949,183949,184006,184006,184006,1.37104e+07,1.37104e+07,1.37104e+07,1.33163e+07,1.33163e+07,1.33163e+07,9.58814e+06,9.58814e+06,9.58814e+06,9.58777e+06,9.58777e+06,9.58777e+06,2.46968e+07,2.46968e+07,2.46968e+07,391.476,391.476,391.476,284.982,284.982,284.982
664,6.32019e+06,6.32019e+06,6.32019e+06,133474,133474,133474,139008,139008,139008,2.42682e+07,2.42682e+07,2.42682e+07,2.52742e+07,2.52742e+07,2.52742e+07,183954,183954,183954,184010,184010,184010,1.37094e+07,1.37094e+07,1.37094e+07,1.33152e+07,1.33152e+07,1.33152e+07,9.58663e+06,9.58663e+06,9.58663e+06,9.58644e+06,9.58644e+06,9.58644e+06,2.46959e+07,2.46959e+07,2.46959e+07,391.5,391.5,391.5,285.002,285.002,285.002
665,6.3208e+06,6.3208e+06,6.3208e+06,133496,133496,133496,139030,139030,139030,2.4268e+07,2.4268e+07,2.4268e+07,2.52742e+07,2.52742e+07,2.52742e+07,183967,183967,183967,184019,184019,184019,1.37086e+07,1.37086e+07,1.37086e+07,1.33141e+07,1.33141e+07,1.33141e+07,9.58522e+06,9.58522e+06,9.58522e+06,9.58522e+06,9.58522e+06,9.58522e+06,2.4695e+07,2.4695e+07,2.4695e+07,391.536,391.536,391.536,285.027,285.027,285.027
666,6.32126e+06,6.32126e+06,6.32126e+06,133521,133521,133521,139053,139053,139053,2.42677e+07,2.42677e+07,2.42677e+07,2.52741e+07,2.52741e+07,2.52741e+07,183985,183985,183985,184033,184033,184033,1.37078e+07,1.37078e+07,1.37078e+07,1.33132e+07,1.33132e+07,1.33132e+07,9.58395e+06,9.58395e+06,9.58395e+06,9.5841e+06,9.5841e+06,9.5841e+06,2.46941e+07,2.46941e+07,2.46941e+07,391.585,391.585,391.585,285.057,285.057,285.057
667,6.32155e+06,6.32155e+06,6.32155e+06,133547,133547,133547,139076,139076,139076,2.42672e+07,2.42672e+07,2.42672e+07,2.52739e+07,2.52739e+07,2.52739e+07,184011,184011,184011,184050,184050,184050,1.37071e+07,1.37071e+07,1.37071e+07,1.33123e+07,1.33123e+07,1.33123e+07,9.58282e+06,9.58282e+06,9.58282e+06,9.58309e+06,9.58309e+06,9.58309e+06,2.46931e+07,2.46931e+07,2.46931e+07,391.644,391.644,391.644,285.091,285.091,285.091
668,6.32166e+06,6.32166e+06,6.32166e+06,133575,133575,133575,139099,139099,139099,2.42667e+07,2.42667e+07,2.42667e+07,2.52735e+07,2.52735e+07,2.52735e+07,184042,184042,184042,184072,184072,184072,1.37065e+07,1.37065e+07,1.37065e+07,1.33116e+07,1.33116e+07,1.33116e+07,9.58184e+06,9.58184e+06,9.58184e+06,9.5822e+06,9.5822e+06,9.5822e+06,2.46922e+07,2.46922e+07,2.46922e+07,391.713,391.713,391.713,285.129,285.129,285.129
669,6.3216e+06,6.3216e+06,6.3216e+06,133604,133604,133604,139121,139121,139121,2.4266e+07,2.4266e+07,2.4266e+07,2.5273e+07,2.5273e+07,2.5273e+07,184079,184079,184079,184096,184096,184096,1.37059e+07,1.37059e+07,1.37059e+07,1.33109e+07,1.33109e+07,1.33109e+07,9.58101e+06,9.58101e+06,9.58101e+06,9.58142e+06,9.58142e+06,9.58142e+06,2.46912e+07,2.46912e+07,2.46912e+07,391.79,391.79,391.79,285.169,285.169,285.169
670,6.32136e+06,6.32136e+06,6.32136e+06,133634,133634,133634,139141,139141,139141,2.42653e+07,2.42653e+07,2.42653e+07,2.52723e+07,2.52723e+07,2.52723e+07,184120,184120,184120,184124,184124,184124,1.37055e+07,1.37055e+07,1.37055e+07,1.33104e+07,1.33104e+07,1.33104e+07,9.58036e+06,9.58036e+06,9.58036e+06,9.58077e+06,9.58077e+06,9.58077e+06,2.46903e+07,2.46903e+07,2.46903e+07,391.874,391.874,391.874,285.211,285.211,285.211
671,6.32093e+06,6.32093e+06,6.32093e+06,133663,133663,133663,139161,139161,139161,2.42644e+07,2.42644e+07,2.42644e+07,2.52714e+07,2.52714e+07,2.52714e+07,184165,184165,184165,184154,184154,184154,1.37051e+07,1.37051e+07,1.37051e+07,1.331e+07,1.331e+07,1.331e+07,9.57987e+06,9.57987e+06,9.57987e+06,9.58025e+06,9.58025e+06,9.58025e+06,2.46894e+07,2.46894e+07,2.46894e+07,391.963,391.963,391.963,285.254,285.254,285.254
672,6.32033e+06,6.32033e+06,6.32033e+06,133691,133691,133691,139178,139178,139178,2.42634e+07,2.42634e+07,2.42634e+07,2.52704e+07,2.52704e+07,2.52704e+07,184212,184212,184212,184185,184185,184185,1.37047e+07,1.37047e+07,1.37047e+07,1.33096e+07,1.33096e+07,1.33096e+07,9.57954e+06,9.57954e+06,9.57954e+06,9.57984e+06,9.57984e+06,9.57984e+06,2.46885e+07,2.46885e+07,2.46885e+07,392.055,392.055,392.055,285.297,285.297,285.297
673,6.31956e+06,6.31956e+06,6.31956e+06,133717,133717,133717,139194,139194,139194,2.42622e+07,2.42622e+07,2.42622e+07,2.52693e+07,2.52693e+07,2.52693e+07,184262,184262,184262,184219,184219,184219,1.37045e+07,1.37045e+07,1.37045e+07,1.33094e+07,1.33094e+07,1.33094e+07,9.57938e+06,9.57938e+06,9.57938e+06,9.57956e+06,9.57956e+06,9.57956e+06,2.46877e+07,2.46877e+07,2.46877e+07,392.149,392.149,392.149,285.341,285.341,285.341
674,6.31862e+06,6.31862e+06,6.31862e+06,133742,133742,133742,139207,139207,139207,2.4261e+07,2.4261e+07,2.4261e+07,2.52679e+07,2.52679e+07,2.52679e+07,184312,184312,184312,184253,184253,184253,1.37042e+07,1.37042e+07,1.37042e+07,1.33092e+07,1.33092e+07,1.33092e+07,9.57938e+06,9.57938e+06,9.57938e+06,9.5794e+06,9.5794e+06,9.5794e+06,2.4687e+07,2.4687e+07,2.4687e+07,392.242,392.242,392.242,285.384,285.384,285.384
675,6.31753e+06,6.31753e+06,6.31753e+06,133764,133764,133764,139218,139218,139218,2.42597e+07,2.42597e+07,2.42597e+07,2.52664e+07,2.52664e+07,2.52664e+07,184362,184362,184362,184288,184288,184288,1.37041e+07,1.37041e+07,1.37041e+07,1.33091e+07,1.33091e+07,1.33091e+07,9.57954e+06,9.57954e+06,9.57954e+06,9.57935e+06,9.57935e+06,9.57935e+06,2.46863e+07,2.46863e+07,2.46863e+07,392.334,392.334,392.334,285.425,285.425,285.425
676,6.3163e+06,6.3163e+06,6.3163e+06,133784,133784,133784,139227,139227,139227,2.42582e+07,2.42582e+07,2.42582e+07,2.52648e+07,2.52648e+07,2.52648e+07,184412,184412,184412,184323,184323,184323,1.37039e+07,1.37039e+07,1.37039e+07,1.33091e+07,1.33091e+07,1.33091e+07,9.57983e+06,9.57983e+06,9.57983e+06,9.5794e+06,9.5794e+06,9.5794e+06,2.46858e+07,2.46858e+07,2.46858e+07,392.421,392.421,392.421,285.464,285.464,285.464
677,6.31494e+06,6.31494e+06,6.31494e+06,133799,133799,133799,139233,139233,139233,2.42567e+07,2.42567e+07,2.42567e+07,2.5263e+07,2.5263e+07,2.5263e+07,184459,184459,184459,184357,184357,184357,1.37038e+07,1.37038e+07,1.37038e+07,1.33091e+07,1.33091e+07,1.33091e+07,9.58025e+06,9.58025e+06,9.58025e+06,9.57956e+06,9.57956e+06,9.57956e+06,2.46853e+07,2.46853e+07,2.46853e+07,392.502,392.502,392.502,285.501,285.501,285.501
678,6.31348e+06,6.31348e+06,6.31348e+06,133811,133811,133811,139236,139236,139236,2.42551e+07,2.42551e+07,2.42551e+07,2.52611e+07,2.52611e+07,2.52611e+07,184504,184504,184504,184391,184391,184391,1.37037e+07,1.37037e+07,1.37037e+07,1.33092e+07,1.33092e+07,1.33092e+07,9.58079e+06,9.58079e+06,9.58079e+06,9.57981e+06,9.57981e+06,9.57981e+06,2.46849e+07,2.46849e+07,2.46849e+07,392.576,392.576,392.576,285.535,285.535,285.535
679,6.31192e+06,6.31192e+06,6.31192e+06,133819,133819,133819,139236,139236,139236,2.42534e+07,2.42534e+07,2.42534e+07,2.52591e+07,2.52591e+07,2.52591e+07,184545,184545,184545,184423,184423,184423,1.37036e+07,1.37036e+07,1.37036e+07,1.33094e+07,1.33094e+07,1.33094e+07,9.58142e+06,9.58142e+06,9.58142e+06,9.58015e+06,9.58015e+06,9.58015e+06,2.46846e+07,2.46846e+07,2.46846e+07,392.641,392.641,392.641,285.566,285.566,285.566
680,6.3103e+06,6.3103e+06,6.3103e+06,133823,133823,133823,139233,139233,139233,2.42516e+07,2.42516e+07,2.42516e+07,2.5257e+07,2.5257e+07,2.5257e+07,184581,184581,184581,184453,184453,184453,1.37036e+07,1.37036e+07,1.37036e+07,1.33095e+07,1.33095e+07,1.33095e+07,9.58213e+06,9.58213e+06,9.58213e+06,9.58055e+06,9.58055e+06,9.58055e+06,2.46844e+07,2.46844e+07,2.46844e+07,392.696,392.696,392.696,285.592,285.592,285.592
681,6.30862e+06,6.30862e+06,6.30862e+06,133822,133822,133822,139228,139228,139228,2.42498e+07,2.42498e+07,2.42498e+07,2.52548e+07,2.52548e+07,2.52548e+07,184612,184612,184612,184480,184480,184480,1.37035e+07,1.37035e+07,1.37035e+07,1.33097e+07,1.33097e+07,1.33097e+07,9.58291e+06,9.58291e+06,9.58291e+06,9.58102e+06,9.58102e+06,9.58102e+06,2.46843e+07,2.46843e+07,2.46843e+07,392.739,392.739,392.739,285.614,285.614,285.614
682,6.30691e+06,6.30691e+06,6.30691e+06,133816,133816,133816,139220,139220,139220,2.42479e+07,2.42479e+07,2.42479e+07,2.52526e+07,2.52526e+07,2.52526e+07,184637,184637,184637,184504,184504,184504,1.37034e+07,1.37034e+07,1.37034e+07,1.33098e+07,1.33098e+07,1.33098e+07,9.58372e+06,9.58372e+06,9.58372e+06,9.58154e+06,9.58154e+06,9.58154e+06,2.46843e+07,2.46843e+07,2.46843e+07,392.769,392.769,392.769,285.63,285.63,285.63
683,6.30519e+06,6.30519e+06,6.30519e+06,133805,133805,133805,139208,139208,139208,2.4246e+07,2.4246e+07,2.4246e+07,2.52503e+07,2.52503e+07,2.52503e+07,184656,184656,184656,184525,184525,184525,1.37033e+07,1.37033e+07,1.37033e+07,1.33099e+07,1.33099e+07,1.33099e+07,9.58454e+06,9.58454e+06,9.58454e+06,9.5821e+06,9.5821e+06,9.5821e+06,2.46844e+07,2.46844e+07,2.46844e+07,392.786,392.786,392.786,285.642,285.642,285.642
684,6.30349e+06,6.30349e+06,6.30349e+06,133790,133790,133790,139195,139195,139195,2.42441e+07,2.42441e+07,2.42441e+07,2.5248e+07,2.5248e+07,2.5248e+07,184668,184668,184668,184542,184542,184542,1.37031e+07,1.37031e+07,1.37031e+07,1.331e+07,1.331e+07,1.331e+07,9.58537e+06,9.58537e+06,9.58537e+06,9.58268e+06,9.58268e+06,9.58268e+06,2.46846e+07,2.46846e+07,2.46846e+07,392.789,392.789,392.789,285.648,285.648,285.648
685,6.30183e+06,6.30183e+06,6.30183e+06,133770,133770,133770,139178,139178,139178,2.42422e+07,2.42422e+07,2.42422e+07,2.52458e+07,2.52458e+07,2.52458e+07,184673,184673,184673,184555,184555,184555,1.3703e+07,1.3703e+07,1.3703e+07,1.33101e+07,1.33101e+07,1.33101e+07,9.58617e+06,9.58617e+06,9.58617e+06,9.58327e+06,9.58327e+06,9.58327e+06,2.46849e+07,2.46849e+07,2.46849e+07,392.779,392.779,392.779,285.647,285.647,285.647
686,6.30022e+06,6.30022e+06,6.30022e+06,133747,133747,133747,139159,139159,139159,2.42403e+07,2.42403e+07,2.42403e+07,2.52435e+07,2.52435e+07,2.52435e+07,184672,184672,184672,184562,184562,184562,1.37028e+07,1.37028e+07,1.37028e+07,1.33101e+07,1.33101e+07,1.33101e+07,9.58694e+06,9.58694e+06,9.58694e+06,9.58385e+06,9.58385e+06,9.58385e+06,2.46853e+07,2.46853e+07,2.46853e+07,392.754,392.754,392.754,285.64,285.64,285.64
687,6.2987e+06,6.2987e+06,6.2987e+06,133719,133719,133719,139138,139138,139138,2.42384e+07,2.42384e+07,2.42384e+07,2.52414e+07,2.52414e+07,2.52414e+07,184663,184663,184663,184565,184565,184565,1.37025e+07,1.37025e+07,1.37025e+07,1.331e+07,1.331e+07,1.331e+07,9.58764e+06,9.58764e+06,9.58764e+06,9.58442e+06,9.58442e+06,9.58442e+06,2.46858e+07,2.46858e+07,2.46858e+07,392.716,392.716,392.716,285.627,285.627,285.627
688,6.29726e+06,6.29726e+06,6.29726e+06,133688,133688,133688,139114,139114,139114,2.42366e+07,2.42366e+07,2.42366e+07,2.52393e+07,2.52393e+07,2.52393e+07,184647,184647,184647,184562,184562,184562,1.37022e+07,1.37022e+07,1.37022e+07,1.33099e+07,1.33099e+07,1.33099e+07,9.58826e+06,9.58826e+06,9.58826e+06,9.58495e+06,9.58495e+06,9.58495e+06,2.46864e+07,2.46864e+07,2.46864e+07,392.665,392.665,392.665,285.607,285.607,285.607
689,6.29595e+06,6.29595e+06,6.29595e+06,133655,133655,133655,139089,139089,139089,2.42348e+07,2.42348e+07,2.42348e+07,2.52373e+07,2.52373e+07,2.52373e+07,184625,184625,184625,184554,184554,184554,1.37019e+07,1.37019e+07,1.37019e+07,1.33096e+07,1.33096e+07,1.33096e+07,9.58879e+06,9.58879e+06,9.58879e+06,9.58544e+06,9.58544e+06,9.58544e+06,2.46871e+07,2.46871e+07,2.46871e+07,392.602,392.602,392.602,285.581,285.581,285.581
690,6.29476e+06,6.29476e+06,6.29476e+06,133618,133618,133618,139061,139061,139061,2.42331e+07,2.42331e+07,2.42331e+07,2.52354e+07,2.52354e+07,2.52354e+07,184597,184597,184597,184540,184540,184540,1.37014e+07,1.37014e+07,1.37014e+07,1.33093e+07,1.33093e+07,1.33093e+07,9.58921e+06,9.58921e+06,9.58921e+06,9.58586e+06,9.58586e+06,9.58586e+06,2.46878e+07,2.46878e+07,2.46878e+07,392.528,392.528,392.528,285.548,285.548,285.548
691,6.29373e+06,6.29373e+06,6.29373e+06,133580,133580,133580,139033,139033,139033,2.42314e+07,2.42314e+07,2.42314e+07,2.52336e+07,2.52336e+07,2.52336e+07,184563,184563,184563,184521,184521,184521,1.3701e+07,1.3701e+07,1.3701e+07,1.33089e+07,1.33089e+07,1.33089e+07,9.58951e+06,9.58951e+06,9.58951e+06,9.5862e+06,9.5862e+06,9.5862e+06,2.46885e+07,2.46885e+07,2.46885e+07,392.443,392.443,392.443,285.508,285.508,285.508
692,6.29284e+06,6.29284e+06,6.29284e+06,133541,133541,133541,139002,139002,139002,2.42299e+07,2.42299e+07,2.42299e+07,2.5232e+07,2.5232e+07,2.5232e+07,184523,184523,184523,184496,184496,184496,1.37004e+07,1.37004e+07,1.37004e+07,1.33084e+07,1.33084e+07,1.33084e+07,9.58967e+06,9.58967e+06,9.58967e+06,9.58646e+06,9.58646e+06,9.58646e+06,2.46894e+07,2.46894e+07,2.46894e+07,392.35,392.35,392.35,285.462,285.462,285.462
693,6.29213e+06,6.29213e+06,6.29213e+06,133501,133501,133501,138971,138971,138971,2.42284e+07,2.42284e+07,2.42284e+07,2.52305e+07,2.52305e+07,2.52305e+07,184479,184479,184479,184465,184465,184465,1.36998e+07,1.36998e+07,1.36998e+07,1.33077e+07,1.33077e+07,1.33077e+07,9.58971e+06,9.58971e+06,9.58971e+06,9.58661e+06,9.58661e+06,9.58661e+06,2.46902e+07,2.46902e+07,2.46902e+07,392.249,392.249,392.249,285.411,285.411,285.411
694,6.29159e+06,6.29159e+06,6.29159e+06,133460,133460,133460,138939,138939,138939,2.42271e+07,2.42271e+07,2.42271e+07,2.52292e+07,2.52292e+07,2.52292e+07,184430,184430,184430,184429,184429,184429,1.36991e+07,1.36991e+07,1.36991e+07,1.3307e+07,1.3307e+07,1.3307e+07,9.5896e+06,9.5896e+06,9.5896e+06,9.58666e+06,9.58666e+06,9.58666e+06,2.46911e+07,2.46911e+07,2.46911e+07,392.142,392.142,392.142,285.353,285.353,285.353
695,6.29123e+06,6.29123e+06,6.29123e+06,133420,133420,133420,138906,138906,138906,2.42259e+07,2.42259e+07,2.42259e+07,2.5228e+07,2.5228e+07,2.5228e+07,184379,184379,184379,184389,184389,184389,1.36984e+07,1.36984e+07,1.36984e+07,1.33062e+07,1.33062e+07,1.33062e+07,9.58934e+06,9.58934e+06,9.58934e+06,9.58659e+06,9.58659e+06,9.58659e+06,2.46919e+07,2.46919e+07,2.46919e+07,392.03,392.03,392.03,285.291,285.291,285.291
696,6.29106e+06,6.29106e+06,6.29106e+06,133381,133381,133381,138874,138874,138874,2.42248e+07,2.42248e+07,2.42248e+07,2.5227e+07,2.5227e+07,2.5227e+07,184324,184324,184324,184344,184344,184344,1.36975e+07,1.36975e+07,1.36975e+07,1.33053e+07,1.33053e+07,1.33053e+07,9.58893e+06,9.58893e+06,9.58893e+06,9.58639e+06,9.58639e+06,9.58639e+06,2.46928e+07,2.46928e+07,2.46928e+07,391.916,391.916,391.916,285.225,285.225,285.225
697,6.29107e+06,6.29107e+06,6.29107e+06,133344,133344,133344,138841,138841,138841,2.42239e+07,2.42239e+07,2.42239e+07,2.52262e+07,2.52262e+07,2.52262e+07,184267,184267,184267,184295,184295,184295,1.36966e+07,1.36966e+07,1.36966e+07,1.33043e+07,1.33043e+07,1.33043e+07,9.58838e+06,9.58838e+06,9.58838e+06,9.58606e+06,9.58606e+06,9.58606e+06,2.46937e+07,2.46937e+07,2.46937e+07,391.8,391.8,391.8,285.155,285.155,285.155
698,6.29125e+06,6.29125e+06,6.29125e+06,133308,133308,133308,138810,138810,138810,2.42231e+07,2.42231e+07,2.42231e+07,2.52256e+07,2.52256e+07,2.52256e+07,184209,184209,184209,184243,184243,184243,1.36957e+07,1.36957e+07,1.36957e+07,1.33032e+07,1.33032e+07,1.33032e+07,9.58769e+06,9.58769e+06,9.58769e+06,9.5856e+06,9.5856e+06,9.5856e+06,2.46945e+07,2.46945e+07,2.46945e+07,391.683,391.683,391.683,285.082,285.082,285.082
699,6.29162e+06,6.29162e+06,6.29162e+06,133275,133275,133275,138779,138779,138779,2.42224e+07,2.42224e+07,2.42224e+07,2.52251e+07,2.52251e+07,2.52251e+07,184150,184150,184150,184188,184188,184188,1.36946e+07,1.36946e+07,1.36946e+07,1.33021e+07,1.33021e+07,1.33021e+07,9.58685e+06,9.58685e+06,9.58685e+06,9.585e+06,9.585e+06,9.585e+06,2.46953e+07,2.46953e+07,2.46953e+07,391.569,391.569,391.569,285.007,285.007,285.007
700,6.29215e+06,6.29215e+06,6.29215e+06,133244,133244,133244,138750,138750,138750,2.42219e+07,2.42219e+07,2.42219e+07,2.52247e+07,2.52247e+07,2.52247e+07,184091,184091,184091,184132,184132,184132,1.36936e+07,1.36936e+07,1.36936e+07,1.33009e+07,1.33009e+07,1.33009e+07,9.58589e+06,9.58589e+06,9.58589e+06,9.58426e+06,9.58426e+06,9.58426e+06,2.4696e+07,2.4696e+07,2.4696e+07,391.457,391.457,391.457,284.932,284.932,284.932
701,6.29283e+06,6.29283e+06,6.29283e+06,133217,133217,133217,138723,138723,138723,2.42216e+07,2.42216e+07,2.42216e+07,2.52245e+07,2.52245e+07,2.52245e+07,184033,184033,184033,184074,184074,184074,1.36924e+07,1.36924e+07,1.36924e+07,1.32996e+07,1.32996e+07,1.32996e+07,9.58481e+06,9.58481e+06,9.58481e+06,9.5834e+06,9.5834e+06,9.5834e+06,2.46967e+07,2.46967e+07,2.46967e+07,391.349,391.349,391.349,284.857,284.857,284.857
702,6.29367e+06,6.29367e+06,6.29367e+06,133193,133193,133193,138698,138698,138698,2.42214e+07,2.42214e+07,2.42214e+07,2.52245e+07,2.52245e+07,2.52245e+07,183976,183976,183976,184016,184016,184016,1.36912e+07,1.36912e+07,1.36912e+07,1.32983e+07,1.32983e+07,1.32983e+07,9.58361e+06,9.58361e+06,9.58361e+06,9.58241e+06,9.58241e+06,9.58241e+06,2.46973e+07,2.46973e+07,2.46973e+07,391.246,391.246,391.246,284.783,284.783,284.783
703,6.29463e+06,6.29463e+06,6.29463e+06,133172,133172,133172,138676,138676,138676,2.42213e+07,2.42213e+07,2.42213e+07,2.52246e+07,2.52246e+07,2.52246e+07,183922,183922,183922,183959,183959,183959,1.369e+07,1.369e+07,1.369e+07,1.3297e+07,1.3297e+07,1.3297e+07,9.58232e+06,9.58232e+06,9.58232e+06,9.5813e+06,9.5813e+06,9.5813e+06,2.46978e+07,2.46978e+07,2.46978e+07,391.15,391.15,391.15,284.711,284.711,284.711
704,6.2957e+06,6.2957e+06,6.2957e+06,133155,133155,133155,138656,138656,138656,2.42213e+07,2.42213e+07,2.42213e+07,2.52247e+07,2.52247e+07,2.52247e+07,183869,183869,183869,183903,183903,183903,1.36887e+07,1.36887e+07,1.36887e+07,1.32956e+07,1.32956e+07,1.32956e+07,9.58093e+06,9.58093e+06,9.58093e+06,9.58008e+06,9.58008e+06,9.58008e+06,2.46983e+07,2.46983e+07,2.46983e+07,391.061,391.061,391.061,284.643,284.643,284.643
705,6.29687e+06,6.29687e+06,6.29687e+06,133142,133142,133142,138640,138640,138640,2.42215e+07,2.42215e+07,2.42215e+07,2.5225e+07,2.5225e+07,2.5225e+07,183820,183820,183820,183850,183850,183850,1.36875e+07,1.36875e+07,1.36875e+07,1.32942e+07,1.32942e+07,1.32942e+07,9.57948e+06,9.57948e+06,9.57948e+06,9.57877e+06,9.57877e+06,9.57877e+06,2.46987e+07,2.46987e+07,2.46987e+07,390.98,390.98,390.98,284.579,284.579,284.579
706,6.29812e+06,6.29812e+06,6.29812e+06,133133,133133,133133,138628,138628,138628,2.42217e+07,2.42217e+07,2.42217e+07,2.52254e+07,2.52254e+07,2.52254e+07,183775,183775,183775,183799,183799,183799,1.36862e+07,1.36862e+07,1.36862e+07,1.32928e+07,1.32928e+07,1.32928e+07,9.57796e+06,9.57796e+06,9.57796e+06,9.57738e+06,9.57738e+06,9.57738e+06,2.4699e+07,2.4699e+07,2.4699e+07,390.908,390.908,390.908,284.52,284.52,284.52
707,6.29943e+06,6.29943e+06,6.29943e+06,133128,133128,133128,138619,138619,138619,2.42221e+07,2.42221e+07,2.42221e+07,2.52259e+07,2.52259e+07,2.52259e+07,183733,183733,183733,183752,183752,183752,1.36849e+07,1.36849e+07,1.36849e+07,1.32915e+07,1.32915e+07,1.32915e+07,9.5764e+06,9.5764e+06,9.5764e+06,9.57592e+06,9.57592e+06,9.57592e+06,2.46992e+07,2.46992e+07,2.46992e+07,390.846,390.846,390.846,284.467,284.467,284.467
708,6.30076e+06,6.30076e+06,6.30076e+06,133127,133127,133127,138614,138614,138614,2.42225e+07,2.42225e+07,2.42225e+07,2.52264e+07,2.52264e+07,2.52264e+07,183697,183697,183697,183710,183710,183710,1.36836e+07,1.36836e+07,1.36836e+07,1.32901e+07,1.32901e+07,1.32901e+07,9.57481e+06,9.57481e+06,9.57481e+06,9.57441e+06,9.57441e+06,9.57441e+06,2.46993e+07,2.46993e+07,2.46993e+07,390.793,390.793,390.793,284.422,284.422,284.422
709,6.30212e+06,6.30212e+06,6.30212e+06,133129,133129,133129,138612,138612,138612,2.42229e+07,2.42229e+07,2.42229e+07,2.52269e+07,2.52269e+07,2.52269e+07,183664,183664,183664,183673,183673,183673,1.36823e+07,1.36823e+07,1.36823e+07,1.32888e+07,1.32888e+07,1.32888e+07,9.57321e+06,9.57321e+06,9.57321e+06,9.57286e+06,9.57286e+06,9.57286e+06,2.46993e+07,2.46993e+07,2.46993e+07,390.751,390.751,390.751,284.384,284.384,284.384
710,6.30346e+06,6.30346e+06,6.30346e+06,133135,133135,133135,138615,138615,138615,2.42234e+07,2.42234e+07,2.42234e+07,2.52275e+07,2.52275e+07,2.52275e+07,183637,183637,183637,183641,183641,183641,1.36811e+07,1.36811e+07,1.36811e+07,1.32875e+07,1.32875e+07,1.32875e+07,9.57161e+06,9.57161e+06,9.57161e+06,9.5713e+06,9.5713e+06,9.5713e+06,2.46992e+07,2.46992e+07,2.46992e+07,390.719,390.719,390.719,284.354,284.354,284.354
711,6.30477e+06,6.30477e+06,6.30477e+06,133144,133144,133144,138622,138622,138622,2.42239e+07,2.42239e+07,2.42239e+07,2.52281e+07,2.52281e+07,2.52281e+07,183616,183616,183616,183616,183616,183616,1.36799e+07,1.36799e+07,1.36799e+07,1.32863e+07,1.32863e+07,1.32863e+07,9.57003e+06,9.57003e+06,9.57003e+06,9.56975e+06,9.56975e+06,9.56975e+06,2.4699e+07,2.4699e+07,2.4699e+07,390.698,390.698,390.698,284.333,284.333,284.333
712,6.30603e+06,6.30603e+06,6.30603e+06,133156,133156,133156,138632,138632,138632,2.42245e+07,2.42245e+07,2.42245e+07,2.52286e+07,2.52286e+07,2.52286e+07,183600,183600,183600,183596,183596,183596,1.36787e+07,1.36787e+07,1.36787e+07,1.32851e+07,1.32851e+07,1.32851e+07,9.56849e+06,9.56849e+06,9.56849e+06,9.56821e+06,9.56821e+06,9.56821e+06,2.46987e+07,2.46987e+07,2.46987e+07,390.688,390.688,390.688,284.321,284.321,284.321
713,6.30722e+06,6.30722e+06,6.30722e+06,133171,133171,133171,138646,138646,138646,2.4225e+07,2.4225e+07,2.4225e+07,2.52291e+07,2.52291e+07,2.52291e+07,183589,183589,183589,183583,183583,183583,1.36776e+07,1.36776e+07,1.36776e+07,1.3284e+07,1.3284e+07,1.3284e+07,9.56699e+06,9.56699e+06,9.56699e+06,9.56672e+06,9.56672e+06,9.56672e+06,2.46984e+07,2.46984e+07,2.46984e+07,390.688,390.688,390.688,284.317,284.317,284.317
714,6.30832e+06,6.30832e+06,6.30832e+06,133188,133188,133188,138663,138663,138663,2.42254e+07,2.42254e+07,2.42254e+07,2.52296e+07,2.52296e+07,2.52296e+07,183584,183584,183584,183577,183577,183577,1.36766e+07,1.36766e+07,1.36766e+07,1.3283e+07,1.3283e+07,1.3283e+07,9.56556e+06,9.56556e+06,9.56556e+06,9.56528e+06,9.56528e+06,9.56528e+06,2.4698e+07,2.4698e+07,2.4698e+07,390.699,390.699,390.699,284.323,284.323,284.323
715,6.30931e+06,6.30931e+06,6.30931e+06,133208,133208,133208,138684,138684,138684,2.42258e+07,2.42258e+07,2.42258e+07,2.52301e+07,2.52301e+07,2.52301e+07,183586,183586,183586,183578,183578,183578,1.36757e+07,1.36757e+07,1.36757e+07,1.32821e+07,1.32821e+07,1.32821e+07,9.56421e+06,9.56421e+06,9.56421e+06,9.56392e+06,9.56392e+06,9.56392e+06,2.46975e+07,2.46975e+07,2.46975e+07,390.72,390.72,390.72,284.337,284.337,284.337
716,6.31017e+06,6.31017e+06,6.31017e+06,133230,133230,133230,138706,138706,138706,2.42261e+07,2.42261e+07,2.42261e+07,2.52304e+07,2.52304e+07,2.52304e+07,183592,183592,183592,183584,183584,183584,1.36748e+07,1.36748e+07,1.36748e+07,1.32812e+07,1.32812e+07,1.32812e+07,9.56294e+06,9.56294e+06,9.56294e+06,9.56265e+06,9.56265e+06,9.56265e+06,2.4697e+07,2.4697e+07,2.4697e+07,390.751,390.751,390.751,284.359,284.359,284.359
717,6.31089e+06,6.31089e+06,6.31089e+06,133254,133254,133254,138731,138731,138731,2.42264e+07,2.42264e+07,2.42264e+07,2.52307e+07,2.52307e+07,2.52307e+07,183605,183605,183605,183597,183597,183597,1.3674e+07,1.3674e+07,1.3674e+07,1.32804e+07,1.32804e+07,1.32804e+07,9.56178e+06,9.56178e+06,9.56178e+06,9.56148e+06,9.56148e+06,9.56148e+06,2.46964e+07,2.46964e+07,2.46964e+07,390.791,390.791,390.791,284.388,284.388,284.388
718,6.31145e+06,6.31145e+06,6.31145e+06,133279,133279,133279,138758,138758,138758,2.42265e+07,2.42265e+07,2.42265e+07,2.52308e+07,2.52308e+07,2.52308e+07,183623,183623,183623,183616,183616,183616,1.36734e+07,1.36734e+07,1.36734e+07,1.32797e+07,1.32797e+07,1.32797e+07,9.56073e+06,9.56073e+06,9.56073e+06,9.56042e+06,9.56042e+06,9.56042e+06,2.46958e+07,2.46958e+07,2.46958e+07,390.84,390.84,390.84,284.425,284.425,284.425
719,6.31186e+06,6.31186e+06,6.31186e+06,133305,133305,133305,138785,138785,138785,2.42265e+07,2.42265e+07,2.42265e+07,2.52309e+07,2.52309e+07,2.52309e+07,183646,183646,183646,183640,183640,183640,1.36728e+07,1.36728e+07,1.36728e+07,1.32791e+07,1.32791e+07,1.32791e+07,9.5598e+06,9.5598e+06,9.5598e+06,9.55949e+06,9.55949e+06,9.55949e+06,2.46952e+07,2.46952e+07,2.46952e+07,390.897,390.897,390.897,284.468,284.468,284.468
720,6.31208e+06,6.31208e+06,6.31208e+06,133331,133331,133331,138814,138814,138814,2.42264e+07,2.42264e+07,2.42264e+07,2.52308e+07,2.52308e+07,2.52308e+07,183674,183674,183674,183668,183668,183668,1.36723e+07,1.36723e+07,1.36723e+07,1.32786e+07,1.32786e+07,1.32786e+07,9.55901e+06,9.55901e+06,9.55901e+06,9.5587e+06,9.5587e+06,9.5587e+06,2.46945e+07,2.46945e+07,2.46945e+07,390.961,390.961,390.961,284.516,284.516,284.516
721,6.31214e+06,6.31214e+06,6.31214e+06,133358,133358,133358,138842,138842,138842,2.42262e+07,2.42262e+07,2.42262e+07,2.52306e+07,2.52306e+07,2.52306e+07,183707,183707,183707,183701,183701,183701,1.36719e+07,1.36719e+07,1.36719e+07,1.32781e+07,1.32781e+07,1.32781e+07,9.55835e+06,9.55835e+06,9.55835e+06,9.55804e+06,9.55804e+06,9.55804e+06,2.46939e+07,2.46939e+07,2.46939e+07,391.031,391.031,391.031,284.568,284.568,284.568
722,6.31201e+06,6.31201e+06,6.31201e+06,133385,133385,133385,138870,138870,138870,2.42258e+07,2.42258e+07,2.42258e+07,2.52303e+07,2.52303e+07,2.52303e+07,183744,183744,183744,183738,183738,183738,1.36716e+07,1.36716e+07,1.36716e+07,1.32778e+07,1.32778e+07,1.32778e+07,9.55783e+06,9.55783e+06,9.55783e+06,9.55753e+06,9.55753e+06,9.55753e+06,2.46932e+07,2.46932e+07,2.46932e+07,391.107,391.107,391.107,284.623,284.623,284.623
723,6.3117e+06,6.3117e+06,6.3117e+06,133411,133411,133411,138896,138896,138896,2.42253e+07,2.42253e+07,2.42253e+07,2.52298e+07,2.52298e+07,2.52298e+07,183784,183784,183784,183777,183777,183777,1.36714e+07,1.36714e+07,1.36714e+07,1.32776e+07,1.32776e+07,1.32776e+07,9.55746e+06,9.55746e+06,9.55746e+06,9.55716e+06,9.55716e+06,9.55716e+06,2.46926e+07,2.46926e+07,2.46926e+07,391.187,391.187,391.187,284.681,284.681,284.681
724,6.31121e+06,6.31121e+06,6.31121e+06,133436,133436,133436,138922,138922,138922,2.42247e+07,2.42247e+07,2.42247e+07,2.52292e+07,2.52292e+07,2.52292e+07,183827,183827,183827,183818,183818,183818,1.36712e+07,1.36712e+07,1.36712e+07,1.32774e+07,1.32774e+07,1.32774e+07,9.55724e+06,9.55724e+06,9.55724e+06,9.55693e+06,9.55693e+06,9.55693e+06,2.46921e+07,2.46921e+07,2.46921e+07,391.27,391.27,391.27,284.739,284.739,284.739
725,6.31055e+06,6.31055e+06,6.31055e+06,133460,133460,133460,138945,138945,138945,2.42239e+07,2.42239e+07,2.42239e+07,2.52284e+07,2.52284e+07,2.52284e+07,183872,183872,183872,183861,183861,183861,1.36712e+07,1.36712e+07,1.36712e+07,1.32773e+07,1.32773e+07,1.32773e+07,9.55717e+06,9.55717e+06,9.55717e+06,9.55684e+06,9.55684e+06,9.55684e+06,2.46915e+07,2.46915e+07,2.46915e+07,391.355,391.355,391.355,284.798,284.798,284.798
726,6.30972e+06,6.30972e+06,6.30972e+06,133482,133482,133482,138965,138965,138965,2.4223e+07,2.4223e+07,2.4223e+07,2.52275e+07,2.52275e+07,2.52275e+07,183919,183919,183919,183904,183904,183904,1.36712e+07,1.36712e+07,1.36712e+07,1.32773e+07,1.32773e+07,1.32773e+07,9.55723e+06,9.55723e+06,9.55723e+06,9.55688e+06,9.55688e+06,9.55688e+06,2.4691e+07,2.4691e+07,2.4691e+07,391.441,391.441,391.441,284.855,284.855,284.855
727,6.30874e+06,6.30874e+06,6.30874e+06,133503,133503,133503,138983,138983,138983,2.42219e+07,2.42219e+07,2.42219e+07,2.52265e+07,2.52265e+07,2.52265e+07,183967,183967,183967,183947,183947,183947,1.36712e+07,1.36712e+07,1.36712e+07,1.32773e+07,1.32773e+07,1.32773e+07,9.55744e+06,9.55744e+06,9.55744e+06,9.55706e+06,9.55706e+06,9.55706e+06,2.46906e+07,2.46906e+07,2.46906e+07,391.526,391.526,391.526,284.91,284.91,284.91
728,6.30762e+06,6.30762e+06,6.30762e+06,133521,133521,133521,138997,138997,138997,2.42208e+07,2.42208e+07,2.42208e+07,2.52253e+07,2.52253e+07,2.52253e+07,184016,184016,184016,183988,183988,183988,1.36714e+07,1.36714e+07,1.36714e+07,1.32775e+07,1.32775e+07,1.32775e+07,9.55778e+06,9.55778e+06,9.55778e+06,9.55735e+06,9.55735e+06,9.55735e+06,2.46903e+07,2.46903e+07,2.46903e+07,391.61,391.61,391.61,284.961,284.961,284.961
729,6.30637e+06,6.30637e+06,6.30637e+06,133537,133537,133537,139009,139009,139009,2.42195e+07,2.42195e+07,2.42195e+07,2.5224e+07,2.5224e+07,2.5224e+07,184063,184063,184063,184029,184029,184029,1.36715e+07,1.36715e+07,1.36715e+07,1.32776e+07,1.32776e+07,1.32776e+07,9.55825e+06,9.55825e+06,9.55825e+06,9.55775e+06,9.55775e+06,9.55775e+06,2.469e+07,2.469e+07,2.469e+07,391.69,391.69,391.69,285.009,285.009,285.009
730,6.305e+06,6.305e+06,6.305e+06,133550,133550,133550,139016,139016,139016,2.42182e+07,2.42182e+07,2.42182e+07,2.52225e+07,2.52225e+07,2.52225e+07,184109,184109,184109,184067,184067,184067,1.36717e+07,1.36717e+07,1.36717e+07,1.32778e+07,1.32778e+07,1.32778e+07,9.55883e+06,9.55883e+06,9.55883e+06,9.55824e+06,9.55824e+06,9.55824e+06,2.46899e+07,2.46899e+07,2.46899e+07,391.765,391.765,391.765,285.052,285.052,285.052
731,6.30354e+06,6.30354e+06,6.30354e+06,133559,133559,133559,139019,139019,139019,2.42167e+07,2.42167e+07,2.42167e+07,2.5221e+07,2.5221e+07,2.5221e+07,184153,184153,184153,184102,184102,184102,1.36719e+07,1.36719e+07,1.36719e+07,1.32781e+07,1.32781e+07,1.32781e+07,9.55951e+06,9.55951e+06,9.55951e+06,9.55881e+06,9.55881e+06,9.55881e+06,2.46898e+07,2.46898e+07,2.46898e+07,391.834,391.834,391.834,285.089,285.089,285.089
732,6.30201e+06,6.30201e+06,6.30201e+06,133566,133566,133566,139019,139019,139019,2.42152e+07,2.42152e+07,2.42152e+07,2.52194e+07,2.52194e+07,2.52194e+07,184194,184194,184194,184135,184135,184135,1.36721e+07,1.36721e+07,1.36721e+07,1.32783e+07,1.32783e+07,1.32783e+07,9.56028e+06,9.56028e+06,9.56028e+06,9.55946e+06,9.55946e+06,9.55946e+06,2.46898e+07,2.46898e+07,2.46898e+07,391.896,391.896,391.896,285.12,285.12,285.12
733,6.30043e+06,6.30043e+06,6.30043e+06,133568,133568,133568,139015,139015,139015,2.42136e+07,2.42136e+07,2.42136e+07,2.52176e+07,2.52176e+07,2.52176e+07,184231,184231,184231,184163,184163,184163,1.36723e+07,1.36723e+07,1.36723e+07,1.32786e+07,1.32786e+07,1.32786e+07,9.56112e+06,9.56112e+06,9.56112e+06,9.56015e+06,9.56015e+06,9.56015e+06,2.469e+07,2.469e+07,2.469e+07,391.95,391.95,391.95,285.145,285.145,285.145
734,6.29881e+06,6.29881e+06,6.29881e+06,133567,133567,133567,139007,139007,139007,2.4212e+07,2.4212e+07,2.4212e+07,2.52159e+07,2.52159e+07,2.52159e+07,184263,184263,184263,184187,184187,184187,1.36725e+07,1.36725e+07,1.36725e+07,1.32789e+07,1.32789e+07,1.32789e+07,9.56201e+06,9.56201e+06,9.56201e+06,9.56089e+06,9.56089e+06,9.56089e+06,2.46902e+07,2.46902e+07,2.46902e+07,391.994,391.994,391.994,285.163,285.163,285.163
735,6.29718e+06,6.29718e+06,6.29718e+06,133563,133563,133563,138996,138996,138996,2.42104e+07,2.42104e+07,2.42104e+07,2.5214e+07,2.5214e+07,2.5214e+07,184290,184290,184290,184207,184207,184207,1.36727e+07,1.36727e+07,1.36727e+07,1.32792e+07,1.32792e+07,1.32792e+07,9.56295e+06,9.56295e+06,9.56295e+06,9.56165e+06,9.56165e+06,9.56165e+06,2.46905e+07,2.46905e+07,2.46905e+07,392.027,392.027,392.027,285.174,285.174,285.174
736,6.29557e+06,6.29557e+06,6.29557e+06,133554,133554,133554,138981,138981,138981,2.42088e+07,2.42088e+07,2.42088e+07,2.52122e+07,2.52122e+07,2.52122e+07,184312,184312,184312,184222,184222,184222,1.36728e+07,1.36728e+07,1.36728e+07,1.32795e+07,1.32795e+07,1.32795e+07,9.5639e+06,9.5639e+06,9.5639e+06,9.56241e+06,9.56241e+06,9.56241e+06,2.46909e+07,2.46909e+07,2.46909e+07,392.049,392.049,392.049,285.177,285.177,285.177
737,6.29398e+06,6.29398e+06,6.29398e+06,133541,133541,133541,138962,138962,138962,2.42071e+07,2.42071e+07,2.42071e+07,2.52103e+07,2.52103e+07,2.52103e+07,184327,184327,184327,184232,184232,184232,1.36729e+07,1.36729e+07,1.36729e+07,1.32797e+07,1.32797e+07,1.32797e+07,9.56485e+06,9.56485e+06,9.56485e+06,9.56317e+06,9.56317e+06,9.56317e+06,2.46914e+07,2.46914e+07,2.46914e+07,392.059,392.059,392.059,285.174,285.174,285.174
738,6.29245e+06,6.29245e+06,6.29245e+06,133525,133525,133525,138941,138941,138941,2.42055e+07,2.42055e+07,2.42055e+07,2.52084e+07,2.52084e+07,2.52084e+07,184336,184336,184336,184237,184237,184237,1.36729e+07,1.36729e+07,1.36729e+07,1.32799e+07,1.32799e+07,1.32799e+07,9.56579e+06,9.56579e+06,9.56579e+06,9.5639e+06,9.5639e+06,9.5639e+06,2.46921e+07,2.46921e+07,2.46921e+07,392.056,392.056,392.056,285.163,285.163,285.163
739,6.291e+06,6.291e+06,6.291e+06,133505,133505,133505,138918,138918,138918,2.4204e+07,2.4204e+07,2.4204e+07,2.52066e+07,2.52066e+07,2.52066e+07,184338,184338,184338,184236,184236,184236,1.36729e+07,1.36729e+07,1.36729e+07,1.328e+07,1.328e+07,1.328e+07,9.56668e+06,9.56668e+06,9.56668e+06,9.5646e+06,9.5646e+06,9.5646e+06,2.46927e+07,2.46927e+07,2.46927e+07,392.04,392.04,392.04,285.145,285.145,285.145
740,6.28964e+06,6.28964e+06,6.28964e+06,133481,133481,133481,138892,138892,138892,2.42025e+07,2.42025e+07,2.42025e+07,2.52048e+07,2.52048e+07,2.52048e+07,184333,184333,184333,184231,184231,184231,1.36728e+07,1.36728e+07,1.36728e+07,1.32801e+07,1.32801e+07,1.32801e+07,9.56752e+06,9.56752e+06,9.56752e+06,9.56525e+06,9.56525e+06,9.56525e+06,2.46935e+07,2.46935e+07,2.46935e+07,392.011,392.011,392.011,285.121,285.121,285.121
741,6.28839e+06,6.28839e+06,6.28839e+06,133454,133454,133454,138864,138864,138864,2.42011e+07,2.42011e+07,2.42011e+07,2.52031e+07,2.52031e+07,2.52031e+07,184321,184321,184321,184221,184221,184221,1.36726e+07,1.36726e+07,1.36726e+07,1.32801e+07,1.32801e+07,1.32801e+07,9.56828e+06,9.56828e+06,9.56828e+06,9.56584e+06,9.56584e+06,9.56584e+06,2.46944e+07,2.46944e+07,2.46944e+07,391.969,391.969,391.969,285.091,285.091,285.091
742,6.28727e+06,6.28727e+06,6.28727e+06,133425,133425,133425,138835,138835,138835,2.41997e+07,2.41997e+07,2.41997e+07,2.52015e+07,2.52015e+07,2.52015e+07,184301,184301,184301,184205,184205,184205,1.36724e+07,1.36724e+07,1.36724e+07,1.32801e+07,1.32801e+07,1.32801e+07,9.56895e+06,9.56895e+06,9.56895e+06,9.56636e+06,9.56636e+06,9.56636e+06,2.46953e+07,2.46953e+07,2.46953e+07,391.915,391.915,391.915,285.054,285.054,285.054
743,6.28629e+06,6.28629e+06,6.28629e+06,133392,133392,133392,138805,138805,138805,2.41984e+07,2.41984e+07,2.41984e+07,2.52e+07,2.52e+07,2.52e+07,184275,184275,184275,184185,184185,184185,1.36721e+07,1.36721e+07,1.36721e+07,1.32799e+07,1.32799e+07,1.32799e+07,9.56951e+06,9.56951e+06,9.56951e+06,9.56679e+06,9.56679e+06,9.56679e+06,2.46962e+07,2.46962e+07,2.46962e+07,391.849,391.849,391.849,285.012,285.012,285.012
744,6.28547e+06,6.28547e+06,6.28547e+06,133358,133358,133358,138774,138774,138774,2.41973e+07,2.41973e+07,2.41973e+07,2.51986e+07,2.51986e+07,2.51986e+07,184243,184243,184243,184161,184161,184161,1.36717e+07,1.36717e+07,1.36717e+07,1.32797e+07,1.32797e+07,1.32797e+07,9.56995e+06,9.56995e+06,9.56995e+06,9.56712e+06,9.56712e+06,9.56712e+06,2.46972e+07,2.46972e+07,2.46972e+07,391.771,391.771,391.771,284.966,284.966,284.966
745,6.28481e+06,6.28481e+06,6.28481e+06,133322,133322,133322,138743,138743,138743,2.41962e+07,2.41962e+07,2.41962e+07,2.51973e+07,2.51973e+07,2.51973e+07,184204,184204,184204,184132,184132,184132,1.36712e+07,1.36712e+07,1.36712e+07,1.32794e+07,1.32794e+07,1.32794e+07,9.57025e+06,9.57025e+06,9.57025e+06,9.56736e+06,9.56736e+06,9.56736e+06,2.46983e+07,2.46983e+07,2.46983e+07,391.683,391.683,391.683,284.915,284.915,284.915
746,6.28433e+06,6.28433e+06,6.28433e+06,133284,133284,133284,138712,138712,138712,2.41953e+07,2.41953e+07,2.41953e+07,2.51962e+07,2.51962e+07,2.51962e+07,184160,184160,184160,184099,184099,184099,1.36707e+07,1.36707e+07,1.36707e+07,1.3279e+07,1.3279e+07,1.3279e+07,9.57041e+06,9.57041e+06,9.57041e+06,9.56749e+06,9.56749e+06,9.56749e+06,2.46993e+07,2.46993e+07,2.46993e+07,391.587,391.587,391.587,284.86,284.86,284.86
747,6.28403e+06,6.28403e+06,6.28403e+06,133246,133246,133246,138681,138681,138681,2.41945e+07,2.41945e+07,2.41945e+07,2.51953e+07,2.51953e+07,2.51953e+07,184111,184111,184111,184063,184063,184063,1.36701e+07,1.36701e+07,1.36701e+07,1.32785e+07,1.32785e+07,1.32785e+07,9.57042e+06,9.57042e+06,9.57042e+06,9.5675e+06,9.5675e+06,9.5675e+06,2.47004e+07,2.47004e+07,2.47004e+07,391.483,391.483,391.483,284.802,284.802,284.802
748,6.28391e+06,6.28391e+06,6.28391e+06,133208,133208,133208,138652,138652,138652,2.41938e+07,2.41938e+07,2.41938e+07,2.51945e+07,2.51945e+07,2.51945e+07,184057,184057,184057,184023,184023,184023,1.36694e+07,1.36694e+07,1.36694e+07,1.32778e+07,1.32778e+07,1.32778e+07,9.57028e+06,9.57028e+06,9.57028e+06,9.5674e+06,9.5674e+06,9.5674e+06,2.47014e+07,2.47014e+07,2.47014e+07,391.372,391.372,391.372,284.742,284.742,284.742
749,6.28397e+06,6.28397e+06,6.28397e+06,133171,133171,133171,138623,138623,138623,2.41933e+07,2.41933e+07,2.41933e+07,2.51939e+07,2.51939e+07,2.51939e+07,184000,184000,184000,183981,183981,183981,1.36687e+07,1.36687e+07,1.36687e+07,1.32771e+07,1.32771e+07,1.32771e+07,9.56997e+06,9.56997e+06,9.56997e+06,9.56718e+06,9.56718e+06,9.56718e+06,2.47025e+07,2.47025e+07,2.47025e+07,391.258,391.258,391.258,284.68,284.68,284.68
750,6.28421e+06,6.28421e+06,6.28421e+06,133134,133134,133134,138596,138596,138596,2.41929e+07,2.41929e+07,2.41929e+07,2.51935e+07,2.51935e+07,2.51935e+07,183941,183941,183941,183936,183936,183936,1.36679e+07,1.36679e+07,1.36679e+07,1.32763e+07,1.32763e+07,1.32763e+07,9.56951e+06,9.56951e+06,9.56951e+06,9.56684e+06,9.56684e+06,9.56684e+06,2.47035e+07,2.47035e+07,2.47035e+07,391.14,391.14,391.14,284.617,284.617,284.617
751,6.28463e+06,6.28463e+06,6.28463e+06,133099,133099,133099,138571,138571,138571,2.41926e+07,2.41926e+07,2.41926e+07,2.51932e+07,2.51932e+07,2.51932e+07,183880,183880,183880,183889,183889,183889,1.3667e+07,1.3667e+07,1.3667e+07,1.32755e+07,1.32755e+07,1.32755e+07,9.56889e+06,9.56889e+06,9.56889e+06,9.56638e+06,9.56638e+06,9.56638e+06,2.47045e+07,2.47045e+07,2.47045e+07,391.022,391.022,391.022,284.553,284.553,284.553
752,6.28521e+06,6.28521e+06,6.28521e+06,133067,133067,133067,138547,138547,138547,2.41924e+07,2.41924e+07,2.41924e+07,2.51932e+07,2.51932e+07,2.51932e+07,183818,183818,183818,183841,183841,183841,1.36662e+07,1.36662e+07,1.36662e+07,1.32745e+07,1.32745e+07,1.32745e+07,9.56812e+06,9.56812e+06,9.56812e+06,9.56581e+06,9.56581e+06,9.56581e+06,2.47054e+07,2.47054e+07,2.47054e+07,390.904,390.904,390.904,284.49,284.49,284.49
753,6.28596e+06,6.28596e+06,6.28596e+06,133036,133036,133036,138526,138526,138526,2.41924e+07,2.41924e+07,2.41924e+07,2.51933e+07,2.51933e+07,2.51933e+07,183757,183757,183757,183792,183792,183792,1.36652e+07,1.36652e+07,1.36652e+07,1.32735e+07,1.32735e+07,1.32735e+07,9.5672e+06,9.5672e+06,9.5672e+06,9.56512e+06,9.56512e+06,9.56512e+06,2.47063e+07,2.47063e+07,2.47063e+07,390.79,390.79,390.79,284.427,284.427,284.427
754,6.28685e+06,6.28685e+06,6.28685e+06,133009,133009,133009,138507,138507,138507,2.41925e+07,2.41925e+07,2.41925e+07,2.51935e+07,2.51935e+07,2.51935e+07,183697,183697,183697,183743,183743,183743,1.36642e+07,1.36642e+07,1.36642e+07,1.32724e+07,1.32724e+07,1.32724e+07,9.56616e+06,9.56616e+06,9.56616e+06,9.56432e+06,9.56432e+06,9.56432e+06,2.47071e+07,2.47071e+07,2.47071e+07,390.679,390.679,390.679,284.367,284.367,284.367
755,6.28787e+06,6.28787e+06,6.28787e+06,132986,132986,132986,138491,138491,138491,2.41927e+07,2.41927e+07,2.41927e+07,2.51939e+07,2.51939e+07,2.51939e+07,183638,183638,183638,183694,183694,183694,1.36633e+07,1.36633e+07,1.36633e+07,1.32713e+07,1.32713e+07,1.32713e+07,9.565e+06,9.565e+06,9.565e+06,9.56342e+06,9.56342e+06,9.56342e+06,2.47078e+07,2.47078e+07,2.47078e+07,390.574,390.574,390.574,284.308,284.308,284.308
756,6.28901e+06,6.28901e+06,6.28901e+06,132966,132966,132966,138478,138478,138478,2.4193e+07,2.4193e+07,2.4193e+07,2.51945e+07,2.51945e+07,2.51945e+07,183582,183582,183582,183647,183647,183647,1.36622e+07,1.36622e+07,1.36622e+07,1.32701e+07,1.32701e+07,1.32701e+07,9.56373e+06,9.56373e+06,9.56373e+06,9.56242e+06,9.56242e+06,9.56242e+06,2.47084e+07,2.47084e+07,2.47084e+07,390.477,390.477,390.477,284.252,284.252,284.252
757,6.29024e+06,6.29024e+06,6.29024e+06,132950,132950,132950,138467,138467,138467,2.41934e+07,2.41934e+07,2.41934e+07,2.51951e+07,2.51951e+07,2.51951e+07,183530,183530,183530,183600,183600,183600,1.36612e+07,1.36612e+07,1.36612e+07,1.32689e+07,1.32689e+07,1.32689e+07,9.56237e+06,9.56237e+06,9.56237e+06,9.56134e+06,9.56134e+06,9.56134e+06,2.4709e+07,2.4709e+07,2.4709e+07,390.389,390.389,390.389,284.2,284.2,284.2
758,6.29156e+06,6.29156e+06,6.29156e+06,132939,132939,132939,138459,138459,138459,2.41939e+07,2.41939e+07,2.41939e+07,2.51959e+07,2.51959e+07,2.51959e+07,183483,183483,183483,183556,183556,183556,1.36602e+07,1.36602e+07,1.36602e+07,1.32677e+07,1.32677e+07,1.32677e+07,9.56094e+06,9.56094e+06,9.56094e+06,9.56019e+06,9.56019e+06,9.56019e+06,2.47094e+07,2.47094e+07,2.47094e+07,390.311,390.311,390.311,284.152,284.152,284.152
759,6.29293e+06,6.29293e+06,6.29293e+06,132932,132932,132932,138455,138455,138455,2.41944e+07,2.41944e+07,2.41944e+07,2.51967e+07,2.51967e+07,2.51967e+07,183440,183440,183440,183515,183515,183515,1.36592e+07,1.36592e+07,1.36592e+07,1.32664e+07,1.32664e+07,1.32664e+07,9.55945e+06,9.55945e+06,9.55945e+06,9.55897e+06,9.55897e+06,9.55897e+06,2.47098e+07,2.47098e+07,2.47098e+07,390.244,390.244,390.244,284.109,284.109,284.109
760,6.29435e+06,6.29435e+06,6.29435e+06,132930,132930,132930,138453,138453,138453,2.41951e+07,2.41951e+07,2.41951e+07,2.51976e+07,2.51976e+07,2.51976e+07,183403,183403,183403,183477,183477,183477,1.36581e+07,1.36581e+07,1.36581e+07,1.32652e+07,1.32652e+07,1.32652e+07,9.55793e+06,9.55793e+06,9.55793e+06,9.55771e+06,9.55771e+06,9.55771e+06,2.47101e+07,2.47101e+07,2.47101e+07,390.189,390.189,390.189,284.071,284.071,284.071
761,6.29577e+06,6.29577e+06,6.29577e+06,132932,132932,132932,138454,138454,138454,2.41958e+07,2.41958e+07,2.41958e+07,2.51986e+07,2.51986e+07,2.51986e+07,183372,183372,183372,183443,183443,183443,1.36572e+07,1.36572e+07,1.36572e+07,1.32641e+07,1.32641e+07,1.32641e+07,9.5564e+06,9.5564e+06,9.5564e+06,9.5564e+06,9.5564e+06,9.5564e+06,2.47102e+07,2.47102e+07,2.47102e+07,390.147,390.147,390.147,284.039,284.039,284.039
762,6.2972e+06,6.2972e+06,6.2972e+06,132939,132939,132939,138459,138459,138459,2.41965e+07,2.41965e+07,2.41965e+07,2.51995e+07,2.51995e+07,2.51995e+07,183347,183347,183347,183413,183413,183413,1.36562e+07,1.36562e+07,1.36562e+07,1.32629e+07,1.32629e+07,1.32629e+07,9.55486e+06,9.55486e+06,9.55486e+06,9.55508e+06,9.55508e+06,9.55508e+06,2.47103e+07,2.47103e+07,2.47103e+07,390.118,390.118,390.118,284.013,284.013,284.013
763,6.29859e+06,6.29859e+06,6.29859e+06,132950,132950,132950,138467,138467,138467,2.41972e+07,2.41972e+07,2.41972e+07,2.52005e+07,2.52005e+07,2.52005e+07,183328,183328,183328,183388,183388,183388,1.36553e+07,1.36553e+07,1.36553e+07,1.32618e+07,1.32618e+07,1.32618e+07,9.55336e+06,9.55336e+06,9.55336e+06,9.55375e+06,9.55375e+06,9.55375e+06,2.47103e+07,2.47103e+07,2.47103e+07,390.102,390.102,390.102,283.994,283.994,283.994
764,6.29994e+06,6.29994e+06,6.29994e+06,132965,132965,132965,138477,138477,138477,2.4198e+07,2.4198e+07,2.4198e+07,2.52015e+07,2.52015e+07,2.52015e+07,183317,183317,183317,183368,183368,183368,1.36544e+07,1.36544e+07,1.36544e+07,1.32608e+07,1.32608e+07,1.32608e+07,9.55189e+06,9.55189e+06,9.55189e+06,9.55243e+06,9.55243e+06,9.55243e+06,2.47102e+07,2.47102e+07,2.47102e+07,390.099,390.099,390.099,283.982,283.982,283.982
765,6.30122e+06,6.30122e+06,6.30122e+06,132984,132984,132984,138490,138490,138490,2.41987e+07,2.41987e+07,2.41987e+07,2.52024e+07,2.52024e+07,2.52024e+07,183312,183312,183312,183353,183353,183353,1.36536e+07,1.36536e+07,1.36536e+07,1.32599e+07,1.32599e+07,1.32599e+07,9.55048e+06,9.55048e+06,9.55048e+06,9.55113e+06,9.55113e+06,9.55113e+06,2.471e+07,2.471e+07,2.471e+07,390.11,390.11,390.11,283.978,283.978,283.978
766,6.3024e+06,6.3024e+06,6.3024e+06,133006,133006,133006,138506,138506,138506,2.41994e+07,2.41994e+07,2.41994e+07,2.52033e+07,2.52033e+07,2.52033e+07,183313,183313,183313,183344,183344,183344,1.36528e+07,1.36528e+07,1.36528e+07,1.3259e+07,1.3259e+07,1.3259e+07,9.54915e+06,9.54915e+06,9.54915e+06,9.54987e+06,9.54987e+06,9.54987e+06,2.47098e+07,2.47098e+07,2.47098e+07,390.133,390.133,390.133,283.98,283.98,283.98
767,6.30348e+06,6.30348e+06,6.30348e+06,133031,133031,133031,138524,138524,138524,2.42001e+07,2.42001e+07,2.42001e+07,2.52041e+07,2.52041e+07,2.52041e+07,183321,183321,183321,183341,183341,183341,1.36521e+07,1.36521e+07,1.36521e+07,1.32582e+07,1.32582e+07,1.32582e+07,9.54792e+06,9.54792e+06,9.54792e+06,9.54867e+06,9.54867e+06,9.54867e+06,2.47095e+07,2.47095e+07,2.47095e+07,390.168,390.168,390.168,283.99,283.99,283.99
768,6.30444e+06,6.30444e+06,6.30444e+06,133058,133058,133058,138545,138545,138545,2.42007e+07,2.42007e+07,2.42007e+07,2.52048e+07,2.52048e+07,2.52048e+07,183336,183336,183336,183344,183344,183344,1.36514e+07,1.36514e+07,1.36514e+07,1.32575e+07,1.32575e+07,1.32575e+07,9.54678e+06,9.54678e+06,9.54678e+06,9.54754e+06,9.54754e+06,9.54754e+06,2.47091e+07,2.47091e+07,2.47091e+07,390.214,390.214,390.214,284.007,284.007,284.007
769,6.30525e+06,6.30525e+06,6.30525e+06,133087,133087,133087,138567,138567,138567,2.42012e+07,2.42012e+07,2.42012e+07,2.52054e+07,2.52054e+07,2.52054e+07,183356,183356,183356,183353,183353,183353,1.36509e+07,1.36509e+07,1.36509e+07,1.32569e+07,1.32569e+07,1.32569e+07,9.54577e+06,9.54577e+06,9.54577e+06,9.54649e+06,9.54649e+06,9.54649e+06,2.47087e+07,2.47087e+07,2.47087e+07,390.27,390.27,390.27,284.031,284.031,284.031
770,6.30592e+06,6.30592e+06,6.30592e+06,133118,133118,133118,138591,138591,138591,2.42017e+07,2.42017e+07,2.42017e+07,2.52059e+07,2.52059e+07,2.52059e+07,183382,183382,183382,183368,183368,183368,1.36504e+07,1.36504e+07,1.36504e+07,1.32564e+07,1.32564e+07,1.32564e+07,9.54488e+06,9.54488e+06,9.54488e+06,9.54554e+06,9.54554e+06,9.54554e+06,2.47082e+07,2.47082e+07,2.47082e+07,390.336,390.336,390.336,284.062,284.062,284.062
771,6.30642e+06,6.30642e+06,6.30642e+06,133150,133150,133150,138616,138616,138616,2.4202e+07,2.4202e+07,2.4202e+07,2.52062e+07,2.52062e+07,2.52062e+07,183412,183412,183412,183389,183389,183389,1.365e+07,1.365e+07,1.365e+07,1.3256e+07,1.3256e+07,1.3256e+07,9.54413e+06,9.54413e+06,9.54413e+06,9.54469e+06,9.54469e+06,9.54469e+06,2.47077e+07,2.47077e+07,2.47077e+07,390.409,390.409,390.409,284.099,284.099,284.099
772,6.30674e+06,6.30674e+06,6.30674e+06,133182,133182,133182,138642,138642,138642,2.42023e+07,2.42023e+07,2.42023e+07,2.52065e+07,2.52065e+07,2.52065e+07,183447,183447,183447,183414,183414,183414,1.36497e+07,1.36497e+07,1.36497e+07,1.32557e+07,1.32557e+07,1.32557e+07,9.54353e+06,9.54353e+06,9.54353e+06,9.54397e+06,9.54397e+06,9.54397e+06,2.47072e+07,2.47072e+07,2.47072e+07,390.489,390.489,390.489,284.142,284.142,284.142
773,6.3069e+06,6.3069e+06,6.3069e+06,133214,133214,133214,138669,138669,138669,2.42024e+07,2.42024e+07,2.42024e+07,2.52065e+07,2.52065e+07,2.52065e+07,183486,183486,183486,183445,183445,183445,1.36494e+07,1.36494e+07,1.36494e+07,1.32555e+07,1.32555e+07,1.32555e+07,9.54307e+06,9.54307e+06,9.54307e+06,9.54337e+06,9.54337e+06,9.54337e+06,2.47067e+07,2.47067e+07,2.47067e+07,390.575,390.575,390.575,284.191,284.191,284.191
774,6.30687e+06,6.30687e+06,6.30687e+06,133245,133245,133245,138696,138696,138696,2.42024e+07,2.42024e+07,2.42024e+07,2.52065e+07,2.52065e+07,2.52065e+07,183529,183529,183529,183480,183480,183480,1.36493e+07,1.36493e+07,1.36493e+07,1.32554e+07,1.32554e+07,1.32554e+07,9.54276e+06,9.54276e+06,9.54276e+06,9.54291e+06,9.54291e+06,9.54291e+06,2.47062e+07,2.47062e+07,2.47062e+07,390.664,390.664,390.664,284.243,284.243,284.243
775,6.30666e+06,6.30666e+06,6.30666e+06,133276,133276,133276,138722,138722,138722,2.42023e+07,2.42023e+07,2.42023e+07,2.52062e+07,2.52062e+07,2.52062e+07,183573,183573,183573,183519,183519,183519,1.36492e+07,1.36492e+07,1.36492e+07,1.32554e+07,1.32554e+07,1.32554e+07,9.5426e+06,9.5426e+06,9.5426e+06,9.54258e+06,9.54258e+06,9.54258e+06,2.47057e+07,2.47057e+07,2.47057e+07,390.756,390.756,390.756,284.3,284.3,284.3
776,6.30627e+06,6.30627e+06,6.30627e+06,133304,133304,133304,138748,138748,138748,2.42021e+07,2.42021e+07,2.42021e+07,2.52059e+07,2.52059e+07,2.52059e+07,183620,183620,183620,183561,183561,183561,1.36492e+07,1.36492e+07,1.36492e+07,1.32555e+07,1.32555e+07,1.32555e+07,9.54259e+06,9.54259e+06,9.54259e+06,9.5424e+06,9.5424e+06,9.5424e+06,2.47053e+07,2.47053e+07,2.47053e+07,390.849,390.849,390.849,284.358,284.358,284.358
777,6.30571e+06,6.30571e+06,6.30571e+06,133331,133331,133331,138773,138773,138773,2.42017e+07,2.42017e+07,2.42017e+07,2.52053e+07,2.52053e+07,2.52053e+07,183668,183668,183668,183606,183606,183606,1.36493e+07,1.36493e+07,1.36493e+07,1.32557e+07,1.32557e+07,1.32557e+07,9.54272e+06,9.54272e+06,9.54272e+06,9.54236e+06,9.54236e+06,9.54236e+06,2.47049e+07,2.47049e+07,2.47049e+07,390.941,390.941,390.941,284.419,284.419,284.419
778,6.30498e+06,6.30498e+06,6.30498e+06,133355,133355,133355,138796,138796,138796,2.42012e+07,2.42012e+07,2.42012e+07,2.52047e+07,2.52047e+07,2.52047e+07,183717,183717,183717,183652,183652,183652,1.36494e+07,1.36494e+07,1.36494e+07,1.32559e+07,1.32559e+07,1.32559e+07,9.54299e+06,9.54299e+06,9.54299e+06,9.54245e+06,9.54245e+06,9.54245e+06,2.47045e+07,2.47045e+07,2.47045e+07,391.032,391.032,391.032,284.48,284.48,284.48
779,6.30409e+06,6.30409e+06,6.30409e+06,133377,133377,133377,138817,138817,138817,2.42005e+07,2.42005e+07,2.42005e+07,2.52039e+07,2.52039e+07,2.52039e+07,183765,183765,183765,183699,183699,183699,1.36496e+07,1.36496e+07,1.36496e+07,1.32562e+07,1.32562e+07,1.32562e+07,9.54339e+06,9.54339e+06,9.54339e+06,9.54269e+06,9.54269e+06,9.54269e+06,2.47042e+07,2.47042e+07,2.47042e+07,391.121,391.121,391.121,284.541,284.541,284.541
780,6.30306e+06,6.30306e+06,6.30306e+06,133396,133396,133396,138835,138835,138835,2.41997e+07,2.41997e+07,2.41997e+07,2.52029e+07,2.52029e+07,2.52029e+07,183813,183813,183813,183747,183747,183747,1.36499e+07,1.36499e+07,1.36499e+07,1.32566e+07,1.32566e+07,1.32566e+07,9.54391e+06,9.54391e+06,9.54391e+06,9.54305e+06,9.54305e+06,9.54305e+06,2.4704e+07,2.4704e+07,2.4704e+07,391.205,391.205,391.205,284.601,284.601,284.601
781,6.3019e+06,6.3019e+06,6.3019e+06,133411,133411,133411,138851,138851,138851,2.41988e+07,2.41988e+07,2.41988e+07,2.52019e+07,2.52019e+07,2.52019e+07,183859,183859,183859,183794,183794,183794,1.36502e+07,1.36502e+07,1.36502e+07,1.3257e+07,1.3257e+07,1.3257e+07,9.54455e+06,9.54455e+06,9.54455e+06,9.54354e+06,9.54354e+06,9.54354e+06,2.47039e+07,2.47039e+07,2.47039e+07,391.284,391.284,391.284,284.658,284.658,284.658
782,6.30062e+06,6.30062e+06,6.30062e+06,133423,133423,133423,138864,138864,138864,2.41978e+07,2.41978e+07,2.41978e+07,2.52007e+07,2.52007e+07,2.52007e+07,183903,183903,183903,183839,183839,183839,1.36506e+07,1.36506e+07,1.36506e+07,1.32575e+07,1.32575e+07,1.32575e+07,9.54528e+06,9.54528e+06,9.54528e+06,9.54414e+06,9.54414e+06,9.54414e+06,2.47038e+07,2.47038e+07,2.47038e+07,391.356,391.356,391.356,284.711,284.711,284.711
783,6.29925e+06,6.29925e+06,6.29925e+06,133431,133431,133431,138873,138873,138873,2.41967e+07,2.41967e+07,2.41967e+07,2.51995e+07,2.51995e+07,2.51995e+07,183944,183944,183944,183883,183883,183883,1.3651e+07,1.3651e+07,1.3651e+07,1.32579e+07,1.32579e+07,1.32579e+07,9.5461e+06,9.5461e+06,9.5461e+06,9.54483e+06,9.54483e+06,9.54483e+06,2.47039e+07,2.47039e+07,2.47039e+07,391.421,391.421,391.421,284.76,284.76,284.76
784,6.2978e+06,6.2978e+06,6.2978e+06,133436,133436,133436,138879,138879,138879,2.41955e+07,2.41955e+07,2.41955e+07,2.51981e+07,2.51981e+07,2.51981e+07,183983,183983,183983,183923,183923,183923,1.36514e+07,1.36514e+07,1.36514e+07,1.32584e+07,1.32584e+07,1.32584e+07,9.54699e+06,9.54699e+06,9.54699e+06,9.54561e+06,9.54561e+06,9.54561e+06,2.4704e+07,2.4704e+07,2.4704e+07,391.478,391.478,391.478,284.804,284.804,284.804
785,6.2963e+06,6.2963e+06,6.2963e+06,133437,133437,133437,138882,138882,138882,2.41942e+07,2.41942e+07,2.41942e+07,2.51967e+07,2.51967e+07,2.51967e+07,184017,184017,184017,183960,183960,183960,1.36518e+07,1.36518e+07,1.36518e+07,1.32589e+07,1.32589e+07,1.32589e+07,9.54794e+06,9.54794e+06,9.54794e+06,9.54647e+06,9.54647e+06,9.54647e+06,2.47042e+07,2.47042e+07,2.47042e+07,391.527,391.527,391.527,284.842,284.842,284.842
786,6.29476e+06,6.29476e+06,6.29476e+06,133434,133434,133434,138880,138880,138880,2.41929e+07,2.41929e+07,2.41929e+07,2.51952e+07,2.51952e+07,2.51952e+07,184047,184047,184047,183992,183992,183992,1.36522e+07,1.36522e+07,1.36522e+07,1.32594e+07,1.32594e+07,1.32594e+07,9.54893e+06,9.54893e+06,9.54893e+06,9.54738e+06,9.54738e+06,9.54738e+06,2.47046e+07,2.47046e+07,2.47046e+07,391.566,391.566,391.566,284.872,284.872,284.872
787,6.2932e+06,6.2932e+06,6.2932e+06,133428,133428,133428,138875,138875,138875,2.41915e+07,2.41915e+07,2.41915e+07,2.51937e+07,2.51937e+07,2.51937e+07,184073,184073,184073,184020,184020,184020,1.36526e+07,1.36526e+07,1.36526e+07,1.32598e+07,1.32598e+07,1.32598e+07,9.54995e+06,9.54995e+06,9.54995e+06,9.54832e+06,9.54832e+06,9.54832e+06,2.4705e+07,2.4705e+07,2.4705e+07,391.594,391.594,391.594,284.896,284.896,284.896
788,6.29165e+06,6.29165e+06,6.29165e+06,133418,133418,133418,138865,138865,138865,2.41901e+07,2.41901e+07,2.41901e+07,2.51922e+07,2.51922e+07,2.51922e+07,184093,184093,184093,184042,184042,184042,1.36529e+07,1.36529e+07,1.36529e+07,1.32603e+07,1.32603e+07,1.32603e+07,9.55098e+06,9.55098e+06,9.55098e+06,9.54929e+06,9.54929e+06,9.54929e+06,2.47055e+07,2.47055e+07,2.47055e+07,391.613,391.613,391.613,284.911,284.911,284.911
789,6.29013e+06,6.29013e+06,6.29013e+06,133404,133404,133404,138852,138852,138852,2.41887e+07,2.41887e+07,2.41887e+07,2.51907e+07,2.51907e+07,2.51907e+07,184108,184108,184108,184059,184059,184059,1.36533e+07,1.36533e+07,1.36533e+07,1.32607e+07,1.32607e+07,1.32607e+07,9.552e+06,9.552e+06,9.552e+06,9.55026e+06,9.55026e+06,9.55026e+06,2.47062e+07,2.47062e+07,2.47062e+07,391.62,391.62,391.62,284.919,284.919,284.919
790,6.28867e+06,6.28867e+06,6.28867e+06,133388,133388,133388,138836,138836,138836,2.41874e+07,2.41874e+07,2.41874e+07,2.51892e+07,2.51892e+07,2.51892e+07,184118,184118,184118,184069,184069,184069,1.36536e+07,1.36536e+07,1.36536e+07,1.3261e+07,1.3261e+07,1.3261e+07,9.553e+06,9.553e+06,9.553e+06,9.55121e+06,9.55121e+06,9.55121e+06,2.47069e+07,2.47069e+07,2.47069e+07,391.617,391.617,391.617,284.918,284.918,284.918
791,6.28727e+06,6.28727e+06,6.28727e+06,133369,133369,133369,138816,138816,138816,2.4186e+07,2.4186e+07,2.4186e+07,2.51878e+07,2.51878e+07,2.51878e+07,184121,184121,184121,184074,184074,184074,1.36538e+07,1.36538e+07,1.36538e+07,1.32613e+07,1.32613e+07,1.32613e+07,9.55396e+06,9.55396e+06,9.55396e+06,9.55213e+06,9.55213e+06,9.55213e+06,2.47077e+07,2.47077e+07,2.47077e+07,391.603,391.603,391.603,284.909,284.909,284.909
792,6.28597e+06,6.28597e+06,6.28597e+06,133346,133346,133346,138793,138793,138793,2.41847e+07,2.41847e+07,2.41847e+07,2.51863e+07,2.51863e+07,2.51863e+07,184119,184119,184119,184072,184072,184072,1.3654e+07,1.3654e+07,1.3654e+07,1.32615e+07,1.32615e+07,1.32615e+07,9.55487e+06,9.55487e+06,9.55487e+06,9.553e+06,9.553e+06,9.553e+06,2.47086e+07,2.47086e+07,2.47086e+07,391.578,391.578,391.578,284.891,284.891,284.891
793,6.28477e+06,6.28477e+06,6.28477e+06,133322,133322,133322,138768,138768,138768,2.41835e+07,2.41835e+07,2.41835e+07,2.5185e+07,2.5185e+07,2.5185e+07,184111,184111,184111,184065,184065,184065,1.36541e+07,1.36541e+07,1.36541e+07,1.32617e+07,1.32617e+07,1.32617e+07,9.55571e+06,9.55571e+06,9.55571e+06,9.55381e+06,9.55381e+06,9.55381e+06,2.47095e+07,2.47095e+07,2.47095e+07,391.543,391.543,391.543,284.866,284.866,284.866
794,6.2837e+06,6.2837e+06,6.2837e+06,133295,133295,133295,138740,138740,138740,2.41823e+07,2.41823e+07,2.41823e+07,2.51837e+07,2.51837e+07,2.51837e+07,184097,184097,184097,184051,184051,184051,1.36541e+07,1.36541e+07,1.36541e+07,1.32618e+07,1.32618e+07,1.32618e+07,9.55646e+06,9.55646e+06,9.55646e+06,9.55453e+06,9.55453e+06,9.55453e+06,2.47105e+07,2.47105e+07,2.47105e+07,391.497,391.497,391.497,284.832,284.832,284.832
795,6.28277e+06,6.28277e+06,6.28277e+06,133266,133266,133266,138710,138710,138710,2.41812e+07,2.41812e+07,2.41812e+07,2.51826e+07,2.51826e+07,2.51826e+07,184077,184077,184077,184032,184032,184032,1.36541e+07,1.36541e+07,1.36541e+07,1.32618e+07,1.32618e+07,1.32618e+07,9.55712e+06,9.55712e+06,9.55712e+06,9.55517e+06,9.55517e+06,9.55517e+06,2.47116e+07,2.47116e+07,2.47116e+07,391.442,391.442,391.442,284.792,284.792,284.792
796,6.282e+06,6.282e+06,6.282e+06,133236,133236,133236,138679,138679,138679,2.41803e+07,2.41803e+07,2.41803e+07,2.51815e+07,2.51815e+07,2.51815e+07,184051,184051,184051,184007,184007,184007,1.3654e+07,1.3654e+07,1.3654e+07,1.32617e+07,1.32617e+07,1.32617e+07,9.55767e+06,9.55767e+06,9.55767e+06,9.5557e+06,9.5557e+06,9.5557e+06,2.47127e+07,2.47127e+07,2.47127e+07,391.377,391.377,391.377,284.746,284.746,284.746
797,6.28138e+06,6.28138e+06,6.28138e+06,133204,133204,133204,138647,138647,138647,2.41795e+07,2.41795e+07,2.41795e+07,2.51806e+07,2.51806e+07,2.51806e+07,184020,184020,184020,183977,183977,183977,1.36537e+07,1.36537e+07,1.36537e+07,1.32616e+07,1.32616e+07,1.32616e+07,9.5581e+06,9.5581e+06,9.5581e+06,9.55611e+06,9.55611e+06,9.55611e+06,2.47138e+07,2.47138e+07,2.47138e+07,391.304,391.304,391.304,284.694,284.694,284.694
798,6.28095e+06,6.28095e+06,6.28095e+06,133172,133172,133172,138614,138614,138614,2.41787e+07,2.41787e+07,2.41787e+07,2.51798e+07,2.51798e+07,2.51798e+07,183983,183983,183983,183942,183942,183942,1.36535e+07,1.36535e+07,1.36535e+07,1.32614e+07,1.32614e+07,1.32614e+07,9.55841e+06,9.55841e+06,9.55841e+06,9.55641e+06,9.55641e+06,9.55641e+06,2.4715e+07,2.4715e+07,2.4715e+07,391.223,391.223,391.223,284.637,284.637,284.637
799,6.28069e+06,6.28069e+06,6.28069e+06,133139,133139,133139,138582,138582,138582,2.41782e+07,2.41782e+07,2.41782e+07,2.51791e+07,2.51791e+07,2.51791e+07,183942,183942,183942,183904,183904,183904,1.36531e+07,1.36531e+07,1.36531e+07,1.3261e+07,1.3261e+07,1.3261e+07,9.55858e+06,9.55858e+06,9.55858e+06,9.55657e+06,9.55657e+06,9.55657e+06,2.47162e+07,2.47162e+07,2.47162e+07,391.135,391.135,391.135,284.576,284.576,284.576
800,6.28061e+06,6.28061e+06,6.28061e+06,133107,133107,133107,138550,138550,138550,2.41777e+07,2.41777e+07,2.41777e+07,2.51786e+07,2.51786e+07,2.51786e+07,183897,183897,183897,183862,183862,183862,1.36526e+07,1.36526e+07,1.36526e+07,1.32606e+07,1.32606e+07,1.32606e+07,9.55861e+06,9.55861e+06,9.55861e+06,9.55661e+06,9.55661e+06,9.55661e+06,2.47173e+07,2.47173e+07,2.47173e+07,391.042,391.042,391.042,284.512,284.512,284.512
801,6.28071e+06,6.28071e+06,6.28071e+06,133075,133075,133075,138519,138519,138519,2.41775e+07,2.41775e+07,2.41775e+07,2.51783e+07,2.51783e+07,2.51783e+07,183849,183849,183849,183817,183817,183817,1.36521e+07,1.36521e+07,1.36521e+07,1.32601e+07,1.32601e+07,1.32601e+07,9.55849e+06,9.55849e+06,9.55849e+06,9.55651e+06,9.55651e+06,9.55651e+06,2.47185e+07,2.47185e+07,2.47185e+07,390.944,390.944,390.944,284.446,284.446,284.446
802,6.28099e+06,6.28099e+06,6.28099e+06,133043,133043,133043,138490,138490,138490,2.41773e+07,2.41773e+07,2.41773e+07,2.51781e+07,2.51781e+07,2.51781e+07,183797,183797,183797,183771,183771,183771,1.36515e+07,1.36515e+07,1.36515e+07,1.32596e+07,1.32596e+07,1.32596e+07,9.55823e+06,9.55823e+06,9.55823e+06,9.55628e+06,9.55628e+06,9.55628e+06,2.47196e+07,2.47196e+07,2.47196e+07,390.842,390.842,390.842,284.379,284.379,284.379
803,6.28145e+06,6.28145e+06,6.28145e+06,133013,133013,133013,138462,138462,138462,2.41773e+07,2.41773e+07,2.41773e+07,2.5178e+07,2.5178e+07,2.5178e+07,183743,183743,183743,183722,183722,183722,1.36508e+07,1.36508e+07,1.36508e+07,1.32589e+07,1.32589e+07,1.32589e+07,9.55783e+06,9.55783e+06,9.55783e+06,9.55591e+06,9.55591e+06,9.55591e+06,2.47207e+07,2.47207e+07,2.47207e+07,390.739,390.739,390.739,284.312,284.312,284.312
804,6.28208e+06,6.28208e+06,6.28208e+06,132985,132985,132985,138438,138438,138438,2.41775e+07,2.41775e+07,2.41775e+07,2.51782e+07,2.51782e+07,2.51782e+07,183687,183687,183687,183673,183673,183673,1.36501e+07,1.36501e+07,1.36501e+07,1.32582e+07,1.32582e+07,1.32582e+07,9.55728e+06,9.55728e+06,9.55728e+06,9.55542e+06,9.55542e+06,9.55542e+06,2.47217e+07,2.47217e+07,2.47217e+07,390.635,390.635,390.635,284.246,284.246,284.246
805,6.28287e+06,6.28287e+06,6.28287e+06,132958,132958,132958,138415,138415,138415,2.41777e+07,2.41777e+07,2.41777e+07,2.51784e+07,2.51784e+07,2.51784e+07,183631,183631,183631,183624,183624,183624,1.36493e+07,1.36493e+07,1.36493e+07,1.32574e+07,1.32574e+07,1.32574e+07,9.55659e+06,9.55659e+06,9.55659e+06,9.55482e+06,9.55482e+06,9.55482e+06,2.47227e+07,2.47227e+07,2.47227e+07,390.532,390.532,390.532,284.182,284.182,284.182
806,6.2838e+06,6.2838e+06,6.2838e+06,132934,132934,132934,138396,138396,138396,2.41781e+07,2.41781e+07,2.41781e+07,2.51789e+07,2.51789e+07,2.51789e+07,183575,183575,183575,183576,183576,183576,1.36485e+07,1.36485e+07,1.36485e+07,1.32566e+07,1.32566e+07,1.32566e+07,9.55578e+06,9.55578e+06,9.55578e+06,9.55409e+06,9.55409e+06,9.55409e+06,2.47236e+07,2.47236e+07,2.47236e+07,390.431,390.431,390.431,284.121,284.121,284.121
807,6.28487e+06,6.28487e+06,6.28487e+06,132912,132912,132912,138380,138380,138380,2.41787e+07,2.41787e+07,2.41787e+07,2.51794e+07,2.51794e+07,2.51794e+07,183519,183519,183519,183528,183528,183528,1.36476e+07,1.36476e+07,1.36476e+07,1.32557e+07,1.32557e+07,1.32557e+07,9.55484e+06,9.55484e+06,9.55484e+06,9.55327e+06,9.55327e+06,9.55327e+06,2.47244e+07,2.47244e+07,2.47244e+07,390.334,390.334,390.334,284.063,284.063,284.063
808,6.28606e+06,6.28606e+06,6.28606e+06,132894,132894,132894,138368,138368,138368,2.41793e+07,2.41793e+07,2.41793e+07,2.51802e+07,2.51802e+07,2.51802e+07,183465,183465,183465,183483,183483,183483,1.36467e+07,1.36467e+07,1.36467e+07,1.32548e+07,1.32548e+07,1.32548e+07,9.55379e+06,9.55379e+06,9.55379e+06,9.55235e+06,9.55235e+06,9.55235e+06,2.47252e+07,2.47252e+07,2.47252e+07,390.242,390.242,390.242,284.009,284.009,284.009
809,6.28735e+06,6.28735e+06,6.28735e+06,132879,132879,132879,138359,138359,138359,2.418e+07,2.418e+07,2.418e+07,2.5181e+07,2.5181e+07,2.5181e+07,183414,183414,183414,183440,183440,183440,1.36459e+07,1.36459e+07,1.36459e+07,1.32538e+07,1.32538e+07,1.32538e+07,9.55264e+06,9.55264e+06,9.55264e+06,9.55135e+06,9.55135e+06,9.55135e+06,2.47258e+07,2.47258e+07,2.47258e+07,390.156,390.156,390.156,283.961,283.961,283.961
810,6.28872e+06,6.28872e+06,6.28872e+06,132867,132867,132867,138353,138353,138353,2.41808e+07,2.41808e+07,2.41808e+07,2.51819e+07,2.51819e+07,2.51819e+07,183366,183366,183366,183400,183400,183400,1.3645e+07,1.3645e+07,1.3645e+07,1.32529e+07,1.32529e+07,1.32529e+07,9.55141e+06,9.55141e+06,9.55141e+06,9.55029e+06,9.55029e+06,9.55029e+06,2.47264e+07,2.47264e+07,2.47264e+07,390.078,390.078,390.078,283.918,283.918,283.918
811,6.29015e+06,6.29015e+06,6.29015e+06,132860,132860,132860,138352,138352,138352,2.41817e+07,2.41817e+07,2.41817e+07,2.5183e+07,2.5183e+07,2.5183e+07,183321,183321,183321,183363,183363,183363,1.36441e+07,1.36441e+07,1.36441e+07,1.32519e+07,1.32519e+07,1.32519e+07,9.55011e+06,9.55011e+06,9.55011e+06,9.54917e+06,9.54917e+06,9.54917e+06,2.47269e+07,2.47269e+07,2.47269e+07,390.01,390.01,390.01,283.881,283.881,283.881
812,6.29162e+06,6.29162e+06,6.29162e+06,132856,132856,132856,138354,138354,138354,2.41826e+07,2.41826e+07,2.41826e+07,2.51841e+07,2.51841e+07,2.51841e+07,183282,183282,183282,183331,183331,183331,1.36432e+07,1.36432e+07,1.36432e+07,1.32509e+07,1.32509e+07,1.32509e+07,9.54876e+06,9.54876e+06,9.54876e+06,9.54801e+06,9.54801e+06,9.54801e+06,2.47273e+07,2.47273e+07,2.47273e+07,389.951,389.951,389.951,283.851,283.851,283.851
813,6.29311e+06,6.29311e+06,6.29311e+06,132856,132856,132856,138359,138359,138359,2.41836e+07,2.41836e+07,2.41836e+07,2.51853e+07,2.51853e+07,2.51853e+07,183248,183248,183248,183302,183302,183302,1.36424e+07,1.36424e+07,1.36424e+07,1.32499e+07,1.32499e+07,1.32499e+07,9.54737e+06,9.54737e+06,9.54737e+06,9.54682e+06,9.54682e+06,9.54682e+06,2.47276e+07,2.47276e+07,2.47276e+07,389.903,389.903,389.903,283.827,283.827,283.827
814,6.2946e+06,6.2946e+06,6.2946e+06,132861,132861,132861,138368,138368,138368,2.41846e+07,2.41846e+07,2.41846e+07,2.51865e+07,2.51865e+07,2.51865e+07,183220,183220,183220,183279,183279,183279,1.36416e+07,1.36416e+07,1.36416e+07,1.3249e+07,1.3249e+07,1.3249e+07,9.54597e+06,9.54597e+06,9.54597e+06,9.54563e+06,9.54563e+06,9.54563e+06,2.47278e+07,2.47278e+07,2.47278e+07,389.868,389.868,389.868,283.81,283.81,283.81
815,6.29606e+06,6.29606e+06,6.29606e+06,132869,132869,132869,138381,138381,138381,2.41856e+07,2.41856e+07,2.41856e+07,2.51877e+07,2.51877e+07,2.51877e+07,183198,183198,183198,183260,183260,183260,1.36409e+07,1.36409e+07,1.36409e+07,1.32481e+07,1.32481e+07,1.32481e+07,9.54458e+06,9.54458e+06,9.54458e+06,9.54444e+06,9.54444e+06,9.54444e+06,2.47279e+07,2.47279e+07,2.47279e+07,389.844,389.844,389.844,283.801,283.801,283.801
816,6.29748e+06,6.29748e+06,6.29748e+06,132882,132882,132882,138396,138396,138396,2.41866e+07,2.41866e+07,2.41866e+07,2.5189e+07,2.5189e+07,2.5189e+07,183182,183182,183182,183246,183246,183246,1.36402e+07,1.36402e+07,1.36402e+07,1.32472e+07,1.32472e+07,1.32472e+07,9.54321e+06,9.54321e+06,9.54321e+06,9.54327e+06,9.54327e+06,9.54327e+06,2.47279e+07,2.47279e+07,2.47279e+07,389.834,389.834,389.834,283.799,283.799,283.799
817,6.29883e+06,6.29883e+06,6.29883e+06,132898,132898,132898,138414,138414,138414,2.41876e+07,2.41876e+07,2.41876e+07,2.51902e+07,2.51902e+07,2.51902e+07,183174,183174,183174,183237,183237,183237,1.36395e+07,1.36395e+07,1.36395e+07,1.32464e+07,1.32464e+07,1.32464e+07,9.54189e+06,9.54189e+06,9.54189e+06,9.54214e+06,9.54214e+06,9.54214e+06,2.47278e+07,2.47278e+07,2.47278e+07,389.837,389.837,389.837,283.803,283.803,283.803
818,6.30009e+06,6.30009e+06,6.30009e+06,132918,132918,132918,138434,138434,138434,2.41885e+07,2.41885e+07,2.41885e+07,2.51914e+07,2.51914e+07,2.51914e+07,183172,183172,183172,183234,183234,183234,1.3639e+07,1.3639e+07,1.3639e+07,1.32457e+07,1.32457e+07,1.32457e+07,9.54062e+06,9.54062e+06,9.54062e+06,9.54105e+06,9.54105e+06,9.54105e+06,2.47277e+07,2.47277e+07,2.47277e+07,389.853,389.853,389.853,283.815,283.815,283.815
819,6.30125e+06,6.30125e+06,6.30125e+06,132941,132941,132941,138456,138456,138456,2.41894e+07,2.41894e+07,2.41894e+07,2.51925e+07,2.51925e+07,2.51925e+07,183178,183178,183178,183236,183236,183236,1.36385e+07,1.36385e+07,1.36385e+07,1.32451e+07,1.32451e+07,1.32451e+07,9.53944e+06,9.53944e+06,9.53944e+06,9.54002e+06,9.54002e+06,9.54002e+06,2.47274e+07,2.47274e+07,2.47274e+07,389.883,389.883,389.883,283.833,283.833,283.833
820,6.30229e+06,6.30229e+06,6.30229e+06,132967,132967,132967,138480,138480,138480,2.41902e+07,2.41902e+07,2.41902e+07,2.51935e+07,2.51935e+07,2.51935e+07,183191,183191,183191,183243,183243,183243,1.36381e+07,1.36381e+07,1.36381e+07,1.32445e+07,1.32445e+07,1.32445e+07,9.53836e+06,9.53836e+06,9.53836e+06,9.53907e+06,9.53907e+06,9.53907e+06,2.47272e+07,2.47272e+07,2.47272e+07,389.924,389.924,389.924,283.858,283.858,283.858
821,6.30319e+06,6.30319e+06,6.30319e+06,132996,132996,132996,138506,138506,138506,2.4191e+07,2.4191e+07,2.4191e+07,2.51945e+07,2.51945e+07,2.51945e+07,183210,183210,183210,183255,183255,183255,1.36377e+07,1.36377e+07,1.36377e+07,1.3244e+07,1.3244e+07,1.3244e+07,9.53738e+06,9.53738e+06,9.53738e+06,9.5382e+06,9.5382e+06,9.5382e+06,2.47268e+07,2.47268e+07,2.47268e+07,389.978,389.978,389.978,283.888,283.888,283.888
822,6.30394e+06,6.30394e+06,6.30394e+06,133027,133027,133027,138532,138532,138532,2.41916e+07,2.41916e+07,2.41916e+07,2.51953e+07,2.51953e+07,2.51953e+07,183236,183236,183236,183273,183273,183273,1.36375e+07,1.36375e+07,1.36375e+07,1.32436e+07,1.32436e+07,1.32436e+07,9.53653e+06,9.53653e+06,9.53653e+06,9.53743e+06,9.53743e+06,9.53743e+06,2.47265e+07,2.47265e+07,2.47265e+07,390.043,390.043,390.043,283.924,283.924,283.924
823,6.30452e+06,6.30452e+06,6.30452e+06,133059,133059,133059,138560,138560,138560,2.41922e+07,2.41922e+07,2.41922e+07,2.5196e+07,2.5196e+07,2.5196e+07,183268,183268,183268,183295,183295,183295,1.36373e+07,1.36373e+07,1.36373e+07,1.32434e+07,1.32434e+07,1.32434e+07,9.53582e+06,9.53582e+06,9.53582e+06,9.53676e+06,9.53676e+06,9.53676e+06,2.47261e+07,2.47261e+07,2.47261e+07,390.118,390.118,390.118,283.965,283.965,283.965
824,6.30494e+06,6.30494e+06,6.30494e+06,133093,133093,133093,138587,138587,138587,2.41926e+07,2.41926e+07,2.41926e+07,2.51966e+07,2.51966e+07,2.51966e+07,183306,183306,183306,183321,183321,183321,1.36372e+07,1.36372e+07,1.36372e+07,1.32432e+07,1.32432e+07,1.32432e+07,9.53526e+06,9.53526e+06,9.53526e+06,9.5362e+06,9.5362e+06,9.5362e+06,2.47257e+07,2.47257e+07,2.47257e+07,390.202,390.202,390.202,284.011,284.011,284.011
825,6.30518e+06,6.30518e+06,6.30518e+06,133128,133128,133128,138614,138614,138614,2.41929e+07,2.41929e+07,2.41929e+07,2.5197e+07,2.5197e+07,2.5197e+07,183348,183348,183348,183351,183351,183351,1.36372e+07,1.36372e+07,1.36372e+07,1.32431e+07,1.32431e+07,1.32431e+07,9.53485e+06,9.53485e+06,9.53485e+06,9.53577e+06,9.53577e+06,9.53577e+06,2.47252e+07,2.47252e+07,2.47252e+07,390.294,390.294,390.294,284.06,284.06,284.06
826,6.30523e+06,6.30523e+06,6.30523e+06,133162,133162,133162,138641,138641,138641,2.41932e+07,2.41932e+07,2.41932e+07,2.51973e+07,2.51973e+07,2.51973e+07,183395,183395,183395,183385,183385,183385,1.36372e+07,1.36372e+07,1.36372e+07,1.32431e+07,1.32431e+07,1.32431e+07,9.5346e+06,9.5346e+06,9.5346e+06,9.53545e+06,9.53545e+06,9.53545e+06,2.47248e+07,2.47248e+07,2.47248e+07,390.391,390.391,390.391,284.112,284.112,284.112
827,6.30511e+06,6.30511e+06,6.30511e+06,133196,133196,133196,138667,138667,138667,2.41933e+07,2.41933e+07,2.41933e+07,2.51974e+07,2.51974e+07,2.51974e+07,183445,183445,183445,183423,183423,183423,1.36374e+07,1.36374e+07,1.36374e+07,1.32433e+07,1.32433e+07,1.32433e+07,9.5345e+06,9.5345e+06,9.5345e+06,9.53526e+06,9.53526e+06,9.53526e+06,2.47244e+07,2.47244e+07,2.47244e+07,390.493,390.493,390.493,284.167,284.167,284.167
828,6.30481e+06,6.30481e+06,6.30481e+06,133229,133229,133229,138692,138692,138692,2.41932e+07,2.41932e+07,2.41932e+07,2.51973e+07,2.51973e+07,2.51973e+07,183497,183497,183497,183463,183463,183463,1.36376e+07,1.36376e+07,1.36376e+07,1.32435e+07,1.32435e+07,1.32435e+07,9.53457e+06,9.53457e+06,9.53457e+06,9.5352e+06,9.5352e+06,9.5352e+06,2.47241e+07,2.47241e+07,2.47241e+07,390.598,390.598,390.598,284.224,284.224,284.224
829,6.30433e+06,6.30433e+06,6.30433e+06,133261,133261,133261,138715,138715,138715,2.41931e+07,2.41931e+07,2.41931e+07,2.51971e+07,2.51971e+07,2.51971e+07,183552,183552,183552,183505,183505,183505,1.36378e+07,1.36378e+07,1.36378e+07,1.32438e+07,1.32438e+07,1.32438e+07,9.5348e+06,9.5348e+06,9.5348e+06,9.53527e+06,9.53527e+06,9.53527e+06,2.47237e+07,2.47237e+07,2.47237e+07,390.704,390.704,390.704,284.281,284.281,284.281
830,6.30369e+06,6.30369e+06,6.30369e+06,133290,133290,133290,138737,138737,138737,2.41928e+07,2.41928e+07,2.41928e+07,2.51967e+07,2.51967e+07,2.51967e+07,183607,183607,183607,183549,183549,183549,1.36382e+07,1.36382e+07,1.36382e+07,1.32442e+07,1.32442e+07,1.32442e+07,9.53518e+06,9.53518e+06,9.53518e+06,9.53546e+06,9.53546e+06,9.53546e+06,2.47234e+07,2.47234e+07,2.47234e+07,390.809,390.809,390.809,284.339,284.339,284.339
831,6.30288e+06,6.30288e+06,6.30288e+06,133317,133317,133317,138756,138756,138756,2.41924e+07,2.41924e+07,2.41924e+07,2.51962e+07,2.51962e+07,2.51962e+07,183662,183662,183662,183594,183594,183594,1.36386e+07,1.36386e+07,1.36386e+07,1.32447e+07,1.32447e+07,1.32447e+07,9.53571e+06,9.53571e+06,9.53571e+06,9.53578e+06,9.53578e+06,9.53578e+06,2.47232e+07,2.47232e+07,2.47232e+07,390.912,390.912,390.912,284.397,284.397,284.397
832,6.30193e+06,6.30193e+06,6.30193e+06,133341,133341,133341,138774,138774,138774,2.41919e+07,2.41919e+07,2.41919e+07,2.51955e+07,2.51955e+07,2.51955e+07,183716,183716,183716,183639,183639,183639,1.3639e+07,1.3639e+07,1.3639e+07,1.32452e+07,1.32452e+07,1.32452e+07,9.53637e+06,9.53637e+06,9.53637e+06,9.53622e+06,9.53622e+06,9.53622e+06,2.47231e+07,2.47231e+07,2.47231e+07,391.011,391.011,391.011,284.453,284.453,284.453
833,6.30085e+06,6.30085e+06,6.30085e+06,133361,133361,133361,138788,138788,138788,2.41913e+07,2.41913e+07,2.41913e+07,2.51947e+07,2.51947e+07,2.51947e+07,183769,183769,183769,183684,183684,183684,1.36395e+07,1.36395e+07,1.36395e+07,1.32458e+07,1.32458e+07,1.32458e+07,9.53715e+06,9.53715e+06,9.53715e+06,9.53677e+06,9.53677e+06,9.53677e+06,2.4723e+07,2.4723e+07,2.4723e+07,391.105,391.105,391.105,284.507,284.507,284.507
834,6.29965e+06,6.29965e+06,6.29965e+06,133378,133378,133378,138800,138800,138800,2.41906e+07,2.41906e+07,2.41906e+07,2.51938e+07,2.51938e+07,2.51938e+07,183819,183819,183819,183729,183729,183729,1.36399e+07,1.36399e+07,1.36399e+07,1.32465e+07,1.32465e+07,1.32465e+07,9.53805e+06,9.53805e+06,9.53805e+06,9.53742e+06,9.53742e+06,9.53742e+06,2.4723e+07,2.4723e+07,2.4723e+07,391.191,391.191,391.191,284.558,284.558,284.558
835,6.29835e+06,6.29835e+06,6.29835e+06,133391,133391,133391,138809,138809,138809,2.41898e+07,2.41898e+07,2.41898e+07,2.51927e+07,2.51927e+07,2.51927e+07,183866,183866,183866,183772,183772,183772,1.36405e+07,1.36405e+07,1.36405e+07,1.32472e+07,1.32472e+07,1.32472e+07,9.53904e+06,9.53904e+06,9.53904e+06,9.53816e+06,9.53816e+06,9.53816e+06,2.47231e+07,2.47231e+07,2.47231e+07,391.269,391.269,391.269,284.606,284.606,284.606
836,6.29697e+06,6.29697e+06,6.29697e+06,133399,133399,133399,138815,138815,138815,2.41889e+07,2.41889e+07,2.41889e+07,2.51916e+07,2.51916e+07,2.51916e+07,183909,183909,183909,183812,183812,183812,1.3641e+07,1.3641e+07,1.3641e+07,1.32479e+07,1.32479e+07,1.32479e+07,9.5401e+06,9.5401e+06,9.5401e+06,9.53899e+06,9.53899e+06,9.53899e+06,2.47233e+07,2.47233e+07,2.47233e+07,391.338,391.338,391.338,284.649,284.649,284.649
837,6.29552e+06,6.29552e+06,6.29552e+06,133404,133404,133404,138818,138818,138818,2.41879e+07,2.41879e+07,2.41879e+07,2.51903e+07,2.51903e+07,2.51903e+07,183948,183948,183948,183850,183850,183850,1.36415e+07,1.36415e+07,1.36415e+07,1.32486e+07,1.32486e+07,1.32486e+07,9.54123e+06,9.54123e+06,9.54123e+06,9.53989e+06,9.53989e+06,9.53989e+06,2.47236e+07,2.47236e+07,2.47236e+07,391.396,391.396,391.396,284.688,284.688,284.688
838,6.29405e+06,6.29405e+06,6.29405e+06,133404,133404,133404,138818,138818,138818,2.41869e+07,2.41869e+07,2.41869e+07,2.51891e+07,2.51891e+07,2.51891e+07,183981,183981,183981,183885,183885,183885,1.36421e+07,1.36421e+07,1.36421e+07,1.32493e+07,1.32493e+07,1.32493e+07,9.54241e+06,9.54241e+06,9.54241e+06,9.54085e+06,9.54085e+06,9.54085e+06,2.4724e+07,2.4724e+07,2.4724e+07,391.443,391.443,391.443,284.721,284.721,284.721
839,6.29255e+06,6.29255e+06,6.29255e+06,133399,133399,133399,138815,138815,138815,2.41858e+07,2.41858e+07,2.41858e+07,2.51877e+07,2.51877e+07,2.51877e+07,184009,184009,184009,183916,183916,183916,1.36426e+07,1.36426e+07,1.36426e+07,1.325e+07,1.325e+07,1.325e+07,9.5436e+06,9.5436e+06,9.5436e+06,9.54185e+06,9.54185e+06,9.54185e+06,2.47245e+07,2.47245e+07,2.47245e+07,391.478,391.478,391.478,284.749,284.749,284.749
840,6.29105e+06,6.29105e+06,6.29105e+06,133391,133391,133391,138808,138808,138808,2.41847e+07,2.41847e+07,2.41847e+07,2.51864e+07,2.51864e+07,2.51864e+07,184031,184031,184031,183942,183942,183942,1.36431e+07,1.36431e+07,1.36431e+07,1.32506e+07,1.32506e+07,1.32506e+07,9.54481e+06,9.54481e+06,9.54481e+06,9.54288e+06,9.54288e+06,9.54288e+06,2.47251e+07,2.47251e+07,2.47251e+07,391.501,391.501,391.501,284.77,284.77,284.77
841,6.28959e+06,6.28959e+06,6.28959e+06,133378,133378,133378,138798,138798,138798,2.41836e+07,2.41836e+07,2.41836e+07,2.51851e+07,2.51851e+07,2.51851e+07,184047,184047,184047,183964,183964,183964,1.36436e+07,1.36436e+07,1.36436e+07,1.32512e+07,1.32512e+07,1.32512e+07,9.546e+06,9.546e+06,9.546e+06,9.54392e+06,9.54392e+06,9.54392e+06,2.47258e+07,2.47258e+07,2.47258e+07,391.511,391.511,391.511,284.784,284.784,284.784
842,6.28817e+06,6.28817e+06,6.28817e+06,133362,133362,133362,138785,138785,138785,2.41825e+07,2.41825e+07,2.41825e+07,2.51838e+07,2.51838e+07,2.51838e+07,184056,184056,184056,183980,183980,183980,1.3644e+07,1.3644e+07,1.3644e+07,1.32518e+07,1.32518e+07,1.32518e+07,9.54715e+06,9.54715e+06,9.54715e+06,9.54496e+06,9.54496e+06,9.54496e+06,2.47266e+07,2.47266e+07,2.47266e+07,391.509,391.509,391.509,284.79,284.79,284.79
843,6.28682e+06,6.28682e+06,6.28682e+06,133342,133342,133342,138770,138770,138770,2.41814e+07,2.41814e+07,2.41814e+07,2.51825e+07,2.51825e+07,2.51825e+07,184059,184059,184059,183991,183991,183991,1.36444e+07,1.36444e+07,1.36444e+07,1.32523e+07,1.32523e+07,1.32523e+07,9.54826e+06,9.54826e+06,9.54826e+06,9.54598e+06,9.54598e+06,9.54598e+06,2.47274e+07,2.47274e+07,2.47274e+07,391.494,391.494,391.494,284.79,284.79,284.79
844,6.28556e+06,6.28556e+06,6.28556e+06,133318,133318,133318,138752,138752,138752,2.41804e+07,2.41804e+07,2.41804e+07,2.51813e+07,2.51813e+07,2.51813e+07,184056,184056,184056,183996,183996,183996,1.36447e+07,1.36447e+07,1.36447e+07,1.32527e+07,1.32527e+07,1.32527e+07,9.54931e+06,9.54931e+06,9.54931e+06,9.54696e+06,9.54696e+06,9.54696e+06,2.47284e+07,2.47284e+07,2.47284e+07,391.467,391.467,391.467,284.782,284.782,284.782
845,6.2844e+06,6.2844e+06,6.2844e+06,133292,133292,133292,138731,138731,138731,2.41794e+07,2.41794e+07,2.41794e+07,2.51801e+07,2.51801e+07,2.51801e+07,184046,184046,184046,183996,183996,183996,1.3645e+07,1.3645e+07,1.3645e+07,1.32531e+07,1.32531e+07,1.32531e+07,9.55027e+06,9.55027e+06,9.55027e+06,9.54789e+06,9.54789e+06,9.54789e+06,2.47294e+07,2.47294e+07,2.47294e+07,391.429,391.429,391.429,284.767,284.767,284.767
846,6.28337e+06,6.28337e+06,6.28337e+06,133264,133264,133264,138708,138708,138708,2.41784e+07,2.41784e+07,2.41784e+07,2.51791e+07,2.51791e+07,2.51791e+07,184030,184030,184030,183989,183989,183989,1.36452e+07,1.36452e+07,1.36452e+07,1.32534e+07,1.32534e+07,1.32534e+07,9.55114e+06,9.55114e+06,9.55114e+06,9.54876e+06,9.54876e+06,9.54876e+06,2.47305e+07,2.47305e+07,2.47305e+07,391.38,391.38,391.38,284.744,284.744,284.744
847,6.28247e+06,6.28247e+06,6.28247e+06,133234,133234,133234,138683,138683,138683,2.41776e+07,2.41776e+07,2.41776e+07,2.51782e+07,2.51782e+07,2.51782e+07,184009,184009,184009,183977,183977,183977,1.36454e+07,1.36454e+07,1.36454e+07,1.32535e+07,1.32535e+07,1.32535e+07,9.5519e+06,9.5519e+06,9.5519e+06,9.54955e+06,9.54955e+06,9.54955e+06,2.47316e+07,2.47316e+07,2.47316e+07,391.32,391.32,391.32,284.715,284.715,284.715
848,6.28173e+06,6.28173e+06,6.28173e+06,133202,133202,133202,138656,138656,138656,2.41768e+07,2.41768e+07,2.41768e+07,2.51773e+07,2.51773e+07,2.51773e+07,183982,183982,183982,183958,183958,183958,1.36454e+07,1.36454e+07,1.36454e+07,1.32536e+07,1.32536e+07,1.32536e+07,9.55255e+06,9.55255e+06,9.55255e+06,9.55025e+06,9.55025e+06,9.55025e+06,2.47328e+07,2.47328e+07,2.47328e+07,391.252,391.252,391.252,284.678,284.678,284.678
849,6.28115e+06,6.28115e+06,6.28115e+06,133169,133169,133169,138629,138629,138629,2.41761e+07,2.41761e+07,2.41761e+07,2.51767e+07,2.51767e+07,2.51767e+07,183950,183950,183950,183935,183935,183935,1.36454e+07,1.36454e+07,1.36454e+07,1.32536e+07,1.32536e+07,1.32536e+07,9.55306e+06,9.55306e+06,9.55306e+06,9.55084e+06,9.55084e+06,9.55084e+06,2.4734e+07,2.4734e+07,2.4734e+07,391.176,391.176,391.176,284.636,284.636,284.636
850,6.28074e+06,6.28074e+06,6.28074e+06,133136,133136,133136,138600,138600,138600,2.41756e+07,2.41756e+07,2.41756e+07,2.51761e+07,2.51761e+07,2.51761e+07,183913,183913,183913,183906,183906,183906,1.36454e+07,1.36454e+07,1.36454e+07,1.32535e+07,1.32535e+07,1.32535e+07,9.55345e+06,9.55345e+06,9.55345e+06,9.55132e+06,9.55132e+06,9.55132e+06,2.47352e+07,2.47352e+07,2.47352e+07,391.092,391.092,391.092,284.588,284.588,284.588
851,6.28051e+06,6.28051e+06,6.28051e+06,133103,133103,133103,138571,138571,138571,2.41752e+07,2.41752e+07,2.41752e+07,2.51757e+07,2.51757e+07,2.51757e+07,183872,183872,183872,183872,183872,183872,1.36452e+07,1.36452e+07,1.36452e+07,1.32534e+07,1.32534e+07,1.32534e+07,9.55369e+06,9.55369e+06,9.55369e+06,9.55167e+06,9.55167e+06,9.55167e+06,2.47364e+07,2.47364e+07,2.47364e+07,391.004,391.004,391.004,284.535,284.535,284.535
852,6.28046e+06,6.28046e+06,6.28046e+06,133070,133070,133070,138542,138542,138542,2.41749e+07,2.41749e+07,2.41749e+07,2.51755e+07,2.51755e+07,2.51755e+07,183828,183828,183828,183834,183834,183834,1.3645e+07,1.3645e+07,1.3645e+07,1.32531e+07,1.32531e+07,1.32531e+07,9.55379e+06,9.55379e+06,9.55379e+06,9.5519e+06,9.5519e+06,9.5519e+06,2.47377e+07,2.47377e+07,2.47377e+07,390.911,390.911,390.911,284.477,284.477,284.477
853,6.28059e+06,6.28059e+06,6.28059e+06,133039,133039,133039,138513,138513,138513,2.41747e+07,2.41747e+07,2.41747e+07,2.51754e+07,2.51754e+07,2.51754e+07,183781,183781,183781,183792,183792,183792,1.36447e+07,1.36447e+07,1.36447e+07,1.32527e+07,1.32527e+07,1.32527e+07,9.55375e+06,9.55375e+06,9.55375e+06,9.55199e+06,9.55199e+06,9.55199e+06,2.47389e+07,2.47389e+07,2.47389e+07,390.815,390.815,390.815,284.416,284.416,284.416
854,6.2809e+06,6.2809e+06,6.2809e+06,133008,133008,133008,138485,138485,138485,2.41747e+07,2.41747e+07,2.41747e+07,2.51755e+07,2.51755e+07,2.51755e+07,183732,183732,183732,183747,183747,183747,1.36443e+07,1.36443e+07,1.36443e+07,1.32523e+07,1.32523e+07,1.32523e+07,9.55356e+06,9.55356e+06,9.55356e+06,9.55195e+06,9.55195e+06,9.55195e+06,2.47401e+07,2.47401e+07,2.47401e+07,390.717,390.717,390.717,284.353,284.353,284.353
855,6.28139e+06,6.28139e+06,6.28139e+06,132979,132979,132979,138458,138458,138458,2.41749e+07,2.41749e+07,2.41749e+07,2.51757e+07,2.51757e+07,2.51757e+07,183681,183681,183681,183700,183700,183700,1.36438e+07,1.36438e+07,1.36438e+07,1.32518e+07,1.32518e+07,1.32518e+07,9.55323e+06,9.55323e+06,9.55323e+06,9.55177e+06,9.55177e+06,9.55177e+06,2.47412e+07,2.47412e+07,2.47412e+07,390.619,390.619,390.619,284.289,284.289,284.289
856,6.28205e+06,6.28205e+06,6.28205e+06,132953,132953,132953,138434,138434,138434,2.41752e+07,2.41752e+07,2.41752e+07,2.51761e+07,2.51761e+07,2.51761e+07,183630,183630,183630,183652,183652,183652,1.36433e+07,1.36433e+07,1.36433e+07,1.32512e+07,1.32512e+07,1.32512e+07,9.55277e+06,9.55277e+06,9.55277e+06,9.55145e+06,9.55145e+06,9.55145e+06,2.47423e+07,2.47423e+07,2.47423e+07,390.521,390.521,390.521,284.223,284.223,284.223
857,6.28287e+06,6.28287e+06,6.28287e+06,132929,132929,132929,138411,138411,138411,2.41756e+07,2.41756e+07,2.41756e+07,2.51766e+07,2.51766e+07,2.51766e+07,183578,183578,183578,183602,183602,183602,1.36427e+07,1.36427e+07,1.36427e+07,1.32505e+07,1.32505e+07,1.32505e+07,9.55218e+06,9.55218e+06,9.55218e+06,9.55101e+06,9.55101e+06,9.55101e+06,2.47434e+07,2.47434e+07,2.47434e+07,390.426,390.426,390.426,284.159,284.159,284.159
858,6.28383e+06,6.28383e+06,6.28383e+06,132908,132908,132908,138390,138390,138390,2.41761e+07,2.41761e+07,2.41761e+07,2.51773e+07,2.51773e+07,2.51773e+07,183526,183526,183526,183552,183552,183552,1.36421e+07,1.36421e+07,1.36421e+07,1.32498e+07,1.32498e+07,1.32498e+07,9.55147e+06,9.55147e+06,9.55147e+06,9.55044e+06,9.55044e+06,9.55044e+06,2.47444e+07,2.47444e+07,2.47444e+07,390.335,390.335,390.335,284.096,284.096,284.096
859,6.28494e+06,6.28494e+06,6.28494e+06,132890,132890,132890,138373,138373,138373,2.41768e+07,2.41768e+07,2.41768e+07,2.51781e+07,2.51781e+07,2.51781e+07,183476,183476,183476,183503,183503,183503,1.36415e+07,1.36415e+07,1.36415e+07,1.32491e+07,1.32491e+07,1.32491e+07,9.55064e+06,9.55064e+06,9.55064e+06,9.54975e+06,9.54975e+06,9.54975e+06,2.47453e+07,2.47453e+07,2.47453e+07,390.248,390.248,390.248,284.035,284.035,284.035
860,6.28616e+06,6.28616e+06,6.28616e+06,132875,132875,132875,138358,138358,138358,2.41776e+07,2.41776e+07,2.41776e+07,2.51791e+07,2.51791e+07,2.51791e+07,183428,183428,183428,183455,183455,183455,1.36408e+07,1.36408e+07,1.36408e+07,1.32483e+07,1.32483e+07,1.32483e+07,9.54971e+06,9.54971e+06,9.54971e+06,9.54896e+06,9.54896e+06,9.54896e+06,2.47461e+07,2.47461e+07,2.47461e+07,390.167,390.167,390.167,283.979,283.979,283.979
861,6.28749e+06,6.28749e+06,6.28749e+06,132864,132864,132864,138347,138347,138347,2.41786e+07,2.41786e+07,2.41786e+07,2.51801e+07,2.51801e+07,2.51801e+07,183382,183382,183382,183410,183410,183410,1.364e+07,1.364e+07,1.364e+07,1.32475e+07,1.32475e+07,1.32475e+07,9.5487e+06,9.5487e+06,9.5487e+06,9.54807e+06,9.54807e+06,9.54807e+06,2.47468e+07,2.47468e+07,2.47468e+07,390.093,390.093,390.093,283.926,283.926,283.926
862,6.2889e+06,6.2889e+06,6.2889e+06,132856,132856,132856,138340,138340,138340,2.41796e+07,2.41796e+07,2.41796e+07,2.51813e+07,2.51813e+07,2.51813e+07,183340,183340,183340,183367,183367,183367,1.36393e+07,1.36393e+07,1.36393e+07,1.32467e+07,1.32467e+07,1.32467e+07,9.54761e+06,9.54761e+06,9.54761e+06,9.5471e+06,9.5471e+06,9.5471e+06,2.47475e+07,2.47475e+07,2.47475e+07,390.027,390.027,390.027,283.879,283.879,283.879
863,6.29037e+06,6.29037e+06,6.29037e+06,132852,132852,132852,138336,138336,138336,2.41807e+07,2.41807e+07,2.41807e+07,2.51825e+07,2.51825e+07,2.51825e+07,183301,183301,183301,183328,183328,183328,1.36386e+07,1.36386e+07,1.36386e+07,1.32459e+07,1.32459e+07,1.32459e+07,9.54646e+06,9.54646e+06,9.54646e+06,9.54606e+06,9.54606e+06,9.54606e+06,2.4748e+07,2.4748e+07,2.4748e+07,389.969,389.969,389.969,283.838,283.838,283.838
864,6.29189e+06,6.29189e+06,6.29189e+06,132852,132852,132852,138336,138336,138336,2.41818e+07,2.41818e+07,2.41818e+07,2.51838e+07,2.51838e+07,2.51838e+07,183266,183266,183266,183294,183294,183294,1.36378e+07,1.36378e+07,1.36378e+07,1.32451e+07,1.32451e+07,1.32451e+07,9.54526e+06,9.54526e+06,9.54526e+06,9.54498e+06,9.54498e+06,9.54498e+06,2.47485e+07,2.47485e+07,2.47485e+07,389.921,389.921,389.921,283.804,283.804,283.804
865,6.29343e+06,6.29343e+06,6.29343e+06,132855,132855,132855,138340,138340,138340,2.4183e+07,2.4183e+07,2.4183e+07,2.51851e+07,2.51851e+07,2.51851e+07,183236,183236,183236,183263,183263,183263,1.36371e+07,1.36371e+07,1.36371e+07,1.32443e+07,1.32443e+07,1.32443e+07,9.54404e+06,9.54404e+06,9.54404e+06,9.54385e+06,9.54385e+06,9.54385e+06,2.47488e+07,2.47488e+07,2.47488e+07,389.883,389.883,389.883,283.777,283.777,283.777
866,6.29497e+06,6.29497e+06,6.29497e+06,132862,132862,132862,138348,138348,138348,2.41843e+07,2.41843e+07,2.41843e+07,2.51865e+07,2.51865e+07,2.51865e+07,183211,183211,183211,183239,183239,183239,1.36365e+07,1.36365e+07,1.36365e+07,1.32436e+07,1.32436e+07,1.32436e+07,9.54281e+06,9.54281e+06,9.54281e+06,9.54271e+06,9.54271e+06,9.54271e+06,2.47491e+07,2.47491e+07,2.47491e+07,389.855,389.855,389.855,283.758,283.758,283.758
867,6.29649e+06,6.29649e+06,6.29649e+06,132873,132873,132873,138360,138360,138360,2.41856e+07,2.41856e+07,2.41856e+07,2.51879e+07,2.51879e+07,2.51879e+07,183192,183192,183192,183219,183219,183219,1.36358e+07,1.36358e+07,1.36358e+07,1.32429e+07,1.32429e+07,1.32429e+07,9.54158e+06,9.54158e+06,9.54158e+06,9.54157e+06,9.54157e+06,9.54157e+06,2.47493e+07,2.47493e+07,2.47493e+07,389.839,389.839,389.839,283.747,283.747,283.747
868,6.29797e+06,6.29797e+06,6.29797e+06,132887,132887,132887,138375,138375,138375,2.41868e+07,2.41868e+07,2.41868e+07,2.51893e+07,2.51893e+07,2.51893e+07,183178,183178,183178,183205,183205,183205,1.36352e+07,1.36352e+07,1.36352e+07,1.32422e+07,1.32422e+07,1.32422e+07,9.54037e+06,9.54037e+06,9.54037e+06,9.54045e+06,9.54045e+06,9.54045e+06,2.47493e+07,2.47493e+07,2.47493e+07,389.834,389.834,389.834,283.744,283.744,283.744
869,6.29938e+06,6.29938e+06,6.29938e+06,132904,132904,132904,138393,138393,138393,2.4188e+07,2.4188e+07,2.4188e+07,2.51907e+07,2.51907e+07,2.51907e+07,183171,183171,183171,183198,183198,183198,1.36347e+07,1.36347e+07,1.36347e+07,1.32416e+07,1.32416e+07,1.32416e+07,9.5392e+06,9.5392e+06,9.5392e+06,9.53936e+06,9.53936e+06,9.53936e+06,2.47493e+07,2.47493e+07,2.47493e+07,389.84,389.84,389.84,283.75,283.75,283.75
870,6.30071e+06,6.30071e+06,6.30071e+06,132925,132925,132925,138415,138415,138415,2.41892e+07,2.41892e+07,2.41892e+07,2.5192e+07,2.5192e+07,2.5192e+07,183169,183169,183169,183196,183196,183196,1.36343e+07,1.36343e+07,1.36343e+07,1.3241e+07,1.3241e+07,1.3241e+07,9.53809e+06,9.53809e+06,9.53809e+06,9.53832e+06,9.53832e+06,9.53832e+06,2.47492e+07,2.47492e+07,2.47492e+07,389.858,389.858,389.858,283.763,283.763,283.763
871,6.30193e+06,6.30193e+06,6.30193e+06,132948,132948,132948,138439,138439,138439,2.41904e+07,2.41904e+07,2.41904e+07,2.51933e+07,2.51933e+07,2.51933e+07,183174,183174,183174,183201,183201,183201,1.36339e+07,1.36339e+07,1.36339e+07,1.32406e+07,1.32406e+07,1.32406e+07,9.53705e+06,9.53705e+06,9.53705e+06,9.53734e+06,9.53734e+06,9.53734e+06,2.47491e+07,2.47491e+07,2.47491e+07,389.887,389.887,389.887,283.784,283.784,283.784
872,6.30303e+06,6.30303e+06,6.30303e+06,132974,132974,132974,138465,138465,138465,2.41915e+07,2.41915e+07,2.41915e+07,2.51945e+07,2.51945e+07,2.51945e+07,183186,183186,183186,183211,183211,183211,1.36336e+07,1.36336e+07,1.36336e+07,1.32402e+07,1.32402e+07,1.32402e+07,9.53609e+06,9.53609e+06,9.53609e+06,9.53644e+06,9.53644e+06,9.53644e+06,2.47489e+07,2.47489e+07,2.47489e+07,389.928,389.928,389.928,283.813,283.813,283.813
873,6.304e+06,6.304e+06,6.304e+06,133001,133001,133001,138494,138494,138494,2.41925e+07,2.41925e+07,2.41925e+07,2.51956e+07,2.51956e+07,2.51956e+07,183203,183203,183203,183227,183227,183227,1.36333e+07,1.36333e+07,1.36333e+07,1.32399e+07,1.32399e+07,1.32399e+07,9.53523e+06,9.53523e+06,9.53523e+06,9.53564e+06,9.53564e+06,9.53564e+06,2.47486e+07,2.47486e+07,2.47486e+07,389.979,389.979,389.979,283.849,283.849,283.849
874,6.30482e+06,6.30482e+06,6.30482e+06,133031,133031,133031,138523,138523,138523,2.41934e+07,2.41934e+07,2.41934e+07,2.51967e+07,2.51967e+07,2.51967e+07,183227,183227,183227,183248,183248,183248,1.36332e+07,1.36332e+07,1.36332e+07,1.32396e+07,1.32396e+07,1.32396e+07,9.53449e+06,9.53449e+06,9.53449e+06,9.53494e+06,9.53494e+06,9.53494e+06,2.47483e+07,2.47483e+07,2.47483e+07,390.039,390.039,390.039,283.892,283.892,283.892
875,6.30548e+06,6.30548e+06,6.30548e+06,133062,133062,133062,138554,138554,138554,2.41942e+07,2.41942e+07,2.41942e+07,2.51976e+07,2.51976e+07,2.51976e+07,183256,183256,183256,183275,183275,183275,1.36331e+07,1.36331e+07,1.36331e+07,1.32395e+07,1.32395e+07,1.32395e+07,9.53386e+06,9.53386e+06,9.53386e+06,9.53435e+06,9.53435e+06,9.53435e+06,2.47479e+07,2.47479e+07,2.47479e+07,390.11,390.11,390.11,283.94,283.94,283.94
876,6.30597e+06,6.30597e+06,6.30597e+06,133094,133094,133094,138586,138586,138586,2.41948e+07,2.41948e+07,2.41948e+07,2.51983e+07,2.51983e+07,2.51983e+07,183291,183291,183291,183306,183306,183306,1.36332e+07,1.36332e+07,1.36332e+07,1.32395e+07,1.32395e+07,1.32395e+07,9.53338e+06,9.53338e+06,9.53338e+06,9.53389e+06,9.53389e+06,9.53389e+06,2.47476e+07,2.47476e+07,2.47476e+07,390.188,390.188,390.188,283.993,283.993,283.993
877,6.30628e+06,6.30628e+06,6.30628e+06,133127,133127,133127,138617,138617,138617,2.41954e+07,2.41954e+07,2.41954e+07,2.5199e+07,2.5199e+07,2.5199e+07,183330,183330,183330,183342,183342,183342,1.36333e+07,1.36333e+07,1.36333e+07,1.32395e+07,1.32395e+07,1.32395e+07,9.53303e+06,9.53303e+06,9.53303e+06,9.53355e+06,9.53355e+06,9.53355e+06,2.47472e+07,2.47472e+07,2.47472e+07,390.274,390.274,390.274,284.05,284.05,284.05
878,6.30641e+06,6.30641e+06,6.30641e+06,133160,133160,133160,138648,138648,138648,2.41958e+07,2.41958e+07,2.41958e+07,2.51995e+07,2.51995e+07,2.51995e+07,183374,183374,183374,183380,183380,183380,1.36335e+07,1.36335e+07,1.36335e+07,1.32397e+07,1.32397e+07,1.32397e+07,9.53283e+06,9.53283e+06,9.53283e+06,9.53335e+06,9.53335e+06,9.53335e+06,2.47468e+07,2.47468e+07,2.47468e+07,390.366,390.366,390.366,284.11,284.11,284.11
879,6.30636e+06,6.30636e+06,6.30636e+06,133193,133193,133193,138678,138678,138678,2.41961e+07,2.41961e+07,2.41961e+07,2.51999e+07,2.51999e+07,2.51999e+07,183422,183422,183422,183422,183422,183422,1.36338e+07,1.36338e+07,1.36338e+07,1.32399e+07,1.32399e+07,1.32399e+07,9.53278e+06,9.53278e+06,9.53278e+06,9.53328e+06,9.53328e+06,9.53328e+06,2.47465e+07,2.47465e+07,2.47465e+07,390.464,390.464,390.464,284.173,284.173,284.173
880,6.30613e+06,6.30613e+06,6.30613e+06,133225,133225,133225,138707,138707,138707,2.41962e+07,2.41962e+07,2.41962e+07,2.52001e+07,2.52001e+07,2.52001e+07,183473,183473,183473,183467,183467,183467,1.36342e+07,1.36342e+07,1.36342e+07,1.32403e+07,1.32403e+07,1.32403e+07,9.53288e+06,9.53288e+06,9.53288e+06,9.53334e+06,9.53334e+06,9.53334e+06,2.47462e+07,2.47462e+07,2.47462e+07,390.564,390.564,390.564,284.237,284.237,284.237
881,6.30573e+06,6.30573e+06,6.30573e+06,133256,133256,133256,138734,138734,138734,2.41963e+07,2.41963e+07,2.41963e+07,2.52001e+07,2.52001e+07,2.52001e+07,183526,183526,183526,183513,183513,183513,1.36346e+07,1.36346e+07,1.36346e+07,1.32407e+07,1.32407e+07,1.32407e+07,9.53314e+06,9.53314e+06,9.53314e+06,9.53354e+06,9.53354e+06,9.53354e+06,2.47459e+07,2.47459e+07,2.47459e+07,390.668,390.668,390.668,284.301,284.301,284.301
882,6.30515e+06,6.30515e+06,6.30515e+06,133285,133285,133285,138758,138758,138758,2.41961e+07,2.41961e+07,2.41961e+07,2.52e+07,2.52e+07,2.52e+07,183581,183581,183581,183560,183560,183560,1.36351e+07,1.36351e+07,1.36351e+07,1.32412e+07,1.32412e+07,1.32412e+07,9.53354e+06,9.53354e+06,9.53354e+06,9.53387e+06,9.53387e+06,9.53387e+06,2.47456e+07,2.47456e+07,2.47456e+07,390.772,390.772,390.772,284.365,284.365,284.365
883,6.30442e+06,6.30442e+06,6.30442e+06,133313,133313,133313,138780,138780,138780,2.41959e+07,2.41959e+07,2.41959e+07,2.51997e+07,2.51997e+07,2.51997e+07,183637,183637,183637,183608,183608,183608,1.36357e+07,1.36357e+07,1.36357e+07,1.32418e+07,1.32418e+07,1.32418e+07,9.53409e+06,9.53409e+06,9.53409e+06,9.53432e+06,9.53432e+06,9.53432e+06,2.47454e+07,2.47454e+07,2.47454e+07,390.875,390.875,390.875,284.428,284.428,284.428
884,6.30353e+06,6.30353e+06,6.30353e+06,133337,133337,133337,138800,138800,138800,2.41956e+07,2.41956e+07,2.41956e+07,2.51993e+07,2.51993e+07,2.51993e+07,183693,183693,183693,183655,183655,183655,1.36363e+07,1.36363e+07,1.36363e+07,1.32424e+07,1.32424e+07,1.32424e+07,9.53478e+06,9.53478e+06,9.53478e+06,9.53489e+06,9.53489e+06,9.53489e+06,2.47453e+07,2.47453e+07,2.47453e+07,390.977,390.977,390.977,284.488,284.488,284.488
885,6.30251e+06,6.30251e+06,6.30251e+06,133360,133360,133360,138816,138816,138816,2.41951e+07,2.41951e+07,2.41951e+07,2.51988e+07,2.51988e+07,2.51988e+07,183748,183748,183748,183702,183702,183702,1.36369e+07,1.36369e+07,1.36369e+07,1.32431e+07,1.32431e+07,1.32431e+07,9.53559e+06,9.53559e+06,9.53559e+06,9.53557e+06,9.53557e+06,9.53557e+06,2.47453e+07,2.47453e+07,2.47453e+07,391.074,391.074,391.074,284.545,284.545,284.545
886,6.30137e+06,6.30137e+06,6.30137e+06,133379,133379,133379,138829,138829,138829,2.41945e+07,2.41945e+07,2.41945e+07,2.51981e+07,2.51981e+07,2.51981e+07,183802,183802,183802,183747,183747,183747,1.36376e+07,1.36376e+07,1.36376e+07,1.32438e+07,1.32438e+07,1.32438e+07,9.53653e+06,9.53653e+06,9.53653e+06,9.53635e+06,9.53635e+06,9.53635e+06,2.47453e+07,2.47453e+07,2.47453e+07,391.167,391.167,391.167,284.599,284.599,284.599
887,6.30013e+06,6.30013e+06,6.30013e+06,133394,133394,133394,138839,138839,138839,2.41939e+07,2.41939e+07,2.41939e+07,2.51973e+07,2.51973e+07,2.51973e+07,183853,183853,183853,183790,183790,183790,1.36383e+07,1.36383e+07,1.36383e+07,1.32446e+07,1.32446e+07,1.32446e+07,9.53756e+06,9.53756e+06,9.53756e+06,9.53722e+06,9.53722e+06,9.53722e+06,2.47455e+07,2.47455e+07,2.47455e+07,391.252,391.252,391.252,284.647,284.647,284.647
888,6.29881e+06,6.29881e+06,6.29881e+06,133406,133406,133406,138845,138845,138845,2.41931e+07,2.41931e+07,2.41931e+07,2.51964e+07,2.51964e+07,2.51964e+07,183901,183901,183901,183830,183830,183830,1.3639e+07,1.3639e+07,1.3639e+07,1.32454e+07,1.32454e+07,1.32454e+07,9.53869e+06,9.53869e+06,9.53869e+06,9.53816e+06,9.53816e+06,9.53816e+06,2.47457e+07,2.47457e+07,2.47457e+07,391.33,391.33,391.33,284.691,284.691,284.691
889,6.29742e+06,6.29742e+06,6.29742e+06,133414,133414,133414,138847,138847,138847,2.41923e+07,2.41923e+07,2.41923e+07,2.51954e+07,2.51954e+07,2.51954e+07,183944,183944,183944,183867,183867,183867,1.36397e+07,1.36397e+07,1.36397e+07,1.32462e+07,1.32462e+07,1.32462e+07,9.53989e+06,9.53989e+06,9.53989e+06,9.53917e+06,9.53917e+06,9.53917e+06,2.4746e+07,2.4746e+07,2.4746e+07,391.399,391.399,391.399,284.729,284.729,284.729
890,6.29599e+06,6.29599e+06,6.29599e+06,133418,133418,133418,138846,138846,138846,2.41915e+07,2.41915e+07,2.41915e+07,2.51944e+07,2.51944e+07,2.51944e+07,183984,183984,183984,183901,183901,183901,1.36404e+07,1.36404e+07,1.36404e+07,1.32471e+07,1.32471e+07,1.32471e+07,9.54114e+06,9.54114e+06,9.54114e+06,9.54022e+06,9.54022e+06,9.54022e+06,2.47464e+07,2.47464e+07,2.47464e+07,391.458,391.458,391.458,284.761,284.761,284.761
891,6.29453e+06,6.29453e+06,6.29453e+06,133418,133418,133418,138842,138842,138842,2.41906e+07,2.41906e+07,2.41906e+07,2.51933e+07,2.51933e+07,2.51933e+07,184017,184017,184017,183930,183930,183930,1.36411e+07,1.36411e+07,1.36411e+07,1.32479e+07,1.32479e+07,1.32479e+07,9.54244e+06,9.54244e+06,9.54244e+06,9.54131e+06,9.54131e+06,9.54131e+06,2.47469e+07,2.47469e+07,2.47469e+07,391.505,391.505,391.505,284.787,284.787,284.787
892,6.29308e+06,6.29308e+06,6.29308e+06,133414,133414,133414,138834,138834,138834,2.41897e+07,2.41897e+07,2.41897e+07,2.51921e+07,2.51921e+07,2.51921e+07,184046,184046,184046,183955,183955,183955,1.36417e+07,1.36417e+07,1.36417e+07,1.32487e+07,1.32487e+07,1.32487e+07,9.54375e+06,9.54375e+06,9.54375e+06,9.54242e+06,9.54242e+06,9.54242e+06,2.47476e+07,2.47476e+07,2.47476e+07,391.541,391.541,391.541,284.806,284.806,284.806
893,6.29165e+06,6.29165e+06,6.29165e+06,133406,133406,133406,138824,138824,138824,2.41887e+07,2.41887e+07,2.41887e+07,2.5191e+07,2.5191e+07,2.5191e+07,184067,184067,184067,183976,183976,183976,1.36424e+07,1.36424e+07,1.36424e+07,1.32495e+07,1.32495e+07,1.32495e+07,9.54506e+06,9.54506e+06,9.54506e+06,9.54353e+06,9.54353e+06,9.54353e+06,2.47483e+07,2.47483e+07,2.47483e+07,391.564,391.564,391.564,284.818,284.818,284.818
894,6.29027e+06,6.29027e+06,6.29027e+06,133393,133393,133393,138810,138810,138810,2.41878e+07,2.41878e+07,2.41878e+07,2.51898e+07,2.51898e+07,2.51898e+07,184083,184083,184083,183991,183991,183991,1.36429e+07,1.36429e+07,1.36429e+07,1.32502e+07,1.32502e+07,1.32502e+07,9.54635e+06,9.54635e+06,9.54635e+06,9.54464e+06,9.54464e+06,9.54464e+06,2.47491e+07,2.47491e+07,2.47491e+07,391.575,391.575,391.575,284.823,284.823,284.823
895,6.28895e+06,6.28895e+06,6.28895e+06,133377,133377,133377,138794,138794,138794,2.41869e+07,2.41869e+07,2.41869e+07,2.51887e+07,2.51887e+07,2.51887e+07,184091,184091,184091,184002,184002,184002,1.36434e+07,1.36434e+07,1.36434e+07,1.32509e+07,1.32509e+07,1.32509e+07,9.5476e+06,9.5476e+06,9.5476e+06,9.54572e+06,9.54572e+06,9.54572e+06,2.475e+07,2.475e+07,2.475e+07,391.572,391.572,391.572,284.821,284.821,284.821
896,6.28772e+06,6.28772e+06,6.28772e+06,133358,133358,133358,138775,138775,138775,2.41861e+07,2.41861e+07,2.41861e+07,2.51876e+07,2.51876e+07,2.51876e+07,184093,184093,184093,184007,184007,184007,1.36439e+07,1.36439e+07,1.36439e+07,1.32515e+07,1.32515e+07,1.32515e+07,9.5488e+06,9.5488e+06,9.5488e+06,9.54675e+06,9.54675e+06,9.54675e+06,2.47509e+07,2.47509e+07,2.47509e+07,391.556,391.556,391.556,284.812,284.812,284.812
897,6.28659e+06,6.28659e+06,6.28659e+06,133335,133335,133335,138754,138754,138754,2.41853e+07,2.41853e+07,2.41853e+07,2.51866e+07,2.51866e+07,2.51866e+07,184088,184088,184088,184007,184007,184007,1.36443e+07,1.36443e+07,1.36443e+07,1.3252e+07,1.3252e+07,1.3252e+07,9.54992e+06,9.54992e+06,9.54992e+06,9.54774e+06,9.54774e+06,9.54774e+06,2.4752e+07,2.4752e+07,2.4752e+07,391.528,391.528,391.528,284.797,284.797,284.797
898,6.28558e+06,6.28558e+06,6.28558e+06,133309,133309,133309,138731,138731,138731,2.41846e+07,2.41846e+07,2.41846e+07,2.51857e+07,2.51857e+07,2.51857e+07,184076,184076,184076,184001,184001,184001,1.36446e+07,1.36446e+07,1.36446e+07,1.32525e+07,1.32525e+07,1.32525e+07,9.55095e+06,9.55095e+06,9.55095e+06,9.54866e+06,9.54866e+06,9.54866e+06,2.47531e+07,2.47531e+07,2.47531e+07,391.487,391.487,391.487,284.775,284.775,284.775
899,6.2847e+06,6.2847e+06,6.2847e+06,133281,133281,133281,138707,138707,138707,2.41839e+07,2.41839e+07,2.41839e+07,2.51849e+07,2.51849e+07,2.51849e+07,184057,184057,184057,183991,183991,183991,1.36449e+07,1.36449e+07,1.36449e+07,1.32528e+07,1.32528e+07,1.32528e+07,9.55187e+06,9.55187e+06,9.55187e+06,9.54951e+06,9.54951e+06,9.54951e+06,2.47542e+07,2.47542e+07,2.47542e+07,391.435,391.435,391.435,284.747,284.747,284.747
900,6.28398e+06,6.28398e+06,6.28398e+06,133250,133250,133250,138681,138681,138681,2.41834e+07,2.41834e+07,2.41834e+07,2.51842e+07,2.51842e+07,2.51842e+07,184032,184032,184032,183975,183975,183975,1.3645e+07,1.3645e+07,1.3645e+07,1.32531e+07,1.32531e+07,1.32531e+07,9.55268e+06,9.55268e+06,9.55268e+06,9.55026e+06,9.55026e+06,9.55026e+06,2.47554e+07,2.47554e+07,2.47554e+07,391.372,391.372,391.372,284.714,284.714,284.714
901,6.28342e+06,6.28342e+06,6.28342e+06,133219,133219,133219,138655,138655,138655,2.41829e+07,2.41829e+07,2.41829e+07,2.51836e+07,2.51836e+07,2.51836e+07,184002,184002,184002,183955,183955,183955,1.36452e+07,1.36452e+07,1.36452e+07,1.32533e+07,1.32533e+07,1.32533e+07,9.55335e+06,9.55335e+06,9.55335e+06,9.55092e+06,9.55092e+06,9.55092e+06,2.47566e+07,2.47566e+07,2.47566e+07,391.299,391.299,391.299,284.675,284.675,284.675
902,6.28303e+06,6.28303e+06,6.28303e+06,133186,133186,133186,138628,138628,138628,2.41826e+07,2.41826e+07,2.41826e+07,2.51832e+07,2.51832e+07,2.51832e+07,183966,183966,183966,183929,183929,183929,1.36452e+07,1.36452e+07,1.36452e+07,1.32534e+07,1.32534e+07,1.32534e+07,9.55388e+06,9.55388e+06,9.55388e+06,9.55147e+06,9.55147e+06,9.55147e+06,2.47579e+07,2.47579e+07,2.47579e+07,391.218,391.218,391.218,284.631,284.631,284.631
903,6.28281e+06,6.28281e+06,6.28281e+06,133152,133152,133152,138602,138602,138602,2.41823e+07,2.41823e+07,2.41823e+07,2.51829e+07,2.51829e+07,2.51829e+07,183925,183925,183925,183900,183900,183900,1.36451e+07,1.36451e+07,1.36451e+07,1.32534e+07,1.32534e+07,1.32534e+07,9.55427e+06,9.55427e+06,9.55427e+06,9.5519e+06,9.5519e+06,9.5519e+06,2.47592e+07,2.47592e+07,2.47592e+07,391.13,391.13,391.13,284.584,284.584,284.584
904,6.28277e+06,6.28277e+06,6.28277e+06,133119,133119,133119,138575,138575,138575,2.41822e+07,2.41822e+07,2.41822e+07,2.51827e+07,2.51827e+07,2.51827e+07,183880,183880,183880,183867,183867,183867,1.3645e+07,1.3645e+07,1.3645e+07,1.32533e+07,1.32533e+07,1.32533e+07,9.5545e+06,9.5545e+06,9.5545e+06,9.55221e+06,9.55221e+06,9.55221e+06,2.47604e+07,2.47604e+07,2.47604e+07,391.035,391.035,391.035,284.533,284.533,284.533
905,6.28292e+06,6.28292e+06,6.28292e+06,133086,133086,133086,138550,138550,138550,2.41823e+07,2.41823e+07,2.41823e+07,2.51828e+07,2.51828e+07,2.51828e+07,183832,183832,183832,183830,183830,183830,1.36448e+07,1.36448e+07,1.36448e+07,1.32531e+07,1.32531e+07,1.32531e+07,9.55458e+06,9.55458e+06,9.55458e+06,9.5524e+06,9.5524e+06,9.5524e+06,2.47617e+07,2.47617e+07,2.47617e+07,390.937,390.937,390.937,284.479,284.479,284.479
906,6.28325e+06,6.28325e+06,6.28325e+06,133054,133054,133054,138525,138525,138525,2.41824e+07,2.41824e+07,2.41824e+07,2.5183e+07,2.5183e+07,2.5183e+07,183781,183781,183781,183790,183790,183790,1.36446e+07,1.36446e+07,1.36446e+07,1.32528e+07,1.32528e+07,1.32528e+07,9.55451e+06,9.55451e+06,9.55451e+06,9.55247e+06,9.55247e+06,9.55247e+06,2.47629e+07,2.47629e+07,2.47629e+07,390.836,390.836,390.836,284.423,284.423,284.423
907,6.28375e+06,6.28375e+06,6.28375e+06,133023,133023,133023,138502,138502,138502,2.41827e+07,2.41827e+07,2.41827e+07,2.51834e+07,2.51834e+07,2.51834e+07,183729,183729,183729,183748,183748,183748,1.36443e+07,1.36443e+07,1.36443e+07,1.32524e+07,1.32524e+07,1.32524e+07,9.55428e+06,9.55428e+06,9.55428e+06,9.5524e+06,9.5524e+06,9.5524e+06,2.47641e+07,2.47641e+07,2.47641e+07,390.733,390.733,390.733,284.365,284.365,284.365
908,6.28442e+06,6.28442e+06,6.28442e+06,132995,132995,132995,138480,138480,138480,2.41831e+07,2.41831e+07,2.41831e+07,2.51839e+07,2.51839e+07,2.51839e+07,183675,183675,183675,183704,183704,183704,1.36439e+07,1.36439e+07,1.36439e+07,1.3252e+07,1.3252e+07,1.3252e+07,9.55391e+06,9.55391e+06,9.55391e+06,9.55221e+06,9.55221e+06,9.55221e+06,2.47652e+07,2.47652e+07,2.47652e+07,390.632,390.632,390.632,284.308,284.308,284.308
909,6.28526e+06,6.28526e+06,6.28526e+06,132969,132969,132969,138460,138460,138460,2.41837e+07,2.41837e+07,2.41837e+07,2.51846e+07,2.51846e+07,2.51846e+07,183622,183622,183622,183659,183659,183659,1.36435e+07,1.36435e+07,1.36435e+07,1.32515e+07,1.32515e+07,1.32515e+07,9.5534e+06,9.5534e+06,9.5534e+06,9.5519e+06,9.5519e+06,9.5519e+06,2.47663e+07,2.47663e+07,2.47663e+07,390.532,390.532,390.532,284.25,284.25,284.25
910,6.28625e+06,6.28625e+06,6.28625e+06,132946,132946,132946,138443,138443,138443,2.41844e+07,2.41844e+07,2.41844e+07,2.51855e+07,2.51855e+07,2.51855e+07,183569,183569,183569,183614,183614,183614,1.3643e+07,1.3643e+07,1.3643e+07,1.32509e+07,1.32509e+07,1.32509e+07,9.55275e+06,9.55275e+06,9.55275e+06,9.55147e+06,9.55147e+06,9.55147e+06,2.47673e+07,2.47673e+07,2.47673e+07,390.436,390.436,390.436,284.194,284.194,284.194
911,6.28737e+06,6.28737e+06,6.28737e+06,132927,132927,132927,138428,138428,138428,2.41852e+07,2.41852e+07,2.41852e+07,2.51865e+07,2.51865e+07,2.51865e+07,183517,183517,183517,183569,183569,183569,1.36425e+07,1.36425e+07,1.36425e+07,1.32502e+07,1.32502e+07,1.32502e+07,9.55199e+06,9.55199e+06,9.55199e+06,9.55093e+06,9.55093e+06,9.55093e+06,2.47682e+07,2.47682e+07,2.47682e+07,390.346,390.346,390.346,284.139,284.139,284.139
912,6.28862e+06,6.28862e+06,6.28862e+06,132911,132911,132911,138416,138416,138416,2.41861e+07,2.41861e+07,2.41861e+07,2.51876e+07,2.51876e+07,2.51876e+07,183468,183468,183468,183524,183524,183524,1.3642e+07,1.3642e+07,1.3642e+07,1.32496e+07,1.32496e+07,1.32496e+07,9.55111e+06,9.55111e+06,9.55111e+06,9.55028e+06,9.55028e+06,9.55028e+06,2.47691e+07,2.47691e+07,2.47691e+07,390.262,390.262,390.262,284.088,284.088,284.088
913,6.28997e+06,6.28997e+06,6.28997e+06,132899,132899,132899,138407,138407,138407,2.41871e+07,2.41871e+07,2.41871e+07,2.51889e+07,2.51889e+07,2.51889e+07,183422,183422,183422,183481,183481,183481,1.36414e+07,1.36414e+07,1.36414e+07,1.32489e+07,1.32489e+07,1.32489e+07,9.55015e+06,9.55015e+06,9.55015e+06,9.54954e+06,9.54954e+06,9.54954e+06,2.47699e+07,2.47699e+07,2.47699e+07,390.186,390.186,390.186,284.04,284.04,284.04
914,6.29141e+06,6.29141e+06,6.29141e+06,132891,132891,132891,138401,138401,138401,2.41882e+07,2.41882e+07,2.41882e+07,2.51902e+07,2.51902e+07,2.51902e+07,183379,183379,183379,183440,183440,183440,1.36409e+07,1.36409e+07,1.36409e+07,1.32481e+07,1.32481e+07,1.32481e+07,9.5491e+06,9.5491e+06,9.5491e+06,9.54871e+06,9.54871e+06,9.54871e+06,2.47705e+07,2.47705e+07,2.47705e+07,390.119,390.119,390.119,283.996,283.996,283.996
915,6.29291e+06,6.29291e+06,6.29291e+06,132887,132887,132887,138398,138398,138398,2.41894e+07,2.41894e+07,2.41894e+07,2.51916e+07,2.51916e+07,2.51916e+07,183341,183341,183341,183402,183402,183402,1.36403e+07,1.36403e+07,1.36403e+07,1.32474e+07,1.32474e+07,1.32474e+07,9.548e+06,9.548e+06,9.548e+06,9.54781e+06,9.54781e+06,9.54781e+06,2.47711e+07,2.47711e+07,2.47711e+07,390.061,390.061,390.061,283.957,283.957,283.957
916,6.29447e+06,6.29447e+06,6.29447e+06,132887,132887,132887,138398,138398,138398,2.41907e+07,2.41907e+07,2.41907e+07,2.51931e+07,2.51931e+07,2.51931e+07,183308,183308,183308,183368,183368,183368,1.36397e+07,1.36397e+07,1.36397e+07,1.32467e+07,1.32467e+07,1.32467e+07,9.54685e+06,9.54685e+06,9.54685e+06,9.54686e+06,9.54686e+06,9.54686e+06,2.47716e+07,2.47716e+07,2.47716e+07,390.015,390.015,390.015,283.924,283.924,283.924
917,6.29604e+06,6.29604e+06,6.29604e+06,132892,132892,132892,138402,138402,138402,2.4192e+07,2.4192e+07,2.4192e+07,2.51947e+07,2.51947e+07,2.51947e+07,183280,183280,183280,183337,183337,183337,1.36392e+07,1.36392e+07,1.36392e+07,1.3246e+07,1.3246e+07,1.3246e+07,9.54568e+06,9.54568e+06,9.54568e+06,9.54586e+06,9.54586e+06,9.54586e+06,2.4772e+07,2.4772e+07,2.4772e+07,389.98,389.98,389.98,283.897,283.897,283.897
918,6.29762e+06,6.29762e+06,6.29762e+06,132900,132900,132900,138409,138409,138409,2.41934e+07,2.41934e+07,2.41934e+07,2.51963e+07,2.51963e+07,2.51963e+07,183257,183257,183257,183311,183311,183311,1.36386e+07,1.36386e+07,1.36386e+07,1.32453e+07,1.32453e+07,1.32453e+07,9.5445e+06,9.5445e+06,9.5445e+06,9.54484e+06,9.54484e+06,9.54484e+06,2.47723e+07,2.47723e+07,2.47723e+07,389.957,389.957,389.957,283.877,283.877,283.877
919,6.29919e+06,6.29919e+06,6.29919e+06,132913,132913,132913,138420,138420,138420,2.41947e+07,2.41947e+07,2.41947e+07,2.51979e+07,2.51979e+07,2.51979e+07,183241,183241,183241,183290,183290,183290,1.36382e+07,1.36382e+07,1.36382e+07,1.32447e+07,1.32447e+07,1.32447e+07,9.54333e+06,9.54333e+06,9.54333e+06,9.5438e+06,9.5438e+06,9.5438e+06,2.47725e+07,2.47725e+07,2.47725e+07,389.946,389.946,389.946,283.864,283.864,283.864
920,6.30071e+06,6.30071e+06,6.30071e+06,132929,132929,132929,138433,138433,138433,2.41961e+07,2.41961e+07,2.41961e+07,2.51994e+07,2.51994e+07,2.51994e+07,183231,183231,183231,183274,183274,183274,1.36377e+07,1.36377e+07,1.36377e+07,1.32441e+07,1.32441e+07,1.32441e+07,9.54218e+06,9.54218e+06,9.54218e+06,9.54277e+06,9.54277e+06,9.54277e+06,2.47726e+07,2.47726e+07,2.47726e+07,389.948,389.948,389.948,283.858,283.858,283.858
921,6.30217e+06,6.30217e+06,6.30217e+06,132949,132949,132949,138450,138450,138450,2.41975e+07,2.41975e+07,2.41975e+07,2.5201e+07,2.5201e+07,2.5201e+07,183227,183227,183227,183264,183264,183264,1.36373e+07,1.36373e+07,1.36373e+07,1.32436e+07,1.32436e+07,1.32436e+07,9.54109e+06,9.54109e+06,9.54109e+06,9.54176e+06,9.54176e+06,9.54176e+06,2.47726e+07,2.47726e+07,2.47726e+07,389.961,389.961,389.961,283.86,283.86,283.86
922,6.30354e+06,6.30354e+06,6.30354e+06,132973,132973,132973,138470,138470,138470,2.41989e+07,2.41989e+07,2.41989e+07,2.52025e+07,2.52025e+07,2.52025e+07,183229,183229,183229,183260,183260,183260,1.3637e+07,1.3637e+07,1.3637e+07,1.32432e+07,1.32432e+07,1.32432e+07,9.54005e+06,9.54005e+06,9.54005e+06,9.54078e+06,9.54078e+06,9.54078e+06,2.47726e+07,2.47726e+07,2.47726e+07,389.987,389.987,389.987,283.87,283.87,283.87
923,6.30482e+06,6.30482e+06,6.30482e+06,132999,132999,132999,138492,138492,138492,2.42002e+07,2.42002e+07,2.42002e+07,2.5204e+07,2.5204e+07,2.5204e+07,183238,183238,183238,183261,183261,183261,1.36367e+07,1.36367e+07,1.36367e+07,1.32428e+07,1.32428e+07,1.32428e+07,9.53909e+06,9.53909e+06,9.53909e+06,9.53987e+06,9.53987e+06,9.53987e+06,2.47724e+07,2.47724e+07,2.47724e+07,390.025,390.025,390.025,283.887,283.887,283.887
924,6.30598e+06,6.30598e+06,6.30598e+06,133027,133027,133027,138517,138517,138517,2.42014e+07,2.42014e+07,2.42014e+07,2.52053e+07,2.52053e+07,2.52053e+07,183253,183253,183253,183269,183269,183269,1.36365e+07,1.36365e+07,1.36365e+07,1.32426e+07,1.32426e+07,1.32426e+07,9.53823e+06,9.53823e+06,9.53823e+06,9.53901e+06,9.53901e+06,9.53901e+06,2.47722e+07,2.47722e+07,2.47722e+07,390.073,390.073,390.073,283.912,283.912,283.912
925,6.30701e+06,6.30701e+06,6.30701e+06,133058,133058,133058,138544,138544,138544,2.42026e+07,2.42026e+07,2.42026e+07,2.52066e+07,2.52066e+07,2.52066e+07,183274,183274,183274,183283,183283,183283,1.36363e+07,1.36363e+07,1.36363e+07,1.32424e+07,1.32424e+07,1.32424e+07,9.53747e+06,9.53747e+06,9.53747e+06,9.53825e+06,9.53825e+06,9.53825e+06,2.4772e+07,2.4772e+07,2.4772e+07,390.132,390.132,390.132,283.945,283.945,283.945
926,6.30788e+06,6.30788e+06,6.30788e+06,133090,133090,133090,138573,138573,138573,2.42037e+07,2.42037e+07,2.42037e+07,2.52078e+07,2.52078e+07,2.52078e+07,183301,183301,183301,183303,183303,183303,1.36363e+07,1.36363e+07,1.36363e+07,1.32423e+07,1.32423e+07,1.32423e+07,9.53682e+06,9.53682e+06,9.53682e+06,9.53757e+06,9.53757e+06,9.53757e+06,2.47717e+07,2.47717e+07,2.47717e+07,390.2,390.2,390.2,283.984,283.984,283.984
927,6.3086e+06,6.3086e+06,6.3086e+06,133124,133124,133124,138603,138603,138603,2.42047e+07,2.42047e+07,2.42047e+07,2.52088e+07,2.52088e+07,2.52088e+07,183333,183333,183333,183328,183328,183328,1.36363e+07,1.36363e+07,1.36363e+07,1.32423e+07,1.32423e+07,1.32423e+07,9.53631e+06,9.53631e+06,9.53631e+06,9.53701e+06,9.53701e+06,9.53701e+06,2.47714e+07,2.47714e+07,2.47714e+07,390.277,390.277,390.277,284.03,284.03,284.03
928,6.30915e+06,6.30915e+06,6.30915e+06,133158,133158,133158,138634,138634,138634,2.42055e+07,2.42055e+07,2.42055e+07,2.52097e+07,2.52097e+07,2.52097e+07,183369,183369,183369,183358,183358,183358,1.36364e+07,1.36364e+07,1.36364e+07,1.32424e+07,1.32424e+07,1.32424e+07,9.53592e+06,9.53592e+06,9.53592e+06,9.53656e+06,9.53656e+06,9.53656e+06,2.4771e+07,2.4771e+07,2.4771e+07,390.361,390.361,390.361,284.081,284.081,284.081
929,6.30952e+06,6.30952e+06,6.30952e+06,133193,133193,133193,138665,138665,138665,2.42063e+07,2.42063e+07,2.42063e+07,2.52105e+07,2.52105e+07,2.52105e+07,183411,183411,183411,183394,183394,183394,1.36366e+07,1.36366e+07,1.36366e+07,1.32426e+07,1.32426e+07,1.32426e+07,9.53568e+06,9.53568e+06,9.53568e+06,9.53624e+06,9.53624e+06,9.53624e+06,2.47706e+07,2.47706e+07,2.47706e+07,390.452,390.452,390.452,284.138,284.138,284.138
930,6.30971e+06,6.30971e+06,6.30971e+06,133227,133227,133227,138697,138697,138697,2.42069e+07,2.42069e+07,2.42069e+07,2.52111e+07,2.52111e+07,2.52111e+07,183456,183456,183456,183433,183433,183433,1.36369e+07,1.36369e+07,1.36369e+07,1.32429e+07,1.32429e+07,1.32429e+07,9.53559e+06,9.53559e+06,9.53559e+06,9.53605e+06,9.53605e+06,9.53605e+06,2.47703e+07,2.47703e+07,2.47703e+07,390.548,390.548,390.548,284.199,284.199,284.199
931,6.30972e+06,6.30972e+06,6.30972e+06,133261,133261,133261,138728,138728,138728,2.42074e+07,2.42074e+07,2.42074e+07,2.52116e+07,2.52116e+07,2.52116e+07,183504,183504,183504,183476,183476,183476,1.36373e+07,1.36373e+07,1.36373e+07,1.32432e+07,1.32432e+07,1.32432e+07,9.53564e+06,9.53564e+06,9.53564e+06,9.536e+06,9.536e+06,9.536e+06,2.47699e+07,2.47699e+07,2.47699e+07,390.648,390.648,390.648,284.263,284.263,284.263
932,6.30955e+06,6.30955e+06,6.30955e+06,133294,133294,133294,138758,138758,138758,2.42078e+07,2.42078e+07,2.42078e+07,2.52119e+07,2.52119e+07,2.52119e+07,183555,183555,183555,183523,183523,183523,1.36377e+07,1.36377e+07,1.36377e+07,1.32437e+07,1.32437e+07,1.32437e+07,9.53583e+06,9.53583e+06,9.53583e+06,9.53609e+06,9.53609e+06,9.53609e+06,2.47696e+07,2.47696e+07,2.47696e+07,390.75,390.75,390.75,284.33,284.33,284.33
933,6.3092e+06,6.3092e+06,6.3092e+06,133325,133325,133325,138787,138787,138787,2.4208e+07,2.4208e+07,2.4208e+07,2.52121e+07,2.52121e+07,2.52121e+07,183608,183608,183608,183571,183571,183571,1.36382e+07,1.36382e+07,1.36382e+07,1.32443e+07,1.32443e+07,1.32443e+07,9.53618e+06,9.53618e+06,9.53618e+06,9.53631e+06,9.53631e+06,9.53631e+06,2.47693e+07,2.47693e+07,2.47693e+07,390.853,390.853,390.853,284.398,284.398,284.398
934,6.30869e+06,6.30869e+06,6.30869e+06,133354,133354,133354,138814,138814,138814,2.42081e+07,2.42081e+07,2.42081e+07,2.52121e+07,2.52121e+07,2.52121e+07,183662,183662,183662,183622,183622,183622,1.36388e+07,1.36388e+07,1.36388e+07,1.32449e+07,1.32449e+07,1.32449e+07,9.53666e+06,9.53666e+06,9.53666e+06,9.53667e+06,9.53667e+06,9.53667e+06,2.47691e+07,2.47691e+07,2.47691e+07,390.956,390.956,390.956,284.466,284.466,284.466
935,6.308e+06,6.308e+06,6.308e+06,133381,133381,133381,138839,138839,138839,2.4208e+07,2.4208e+07,2.4208e+07,2.5212e+07,2.5212e+07,2.5212e+07,183716,183716,183716,183673,183673,183673,1.36394e+07,1.36394e+07,1.36394e+07,1.32456e+07,1.32456e+07,1.32456e+07,9.53729e+06,9.53729e+06,9.53729e+06,9.53717e+06,9.53717e+06,9.53717e+06,2.47689e+07,2.47689e+07,2.47689e+07,391.058,391.058,391.058,284.534,284.534,284.534
936,6.30717e+06,6.30717e+06,6.30717e+06,133405,133405,133405,138862,138862,138862,2.42078e+07,2.42078e+07,2.42078e+07,2.52117e+07,2.52117e+07,2.52117e+07,183771,183771,183771,183724,183724,183724,1.36401e+07,1.36401e+07,1.36401e+07,1.32463e+07,1.32463e+07,1.32463e+07,9.53804e+06,9.53804e+06,9.53804e+06,9.53779e+06,9.53779e+06,9.53779e+06,2.47688e+07,2.47688e+07,2.47688e+07,391.157,391.157,391.157,284.601,284.601,284.601
937,6.3062e+06,6.3062e+06,6.3062e+06,133426,133426,133426,138881,138881,138881,2.42075e+07,2.42075e+07,2.42075e+07,2.52113e+07,2.52113e+07,2.52113e+07,183824,183824,183824,183775,183775,183775,1.36409e+07,1.36409e+07,1.36409e+07,1.32471e+07,1.32471e+07,1.32471e+07,9.53891e+06,9.53891e+06,9.53891e+06,9.53854e+06,9.53854e+06,9.53854e+06,2.47687e+07,2.47687e+07,2.47687e+07,391.252,391.252,391.252,284.665,284.665,284.665
938,6.30511e+06,6.30511e+06,6.30511e+06,133444,133444,133444,138898,138898,138898,2.42071e+07,2.42071e+07,2.42071e+07,2.52108e+07,2.52108e+07,2.52108e+07,183876,183876,183876,183825,183825,183825,1.36417e+07,1.36417e+07,1.36417e+07,1.3248e+07,1.3248e+07,1.3248e+07,9.53989e+06,9.53989e+06,9.53989e+06,9.53939e+06,9.53939e+06,9.53939e+06,2.47688e+07,2.47688e+07,2.47688e+07,391.341,391.341,391.341,284.725,284.725,284.725
939,6.30392e+06,6.30392e+06,6.30392e+06,133459,133459,133459,138911,138911,138911,2.42066e+07,2.42066e+07,2.42066e+07,2.52102e+07,2.52102e+07,2.52102e+07,183926,183926,183926,183872,183872,183872,1.36425e+07,1.36425e+07,1.36425e+07,1.32489e+07,1.32489e+07,1.32489e+07,9.54097e+06,9.54097e+06,9.54097e+06,9.54034e+06,9.54034e+06,9.54034e+06,2.47689e+07,2.47689e+07,2.47689e+07,391.424,391.424,391.424,284.781,284.781,284.781
940,6.30263e+06,6.30263e+06,6.30263e+06,133470,133470,133470,138921,138921,138921,2.4206e+07,2.4206e+07,2.4206e+07,2.52095e+07,2.52095e+07,2.52095e+07,183973,183973,183973,183917,183917,183917,1.36433e+07,1.36433e+07,1.36433e+07,1.32498e+07,1.32498e+07,1.32498e+07,9.54213e+06,9.54213e+06,9.54213e+06,9.54137e+06,9.54137e+06,9.54137e+06,2.47691e+07,2.47691e+07,2.47691e+07,391.5,391.5,391.5,284.832,284.832,284.832
941,6.30128e+06,6.30128e+06,6.30128e+06,133478,133478,133478,138927,138927,138927,2.42053e+07,2.42053e+07,2.42053e+07,2.52087e+07,2.52087e+07,2.52087e+07,184016,184016,184016,183958,183958,183958,1.36442e+07,1.36442e+07,1.36442e+07,1.32507e+07,1.32507e+07,1.32507e+07,9.54336e+06,9.54336e+06,9.54336e+06,9.54247e+06,9.54247e+06,9.54247e+06,2.47694e+07,2.47694e+07,2.47694e+07,391.567,391.567,391.567,284.876,284.876,284.876
942,6.29989e+06,6.29989e+06,6.29989e+06,133481,133481,133481,138929,138929,138929,2.42046e+07,2.42046e+07,2.42046e+07,2.52078e+07,2.52078e+07,2.52078e+07,184055,184055,184055,183996,183996,183996,1.3645e+07,1.3645e+07,1.3645e+07,1.32516e+07,1.32516e+07,1.32516e+07,9.54465e+06,9.54465e+06,9.54465e+06,9.54363e+06,9.54363e+06,9.54363e+06,2.47698e+07,2.47698e+07,2.47698e+07,391.624,391.624,391.624,284.915,284.915,284.915
943,6.29847e+06,6.29847e+06,6.29847e+06,133481,133481,133481,138927,138927,138927,2.42038e+07,2.42038e+07,2.42038e+07,2.52069e+07,2.52069e+07,2.52069e+07,184089,184089,184089,184029,184029,184029,1.36458e+07,1.36458e+07,1.36458e+07,1.32525e+07,1.32525e+07,1.32525e+07,9.54597e+06,9.54597e+06,9.54597e+06,9.54483e+06,9.54483e+06,9.54483e+06,2.47703e+07,2.47703e+07,2.47703e+07,391.672,391.672,391.672,284.946,284.946,284.946
944,6.29704e+06,6.29704e+06,6.29704e+06,133478,133478,133478,138922,138922,138922,2.42029e+07,2.42029e+07,2.42029e+07,2.52059e+07,2.52059e+07,2.52059e+07,184118,184118,184118,184057,184057,184057,1.36466e+07,1.36466e+07,1.36466e+07,1.32534e+07,1.32534e+07,1.32534e+07,9.54731e+06,9.54731e+06,9.54731e+06,9.54605e+06,9.54605e+06,9.54605e+06,2.47709e+07,2.47709e+07,2.47709e+07,391.708,391.708,391.708,284.97,284.97,284.97
945,6.29564e+06,6.29564e+06,6.29564e+06,133470,133470,133470,138913,138913,138913,2.42021e+07,2.42021e+07,2.42021e+07,2.52049e+07,2.52049e+07,2.52049e+07,184142,184142,184142,184080,184080,184080,1.36474e+07,1.36474e+07,1.36474e+07,1.32542e+07,1.32542e+07,1.32542e+07,9.54865e+06,9.54865e+06,9.54865e+06,9.54728e+06,9.54728e+06,9.54728e+06,2.47716e+07,2.47716e+07,2.47716e+07,391.734,391.734,391.734,284.986,284.986,284.986
946,6.29428e+06,6.29428e+06,6.29428e+06,133459,133459,133459,138901,138901,138901,2.42013e+07,2.42013e+07,2.42013e+07,2.52039e+07,2.52039e+07,2.52039e+07,184159,184159,184159,184097,184097,184097,1.36481e+07,1.36481e+07,1.36481e+07,1.3255e+07,1.3255e+07,1.3255e+07,9.54998e+06,9.54998e+06,9.54998e+06,9.5485e+06,9.5485e+06,9.5485e+06,2.47724e+07,2.47724e+07,2.47724e+07,391.748,391.748,391.748,284.994,284.994,284.994
947,6.29298e+06,6.29298e+06,6.29298e+06,133445,133445,133445,138885,138885,138885,2.42005e+07,2.42005e+07,2.42005e+07,2.5203e+07,2.5203e+07,2.5203e+07,184171,184171,184171,184108,184108,184108,1.36487e+07,1.36487e+07,1.36487e+07,1.32558e+07,1.32558e+07,1.32558e+07,9.55127e+06,9.55127e+06,9.55127e+06,9.54969e+06,9.54969e+06,9.54969e+06,2.47733e+07,2.47733e+07,2.47733e+07,391.75,391.75,391.75,284.995,284.995,284.995
948,6.29176e+06,6.29176e+06,6.29176e+06,133427,133427,133427,138867,138867,138867,2.41997e+07,2.41997e+07,2.41997e+07,2.52021e+07,2.52021e+07,2.52021e+07,184176,184176,184176,184114,184114,184114,1.36493e+07,1.36493e+07,1.36493e+07,1.32565e+07,1.32565e+07,1.32565e+07,9.55252e+06,9.55252e+06,9.55252e+06,9.55084e+06,9.55084e+06,9.55084e+06,2.47742e+07,2.47742e+07,2.47742e+07,391.741,391.741,391.741,284.988,284.988,284.988
949,6.29064e+06,6.29064e+06,6.29064e+06,133407,133407,133407,138846,138846,138846,2.4199e+07,2.4199e+07,2.4199e+07,2.52012e+07,2.52012e+07,2.52012e+07,184175,184175,184175,184114,184114,184114,1.36499e+07,1.36499e+07,1.36499e+07,1.32571e+07,1.32571e+07,1.32571e+07,9.55369e+06,9.55369e+06,9.55369e+06,9.55193e+06,9.55193e+06,9.55193e+06,2.47752e+07,2.47752e+07,2.47752e+07,391.72,391.72,391.72,284.973,284.973,284.973
950,6.28964e+06,6.28964e+06,6.28964e+06,133383,133383,133383,138822,138822,138822,2.41983e+07,2.41983e+07,2.41983e+07,2.52004e+07,2.52004e+07,2.52004e+07,184167,184167,184167,184109,184109,184109,1.36503e+07,1.36503e+07,1.36503e+07,1.32576e+07,1.32576e+07,1.32576e+07,9.55479e+06,9.55479e+06,9.55479e+06,9.55295e+06,9.55295e+06,9.55295e+06,2.47763e+07,2.47763e+07,2.47763e+07,391.687,391.687,391.687,284.951,284.951,284.951
951,6.28878e+06,6.28878e+06,6.28878e+06,133358,133358,133358,138797,138797,138797,2.41978e+07,2.41978e+07,2.41978e+07,2.51998e+07,2.51998e+07,2.51998e+07,184153,184153,184153,184097,184097,184097,1.36507e+07,1.36507e+07,1.36507e+07,1.32581e+07,1.32581e+07,1.32581e+07,9.55579e+06,9.55579e+06,9.55579e+06,9.55388e+06,9.55388e+06,9.55388e+06,2.47775e+07,2.47775e+07,2.47775e+07,391.644,391.644,391.644,284.922,284.922,284.922
952,6.28806e+06,6.28806e+06,6.28806e+06,133331,133331,133331,138771,138771,138771,2.41973e+07,2.41973e+07,2.41973e+07,2.51992e+07,2.51992e+07,2.51992e+07,184133,184133,184133,184081,184081,184081,1.3651e+07,1.3651e+07,1.3651e+07,1.32585e+07,1.32585e+07,1.32585e+07,9.55668e+06,9.55668e+06,9.55668e+06,9.55472e+06,9.55472e+06,9.55472e+06,2.47787e+07,2.47787e+07,2.47787e+07,391.591,391.591,391.591,284.887,284.887,284.887
953,6.2875e+06,6.2875e+06,6.2875e+06,133302,133302,133302,138744,138744,138744,2.4197e+07,2.4197e+07,2.4197e+07,2.51987e+07,2.51987e+07,2.51987e+07,184107,184107,184107,184059,184059,184059,1.36512e+07,1.36512e+07,1.36512e+07,1.32588e+07,1.32588e+07,1.32588e+07,9.55745e+06,9.55745e+06,9.55745e+06,9.55545e+06,9.55545e+06,9.55545e+06,2.47799e+07,2.47799e+07,2.47799e+07,391.527,391.527,391.527,284.846,284.846,284.846
954,6.28711e+06,6.28711e+06,6.28711e+06,133272,133272,133272,138716,138716,138716,2.41967e+07,2.41967e+07,2.41967e+07,2.51984e+07,2.51984e+07,2.51984e+07,184076,184076,184076,184033,184033,184033,1.36514e+07,1.36514e+07,1.36514e+07,1.3259e+07,1.3259e+07,1.3259e+07,9.55809e+06,9.55809e+06,9.55809e+06,9.55607e+06,9.55607e+06,9.55607e+06,2.47811e+07,2.47811e+07,2.47811e+07,391.456,391.456,391.456,284.801,284.801,284.801
955,6.2869e+06,6.2869e+06,6.2869e+06,133241,133241,133241,138688,138688,138688,2.41966e+07,2.41966e+07,2.41966e+07,2.51982e+07,2.51982e+07,2.51982e+07,184040,184040,184040,184003,184003,184003,1.36514e+07,1.36514e+07,1.36514e+07,1.32591e+07,1.32591e+07,1.32591e+07,9.55859e+06,9.55859e+06,9.55859e+06,9.55656e+06,9.55656e+06,9.55656e+06,2.47824e+07,2.47824e+07,2.47824e+07,391.377,391.377,391.377,284.751,284.751,284.751
956,6.28686e+06,6.28686e+06,6.28686e+06,133210,133210,133210,138660,138660,138660,2.41966e+07,2.41966e+07,2.41966e+07,2.51981e+07,2.51981e+07,2.51981e+07,183999,183999,183999,183969,183969,183969,1.36514e+07,1.36514e+07,1.36514e+07,1.32591e+07,1.32591e+07,1.32591e+07,9.55894e+06,9.55894e+06,9.55894e+06,9.55693e+06,9.55693e+06,9.55693e+06,2.47836e+07,2.47836e+07,2.47836e+07,391.291,391.291,391.291,284.698,284.698,284.698
957,6.28701e+06,6.28701e+06,6.28701e+06,133180,133180,133180,138633,138633,138633,2.41968e+07,2.41968e+07,2.41968e+07,2.51982e+07,2.51982e+07,2.51982e+07,183955,183955,183955,183931,183931,183931,1.36513e+07,1.36513e+07,1.36513e+07,1.32591e+07,1.32591e+07,1.32591e+07,9.55915e+06,9.55915e+06,9.55915e+06,9.55717e+06,9.55717e+06,9.55717e+06,2.47849e+07,2.47849e+07,2.47849e+07,391.2,391.2,391.2,284.643,284.643,284.643
958,6.28734e+06,6.28734e+06,6.28734e+06,133150,133150,133150,138608,138608,138608,2.41971e+07,2.41971e+07,2.41971e+07,2.51985e+07,2.51985e+07,2.51985e+07,183907,183907,183907,183892,183892,183892,1.36511e+07,1.36511e+07,1.36511e+07,1.32589e+07,1.32589e+07,1.32589e+07,9.5592e+06,9.5592e+06,9.5592e+06,9.55728e+06,9.55728e+06,9.55728e+06,2.47861e+07,2.47861e+07,2.47861e+07,391.106,391.106,391.106,284.586,284.586,284.586
959,6.28784e+06,6.28784e+06,6.28784e+06,133121,133121,133121,138584,138584,138584,2.41975e+07,2.41975e+07,2.41975e+07,2.51989e+07,2.51989e+07,2.51989e+07,183857,183857,183857,183850,183850,183850,1.36509e+07,1.36509e+07,1.36509e+07,1.32587e+07,1.32587e+07,1.32587e+07,9.5591e+06,9.5591e+06,9.5591e+06,9.55726e+06,9.55726e+06,9.55726e+06,2.47873e+07,2.47873e+07,2.47873e+07,391.009,391.009,391.009,284.528,284.528,284.528
960,6.28852e+06,6.28852e+06,6.28852e+06,133093,133093,133093,138562,138562,138562,2.41981e+07,2.41981e+07,2.41981e+07,2.51995e+07,2.51995e+07,2.51995e+07,183805,183805,183805,183807,183807,183807,1.36506e+07,1.36506e+07,1.36506e+07,1.32584e+07,1.32584e+07,1.32584e+07,9.55886e+06,9.55886e+06,9.55886e+06,9.55712e+06,9.55712e+06,9.55712e+06,2.47884e+07,2.47884e+07,2.47884e+07,390.912,390.912,390.912,284.47,284.47,284.47
961,6.28936e+06,6.28936e+06,6.28936e+06,133068,133068,133068,138543,138543,138543,2.41988e+07,2.41988e+07,2.41988e+07,2.52003e+07,2.52003e+07,2.52003e+07,183753,183753,183753,183763,183763,183763,1.36503e+07,1.36503e+07,1.36503e+07,1.3258e+07,1.3258e+07,1.3258e+07,9.55847e+06,9.55847e+06,9.55847e+06,9.55685e+06,9.55685e+06,9.55685e+06,2.47895e+07,2.47895e+07,2.47895e+07,390.815,390.815,390.815,284.413,284.413,284.413
962,6.29035e+06,6.29035e+06,6.29035e+06,133046,133046,133046,138526,138526,138526,2.41996e+07,2.41996e+07,2.41996e+07,2.52012e+07,2.52012e+07,2.52012e+07,183700,183700,183700,183719,183719,183719,1.36499e+07,1.36499e+07,1.36499e+07,1.32575e+07,1.32575e+07,1.32575e+07,9.55794e+06,9.55794e+06,9.55794e+06,9.55646e+06,9.55646e+06,9.55646e+06,2.47905e+07,2.47905e+07,2.47905e+07,390.72,390.72,390.72,284.359,284.359,284.359
963,6.29149e+06,6.29149e+06,6.29149e+06,133026,133026,133026,138512,138512,138512,2.42005e+07,2.42005e+07,2.42005e+07,2.52023e+07,2.52023e+07,2.52023e+07,183648,183648,183648,183676,183676,183676,1.36494e+07,1.36494e+07,1.36494e+07,1.3257e+07,1.3257e+07,1.3257e+07,9.55729e+06,9.55729e+06,9.55729e+06,9.55597e+06,9.55597e+06,9.55597e+06,2.47914e+07,2.47914e+07,2.47914e+07,390.63,390.63,390.63,284.306,284.306,284.306
964,6.29274e+06,6.29274e+06,6.29274e+06,133009,133009,133009,138501,138501,138501,2.42016e+07,2.42016e+07,2.42016e+07,2.52034e+07,2.52034e+07,2.52034e+07,183598,183598,183598,183633,183633,183633,1.3649e+07,1.3649e+07,1.3649e+07,1.32565e+07,1.32565e+07,1.32565e+07,9.55652e+06,9.55652e+06,9.55652e+06,9.55537e+06,9.55537e+06,9.55537e+06,2.47923e+07,2.47923e+07,2.47923e+07,390.544,390.544,390.544,284.258,284.258,284.258
965,6.29411e+06,6.29411e+06,6.29411e+06,132996,132996,132996,138493,138493,138493,2.42027e+07,2.42027e+07,2.42027e+07,2.52048e+07,2.52048e+07,2.52048e+07,183551,183551,183551,183593,183593,183593,1.36485e+07,1.36485e+07,1.36485e+07,1.32559e+07,1.32559e+07,1.32559e+07,9.55565e+06,9.55565e+06,9.55565e+06,9.55468e+06,9.55468e+06,9.55468e+06,2.4793e+07,2.4793e+07,2.4793e+07,390.465,390.465,390.465,284.213,284.213,284.213
966,6.29556e+06,6.29556e+06,6.29556e+06,132986,132986,132986,138489,138489,138489,2.42039e+07,2.42039e+07,2.42039e+07,2.52062e+07,2.52062e+07,2.52062e+07,183506,183506,183506,183555,183555,183555,1.3648e+07,1.3648e+07,1.3648e+07,1.32553e+07,1.32553e+07,1.32553e+07,9.55469e+06,9.55469e+06,9.55469e+06,9.55392e+06,9.55392e+06,9.55392e+06,2.47937e+07,2.47937e+07,2.47937e+07,390.395,390.395,390.395,284.173,284.173,284.173
967,6.29708e+06,6.29708e+06,6.29708e+06,132981,132981,132981,138488,138488,138488,2.42052e+07,2.42052e+07,2.42052e+07,2.52077e+07,2.52077e+07,2.52077e+07,183466,183466,183466,183520,183520,183520,1.36475e+07,1.36475e+07,1.36475e+07,1.32547e+07,1.32547e+07,1.32547e+07,9.55366e+06,9.55366e+06,9.55366e+06,9.55309e+06,9.55309e+06,9.55309e+06,2.47943e+07,2.47943e+07,2.47943e+07,390.333,390.333,390.333,284.138,284.138,284.138
968,6.29866e+06,6.29866e+06,6.29866e+06,132979,132979,132979,138491,138491,138491,2.42066e+07,2.42066e+07,2.42066e+07,2.52093e+07,2.52093e+07,2.52093e+07,183430,183430,183430,183488,183488,183488,1.3647e+07,1.3647e+07,1.3647e+07,1.3254e+07,1.3254e+07,1.3254e+07,9.55258e+06,9.55258e+06,9.55258e+06,9.55221e+06,9.55221e+06,9.55221e+06,2.47948e+07,2.47948e+07,2.47948e+07,390.281,390.281,390.281,284.11,284.11,284.11
969,6.30026e+06,6.30026e+06,6.30026e+06,132982,132982,132982,138497,138497,138497,2.4208e+07,2.4208e+07,2.4208e+07,2.5211e+07,2.5211e+07,2.5211e+07,183399,183399,183399,183461,183461,183461,1.36466e+07,1.36466e+07,1.36466e+07,1.32534e+07,1.32534e+07,1.32534e+07,9.55145e+06,9.55145e+06,9.55145e+06,9.55129e+06,9.55129e+06,9.55129e+06,2.47952e+07,2.47952e+07,2.47952e+07,390.241,390.241,390.241,284.087,284.087,284.087
970,6.30186e+06,6.30186e+06,6.30186e+06,132988,132988,132988,138506,138506,138506,2.42095e+07,2.42095e+07,2.42095e+07,2.52127e+07,2.52127e+07,2.52127e+07,183375,183375,183375,183438,183438,183438,1.36461e+07,1.36461e+07,1.36461e+07,1.32528e+07,1.32528e+07,1.32528e+07,9.55031e+06,9.55031e+06,9.55031e+06,9.55035e+06,9.55035e+06,9.55035e+06,2.47955e+07,2.47955e+07,2.47955e+07,390.213,390.213,390.213,284.072,284.072,284.072
971,6.30345e+06,6.30345e+06,6.30345e+06,132999,132999,132999,138518,138518,138518,2.42109e+07,2.42109e+07,2.42109e+07,2.52144e+07,2.52144e+07,2.52144e+07,183356,183356,183356,183419,183419,183419,1.36458e+07,1.36458e+07,1.36458e+07,1.32523e+07,1.32523e+07,1.32523e+07,9.54917e+06,9.54917e+06,9.54917e+06,9.5494e+06,9.5494e+06,9.5494e+06,2.47956e+07,2.47956e+07,2.47956e+07,390.197,390.197,390.197,284.063,284.063,284.063
972,6.30501e+06,6.30501e+06,6.30501e+06,133014,133014,133014,138534,138534,138534,2.42124e+07,2.42124e+07,2.42124e+07,2.52161e+07,2.52161e+07,2.52161e+07,183344,183344,183344,183405,183405,183405,1.36454e+07,1.36454e+07,1.36454e+07,1.32518e+07,1.32518e+07,1.32518e+07,9.54805e+06,9.54805e+06,9.54805e+06,9.54845e+06,9.54845e+06,9.54845e+06,2.47957e+07,2.47957e+07,2.47957e+07,390.193,390.193,390.193,284.061,284.061,284.061
973,6.3065e+06,6.3065e+06,6.3065e+06,133033,133033,133033,138552,138552,138552,2.42138e+07,2.42138e+07,2.42138e+07,2.52178e+07,2.52178e+07,2.52178e+07,183338,183338,183338,183397,183397,183397,1.36451e+07,1.36451e+07,1.36451e+07,1.32513e+07,1.32513e+07,1.32513e+07,9.54697e+06,9.54697e+06,9.54697e+06,9.54753e+06,9.54753e+06,9.54753e+06,2.47957e+07,2.47957e+07,2.47957e+07,390.203,390.203,390.203,284.066,284.066,284.066
974,6.30792e+06,6.30792e+06,6.30792e+06,133055,133055,133055,138573,138573,138573,2.42153e+07,2.42153e+07,2.42153e+07,2.52194e+07,2.52194e+07,2.52194e+07,183339,183339,183339,183394,183394,183394,1.36449e+07,1.36449e+07,1.36449e+07,1.32509e+07,1.32509e+07,1.32509e+07,9.54595e+06,9.54595e+06,9.54595e+06,9.54665e+06,9.54665e+06,9.54665e+06,2.47957e+07,2.47957e+07,2.47957e+07,390.226,390.226,390.226,284.079,284.079,284.079
975,6.30923e+06,6.30923e+06,6.30923e+06,133081,133081,133081,138597,138597,138597,2.42166e+07,2.42166e+07,2.42166e+07,2.5221e+07,2.5221e+07,2.5221e+07,183347,183347,183347,183397,183397,183397,1.36447e+07,1.36447e+07,1.36447e+07,1.32506e+07,1.32506e+07,1.32506e+07,9.545e+06,9.545e+06,9.545e+06,9.54581e+06,9.54581e+06,9.54581e+06,2.47955e+07,2.47955e+07,2.47955e+07,390.261,390.261,390.261,284.098,284.098,284.098
976,6.31043e+06,6.31043e+06,6.31043e+06,133109,133109,133109,138622,138622,138622,2.4218e+07,2.4218e+07,2.4218e+07,2.52226e+07,2.52226e+07,2.52226e+07,183362,183362,183362,183405,183405,183405,1.36446e+07,1.36446e+07,1.36446e+07,1.32504e+07,1.32504e+07,1.32504e+07,9.54414e+06,9.54414e+06,9.54414e+06,9.54505e+06,9.54505e+06,9.54505e+06,2.47953e+07,2.47953e+07,2.47953e+07,390.309,390.309,390.309,284.125,284.125,284.125
977,6.3115e+06,6.3115e+06,6.3115e+06,133140,133140,133140,138650,138650,138650,2.42192e+07,2.42192e+07,2.42192e+07,2.5224e+07,2.5224e+07,2.5224e+07,183384,183384,183384,183419,183419,183419,1.36446e+07,1.36446e+07,1.36446e+07,1.32502e+07,1.32502e+07,1.32502e+07,9.54338e+06,9.54338e+06,9.54338e+06,9.54436e+06,9.54436e+06,9.54436e+06,2.47951e+07,2.47951e+07,2.47951e+07,390.368,390.368,390.368,284.158,284.158,284.158
978,6.31242e+06,6.31242e+06,6.31242e+06,133174,133174,133174,138678,138678,138678,2.42204e+07,2.42204e+07,2.42204e+07,2.52253e+07,2.52253e+07,2.52253e+07,183411,183411,183411,183437,183437,183437,1.36446e+07,1.36446e+07,1.36446e+07,1.32502e+07,1.32502e+07,1.32502e+07,9.54275e+06,9.54275e+06,9.54275e+06,9.54376e+06,9.54376e+06,9.54376e+06,2.47947e+07,2.47947e+07,2.47947e+07,390.438,390.438,390.438,284.197,284.197,284.197
979,6.31319e+06,6.31319e+06,6.31319e+06,133209,133209,133209,138708,138708,138708,2.42214e+07,2.42214e+07,2.42214e+07,2.52265e+07,2.52265e+07,2.52265e+07,183445,183445,183445,183462,183462,183462,1.36447e+07,1.36447e+07,1.36447e+07,1.32502e+07,1.32502e+07,1.32502e+07,9.54224e+06,9.54224e+06,9.54224e+06,9.54326e+06,9.54326e+06,9.54326e+06,2.47944e+07,2.47944e+07,2.47944e+07,390.518,390.518,390.518,284.242,284.242,284.242
980,6.31378e+06,6.31378e+06,6.31378e+06,133245,133245,133245,138739,138739,138739,2.42224e+07,2.42224e+07,2.42224e+07,2.52276e+07,2.52276e+07,2.52276e+07,183483,183483,183483,183491,183491,183491,1.36449e+07,1.36449e+07,1.36449e+07,1.32504e+07,1.32504e+07,1.32504e+07,9.54188e+06,9.54188e+06,9.54188e+06,9.54287e+06,9.54287e+06,9.54287e+06,2.4794e+07,2.4794e+07,2.4794e+07,390.606,390.606,390.606,284.291,284.291,284.291
981,6.3142e+06,6.3142e+06,6.3142e+06,133281,133281,133281,138769,138769,138769,2.42232e+07,2.42232e+07,2.42232e+07,2.52285e+07,2.52285e+07,2.52285e+07,183527,183527,183527,183524,183524,183524,1.36452e+07,1.36452e+07,1.36452e+07,1.32506e+07,1.32506e+07,1.32506e+07,9.54166e+06,9.54166e+06,9.54166e+06,9.5426e+06,9.5426e+06,9.5426e+06,2.47936e+07,2.47936e+07,2.47936e+07,390.702,390.702,390.702,284.346,284.346,284.346
982,6.31444e+06,6.31444e+06,6.31444e+06,133318,133318,133318,138800,138800,138800,2.4224e+07,2.4224e+07,2.4224e+07,2.52293e+07,2.52293e+07,2.52293e+07,183575,183575,183575,183562,183562,183562,1.36456e+07,1.36456e+07,1.36456e+07,1.3251e+07,1.3251e+07,1.3251e+07,9.54159e+06,9.54159e+06,9.54159e+06,9.54245e+06,9.54245e+06,9.54245e+06,2.47932e+07,2.47932e+07,2.47932e+07,390.803,390.803,390.803,284.404,284.404,284.404
983,6.3145e+06,6.3145e+06,6.3145e+06,133354,133354,133354,138830,138830,138830,2.42246e+07,2.42246e+07,2.42246e+07,2.52299e+07,2.52299e+07,2.52299e+07,183626,183626,183626,183603,183603,183603,1.3646e+07,1.3646e+07,1.3646e+07,1.32514e+07,1.32514e+07,1.32514e+07,9.54167e+06,9.54167e+06,9.54167e+06,9.54243e+06,9.54243e+06,9.54243e+06,2.47929e+07,2.47929e+07,2.47929e+07,390.91,390.91,390.91,284.466,284.466,284.466
984,6.31437e+06,6.31437e+06,6.31437e+06,133389,133389,133389,138859,138859,138859,2.4225e+07,2.4225e+07,2.4225e+07,2.52303e+07,2.52303e+07,2.52303e+07,183680,183680,183680,183647,183647,183647,1.36465e+07,1.36465e+07,1.36465e+07,1.3252e+07,1.3252e+07,1.3252e+07,9.54192e+06,9.54192e+06,9.54192e+06,9.54254e+06,9.54254e+06,9.54254e+06,2.47925e+07,2.47925e+07,2.47925e+07,391.019,391.019,391.019,284.53,284.53,284.53
985,6.31407e+06,6.31407e+06,6.31407e+06,133423,133423,133423,138887,138887,138887,2.42254e+07,2.42254e+07,2.42254e+07,2.52306e+07,2.52306e+07,2.52306e+07,183736,183736,183736,183694,183694,183694,1.36471e+07,1.36471e+07,1.36471e+07,1.32526e+07,1.32526e+07,1.32526e+07,9.54231e+06,9.54231e+06,9.54231e+06,9.54279e+06,9.54279e+06,9.54279e+06,2.47922e+07,2.47922e+07,2.47922e+07,391.129,391.129,391.129,284.595,284.595,284.595
986,6.31359e+06,6.31359e+06,6.31359e+06,133455,133455,133455,138913,138913,138913,2.42256e+07,2.42256e+07,2.42256e+07,2.52307e+07,2.52307e+07,2.52307e+07,183793,183793,183793,183743,183743,183743,1.36478e+07,1.36478e+07,1.36478e+07,1.32533e+07,1.32533e+07,1.32533e+07,9.54285e+06,9.54285e+06,9.54285e+06,9.54316e+06,9.54316e+06,9.54316e+06,2.47919e+07,2.47919e+07,2.47919e+07,391.24,391.24,391.24,284.662,284.662,284.662
987,6.31296e+06,6.31296e+06,6.31296e+06,133484,133484,133484,138938,138938,138938,2.42256e+07,2.42256e+07,2.42256e+07,2.52307e+07,2.52307e+07,2.52307e+07,183851,183851,183851,183793,183793,183793,1.36485e+07,1.36485e+07,1.36485e+07,1.32541e+07,1.32541e+07,1.32541e+07,9.54354e+06,9.54354e+06,9.54354e+06,9.54367e+06,9.54367e+06,9.54367e+06,2.47917e+07,2.47917e+07,2.47917e+07,391.348,391.348,391.348,284.728,284.728,284.728
988,6.31216e+06,6.31216e+06,6.31216e+06,133511,133511,133511,138960,138960,138960,2.42256e+07,2.42256e+07,2.42256e+07,2.52305e+07,2.52305e+07,2.52305e+07,183908,183908,183908,183844,183844,183844,1.36492e+07,1.36492e+07,1.36492e+07,1.32549e+07,1.32549e+07,1.32549e+07,9.54436e+06,9.54436e+06,9.54436e+06,9.54429e+06,9.54429e+06,9.54429e+06,2.47915e+07,2.47915e+07,2.47915e+07,391.454,391.454,391.454,284.793,284.793,284.793
989,6.31123e+06,6.31123e+06,6.31123e+06,133534,133534,133534,138979,138979,138979,2.42254e+07,2.42254e+07,2.42254e+07,2.52302e+07,2.52302e+07,2.52302e+07,183964,183964,183964,183894,183894,183894,1.365e+07,1.365e+07,1.365e+07,1.32558e+07,1.32558e+07,1.32558e+07,9.54531e+06,9.54531e+06,9.54531e+06,9.54504e+06,9.54504e+06,9.54504e+06,2.47914e+07,2.47914e+07,2.47914e+07,391.555,391.555,391.555,284.856,284.856,284.856
990,6.31017e+06,6.31017e+06,6.31017e+06,133554,133554,133554,138996,138996,138996,2.42251e+07,2.42251e+07,2.42251e+07,2.52297e+07,2.52297e+07,2.52297e+07,184018,184018,184018,183944,183944,183944,1.36509e+07,1.36509e+07,1.36509e+07,1.32568e+07,1.32568e+07,1.32568e+07,9.54636e+06,9.54636e+06,9.54636e+06,9.54589e+06,9.54589e+06,9.54589e+06,2.47914e+07,2.47914e+07,2.47914e+07,391.649,391.649,391.649,284.916,284.916,284.916
991,6.30901e+06,6.30901e+06,6.30901e+06,133571,133571,133571,139010,139010,139010,2.42247e+07,2.42247e+07,2.42247e+07,2.52292e+07,2.52292e+07,2.52292e+07,184069,184069,184069,183992,183992,183992,1.36517e+07,1.36517e+07,1.36517e+07,1.32577e+07,1.32577e+07,1.32577e+07,9.54752e+06,9.54752e+06,9.54752e+06,9.54684e+06,9.54684e+06,9.54684e+06,2.47915e+07,2.47915e+07,2.47915e+07,391.737,391.737,391.737,284.973,284.973,284.973
992,6.30775e+06,6.30775e+06,6.30775e+06,133583,133583,133583,139020,139020,139020,2.42243e+07,2.42243e+07,2.42243e+07,2.52285e+07,2.52285e+07,2.52285e+07,184117,184117,184117,184038,184038,184038,1.36526e+07,1.36526e+07,1.36526e+07,1.32587e+07,1.32587e+07,1.32587e+07,9.54876e+06,9.54876e+06,9.54876e+06,9.54788e+06,9.54788e+06,9.54788e+06,2.47916e+07,2.47916e+07,2.47916e+07,391.816,391.816,391.816,285.025,285.025,285.025
993,6.30643e+06,6.30643e+06,6.30643e+06,133591,133591,133591,139028,139028,139028,2.42237e+07,2.42237e+07,2.42237e+07,2.52277e+07,2.52277e+07,2.52277e+07,184161,184161,184161,184082,184082,184082,1.36535e+07,1.36535e+07,1.36535e+07,1.32598e+07,1.32598e+07,1.32598e+07,9.55006e+06,9.55006e+06,9.55006e+06,9.549e+06,9.549e+06,9.549e+06,2.47919e+07,2.47919e+07,2.47919e+07,391.885,391.885,391.885,285.073,285.073,285.073
994,6.30505e+06,6.30505e+06,6.30505e+06,133595,133595,133595,139031,139031,139031,2.42231e+07,2.42231e+07,2.42231e+07,2.52269e+07,2.52269e+07,2.52269e+07,184201,184201,184201,184121,184121,184121,1.36544e+07,1.36544e+07,1.36544e+07,1.32608e+07,1.32608e+07,1.32608e+07,9.55142e+06,9.55142e+06,9.55142e+06,9.55018e+06,9.55018e+06,9.55018e+06,2.47923e+07,2.47923e+07,2.47923e+07,391.944,391.944,391.944,285.114,285.114,285.114
995,6.30365e+06,6.30365e+06,6.30365e+06,133595,133595,133595,139032,139032,139032,2.42224e+07,2.42224e+07,2.42224e+07,2.5226e+07,2.5226e+07,2.5226e+07,184235,184235,184235,184157,184157,184157,1.36552e+07,1.36552e+07,1.36552e+07,1.32618e+07,1.32618e+07,1.32618e+07,9.55281e+06,9.55281e+06,9.55281e+06,9.5514e+06,9.5514e+06,9.5514e+06,2.47927e+07,2.47927e+07,2.47927e+07,391.992,391.992,391.992,285.15,285.15,285.15
996,6.30225e+06,6.30225e+06,6.30225e+06,133591,133591,133591,139029,139029,139029,2.42217e+07,2.42217e+07,2.42217e+07,2.52251e+07,2.52251e+07,2.52251e+07,184264,184264,184264,184189,184189,184189,1.36561e+07,1.36561e+07,1.36561e+07,1.32627e+07,1.32627e+07,1.32627e+07,9.55421e+06,9.55421e+06,9.55421e+06,9.55266e+06,9.55266e+06,9.55266e+06,2.47933e+07,2.47933e+07,2.47933e+07,392.029,392.029,392.029,285.178,285.178,285.178
997,6.30085e+06,6.30085e+06,6.30085e+06,133583,133583,133583,139022,139022,139022,2.42209e+07,2.42209e+07,2.42209e+07,2.52242e+07,2.52242e+07,2.52242e+07,184287,184287,184287,184215,184215,184215,1.36569e+07,1.36569e+07,1.36569e+07,1.32637e+07,1.32637e+07,1.32637e+07,9.55561e+06,9.55561e+06,9.55561e+06,9.55393e+06,9.55393e+06,9.55393e+06,2.47939e+07,2.47939e+07,2.47939e+07,392.053,392.053,392.053,285.2,285.2,285.2
998,6.2995e+06,6.2995e+06,6.2995e+06,133572,133572,133572,139013,139013,139013,2.42202e+07,2.42202e+07,2.42202e+07,2.52233e+07,2.52233e+07,2.52233e+07,184304,184304,184304,184236,184236,184236,1.36577e+07,1.36577e+07,1.36577e+07,1.32646e+07,1.32646e+07,1.32646e+07,9.55699e+06,9.55699e+06,9.55699e+06,9.55519e+06,9.55519e+06,9.55519e+06,2.47946e+07,2.47946e+07,2.47946e+07,392.066,392.066,392.066,285.213,285.213,285.213
999,6.29821e+06,6.29821e+06,6.29821e+06,133557,133557,133557,139000,139000,139000,2.42195e+07,2.42195e+07,2.42195e+07,2.52224e+07,2.52224e+07,2.52224e+07,184314,184314,184314,184252,184252,184252,1.36584e+07,1.36584e+07,1.36584e+07,1.32654e+07,1.32654e+07,1.32654e+07,9.55834e+06,9.55834e+06,9.55834e+06,9.55644e+06,9.55644e+06,9.55644e+06,2.47954e+07,2.47954e+07,2.47954e+07,392.066,392.066,392.066,285.22,285.22,285.22
1000,6.29699e+06,6.29699e+06,6.29699e+06,133538,133538,133538,138984,138984,138984,2.42188e+07,2.42188e+07,2.42188e+07,2.52216e+07,2.52216e+07,2.52216e+07,184319,184319,184319,184262,184262,184262,1.36591e+07,1.36591e+07,1.36591e+07,1.32662e+07,1.32662e+07,1.32662e+07,9.55962e+06,9.55962e+06,9.55962e+06,9.55766e+06,9.55766e+06,9.55766e+06,2.47963e+07,2.47963e+07,2.47963e+07,392.055,392.055,392.055,285.218,285.218,285.218
