index,time,SS:Japan__all,IS:Japan__all,SI:Japan__all,RS:Japan__all,SR:Japan__all,IR:Japan__all,RI:Japan__all,SQ:Japan__all,QS:Japan__all,QR:Japan__all,RQ:Japan__all,RR:Japan__all,obs_mean:EV71_JAP__IASR__inc,obs_mean:CA16_JAP__IASR__inc,obs_real:EV71_JAP__IASR__inc,obs_real:CA16_JAP__IASR__inc
0,0,4.0642e+07,44283.7,269652,9.70421e+06,5.89356e+07,13796.1,13845.6,1.21885e+07,2.0816e+06,513130,516426,1.78544e+06,0,0,0,0
0,1,4.0639e+07,44982.9,274497,9.69411e+06,5.89252e+07,14014.6,14090.4,1.21925e+07,2.08254e+06,513377,516604,1.79748e+06,71.0099,320.415,71.0099,320.415
0,2,4.06236e+07,45484.8,278807,9.68387e+06,5.89153e+07,14172.3,14301,1.22075e+07,2.08488e+06,514060,517321,1.81791e+06,71.9636,325.818,71.9636,325.818
0,3,4.05978e+07,45810.1,282400,9.67368e+06,5.89066e+07,14279,14477.7,1.22313e+07,2.08811e+06,515017,518460,1.83797e+06,72.6218,330.472,72.6218,330.472
0,4,4.05642e+07,45985.5,285179,9.66368e+06,5.88995e+07,14342.5,14615.9,1.22616e+07,2.09177e+06,516116,519908,1.85771e+06,73.0253,334.224,73.0253,334.224
0,5,4.05252e+07,46036.4,287092,9.65396e+06,5.88944e+07,14369.9,14712.3,1.22959e+07,2.09552e+06,517251,521545,1.87716e+06,73.2143,336.986,73.2143,336.986
0,6,4.04834e+07,45987.4,288135,9.64463e+06,5.88916e+07,14368.1,14766,1.23321e+07,2.09907e+06,518341,523256,1.89634e+06,73.2278,338.724,73.2278,338.724
0,7,4.0441e+07,45862.7,288351,9.63576e+06,5.88911e+07,14343.7,14778.6,1.23677e+07,2.10222e+06,519327,524935,1.91524e+06,73.1036,339.46,73.1036,339.46
0,8,4.04001e+07,45685,287819,9.62743e+06,5.88929e+07,14302.9,14753.3,1.24011e+07,2.10484e+06,520168,526488,1.93386e+06,72.8779,339.266,72.8779,339.266
0,9,4.03624e+07,45475,286651,9.61967e+06,5.88967e+07,14251.6,14695.3,1.24305e+07,2.10685e+06,520841,527836,1.95218e+06,72.5845,338.255,72.5845,338.255
0,10,4.03294e+07,45251.3,284977,9.61249e+06,5.89023e+07,14194.9,14610.9,1.24548e+07,2.10822e+06,521339,528923,1.9702e+06,72.2538,336.571,72.2538,336.571
0,11,4.0302e+07,45029.8,282938,9.60592e+06,5.89094e+07,14137.4,14506.7,1.24733e+07,2.10897e+06,521665,529709,1.9879e+06,71.9128,334.372,71.9128,334.372
0,12,4.02808e+07,44823.4,280675,9.59994e+06,5.89176e+07,14082.7,14389.8,1.24855e+07,2.10916e+06,521833,530174,2.00525e+06,71.5838,331.825,71.5838,331.825
0,13,4.02659e+07,44641.8,278319,9.59452e+06,5.89265e+07,14033.8,14266.8,1.24913e+07,2.10887e+06,521864,530316,2.02224e+06,71.2846,329.092,71.2846,329.092
0,14,4.02574e+07,44492,275991,9.58964e+06,5.89358e+07,13992.7,14143.8,1.24912e+07,2.10819e+06,521784,530150,2.03884e+06,71.0284,326.321,71.0284,326.321
0,15,4.02548e+07,44378.3,273791,9.58525e+06,5.89451e+07,13960.9,14026.1,1.24855e+07,2.10723e+06,521621,529703,2.05506e+06,70.8241,323.641,70.8241,323.641
0,16,4.02574e+07,44302.6,271799,9.5813e+06,5.8954e+07,13939,13917.9,1.24749e+07,2.10608e+06,521403,529010,2.07087e+06,70.6766,321.16,70.6766,321.16
0,17,4.02646e+07,44264.4,270077,9.57776e+06,5.89623e+07,13927.2,13822.5,1.24604e+07,2.10486e+06,521159,528115,2.08627e+06,70.5872,318.962,75.2121,318.962
0,18,4.02756e+07,44261.8,268665,9.57456e+06,5.89699e+07,13925,13742.3,1.24429e+07,2.10365e+06,520914,527066,2.10127e+06,70.5544,317.105,73.0698,317.105
0,19,4.02892e+07,44291.4,267584,9.57166e+06,5.89764e+07,13931.6,13678.4,1.24233e+07,2.10254e+06,520690,525911,2.11586e+06,70.5739,315.626,74.5289,315.626
0,20,4.03047e+07,44348.7,266837,9.56902e+06,5.89819e+07,13945.9,13631.4,1.24025e+07,2.10159e+06,520507,524697,2.13005e+06,70.6399,314.541,74.7623,314.541
0,21,4.03212e+07,44428.5,266416,9.56661e+06,5.89863e+07,13966.6,13600.9,1.23814e+07,2.10086e+06,520379,523468,2.14385e+06,70.7449,313.846,71.0796,313.846
0,22,4.03378e+07,44525.1,266298,9.56438e+06,5.89895e+07,13992.1,13586,1.23608e+07,2.10039e+06,520315,522265,2.15726e+06,70.8806,313.521,74.9942,312.225
0,23,4.03539e+07,44632.9,266449,9.56231e+06,5.89917e+07,14020.9,13585.2,1.23414e+07,2.1002e+06,520322,521122,2.17032e+06,71.0383,313.534,76.0347,316.667
0,24,4.03687e+07,44746.1,266828,9.56039e+06,5.89928e+07,14051.5,13596.6,1.23237e+07,2.10028e+06,520400,520067,2.18303e+06,71.209,313.841,60.2023,329.782
0,25,4.03819e+07,44859.1,267391,9.55859e+06,5.89931e+07,14082.3,13618,1.23081e+07,2.10064e+06,520549,519121,2.19541e+06,71.384,314.392,75.0519,316.141
0,26,4.0393e+07,44967.2,268089,9.5569e+06,5.89927e+07,14112.1,13647,1.22948e+07,2.10125e+06,520761,518299,2.20748e+06,71.5554,315.131,61.9791,309.056
0,27,4.04019e+07,45066,268870,9.55532e+06,5.89916e+07,14139.4,13681.2,1.22841e+07,2.10208e+06,521028,517607,2.21926e+06,71.716,315.999,71.7585,331.492
0,28,4.04085e+07,45151.9,269687,9.55385e+06,5.89901e+07,14163.4,13718,1.2276e+07,2.1031e+06,521341,517047,2.23075e+06,71.8595,316.939,76.9686,319.011
0,29,4.04128e+07,45222.1,270493,9.5525e+06,5.89883e+07,14183.2,13755.2,1.22702e+07,2.10425e+06,521686,516613,2.24198e+06,71.981,317.893,83.7167,307.547
0,30,4.04151e+07,45275,271247,9.55126e+06,5.89864e+07,14198.2,13790.7,1.22667e+07,2.1055e+06,522051,516297,2.25295e+06,72.0769,318.812,51.1612,326.4
0,31,4.04155e+07,45309.5,271914,9.55014e+06,5.89844e+07,14208.2,13822.5,1.22651e+07,2.10679e+06,522422,516082,2.26368e+06,72.1451,319.649,72.3473,308.267
0,32,4.04145e+07,45325.5,272466,9.54917e+06,5.89826e+07,14212.9,13849.2,1.22651e+07,2.10807e+06,522787,515953,2.27416e+06,72.1846,320.366,81.7988,316.258
0,33,4.04123e+07,45323.9,272882,9.54833e+06,5.89809e+07,14212.6,13869.7,1.22663e+07,2.10931e+06,523133,515889,2.28442e+06,72.1958,320.937,75.8335,308.225
0,34,4.04094e+07,45305.9,273151,9.54766e+06,5.89794e+07,14207.5,13883.1,1.22682e+07,2.11045e+06,523450,515871,2.29445e+06,72.1804,321.34,79.9598,310.04
0,35,4.04062e+07,45273.6,273267,9.54714e+06,5.89782e+07,14198.1,13889.2,1.22705e+07,2.11148e+06,523729,515878,2.30426e+06,72.1409,321.566,77.7708,343.986
0,36,4.04032e+07,45229.4,273235,9.5468e+06,5.89773e+07,14185.1,13888.1,1.22727e+07,2.11235e+06,523962,515890,2.31384e+06,72.0806,321.616,64.6633,301.448
0,37,4.04007e+07,45176,273065,9.54662e+06,5.89766e+07,14169.1,13880,1.22746e+07,2.11307e+06,524144,515889,2.3232e+06,72.0035,321.496,68.1469,330.339
0,38,4.0399e+07,45116.2,272772,9.54663e+06,5.89762e+07,14150.9,13865.7,1.22759e+07,2.1136e+06,524273,515862,2.33233e+06,71.9138,321.222,72.0234,336.272
0,39,4.03984e+07,45052.8,272377,9.54681e+06,5.8976e+07,14131.3,13846.1,1.22762e+07,2.11396e+06,524348,515794,2.34124e+06,71.8158,320.815,72.4612,330.722
0,40,4.03992e+07,44988.5,271903,9.54715e+06,5.8976e+07,14111,13822.3,1.22754e+07,2.11415e+06,524369,515679,2.34991e+06,71.7139,320.302,69.3954,323.133
0,41,4.04015e+07,44925.9,271375,9.54767e+06,5.8976e+07,14090.8,13795.5,1.22734e+07,2.11416e+06,524340,515509,2.35835e+06,71.6121,319.71,65.6395,325.086
0,42,4.04053e+07,44867,270820,9.54834e+06,5.8976e+07,14071.2,13767.1,1.22702e+07,2.11403e+06,524264,515283,2.36656e+06,71.514,319.07,77.0246,321.318
0,43,4.04106e+07,44813.7,270262,9.54915e+06,5.89759e+07,14052.9,13738.2,1.22659e+07,2.11377e+06,524147,515003,2.37452e+06,71.4227,318.413,60.784,318.413
0,44,4.04174e+07,44767.3,269725,9.5501e+06,5.89757e+07,14036.1,13710.1,1.22604e+07,2.1134e+06,523995,514671,2.38224e+06,71.3409,317.766,72.5321,317.787
0,45,4.04256e+07,44729,269231,9.55116e+06,5.89753e+07,14021.4,13683.9,1.2254e+07,2.11294e+06,523815,514295,2.38972e+06,71.2704,317.156,73.6332,318.148
0,46,4.04349e+07,44699.3,268797,9.55233e+06,5.89746e+07,14008.9,13660.4,1.22467e+07,2.11242e+06,523614,513883,2.39695e+06,71.2126,316.606,78.9245,320.592
0,47,4.04452e+07,44678.4,268437,9.55358e+06,5.89736e+07,13998.7,13640.6,1.22389e+07,2.11187e+06,523398,513445,2.40394e+06,71.1681,316.136,77.5158,316.136
0,48,4.04563e+07,44666.2,268164,9.55491e+06,5.89723e+07,13990.9,13624.9,1.22308e+07,2.11131e+06,523175,512993,2.41068e+06,71.1372,315.761,73.5571,315.761
0,49,4.04678e+07,44662.3,267984,9.55629e+06,5.89706e+07,13985.4,13613.9,1.22225e+07,2.11075e+06,522950,512538,2.41718e+06,71.1194,315.492,79.1089,315.492
0,50,4.04796e+07,44666,267901,9.55771e+06,5.89686e+07,13982.1,13607.8,1.22144e+07,2.11022e+06,522729,512092,2.42345e+06,71.114,315.335,64.3378,315.335
0,51,4.04913e+07,44676.4,267915,9.55917e+06,5.89662e+07,13980.7,13606.6,1.22066e+07,2.10974e+06,522517,511666,2.42948e+06,71.1199,315.293,67.0828,315.293
0,52,4.05026e+07,44692.5,268024,9.56064e+06,5.89634e+07,13981.2,13610.3,1.21994e+07,2.10931e+06,522318,511271,2.43528e+06,71.1355,315.363,70.556,315.363
0,53,4.05135e+07,44713.1,268221,9.56212e+06,5.89604e+07,13983.1,13618.7,1.21929e+07,2.10895e+06,522134,510917,2.44086e+06,71.1594,315.542,71.1594,315.542
0,54,4.05236e+07,44737,268498,9.56359e+06,5.89572e+07,13986.3,13631.4,1.21874e+07,2.10866e+06,521969,510612,2.44621e+06,71.1896,315.82,71.1896,315.82
0,55,4.05327e+07,44763.2,268846,9.56505e+06,5.89537e+07,13990.4,13648,1.21829e+07,2.10845e+06,521824,510362,2.45136e+06,71.2246,316.188,68.2729,316.188
0,56,4.05407e+07,44790.4,269253,9.56649e+06,5.89502e+07,13995.1,13667.9,1.21796e+07,2.10831e+06,521699,510172,2.4563e+06,71.2624,316.632,68.2676,316.632
0,57,4.05475e+07,44817.5,269706,9.56791e+06,5.89465e+07,14000.3,13690.4,1.21776e+07,2.10824e+06,521594,510047,2.46104e+06,71.3015,317.139,69.5329,317.139
0,58,4.0553e+07,44843.7,270193,9.5693e+06,5.89429e+07,14005.5,13715.1,1.21767e+07,2.10824e+06,521508,509987,2.46559e+06,71.3402,317.693,73.7277,317.693
0,59,4.05572e+07,44868,270699,9.57066e+06,5.89393e+07,14010.6,13741.2,1.21772e+07,2.10831e+06,521440,509993,2.46995e+06,71.3772,318.278,71.6475,318.278
0,60,4.05599e+07,44889.8,271213,9.57199e+06,5.89359e+07,14015.4,13768.1,1.21789e+07,2.10842e+06,521389,510062,2.47414e+06,71.4112,318.881,65.7686,318.881
0,61,4.05614e+07,44908.5,271722,9.57329e+06,5.89326e+07,14019.8,13795.1,1.21817e+07,2.10858e+06,521353,510193,2.47815e+06,71.4414,319.485,71.691,319.485
0,62,4.05615e+07,44923.8,272214,9.57456e+06,5.89296e+07,14023.6,13821.8,1.21856e+07,2.10877e+06,521329,510380,2.48199e+06,71.467,320.076,71.467,320.076
0,63,4.05603e+07,44935.3,272679,9.57581e+06,5.89269e+07,14026.8,13847.4,1.21904e+07,2.10898e+06,521315,510619,2.48566e+06,71.4875,320.642,71.4875,320.642
0,64,4.05581e+07,44943,273109,9.57704e+06,5.89246e+07,14029.2,13871.6,1.21961e+07,2.1092e+06,521308,510902,2.48918e+06,71.5025,321.172,71.5025,321.172
0,65,4.05549e+07,44946.9,273496,9.57824e+06,5.89227e+07,14030.9,13894,1.22025e+07,2.10943e+06,521307,511223,2.49254e+06,71.5121,321.656,71.5121,321.656
0,66,4.05507e+07,44947.2,273834,9.57943e+06,5.89212e+07,14031.9,13914.2,1.22094e+07,2.10964e+06,521309,511575,2.49574e+06,71.5162,322.087,71.5162,322.087
0,67,4.05459e+07,44944,274120,9.58061e+06,5.89202e+07,14032.2,13932,1.22167e+07,2.10985e+06,521313,511950,2.4988e+06,71.5152,322.458,71.5152,322.458
0,68,4.05404e+07,44937.8,274350,9.58178e+06,5.89196e+07,14031.9,13947.3,1.22242e+07,2.11003e+06,521316,512341,2.50171e+06,71.5095,322.766,72.9656,322.766
0,69,4.05346e+07,44928.8,274524,9.58295e+06,5.89194e+07,14031,13959.8,1.22319e+07,2.11018e+06,521318,512740,2.50447e+06,71.4995,323.008,64.9782,323.008
0,70,4.05285e+07,44917.6,274642,9.58411e+06,5.89198e+07,14029.6,13969.5,1.22394e+07,2.1103e+06,521316,513139,2.50708e+06,71.4858,323.184,71.4858,323.184
0,71,4.05222e+07,44904.4,274706,9.58528e+06,5.89205e+07,14027.7,13976.6,1.22468e+07,2.11038e+06,521311,513533,2.50955e+06,71.4689,323.295,68.8993,323.295
0,72,4.0516e+07,44889.7,274717,9.58645e+06,5.89217e+07,14025.6,13981,1.22539e+07,2.11042e+06,521301,513915,2.51187e+06,71.4495,323.343,64.1075,323.343
0,73,4.05099e+07,44873.9,274680,9.58763e+06,5.89233e+07,14023.1,13983,1.22605e+07,2.11042e+06,521286,514280,2.51404e+06,71.4282,323.332,72.2195,323.332
0,74,4.05041e+07,44857.4,274598,9.58882e+06,5.89253e+07,14020.4,13982.6,1.22667e+07,2.11039e+06,521266,514623,2.51607e+06,71.4055,323.266,69.8786,319.06
0,75,4.04986e+07,44840.5,274476,9.59002e+06,5.89276e+07,14017.6,13980,1.22722e+07,2.11031e+06,521241,514940,2.51795e+06,71.3818,323.149,64.5428,332.726
0,76,4.04936e+07,44823.4,274318,9.59123e+06,5.89301e+07,14014.6,13975.5,1.22771e+07,2.1102e+06,521210,515227,2.51968e+06,71.3577,322.988,81.6461,316.12
0,77,4.04892e+07,44806.5,274129,9.59246e+06,5.8933e+07,14011.6,13969.3,1.22814e+07,2.11005e+06,521174,515483,2.52126e+06,71.3335,322.787,74.1528,321.568
0,78,4.04854e+07,44789.9,273914,9.59369e+06,5.8936e+07,14008.5,13961.5,1.22849e+07,2.10987e+06,521133,515705,2.52269e+06,71.3094,322.553,66.1351,349.387
0,79,4.04822e+07,44773.7,273679,9.59494e+06,5.89392e+07,14005.4,13952.5,1.22876e+07,2.10966e+06,521087,515892,2.52396e+06,71.2857,322.291,67.8307,334.987
0,80,4.04798e+07,44758.1,273427,9.5962e+06,5.89425e+07,14002.2,13942.4,1.22897e+07,2.10942e+06,521036,516044,2.52509e+06,71.2626,322.006,85.7503,331.368
0,81,4.04781e+07,44743.1,273162,9.59747e+06,5.89459e+07,13999,13931.5,1.2291e+07,2.10915e+06,520981,516160,2.52607e+06,71.2402,321.705,61.7276,305.268
0,82,4.04772e+07,44728.7,272890,9.59875e+06,5.89493e+07,13995.7,13919.9,1.22915e+07,2.10886e+06,520921,516241,2.52692e+06,71.2184,321.392,71.8268,356.46
0,83,4.0477e+07,44715,272614,9.60004e+06,5.89527e+07,13992.4,13907.8,1.22914e+07,2.10856e+06,520858,516288,2.52764e+06,71.1974,321.071,75.2831,320.022
0,84,4.04776e+07,44701.9,272337,9.60133e+06,5.89561e+07,13989,13895.4,1.22906e+07,2.10823e+06,520790,516303,2.52823e+06,71.177,320.747,74.4694,319.821
0,85,4.0479e+07,44689.4,272062,9.60263e+06,5.89593e+07,13985.5,13882.9,1.22891e+07,2.10789e+06,520718,516286,2.52869e+06,71.1573,320.424,87.6689,320.424
0,86,4.04811e+07,44677.5,271793,9.60393e+06,5.89625e+07,13981.9,13870.4,1.22871e+07,2.10754e+06,520643,516240,2.52904e+06,71.1382,320.105,65.6277,320.105
0,87,4.0484e+07,44666.2,271533,9.60523e+06,5.89655e+07,13978.2,13858.1,1.22846e+07,2.10718e+06,520563,516167,2.52928e+06,71.1197,319.794,66.2287,319.794
0,88,4.04876e+07,44655.5,271283,9.60652e+06,5.89683e+07,13974.4,13846.1,1.22815e+07,2.10682e+06,520480,516069,2.52941e+06,71.1018,319.495,64.0867,319.495
0,89,4.04918e+07,44645.4,271047,9.60781e+06,5.89709e+07,13970.5,13834.6,1.22781e+07,2.10644e+06,520393,515949,2.52944e+06,71.0846,319.21,69.6106,319.21
0,90,4.04966e+07,44635.9,270827,9.60909e+06,5.89733e+07,13966.5,13823.6,1.22742e+07,2.10606e+06,520301,515810,2.52937e+06,71.0679,318.941,70.2543,318.941
0,91,4.0502e+07,44627.2,270625,9.61036e+06,5.89754e+07,13962.5,13813.4,1.22701e+07,2.10568e+06,520207,515654,2.52921e+06,71.0521,318.693,66.0919,318.693
0,92,4.05079e+07,44619.1,270443,9.61161e+06,5.89773e+07,13958.5,13804,1.22657e+07,2.1053e+06,520108,515484,2.52896e+06,71.037,318.466,76.3123,318.466
0,93,4.05143e+07,44612,270283,9.61285e+06,5.89789e+07,13954.5,13795.5,1.22611e+07,2.10492e+06,520006,515304,2.52863e+06,71.023,318.265,68.8817,318.265
0,94,4.05211e+07,44605.7,270148,9.61406e+06,5.89802e+07,13950.7,13788.1,1.22564e+07,2.10454e+06,519902,515116,2.52823e+06,71.01,318.091,71.5924,318.091
0,95,4.05281e+07,44600.5,270038,9.61525e+06,5.89813e+07,13946.9,13781.8,1.22517e+07,2.10417e+06,519795,514924,2.52775e+06,70.9984,317.946,70.0632,317.946
0,96,4.05354e+07,44596.3,269956,9.61641e+06,5.89821e+07,13943.4,13776.9,1.2247e+07,2.1038e+06,519686,514731,2.52721e+06,70.9883,317.832,60.0481,317.832
0,97,4.05429e+07,44593.4,269903,9.61755e+06,5.89826e+07,13940.1,13773.3,1.22424e+07,2.10345e+06,519576,514540,2.52661e+06,70.9798,317.751,65.7678,317.751
0,98,4.05504e+07,44591.8,269880,9.61864e+06,5.89828e+07,13937,13771.2,1.22379e+07,2.1031e+06,519465,514354,2.52596e+06,70.9732,317.705,73.0501,317.705
0,99,4.0558e+07,44591.5,269888,9.61971e+06,5.89829e+07,13934.4,13770.6,1.22337e+07,2.10278e+06,519355,514178,2.52525e+06,70.9686,317.695,65.0464,317.695
0,100,4.05654e+07,44592.6,269928,9.62073e+06,5.89826e+07,13932.2,13771.5,1.22298e+07,2.10247e+06,519246,514013,2.52451e+06,70.9662,317.722,72.0816,317.722
0,101,4.05727e+07,44595.2,269999,9.6217e+06,5.89822e+07,13930.4,13774.1,1.22262e+07,2.10218e+06,519139,513863,2.52373e+06,70.966,317.786,69.8278,317.786
0,102,4.05797e+07,44599.2,270102,9.62263e+06,5.89816e+07,13929.1,13778.3,1.2223e+07,2.10191e+06,519035,513731,2.52291e+06,70.9681,317.887,58.1568,317.887
0,103,4.05863e+07,44604.7,270235,9.62352e+06,5.89808e+07,13928.3,13784.1,1.22202e+07,2.10167e+06,518935,513620,2.52208e+06,70.9726,318.025,77.3804,318.025
0,104,4.05926e+07,44611.6,270399,9.62435e+06,5.89798e+07,13928,13791.5,1.2218e+07,2.10145e+06,518841,513532,2.52122e+06,70.9794,318.199,66.8259,318.199
0,105,4.05983e+07,44619.7,270591,9.62513e+06,5.89788e+07,13928.3,13800.4,1.22163e+07,2.10127e+06,518753,513470,2.52036e+06,70.9886,318.408,70.9886,318.408
0,106,4.06034e+07,44629.1,270809,9.62585e+06,5.89777e+07,13929.1,13810.8,1.22153e+07,2.10111e+06,518672,513435,2.51948e+06,70.9999,318.648,70.9999,318.648
0,107,4.06079e+07,44639.6,271051,9.62652e+06,5.89765e+07,13930.5,13822.5,1.22148e+07,2.10099e+06,518599,513429,2.51861e+06,71.0132,318.919,71.0132,318.919
0,108,4.06117e+07,44650.9,271315,9.62713e+06,5.89753e+07,13932.3,13835.5,1.2215e+07,2.1009e+06,518534,513454,2.51775e+06,71.0284,319.216,71.0284,319.216
0,109,4.06148e+07,44663,271596,9.62769e+06,5.89742e+07,13934.7,13849.5,1.22158e+07,2.10084e+06,518479,513510,2.5169e+06,71.0452,319.536,71.0452,319.536
0,110,4.06171e+07,44675.6,271891,9.62819e+06,5.89731e+07,13937.5,13864.4,1.22173e+07,2.10081e+06,518434,513597,2.51607e+06,71.0633,319.876,71.0633,319.876
0,111,4.06186e+07,44688.5,272196,9.62864e+06,5.8972e+07,13940.6,13880,1.22195e+07,2.10082e+06,518399,513715,2.51526e+06,71.0824,320.229,71.0824,320.229
0,112,4.06192e+07,44701.5,272506,9.62903e+06,5.89712e+07,13944.1,13896.1,1.22222e+07,2.10086e+06,518374,513864,2.51448e+06,71.1022,320.592,71.1022,320.592
0,113,4.0619e+07,44714.4,272818,9.62937e+06,5.89705e+07,13947.9,13912.5,1.22256e+07,2.10092e+06,518359,514043,2.51374e+06,71.1223,320.96,71.1223,320.96
0,114,4.0618e+07,44726.8,273127,9.62966e+06,5.89699e+07,13951.9,13928.9,1.22296e+07,2.10101e+06,518355,514250,2.51305e+06,71.1424,321.326,71.1424,321.326
0,115,4.06162e+07,44738.7,273428,9.62991e+06,5.89696e+07,13956,13945.1,1.22341e+07,2.10113e+06,518361,514483,2.5124e+06,71.1621,321.686,71.1621,321.686
0,116,4.06137e+07,44749.7,273715,9.63011e+06,5.89696e+07,13960.2,13960.9,1.2239e+07,2.10127e+06,518377,514739,2.5118e+06,71.181,322.034,71.181,322.034
0,117,4.06104e+07,44759.7,273986,9.63027e+06,5.89698e+07,13964.3,13976,1.22444e+07,2.10143e+06,518401,515017,2.51126e+06,71.1989,322.364,71.1989,322.364
0,118,4.06065e+07,44768.5,274235,9.6304e+06,5.89703e+07,13968.4,13990.2,1.22501e+07,2.1016e+06,518435,515311,2.51079e+06,71.2153,322.672,71.2153,322.672
0,119,4.0602e+07,44775.9,274459,9.6305e+06,5.89711e+07,13972.4,14003.2,1.22561e+07,2.10178e+06,518475,515620,2.51037e+06,71.23,322.953,71.23,322.953
0,120,4.05969e+07,44781.8,274654,9.63057e+06,5.89722e+07,13976.1,14015,1.22623e+07,2.10197e+06,518522,515938,2.51003e+06,71.2427,323.201,71.2427,323.201
0,121,4.05915e+07,44786.1,274816,9.63063e+06,5.89736e+07,13979.6,14025.2,1.22686e+07,2.10217e+06,518575,516262,2.50976e+06,71.2533,323.414,71.2533,323.414
0,122,4.05857e+07,44788.7,274944,9.63067e+06,5.89754e+07,13982.7,14033.7,1.22749e+07,2.10236e+06,518633,516588,2.50957e+06,71.2614,323.587,71.2614,323.587
0,123,4.05797e+07,44789.5,275035,9.6307e+06,5.89774e+07,13985.5,14040.4,1.22811e+07,2.10254e+06,518693,516911,2.50946e+06,71.2671,323.718,71.2671,323.718
0,124,4.05736e+07,44788.6,275087,9.63072e+06,5.89798e+07,13987.8,14045.2,1.22872e+07,2.10272e+06,518756,517226,2.50943e+06,71.2702,323.805,71.2702,323.805
0,125,4.05675e+07,44786,275100,9.63075e+06,5.89825e+07,13989.7,14048,1.2293e+07,2.10288e+06,518820,517531,2.50948e+06,71.2706,323.845,70.9802,323.845
0,126,4.05614e+07,44781.7,275073,9.63078e+06,5.89854e+07,13991.1,14048.8,1.22984e+07,2.10302e+06,518884,517819,2.50961e+06,71.2684,323.84,71.6274,323.84
0,127,4.05556e+07,44775.8,275007,9.63082e+06,5.89887e+07,13992.1,14047.5,1.23035e+07,2.10315e+06,518947,518089,2.50983e+06,71.2637,323.787,74.493,323.787
0,128,4.055e+07,44768.4,274903,9.63088e+06,5.89921e+07,13992.5,14044.3,1.23081e+07,2.10325e+06,519007,518335,2.51014e+06,71.2564,323.69,79.5908,323.69
0,129,4.05449e+07,44759.6,274763,9.63096e+06,5.89957e+07,13992.4,14039,1.23121e+07,2.10333e+06,519063,518554,2.51053e+06,71.2468,323.548,69.6629,323.548
0,130,4.05402e+07,44749.6,274588,9.63107e+06,5.89995e+07,13991.8,14031.9,1.23156e+07,2.10338e+06,519115,518745,2.51101e+06,71.235,323.364,67.6496,323.364
0,131,4.05361e+07,44738.4,274382,9.6312e+06,5.90035e+07,13990.8,14023.1,1.23183e+07,2.1034e+06,519162,518903,2.51158e+06,71.2211,323.142,74.0571,323.142
0,132,4.05327e+07,44726.4,274148,9.63136e+06,5.90075e+07,13989.2,14012.6,1.23204e+07,2.1034e+06,519202,519028,2.51223e+06,71.2054,322.884,57.6463,322.436
0,133,4.053e+07,44713.6,273889,9.63156e+06,5.90116e+07,13987.2,14000.7,1.23218e+07,2.10336e+06,519235,519117,2.51295e+06,71.1882,322.595,76.9829,320.242
0,134,4.0528e+07,44700.3,273609,9.6318e+06,5.90157e+07,13984.8,13987.5,1.23225e+07,2.10329e+06,519261,519170,2.51375e+06,71.1697,322.279,76.2733,317.432
0,135,4.05269e+07,44686.6,273313,9.63207e+06,5.90198e+07,13982,13973.2,1.23224e+07,2.1032e+06,519279,519187,2.5146e+06,71.1501,321.941,83.154,321.941
0,136,4.05266e+07,44672.8,273005,9.63237e+06,5.90239e+07,13978.9,13958.1,1.23215e+07,2.10308e+06,519288,519166,2.51551e+06,71.1299,321.586,65.838,321.586
0,137,4.05271e+07,44659.1,272690,9.63272e+06,5.90278e+07,13975.4,13942.4,1.232e+07,2.10293e+06,519289,519109,2.51647e+06,71.1092,321.219,69.8647,321.219
0,138,4.05285e+07,44645.6,272373,9.6331e+06,5.90316e+07,13971.8,13926.3,1.23178e+07,2.10275e+06,519281,519018,2.51748e+06,71.0883,320.847,70.5474,320.847
0,139,4.05308e+07,44632.5,272057,9.63352e+06,5.90353e+07,13967.9,13910.1,1.23149e+07,2.10255e+06,519264,518893,2.51852e+06,71.0676,320.473,78.9492,320.473
0,140,4.05339e+07,44620,271748,9.63398e+06,5.90387e+07,13963.8,13894,1.23114e+07,2.10233e+06,519239,518737,2.51959e+06,71.0473,320.105,57.6264,320.105
0,141,4.05379e+07,44608.3,271450,9.63447e+06,5.9042e+07,13959.7,13878.2,1.23074e+07,2.1021e+06,519206,518553,2.52069e+06,71.0276,319.747,80.4948,319.747
0,142,4.05426e+07,44597.5,271167,9.63499e+06,5.90449e+07,13955.5,13863,1.23028e+07,2.10184e+06,519164,518343,2.52182e+06,71.0089,319.404,74.6424,319.404
0,143,4.0548e+07,44587.8,270904,9.63554e+06,5.90476e+07,13951.4,13848.5,1.22979e+07,2.10158e+06,519115,518111,2.52296e+06,70.9914,319.081,69.2335,319.081
0,144,4.05541e+07,44579.2,270663,9.63611e+06,5.905e+07,13947.3,13835,1.22926e+07,2.10131e+06,519060,517859,2.52411e+06,70.9753,318.783,61.4761,318.783
0,145,4.05607e+07,44571.9,270448,9.63671e+06,5.9052e+07,13943.3,13822.7,1.2287e+07,2.10103e+06,518998,517593,2.52527e+06,70.9607,318.513,70.1053,318.513
0,146,4.05679e+07,44565.9,270262,9.63732e+06,5.90538e+07,13939.5,13811.7,1.22812e+07,2.10075e+06,518931,517316,2.52643e+06,70.948,318.275,70.3087,318.275
0,147,4.05755e+07,44561.4,270108,9.63795e+06,5.90552e+07,13935.9,13802.2,1.22754e+07,2.10047e+06,518859,517033,2.5276e+06,70.9371,318.073,80.8482,318.073
0,148,4.05834e+07,44558.3,269987,9.63859e+06,5.90563e+07,13932.6,13794.3,1.22695e+07,2.1002e+06,518783,516746,2.52877e+06,70.9283,317.909,76.3663,317.909
0,149,4.05915e+07,44556.8,269902,9.63923e+06,5.90571e+07,13929.6,13788.1,1.22637e+07,2.09993e+06,518705,516461,2.52993e+06,70.9217,317.785,71.1114,317.785
0,150,4.05998e+07,44556.8,269852,9.63988e+06,5.90576e+07,13926.9,13783.7,1.2258e+07,2.09968e+06,518624,516182,2.53108e+06,70.9173,317.704,70.2449,317.704
0,151,4.06081e+07,44558.3,269840,9.64052e+06,5.90577e+07,13924.6,13781.2,1.22526e+07,2.09944e+06,518543,515913,2.53223e+06,70.9152,317.665,70.9152,317.665
0,152,4.06164e+07,44561.3,269864,9.64116e+06,5.90576e+07,13922.7,13780.5,1.22474e+07,2.09922e+06,518462,515657,2.53337e+06,70.9153,317.67,70.9153,317.67
0,153,4.06245e+07,44565.7,269925,9.64179e+06,5.90573e+07,13921.2,13781.8,1.22427e+07,2.09902e+06,518382,515419,2.53449e+06,70.9178,317.718,70.9178,317.718
0,154,4.06323e+07,44571.6,270023,9.64241e+06,5.90567e+07,13920.2,13785,1.22384e+07,2.09884e+06,518305,515202,2.53561e+06,70.9226,317.81,70.9226,317.81
0,155,4.06398e+07,44578.7,270154,9.64301e+06,5.90558e+07,13919.7,13790,1.22346e+07,2.09869e+06,518230,515009,2.53671e+06,70.9295,317.942,70.9295,317.942
0,156,4.06468e+07,44587.1,270319,9.64359e+06,5.90548e+07,13919.6,13796.8,1.22314e+07,2.09856e+06,518160,514842,2.53779e+06,70.9386,318.115,70.9386,318.115
0,157,4.06533e+07,44596.5,270514,9.64415e+06,5.90537e+07,13920,13805.3,1.22288e+07,2.09846e+06,518095,514705,2.53886e+06,70.9495,318.326,70.9495,318.326
0,158,4.06592e+07,44606.9,270738,9.64468e+06,5.90525e+07,13920.8,13815.4,1.22268e+07,2.09839e+06,518035,514600,2.53992e+06,70.9623,318.571,70.9623,318.571
0,159,4.06644e+07,44618.1,270986,9.64519e+06,5.90511e+07,13922.1,13826.9,1.22255e+07,2.09835e+06,517982,514528,2.54096e+06,70.9767,318.847,70.9767,318.847
0,160,4.06689e+07,44629.8,271256,9.64566e+06,5.90498e+07,13923.9,13839.8,1.22249e+07,2.09834e+06,517936,514490,2.54199e+06,70.9925,319.151,70.9925,319.151
0,161,4.06727e+07,44642.1,271543,9.64611e+06,5.90484e+07,13926,13853.7,1.22251e+07,2.09835e+06,517897,514486,2.543e+06,71.0094,319.479,71.0094,319.479
0,162,4.06756e+07,44654.6,271845,9.64653e+06,5.90471e+07,13928.4,13868.6,1.22259e+07,2.0984e+06,517867,514519,2.544e+06,71.0272,319.826,71.0272,319.826
0,163,4.06777e+07,44667.1,272156,9.64692e+06,5.90459e+07,13931.2,13884.2,1.22275e+07,2.09847e+06,517845,514586,2.54498e+06,71.0456,320.186,71.0456,320.186
0,164,4.0679e+07,44679.5,272472,9.64728e+06,5.90448e+07,13934.3,13900.4,1.22297e+07,2.09857e+06,517831,514687,2.54595e+06,71.0643,320.556,71.0643,320.556
0,165,4.06794e+07,44691.6,272789,9.64762e+06,5.90439e+07,13937.6,13916.8,1.22326e+07,2.0987e+06,517826,514821,2.54691e+06,71.083,320.929,71.083,320.929
0,166,4.0679e+07,44703.2,273103,9.64792e+06,5.90431e+07,13941,13933.2,1.22361e+07,2.09884e+06,517830,514986,2.54785e+06,71.1014,321.301,71.1014,321.301
0,167,4.06777e+07,44714,273407,9.6482e+06,5.90426e+07,13944.5,13949.5,1.22401e+07,2.09901e+06,517841,515180,2.54878e+06,71.1193,321.666,71.1193,321.666
0,168,4.06757e+07,44724,273699,9.64845e+06,5.90423e+07,13948.1,13965.4,1.22447e+07,2.09919e+06,517861,515400,2.5497e+06,71.1362,322.018,71.1362,322.018
0,169,4.0673e+07,44732.9,273974,9.64869e+06,5.90422e+07,13951.7,13980.6,1.22497e+07,2.09939e+06,517888,515644,2.5506e+06,71.152,322.353,71.152,322.353
0,170,4.06696e+07,44740.6,274227,9.6489e+06,5.90425e+07,13955.2,13994.9,1.22551e+07,2.09959e+06,517921,515907,2.55148e+06,71.1664,322.666,71.1664,322.666
0,171,4.06656e+07,44747,274456,9.6491e+06,5.9043e+07,13958.6,14008.2,1.22607e+07,2.0998e+06,517961,516187,2.55235e+06,71.1792,322.952,71.1792,322.952
0,172,4.06611e+07,44751.9,274656,9.64929e+06,5.90439e+07,13961.8,14020.2,1.22666e+07,2.10002e+06,518006,516479,2.5532e+06,71.1901,323.206,71.1901,323.206
0,173,4.06561e+07,44755.4,274825,9.64947e+06,5.90451e+07,13964.8,14030.7,1.22727e+07,2.10023e+06,518056,516779,2.55404e+06,71.1989,323.426,70.2161,323.426
0,174,4.06508e+07,44757.2,274960,9.64965e+06,5.90466e+07,13967.5,14039.6,1.22787e+07,2.10044e+06,518109,517083,2.55485e+06,71.2056,323.607,64.6934,323.607
0,175,4.06452e+07,44757.5,275060,9.64982e+06,5.90484e+07,13969.8,14046.9,1.22848e+07,2.10064e+06,518165,517387,2.55564e+06,71.2099,323.748,69.9169,323.748
0,176,4.06395e+07,44756.2,275122,9.65e+06,5.90506e+07,13971.8,14052.3,1.22907e+07,2.10082e+06,518223,517687,2.55641e+06,71.2119,323.846,74.6788,323.846
0,177,4.06338e+07,44753.2,275147,9.65019e+06,5.9053e+07,13973.4,14055.8,1.22963e+07,2.101e+06,518281,517977,2.55715e+06,71.2115,323.9,69.6807,323.9
0,178,4.0628e+07,44748.8,275134,9.65038e+06,5.90558e+07,13974.6,14057.4,1.23017e+07,2.10115e+06,518338,518255,2.55786e+06,71.2087,323.91,89.3607,323.91
0,179,4.06225e+07,44742.8,275083,9.65059e+06,5.90587e+07,13975.4,14057,1.23067e+07,2.10129e+06,518395,518516,2.55854e+06,71.2036,323.874,68.6686,325.956
0,180,4.06172e+07,44735.5,274996,9.65082e+06,5.90619e+07,13975.7,14054.7,1.23113e+07,2.1014e+06,518448,518757,2.55919e+06,71.1961,323.795,56.7123,320.975
0,181,4.06122e+07,44726.9,274873,9.65106e+06,5.90654e+07,13975.5,14050.6,1.23154e+07,2.10148e+06,518499,518974,2.5598e+06,71.1866,323.674,83.8261,319.77
0,182,4.06077e+07,44717.2,274718,9.65133e+06,5.9069e+07,13974.9,14044.6,1.23189e+07,2.10154e+06,518545,519165,2.56036e+06,71.175,323.512,79.4678,329.103
0,183,4.06037e+07,44706.4,274532,9.65161e+06,5.90727e+07,13973.9,14037,1.23218e+07,2.10157e+06,518586,519327,2.56088e+06,71.1616,323.313,69.1827,358.772
0,184,4.06003e+07,44694.9,274318,9.65193e+06,5.90766e+07,13972.4,14027.7,1.23241e+07,2.10158e+06,518622,519457,2.56136e+06,71.1465,323.079,56.8811,318.259
0,185,4.05976e+07,44682.6,274080,9.65227e+06,5.90805e+07,13970.6,14017.1,1.23257e+07,2.10155e+06,518651,519555,2.56179e+06,71.13,322.815,72.2517,330.12
0,186,4.05955e+07,44669.9,273822,9.65264e+06,5.90844e+07,13968.3,14005.2,1.23266e+07,2.1015e+06,518673,519619,2.56217e+06,71.1124,322.525,61.4921,291.369
0,187,4.05943e+07,44656.8,273548,9.65304e+06,5.90884e+07,13965.7,13992.3,1.23267e+07,2.10141e+06,518687,519649,2.5625e+06,71.0938,322.212,66.6797,332.113
0,188,4.05938e+07,44643.6,273261,9.65346e+06,5.90923e+07,13962.8,13978.5,1.23262e+07,2.1013e+06,518694,519645,2.56278e+06,71.0745,321.883,73.2993,306.73
0,189,4.05941e+07,44630.5,272967,9.65391e+06,5.90961e+07,13959.6,13964.1,1.23251e+07,2.10116e+06,518693,519606,2.563e+06,71.0548,321.541,64.4712,346.595
0,190,4.05952e+07,44617.6,272669,9.65438e+06,5.90998e+07,13956.1,13949.2,1.23232e+07,2.101e+06,518684,519535,2.56317e+06,71.0349,321.192,70.5876,317.493
0,191,4.05971e+07,44605,272372,9.65488e+06,5.91033e+07,13952.5,13934.2,1.23208e+07,2.10082e+06,518667,519431,2.56329e+06,71.0152,320.842,81.9045,312.613
0,192,4.05999e+07,44593.1,272080,9.6554e+06,5.91066e+07,13948.7,13919.2,1.23177e+07,2.10061e+06,518642,519298,2.56335e+06,70.9958,320.495,60.0532,314.173
0,193,4.06034e+07,44581.8,271798,9.65594e+06,5.91098e+07,13944.9,13904.4,1.23141e+07,2.10039e+06,518610,519138,2.56335e+06,70.9771,320.157,74.885,330.329
0,194,4.06076e+07,44571.5,271529,9.6565e+06,5.91126e+07,13941,13890.1,1.231e+07,2.10016e+06,518570,518953,2.5633e+06,70.9593,319.831,63.1328,320.302
0,195,4.06125e+07,44562.2,271278,9.65706e+06,5.91153e+07,13937.1,13876.5,1.23056e+07,2.09991e+06,518523,518746,2.56318e+06,70.9427,319.524,66.4256,319.61
0,196,4.0618e+07,44554,271048,9.65764e+06,5.91176e+07,13933.3,13863.7,1.23007e+07,2.09965e+06,518470,518520,2.56301e+06,70.9274,319.24,63.0086,325.406
0,197,4.06241e+07,44547.1,270843,9.65822e+06,5.91196e+07,13929.7,13852.1,1.22956e+07,2.09939e+06,518412,518280,2.56278e+06,70.9137,318.982,74.1786,318.982
0,198,4.06307e+07,44541.5,270665,9.65881e+06,5.91213e+07,13926.2,13841.6,1.22903e+07,2.09913e+06,518348,518028,2.56249e+06,70.9018,318.754,74.2093,318.754
0,199,4.06377e+07,44537.4,270517,9.65939e+06,5.91227e+07,13922.9,13832.6,1.22849e+07,2.09886e+06,518281,517769,2.56214e+06,70.8918,318.561,66.2236,318.561
0,200,4.0645e+07,44534.8,270401,9.65996e+06,5.91238e+07,13919.9,13825,1.22795e+07,2.09861e+06,518210,517507,2.56173e+06,70.884,318.403,65.3159,318.403
0,201,4.06525e+07,44533.8,270319,9.66053e+06,5.91246e+07,13917.3,13819.1,1.22741e+07,2.09836e+06,518137,517246,2.56127e+06,70.8783,318.285,77.1986,318.285
0,202,4.06601e+07,44534.3,270272,9.66108e+06,5.91251e+07,13915,13815,1.22689e+07,2.09812e+06,518063,516989,2.56074e+06,70.8751,318.207,80.545,318.207
0,203,4.06678e+07,44536.5,270262,9.6616e+06,5.91252e+07,13913.1,13812.6,1.22638e+07,2.0979e+06,517988,516741,2.56017e+06,70.8742,318.172,69.3941,318.172
0,204,4.06754e+07,44540.2,270288,9.66211e+06,5.91251e+07,13911.7,13812.1,1.22591e+07,2.0977e+06,517915,516506,2.55954e+06,70.8757,318.179,72.0804,318.179
0,205,4.06828e+07,44545.5,270350,9.66259e+06,5.91247e+07,13910.7,13813.4,1.22547e+07,2.09752e+06,517843,516287,2.55886e+06,70.8797,318.229,69.9874,318.229
0,206,4.06899e+07,44552.3,270448,9.66304e+06,5.91241e+07,13910.2,13816.6,1.22507e+07,2.09736e+06,517774,516088,2.55813e+06,70.8862,318.321,73.9287,318.321
0,207,4.06967e+07,44560.4,270581,9.66345e+06,5.91233e+07,13910.3,13821.7,1.22473e+07,2.09723e+06,517709,515912,2.55736e+06,70.895,318.455,72.4001,318.455
0,208,4.0703e+07,44569.9,270746,9.66382e+06,5.91222e+07,13910.8,13828.5,1.22444e+07,2.09712e+06,517649,515762,2.55654e+06,70.906,318.629,70.906,318.629
0,209,4.07089e+07,44580.6,270943,9.66416e+06,5.91211e+07,13911.8,13837,1.22421e+07,2.09705e+06,517594,515640,2.55568e+06,70.9192,318.84,70.9192,318.84
0,210,4.07141e+07,44592.3,271167,9.66445e+06,5.91198e+07,13913.3,13847,1.22404e+07,2.09701e+06,517546,515549,2.55478e+06,70.9343,319.087,70.9343,319.087
0,211,4.07186e+07,44605,271417,9.6647e+06,5.91184e+07,13915.3,13858.5,1.22394e+07,2.09699e+06,517506,515490,2.55385e+06,70.9512,319.365,70.9512,319.365
0,212,4.07224e+07,44618.3,271689,9.6649e+06,5.9117e+07,13917.7,13871.4,1.22391e+07,2.09701e+06,517473,515464,2.55288e+06,70.9697,319.671,70.9697,319.671
0,213,4.07254e+07,44632.2,271980,9.66506e+06,5.91156e+07,13920.6,13885.3,1.22395e+07,2.09706e+06,517449,515472,2.55188e+06,70.9894,320.001,70.9894,320.001
0,214,4.07275e+07,44646.4,272284,9.66516e+06,5.91143e+07,13923.9,13900.2,1.22406e+07,2.09715e+06,517434,515514,2.55086e+06,71.0102,320.351,71.0102,320.351
0,215,4.07289e+07,44660.8,272599,9.66522e+06,5.9113e+07,13927.5,13915.8,1.22424e+07,2.09726e+06,517429,515591,2.54981e+06,71.0318,320.716,71.0318,320.716
0,216,4.07293e+07,44675.1,272919,9.66524e+06,5.91118e+07,13931.4,13931.9,1.22448e+07,2.0974e+06,517432,515701,2.54873e+06,71.0537,321.089,71.0537,321.089
0,217,4.07289e+07,44689.2,273241,9.66521e+06,5.91107e+07,13935.5,13948.3,1.22479e+07,2.09757e+06,517446,515844,2.54764e+06,71.0758,321.468,71.0758,321.468
0,218,4.07277e+07,44702.8,273559,9.66513e+06,5.91099e+07,13939.8,13964.8,1.22517e+07,2.09776e+06,517468,516017,2.54654e+06,71.0978,321.844,71.0978,321.844
0,219,4.07256e+07,44715.7,273868,9.66501e+06,5.91092e+07,13944.3,13981.1,1.2256e+07,2.09798e+06,517500,516218,2.54541e+06,71.1192,322.215,71.1192,322.215
0,220,4.07227e+07,44727.8,274165,9.66486e+06,5.91087e+07,13948.8,13996.9,1.22608e+07,2.09821e+06,517540,516445,2.54428e+06,71.1398,322.573,71.1398,322.573
0,221,4.0719e+07,44738.9,274445,9.66467e+06,5.91086e+07,13953.4,14012.1,1.2266e+07,2.09846e+06,517589,516695,2.54314e+06,71.1594,322.914,71.1594,322.914
0,222,4.07147e+07,44748.8,274704,9.66444e+06,5.91087e+07,13957.8,14026.4,1.22716e+07,2.09872e+06,517646,516965,2.54199e+06,71.1776,323.232,71.1776,323.232
0,223,4.07097e+07,44757.4,274938,9.66418e+06,5.9109e+07,13962.2,14039.6,1.22775e+07,2.09899e+06,517709,517250,2.54083e+06,71.1942,323.524,71.1942,323.524
0,224,4.07042e+07,44764.6,275143,9.6639e+06,5.91097e+07,13966.4,14051.5,1.22836e+07,2.09927e+06,517779,517547,2.53966e+06,71.209,323.784,71.209,323.784
0,225,4.06983e+07,44770.3,275317,9.6636e+06,5.91107e+07,13970.4,14062,1.22899e+07,2.09955e+06,517854,517851,2.53849e+06,71.2218,324.009,71.2218,324.009
0,226,4.06919e+07,44774.4,275457,9.66328e+06,5.9112e+07,13974.1,14070.8,1.22962e+07,2.09982e+06,517933,518160,2.53732e+06,71.2324,324.196,71.2324,324.196
0,227,4.06853e+07,44777,275561,9.66294e+06,5.91137e+07,13977.4,14077.9,1.23025e+07,2.10009e+06,518016,518467,2.53614e+06,71.2407,324.341,71.2407,324.341
0,228,4.06785e+07,44777.9,275627,9.6626e+06,5.91156e+07,13980.5,14083.1,1.23086e+07,2.10035e+06,518101,518769,2.53495e+06,71.2467,324.444,71.2467,324.444
0,229,4.06716e+07,44777.2,275655,9.66225e+06,5.91178e+07,13983.1,14086.4,1.23145e+07,2.10059e+06,518187,519061,2.53377e+06,71.2503,324.501,71.2503,324.501
0,230,4.06648e+07,44775,275644,9.6619e+06,5.91203e+07,13985.3,14087.7,1.23201e+07,2.10082e+06,518274,519340,2.53257e+06,71.2515,324.513,70.8779,324.513
0,231,4.06581e+07,44771.3,275595,9.66155e+06,5.9123e+07,13987.1,14087,1.23253e+07,2.10103e+06,518360,519602,2.53137e+06,71.2504,324.48,73.6243,324.48
0,232,4.06516e+07,44766.3,275508,9.66121e+06,5.91259e+07,13988.4,14084.3,1.23301e+07,2.10122e+06,518444,519842,2.53017e+06,71.2469,324.402,65.7541,324.402
0,233,4.06455e+07,44759.9,275386,9.66088e+06,5.91291e+07,13989.3,14079.8,1.23344e+07,2.10139e+06,518525,520058,2.52895e+06,71.2413,324.281,65.3851,324.281
0,234,4.06398e+07,44752.4,275230,9.66057e+06,5.91324e+07,13989.8,14073.3,1.23381e+07,2.10153e+06,518602,520246,2.52772e+06,71.2337,324.119,55.2864,324.119
0,235,4.06346e+07,44743.8,275042,9.66027e+06,5.91359e+07,13989.8,14065.2,1.23411e+07,2.10164e+06,518675,520404,2.52648e+06,71.2242,323.918,71.9839,323.918
0,236,4.063e+07,44734.4,274827,9.65999e+06,5.91394e+07,13989.3,14055.4,1.23436e+07,2.10173e+06,518742,520530,2.52524e+06,71.2131,323.682,72.2469,323.682
0,237,4.0626e+07,44724.3,274586,9.65973e+06,5.9143e+07,13988.5,14044.1,1.23453e+07,2.10179e+06,518804,520623,2.52398e+06,71.2004,323.414,63.5047,342.622
0,238,4.06228e+07,44713.7,274324,9.65949e+06,5.91466e+07,13987.2,14031.6,1.23463e+07,2.10182e+06,518858,520680,2.52271e+06,71.1866,323.119,70.8122,322.218
0,239,4.06203e+07,44702.7,274045,9.65927e+06,5.91502e+07,13985.6,14018,1.23466e+07,2.10182e+06,518906,520702,2.52144e+06,71.1717,322.801,63.293,324.565
0,240,4.06185e+07,44691.6,273752,9.65908e+06,5.91538e+07,13983.6,14003.4,1.23462e+07,2.1018e+06,518946,520688,2.52017e+06,71.1561,322.464,76.858,326.179
0,241,4.06176e+07,44680.4,273451,9.65891e+06,5.91572e+07,13981.4,13988.2,1.23451e+07,2.10175e+06,518979,520639,2.51889e+06,71.14,322.115,67.7455,322.115
0,242,4.06175e+07,44669.4,273145,9.65876e+06,5.91605e+07,13978.9,13972.4,1.23433e+07,2.10167e+06,519003,520555,2.51761e+06,71.1237,321.757,63.0771,321.757
0,243,4.06182e+07,44658.7,272839,9.65863e+06,5.91637e+07,13976.2,13956.5,1.23408e+07,2.10158e+06,519020,520439,2.51632e+06,71.1073,321.396,61.7856,321.396
0,244,4.06197e+07,44648.6,272538,9.65852e+06,5.91666e+07,13973.3,13940.5,1.23378e+07,2.10146e+06,519028,520291,2.51504e+06,71.0913,321.038,70.5757,321.038
0,245,4.0622e+07,44639.1,272245,9.65844e+06,5.91693e+07,13970.3,13924.7,1.23341e+07,2.10133e+06,519029,520114,2.51376e+06,71.0758,320.687,81.4708,320.687
0,246,4.06251e+07,44630.4,271965,9.65836e+06,5.91718e+07,13967.2,13909.3,1.233e+07,2.10118e+06,519023,519911,2.51248e+06,71.061,320.348,71.3321,322.281
0,247,4.06288e+07,44622.6,271701,9.65831e+06,5.9174e+07,13964.2,13894.5,1.23255e+07,2.10102e+06,519009,519685,2.5112e+06,71.0473,320.026,65.856,320.026
0,248,4.06332e+07,44615.9,271458,9.65826e+06,5.91758e+07,13961.1,13880.6,1.23205e+07,2.10085e+06,518989,519438,2.50993e+06,71.0348,319.726,71.8714,318.072
0,249,4.06382e+07,44610.4,271238,9.65822e+06,5.91774e+07,13958.2,13867.7,1.23153e+07,2.10067e+06,518963,519175,2.50867e+06,71.0238,319.451,58.6231,324.458
0,250,4.06436e+07,44606.2,271045,9.65819e+06,5.91786e+07,13955.4,13856,1.23098e+07,2.10049e+06,518931,518900,2.50742e+06,71.0144,319.206,71.4715,319.206
0,251,4.06495e+07,44603.4,270881,9.65816e+06,5.91795e+07,13952.8,13845.6,1.23042e+07,2.10031e+06,518895,518615,2.50619e+06,71.0069,318.993,83.9249,318.993
0,252,4.06557e+07,44602,270748,9.65813e+06,5.91801e+07,13950.4,13836.7,1.22986e+07,2.10014e+06,518856,518326,2.50496e+06,71.0013,318.816,79.2401,318.816
0,253,4.06622e+07,44602,270649,9.65809e+06,5.91803e+07,13948.3,13829.4,1.22929e+07,2.09997e+06,518813,518035,2.50376e+06,70.9977,318.677,68.1324,318.677
0,254,4.06688e+07,44603.6,270584,9.65805e+06,5.91802e+07,13946.6,13823.8,1.22874e+07,2.09981e+06,518769,517748,2.50257e+06,70.9964,318.578,66.9746,318.578
0,255,4.06755e+07,44606.7,270555,9.65799e+06,5.91798e+07,13945.2,13820,1.2282e+07,2.09967e+06,518723,517469,2.50141e+06,70.9974,318.52,57.375,318.52
0,256,4.06822e+07,44611.3,270562,9.65792e+06,5.9179e+07,13944.2,13818,1.2277e+07,2.09954e+06,518678,517200,2.50028e+06,71.0006,318.504,78.5205,318.504
0,257,4.06887e+07,44617.4,270605,9.65783e+06,5.9178e+07,13943.7,13817.9,1.22722e+07,2.09944e+06,518633,516947,2.49918e+06,71.0062,318.531,71.2903,318.531
0,258,4.0695e+07,44624.9,270684,9.65771e+06,5.91768e+07,13943.5,13819.5,1.22679e+07,2.09935e+06,518591,516712,2.49811e+06,71.014,318.6,71.0731,318.6
0,259,4.07009e+07,44633.8,270796,9.65758e+06,5.91753e+07,13943.9,13823.1,1.2264e+07,2.09929e+06,518552,516498,2.49708e+06,71.0241,318.71,74.918,318.71
0,260,4.07064e+07,44643.9,270942,9.65742e+06,5.91736e+07,13944.7,13828.3,1.22606e+07,2.09925e+06,518517,516309,2.49609e+06,71.0363,318.86,77.0064,318.86
0,261,4.07115e+07,44655.1,271118,9.65723e+06,5.91717e+07,13946,13835.3,1.22578e+07,2.09924e+06,518486,516147,2.49515e+06,71.0505,319.047,71.0799,319.047
0,262,4.07159e+07,44667.2,271322,9.65701e+06,5.91697e+07,13947.7,13843.8,1.22557e+07,2.09926e+06,518461,516015,2.49426e+06,71.0665,319.269,71.0665,319.269
0,263,4.07198e+07,44680.3,271552,9.65676e+06,5.91676e+07,13949.9,13853.8,1.22541e+07,2.09931e+06,518443,515914,2.49342e+06,71.0842,319.522,71.0842,319.522
0,264,4.07229e+07,44693.9,271804,9.65648e+06,5.91654e+07,13952.5,13865.1,1.22533e+07,2.09939e+06,518431,515845,2.49264e+06,71.1033,319.804,71.1033,319.804
0,265,4.07253e+07,44708.1,272074,9.65616e+06,5.91633e+07,13955.5,13877.6,1.22531e+07,2.0995e+06,518427,515809,2.49193e+06,71.1236,320.111,70.3081,320.111
0,266,4.07269e+07,44722.5,272359,9.65582e+06,5.91611e+07,13958.8,13891,1.22536e+07,2.09964e+06,518431,515807,2.49128e+06,71.1447,320.436,71.1447,320.436
0,267,4.07277e+07,44737,272654,9.65544e+06,5.91589e+07,13962.5,13905.1,1.22548e+07,2.0998e+06,518443,515838,2.49071e+06,71.1666,320.777,71.1666,320.777
0,268,4.07276e+07,44751.4,272955,9.65504e+06,5.91569e+07,13966.4,13919.8,1.22566e+07,2.1e+06,518463,515903,2.49021e+06,71.1887,321.128,71.1887,321.128
0,269,4.07267e+07,44765.5,273258,9.65461e+06,5.9155e+07,13970.5,13934.8,1.22591e+07,2.10021e+06,518492,515999,2.48979e+06,71.2108,321.483,71.2108,321.483
0,270,4.0725e+07,44779,273557,9.65415e+06,5.91532e+07,13974.8,13949.9,1.22622e+07,2.10045e+06,518529,516125,2.48945e+06,71.2326,321.837,71.2326,321.837
0,271,4.07225e+07,44791.8,273849,9.65367e+06,5.91517e+07,13979.1,13964.9,1.22659e+07,2.10071e+06,518574,516280,2.4892e+06,71.2538,322.185,71.2538,322.185
0,272,4.07192e+07,44803.6,274128,9.65317e+06,5.91503e+07,13983.5,13979.4,1.227e+07,2.10098e+06,518627,516460,2.48904e+06,71.274,322.522,71.274,322.522
0,273,4.07153e+07,44814.3,274391,9.65266e+06,5.91492e+07,13987.8,13993.3,1.22746e+07,2.10126e+06,518686,516663,2.48898e+06,71.293,322.842,71.293,322.842
0,274,4.07106e+07,44823.8,274632,9.65213e+06,5.91484e+07,13992.1,14006.4,1.22795e+07,2.10156e+06,518752,516885,2.489e+06,71.3105,323.14,71.3105,323.14
0,275,4.07054e+07,44831.9,274849,9.65159e+06,5.91478e+07,13996.2,14018.4,1.22848e+07,2.10186e+06,518824,517124,2.48913e+06,71.3263,323.411,71.3263,323.411
0,276,4.06996e+07,44838.5,275038,9.65106e+06,5.91475e+07,14000,14029.2,1.22902e+07,2.10217e+06,518901,517374,2.48936e+06,71.34,323.651,71.34,323.651
0,277,4.06934e+07,44843.5,275196,9.65052e+06,5.91475e+07,14003.6,14038.5,1.22958e+07,2.10247e+06,518982,517632,2.48969e+06,71.3515,323.857,71.3515,323.857
0,278,4.06869e+07,44846.7,275320,9.64999e+06,5.91479e+07,14006.9,14046.3,1.23014e+07,2.10277e+06,519066,517895,2.49012e+06,71.3607,324.024,69.1374,324.024
0,279,4.06801e+07,44848.3,275408,9.64947e+06,5.91485e+07,14009.8,14052.3,1.23069e+07,2.10305e+06,519151,518156,2.49066e+06,71.3674,324.151,70.7315,324.151
0,280,4.06732e+07,44848.1,275458,9.64897e+06,5.91494e+07,14012.3,14056.5,1.23124e+07,2.10333e+06,519238,518413,2.4913e+06,71.3715,324.234,68.9148,324.234
0,281,4.06662e+07,44846.2,275470,9.64849e+06,5.91506e+07,14014.4,14058.8,1.23176e+07,2.10358e+06,519325,518661,2.49205e+06,71.373,324.273,77.9858,324.273
0,282,4.06593e+07,44842.7,275443,9.64804e+06,5.91521e+07,14015.9,14059.2,1.23225e+07,2.10382e+06,519410,518896,2.49291e+06,71.3719,324.266,88.0174,324.266
0,283,4.06526e+07,44837.4,275378,9.64761e+06,5.91538e+07,14017,14057.6,1.2327e+07,2.10403e+06,519493,519115,2.49387e+06,71.3682,324.214,75.1707,324.214
0,284,4.06461e+07,44830.7,275276,9.64723e+06,5.91558e+07,14017.6,14054,1.23311e+07,2.10422e+06,519572,519312,2.49494e+06,71.3619,324.117,67.7331,324.117
0,285,4.06401e+07,44822.5,275137,9.64688e+06,5.91579e+07,14017.7,14048.5,1.23347e+07,2.10438e+06,519647,519486,2.49611e+06,71.3532,323.977,70.8253,323.977
0,286,4.06344e+07,44812.9,274964,9.64657e+06,5.91602e+07,14017.2,14041.2,1.23377e+07,2.10451e+06,519717,519633,2.49739e+06,71.3422,323.795,83.8072,332.289
0,287,4.06294e+07,44802.2,274759,9.64631e+06,5.91627e+07,14016.3,14032.2,1.234e+07,2.10461e+06,519780,519750,2.49877e+06,71.3291,323.574,67.7977,328.702
0,288,4.06249e+07,44790.5,274526,9.6461e+06,5.91652e+07,14014.8,14021.6,1.23418e+07,2.10468e+06,519837,519836,2.50025e+06,71.314,323.317,72.7834,311.026
0,289,4.06212e+07,44777.9,274267,9.64594e+06,5.91678e+07,14012.9,14009.5,1.23428e+07,2.10472e+06,519885,519888,2.50182e+06,71.2971,323.029,69.343,297.18
0,290,4.06182e+07,44764.6,273987,9.64584e+06,5.91705e+07,14010.5,13996.1,1.23431e+07,2.10472e+06,519925,519906,2.50346e+06,71.2788,322.712,71.6938,309.349
0,291,4.0616e+07,44750.8,273688,9.64579e+06,5.91731e+07,14007.6,13981.6,1.23426e+07,2.10469e+06,519956,519889,2.50519e+06,71.2592,322.372,72.5529,315.597
0,292,4.06147e+07,44736.8,273377,9.64579e+06,5.91757e+07,14004.4,13966.3,1.23415e+07,2.10462e+06,519977,519837,2.50698e+06,71.2386,322.013,62.4988,321.381
0,293,4.06142e+07,44722.6,273057,9.64586e+06,5.91782e+07,14000.9,13950.2,1.23396e+07,2.10453e+06,519989,519751,2.50884e+06,71.2174,321.642,69.6121,327.743
0,294,4.06145e+07,44708.5,272732,9.64597e+06,5.91805e+07,13997,13933.8,1.23371e+07,2.1044e+06,519991,519630,2.51075e+06,71.1957,321.262,72.3455,321.262
0,295,4.06158e+07,44694.6,272408,9.64614e+06,5.91828e+07,13992.9,13917.1,1.23339e+07,2.10425e+06,519984,519477,2.51271e+06,71.1739,320.88,73.9347,320.88
0,296,4.06179e+07,44681.2,272088,9.64636e+06,5.91848e+07,13988.6,13900.5,1.23301e+07,2.10408e+06,519966,519294,2.51471e+06,71.1522,320.5,60.6961,320.5
0,297,4.06208e+07,44668.4,271778,9.64663e+06,5.91866e+07,13984.1,13884.1,1.23257e+07,2.10388e+06,519939,519083,2.51675e+06,71.131,320.128,73.0521,320.128
0,298,4.06245e+07,44656.3,271481,9.64695e+06,5.91881e+07,13979.6,13868.2,1.23208e+07,2.10366e+06,519903,518846,2.51882e+06,71.1104,319.77,70.6881,319.77
0,299,4.0629e+07,44645.2,271201,9.64732e+06,5.91894e+07,13975,13853,1.23155e+07,2.10342e+06,519858,518587,2.52092e+06,71.0908,319.429,66.336,319.429
0,300,4.06341e+07,44635.1,270943,9.64772e+06,5.91904e+07,13970.4,13838.7,1.23098e+07,2.10317e+06,519805,518309,2.52304e+06,71.0723,319.11,64.7989,319.11
0,301,4.06399e+07,44626.1,270709,9.64817e+06,5.91911e+07,13965.9,13825.5,1.23038e+07,2.10291e+06,519744,518015,2.52517e+06,71.0553,318.819,66.8274,318.819
0,302,4.06463e+07,44618.5,270502,9.64865e+06,5.91914e+07,13961.5,13813.5,1.22976e+07,2.10264e+06,519676,517711,2.52732e+06,71.0398,318.558,75.1296,318.558
0,303,4.06531e+07,44612.1,270326,9.64915e+06,5.91915e+07,13957.3,13803,1.22913e+07,2.10237e+06,519602,517399,2.52948e+06,71.026,318.331,77.4693,318.331
0,304,4.06602e+07,44607.2,270183,9.64969e+06,5.91912e+07,13953.3,13794,1.22849e+07,2.1021e+06,519523,517083,2.53164e+06,71.0142,318.141,74.0538,318.141
0,305,4.06677e+07,44603.7,270073,9.65024e+06,5.91906e+07,13949.6,13786.7,1.22786e+07,2.10183e+06,519440,516769,2.53381e+06,71.0044,317.99,77.6477,317.99
0,306,4.06754e+07,44601.7,270000,9.65081e+06,5.91897e+07,13946.2,13781.2,1.22723e+07,2.10157e+06,519354,516459,2.53598e+06,70.9968,317.88,73.368,317.88
0,307,4.06831e+07,44601.2,269963,9.6514e+06,5.91884e+07,13943.1,13777.6,1.22663e+07,2.10132e+06,519265,516158,2.53814e+06,70.9914,317.814,71.8886,317.814
0,308,4.06908e+07,44602.2,269964,9.65199e+06,5.91869e+07,13940.5,13775.8,1.22606e+07,2.10109e+06,519176,515871,2.5403e+06,70.9882,317.79,65.2136,317.79
0,309,4.06985e+07,44604.7,270002,9.65259e+06,5.91852e+07,13938.2,13776,1.22552e+07,2.10087e+06,519086,515600,2.54245e+06,70.9874,317.811,70.9874,317.811
0,310,4.07059e+07,44608.5,270076,9.65319e+06,5.91832e+07,13936.4,13778.1,1.22502e+07,2.10066e+06,518997,515350,2.54459e+06,70.9887,317.875,70.9887,317.875
0,311,4.0713e+07,44613.7,270185,9.65378e+06,5.91809e+07,13935.1,13782.1,1.22458e+07,2.10048e+06,518910,515124,2.54672e+06,70.9923,317.981,70.9923,317.981
0,312,4.07197e+07,44620.2,270329,9.65437e+06,5.91785e+07,13934.2,13787.9,1.22418e+07,2.10032e+06,518826,514924,2.54885e+06,70.998,318.129,70.998,318.129
0,313,4.0726e+07,44627.8,270504,9.65494e+06,5.91759e+07,13933.7,13795.5,1.22385e+07,2.10019e+06,518745,514753,2.55096e+06,71.0057,318.315,71.0057,318.315
0,314,4.07317e+07,44636.3,270709,9.65551e+06,5.91733e+07,13933.8,13804.8,1.22358e+07,2.10008e+06,518670,514614,2.55306e+06,71.0153,318.538,71.0153,318.538
0,315,4.07367e+07,44645.7,270941,9.65606e+06,5.91705e+07,13934.3,13815.6,1.22339e+07,2.1e+06,518600,514509,2.55515e+06,71.0265,318.794,71.0265,318.794
0,316,4.07411e+07,44655.8,271196,9.65659e+06,5.91677e+07,13935.2,13827.8,1.22326e+07,2.09995e+06,518536,514438,2.55723e+06,71.0392,319.08,71.0392,319.08
0,317,4.07448e+07,44666.5,271471,9.6571e+06,5.91649e+07,13936.5,13841.2,1.2232e+07,2.09992e+06,518479,514403,2.55929e+06,71.0532,319.391,71.0532,319.391
0,318,4.07476e+07,44677.4,271762,9.65759e+06,5.91621e+07,13938.1,13855.7,1.22321e+07,2.09992e+06,518430,514404,2.56134e+06,71.0681,319.724,71.0681,319.724
0,319,4.07497e+07,44688.5,272065,9.65806e+06,5.91594e+07,13940.2,13871,1.2233e+07,2.09995e+06,518388,514441,2.56339e+06,71.0837,320.074,71.0837,320.074
0,320,4.07509e+07,44699.5,272375,9.65851e+06,5.91568e+07,13942.4,13887,1.22345e+07,2.1e+06,518354,514514,2.56542e+06,71.0997,320.435,71.0997,320.435
0,321,4.07512e+07,44710.3,272688,9.65895e+06,5.91544e+07,13945,13903.3,1.22368e+07,2.10008e+06,518328,514621,2.56743e+06,71.1159,320.802,71.1159,320.802
0,322,4.07508e+07,44720.6,272999,9.65936e+06,5.91521e+07,13947.7,13919.8,1.22396e+07,2.10018e+06,518310,514761,2.56944e+06,71.1318,321.171,71.1318,321.171
0,323,4.07495e+07,44730.2,273304,9.65975e+06,5.91501e+07,13950.5,13936.3,1.22431e+07,2.10029e+06,518300,514931,2.57143e+06,71.1473,321.535,71.1473,321.535
0,324,4.07475e+07,44739,273598,9.66013e+06,5.91483e+07,13953.4,13952.4,1.22471e+07,2.10042e+06,518297,515130,2.57342e+06,71.162,321.889,71.162,321.889
0,325,4.07447e+07,44746.8,273877,9.66049e+06,5.91467e+07,13956.3,13968,1.22516e+07,2.10057e+06,518302,515355,2.57539e+06,71.1755,322.228,71.1755,322.228
0,326,4.07412e+07,44753.4,274137,9.66084e+06,5.91455e+07,13959.1,13982.9,1.22565e+07,2.10072e+06,518313,515602,2.57734e+06,71.1878,322.547,71.1878,322.547
0,327,4.07371e+07,44758.8,274373,9.66119e+06,5.91446e+07,13961.9,13996.8,1.22618e+07,2.10088e+06,518330,515867,2.57928e+06,71.1984,322.841,71.1984,322.841
0,328,4.07324e+07,44762.7,274582,9.66152e+06,5.9144e+07,13964.4,14009.5,1.22673e+07,2.10104e+06,518353,516148,2.58121e+06,71.2073,323.106,71.2073,323.106
0,329,4.07273e+07,44765.1,274762,9.66186e+06,5.91437e+07,13966.8,14020.8,1.2273e+07,2.10121e+06,518380,516439,2.58312e+06,71.2141,323.337,71.2141,323.337
0,330,4.07218e+07,44765.9,274908,9.66219e+06,5.91437e+07,13968.9,14030.6,1.22787e+07,2.10136e+06,518411,516737,2.58501e+06,71.2188,323.532,71.2188,323.532
0,331,4.0716e+07,44765.1,275020,9.66253e+06,5.91441e+07,13970.6,14038.8,1.22845e+07,2.10151e+06,518444,517037,2.58688e+06,71.2211,323.687,71.2211,323.687
0,332,4.07101e+07,44762.7,275096,9.66288e+06,5.91449e+07,13972,14045.2,1.22902e+07,2.10165e+06,518479,517335,2.58873e+06,71.2211,323.8,71.2211,323.8
0,333,4.0704e+07,44758.7,275134,9.66324e+06,5.91459e+07,13973,14049.7,1.22957e+07,2.10177e+06,518514,517627,2.59056e+06,71.2187,323.87,75.28,323.87
0,334,4.0698e+07,44753.1,275133,9.66362e+06,5.91472e+07,13973.6,14052.3,1.2301e+07,2.10188e+06,518549,517908,2.59236e+06,71.2138,323.895,74.7179,323.895
0,335,4.06921e+07,44745.9,275095,9.66401e+06,5.91489e+07,13973.8,14053,1.23059e+07,2.10196e+06,518583,518175,2.59412e+06,71.2065,323.876,72.1531,323.876
0,336,4.06864e+07,44737.3,275020,9.66442e+06,5.91507e+07,13973.5,14051.7,1.23104e+07,2.10202e+06,518614,518424,2.59586e+06,71.1969,323.812,81.7864,323.812
0,337,4.06811e+07,44727.4,274909,9.66486e+06,5.91529e+07,13972.8,14048.5,1.23145e+07,2.10205e+06,518642,518651,2.59756e+06,71.185,323.705,85.1413,323.705
0,338,4.06761e+07,44716.3,274764,9.66533e+06,5.91552e+07,13971.6,14043.5,1.2318e+07,2.10206e+06,518666,518854,2.59923e+06,71.1711,323.557,71.9186,314.481
0,339,4.06717e+07,44704.1,274588,9.66582e+06,5.91577e+07,13969.9,14036.8,1.2321e+07,2.10204e+06,518685,519029,2.60085e+06,71.1552,323.37,65.7296,320.896
0,340,4.06678e+07,44691,274382,9.66634e+06,5.91603e+07,13967.9,14028.5,1.23233e+07,2.10198e+06,518698,519174,2.60242e+06,71.1376,323.147,69.5144,332.918
0,341,4.06646e+07,44677.1,274151,9.6669e+06,5.91631e+07,13965.4,14018.6,1.23249e+07,2.1019e+06,518704,519287,2.60396e+06,71.1185,322.892,67.5154,318.767
0,342,4.06621e+07,44662.7,273898,9.66749e+06,5.91659e+07,13962.5,14007.5,1.23259e+07,2.10179e+06,518704,519368,2.60544e+06,71.098,322.609,78.8756,331.329
0,343,4.06603e+07,44647.9,273627,9.66811e+06,5.91687e+07,13959.2,13995.2,1.23262e+07,2.10165e+06,518696,519415,2.60688e+06,71.0765,322.302,65.7994,331.024
0,344,4.06594e+07,44632.8,273342,9.66876e+06,5.91715e+07,13955.6,13982,1.23258e+07,2.10148e+06,518680,519428,2.60828e+06,71.0542,321.976,76.1393,319.872
0,345,4.06592e+07,44617.7,273048,9.66945e+06,5.91743e+07,13951.7,13968.1,1.23247e+07,2.10128e+06,518656,519407,2.60962e+06,71.0314,321.636,70.8786,319.895
0,346,4.06599e+07,44602.8,272748,9.67016e+06,5.9177e+07,13947.6,13953.6,1.23229e+07,2.10105e+06,518624,519353,2.61091e+06,71.0083,321.287,69.0491,321.287
0,347,4.06613e+07,44588.2,272447,9.67091e+06,5.91795e+07,13943.2,13938.9,1.23205e+07,2.10081e+06,518584,519267,2.61215e+06,70.9852,320.933,63.1819,320.933
0,348,4.06636e+07,44574,272149,9.67168e+06,5.91819e+07,13938.7,13924.1,1.23175e+07,2.10053e+06,518535,519151,2.61334e+06,70.9623,320.581,73.3256,319.302
0,349,4.06668e+07,44560.5,271859,9.67248e+06,5.91841e+07,13934,13909.5,1.2314e+07,2.10024e+06,518479,519007,2.61448e+06,70.94,320.235,67.6505,313.018
0,350,4.06706e+07,44547.9,271582,9.6733e+06,5.91861e+07,13929.3,13895.2,1.23099e+07,2.09994e+06,518415,518837,2.61556e+06,70.9185,319.901,59.8856,319.901
0,351,4.06752e+07,44536.2,271320,9.67413e+06,5.91878e+07,13924.6,13881.5,1.23054e+07,2.09961e+06,518343,518644,2.61659e+06,70.898,319.583,62.493,319.583
0,352,4.06805e+07,44525.6,271078,9.67499e+06,5.91893e+07,13920,13868.6,1.23005e+07,2.09928e+06,518265,518432,2.61756e+06,70.8788,319.285,70.0251,319.285
0,353,4.06863e+07,44516.2,270859,9.67585e+06,5.91905e+07,13915.4,13856.8,1.22954e+07,2.09894e+06,518181,518203,2.61847e+06,70.861,319.013,73.3334,319.013
0,354,4.06927e+07,44508.1,270666,9.67672e+06,5.91914e+07,13911.1,13846,1.229e+07,2.0986e+06,518092,517962,2.61933e+06,70.845,318.77,71.044,318.77
0,355,4.06996e+07,44501.5,270503,9.6776e+06,5.9192e+07,13906.9,13836.7,1.22844e+07,2.09826e+06,517997,517712,2.62014e+06,70.8309,318.559,66.2231,318.559
0,356,4.07068e+07,44496.3,270370,9.67848e+06,5.91923e+07,13903,13828.8,1.22789e+07,2.09792e+06,517900,517458,2.62089e+06,70.8188,318.383,69.6488,318.383
0,357,4.07143e+07,44492.7,270272,9.67935e+06,5.91924e+07,13899.3,13822.5,1.22733e+07,2.09758e+06,517799,517202,2.62159e+06,70.8089,318.246,65.9851,318.246
0,358,4.07219e+07,44490.6,270208,9.68021e+06,5.91921e+07,13896.1,13817.8,1.22678e+07,2.09726e+06,517697,516951,2.62224e+06,70.8013,318.148,70.4591,318.148
0,359,4.07297e+07,44490.2,270180,9.68106e+06,5.91915e+07,13893.2,13815,1.22625e+07,2.09695e+06,517593,516706,2.62284e+06,70.7961,318.093,65.4447,318.093
0,360,4.07374e+07,44491.3,270188,9.68189e+06,5.91907e+07,13890.7,13814,1.22575e+07,2.09666e+06,517490,516473,2.62338e+06,70.7933,318.08,71.2713,318.08
0,361,4.0745e+07,44494.1,270234,9.6827e+06,5.91896e+07,13888.8,13814.9,1.22528e+07,2.09638e+06,517389,516255,2.62388e+06,70.7929,318.11,74.2091,318.11
0,362,4.07524e+07,44498.3,270315,9.68348e+06,5.91882e+07,13887.2,13817.7,1.22485e+07,2.09613e+06,517289,516056,2.62434e+06,70.795,318.183,69.0616,318.183
0,363,4.07596e+07,44504,270431,9.68424e+06,5.91867e+07,13886.2,13822.3,1.22447e+07,2.0959e+06,517193,515879,2.62475e+06,70.7995,318.298,70.4792,318.298
0,364,4.07663e+07,44511,270582,9.68496e+06,5.9185e+07,13885.7,13828.7,1.22414e+07,2.0957e+06,517102,515726,2.62513e+06,70.8062,318.453,60.0782,318.453
0,365,4.07725e+07,44519.3,270764,9.68564e+06,5.91832e+07,13885.6,13836.8,1.22387e+07,2.09553e+06,517016,515601,2.62547e+06,70.8152,318.648,73.3357,318.648
0,366,4.07782e+07,44528.6,270976,9.68629e+06,5.91812e+07,13886.1,13846.6,1.22367e+07,2.09539e+06,516935,515506,2.62577e+06,70.8262,318.879,70.8262,318.879
0,367,4.07832e+07,44539,271215,9.6869e+06,5.91792e+07,13887.1,13857.9,1.22353e+07,2.09528e+06,516862,515443,2.62604e+06,70.839,319.144,70.839,319.144
0,368,4.07875e+07,44550.1,271477,9.68747e+06,5.91771e+07,13888.5,13870.6,1.22345e+07,2.0952e+06,516797,515413,2.62628e+06,70.8535,319.438,70.9124,319.438
0,369,4.07911e+07,44561.9,271760,9.688e+06,5.9175e+07,13890.4,13884.5,1.22345e+07,2.09515e+06,516739,515417,2.6265e+06,70.8694,319.759,73.4689,319.759
0,370,4.07939e+07,44574.1,272059,9.68848e+06,5.91729e+07,13892.6,13899.4,1.22352e+07,2.09513e+06,516691,515456,2.62669e+06,70.8864,320.101,64.5072,320.101
0,371,4.07959e+07,44586.5,272369,9.68892e+06,5.9171e+07,13895.2,13915.1,1.22366e+07,2.09515e+06,516651,515529,2.62687e+06,70.9043,320.46,75.3034,320.46
0,372,4.0797e+07,44598.9,272688,9.68932e+06,5.91691e+07,13898.2,13931.5,1.22387e+07,2.09519e+06,516621,515637,2.62702e+06,70.9228,320.83,77.1746,320.83
0,373,4.07973e+07,44611.2,273010,9.68967e+06,5.91674e+07,13901.4,13948.3,1.22415e+07,2.09526e+06,516600,515777,2.62717e+06,70.9415,321.208,72.0975,321.208
0,374,4.07967e+07,44623,273330,9.68999e+06,5.91659e+07,13904.8,13965.2,1.22448e+07,2.09535e+06,516588,515950,2.6273e+06,70.9601,321.587,67.6672,321.587
0,375,4.07953e+07,44634.3,273644,9.69026e+06,5.91645e+07,13908.3,13982,1.22488e+07,2.09547e+06,516586,516152,2.62742e+06,70.9784,321.961,64.1809,321.961
0,376,4.07931e+07,44644.8,273947,9.6905e+06,5.91635e+07,13912,13998.5,1.22533e+07,2.09561e+06,516592,516381,2.62754e+06,70.996,322.326,77.2282,322.326
0,377,4.07901e+07,44654.4,274236,9.6907e+06,5.91626e+07,13915.6,14014.5,1.22583e+07,2.09576e+06,516607,516635,2.62766e+06,71.0126,322.676,71.0126,322.676
0,378,4.07864e+07,44662.9,274505,9.69087e+06,5.91621e+07,13919.3,14029.7,1.22637e+07,2.09593e+06,516630,516910,2.62777e+06,71.028,323.006,71.028,323.006
0,379,4.07821e+07,44670.1,274751,9.69102e+06,5.91619e+07,13922.8,14043.9,1.22695e+07,2.09611e+06,516660,517202,2.62788e+06,71.0419,323.312,71.0419,323.312
0,380,4.07772e+07,44675.9,274969,9.69114e+06,5.9162e+07,13926.2,14056.9,1.22755e+07,2.0963e+06,516697,517509,2.62799e+06,71.054,323.587,71.054,323.587
0,381,4.07719e+07,44680.3,275158,9.69125e+06,5.91624e+07,13929.4,14068.4,1.22817e+07,2.09648e+06,516739,517825,2.6281e+06,71.0642,323.829,71.0642,323.829
0,382,4.07661e+07,44683.1,275314,9.69133e+06,5.91632e+07,13932.4,14078.5,1.22879e+07,2.09667e+06,516785,518147,2.62822e+06,71.0723,324.035,70.6045,324.035
0,383,4.076e+07,44684.3,275434,9.69141e+06,5.91643e+07,13935,14086.8,1.22942e+07,2.09685e+06,516836,518469,2.62834e+06,71.0782,324.2,71.0782,324.2
0,384,4.07537e+07,44683.9,275517,9.69148e+06,5.91657e+07,13937.3,14093.3,1.23003e+07,2.09703e+06,516889,518789,2.62846e+06,71.0817,324.322,71.748,324.322
0,385,4.07474e+07,44681.9,275563,9.69154e+06,5.91674e+07,13939.2,14097.9,1.23063e+07,2.09719e+06,516943,519102,2.62859e+06,71.0828,324.401,64.8054,324.401
0,386,4.0741e+07,44678.4,275570,9.69161e+06,5.91694e+07,13940.7,14100.6,1.2312e+07,2.09733e+06,516999,519402,2.62872e+06,71.0815,324.434,60.2052,324.434
0,387,4.07348e+07,44673.3,275538,9.69168e+06,5.91717e+07,13941.8,14101.2,1.23174e+07,2.09746e+06,517053,519687,2.62885e+06,71.0778,324.422,65.7707,324.422
0,388,4.07287e+07,44666.7,275468,9.69177e+06,5.91743e+07,13942.4,14099.9,1.23224e+07,2.09757e+06,517107,519953,2.62898e+06,71.0718,324.365,61.5939,324.365
0,389,4.0723e+07,44658.9,275362,9.69186e+06,5.91771e+07,13942.6,14096.6,1.23269e+07,2.09765e+06,517157,520195,2.62911e+06,71.0636,324.263,77.2693,324.263
0,390,4.07176e+07,44649.8,275221,9.69197e+06,5.91801e+07,13942.4,14091.4,1.23308e+07,2.09771e+06,517205,520412,2.62924e+06,71.0532,324.12,57.6949,324.12
0,391,4.07128e+07,44639.6,275048,9.69211e+06,5.91833e+07,13941.6,14084.5,1.23342e+07,2.09775e+06,517248,520600,2.62936e+06,71.041,323.937,68.903,320.26
0,392,4.07085e+07,44628.6,274844,9.69226e+06,5.91866e+07,13940.5,14075.8,1.23369e+07,2.09775e+06,517285,520756,2.62948e+06,71.0269,323.717,68.4216,316.821
0,393,4.07049e+07,44616.7,274615,9.69243e+06,5.919e+07,13938.9,14065.7,1.23389e+07,2.09773e+06,517317,520879,2.62959e+06,71.0113,323.464,63.777,321.556
0,394,4.07019e+07,44604.2,274362,9.69264e+06,5.91934e+07,13936.9,14054.1,1.23402e+07,2.09768e+06,517343,520968,2.62969e+06,70.9944,323.181,81.6163,312.576
0,395,4.06998e+07,44591.4,274091,9.69286e+06,5.91969e+07,13934.6,14041.4,1.23408e+07,2.0976e+06,517362,521022,2.62978e+06,70.9764,322.874,72.8413,326.727
0,396,4.06984e+07,44578.3,273805,9.69312e+06,5.92003e+07,13931.9,14027.7,1.23407e+07,2.0975e+06,517373,521040,2.62984e+06,70.9576,322.546,75.5679,312.329
0,397,4.06978e+07,44565.1,273508,9.6934e+06,5.92037e+07,13928.9,14013.2,1.23399e+07,2.09736e+06,517376,521022,2.62988e+06,70.9382,322.204,79.0321,316.069
0,398,4.0698e+07,44552.1,273206,9.69371e+06,5.9207e+07,13925.6,13998.1,1.23384e+07,2.09721e+06,517372,520970,2.6299e+06,70.9185,321.851,68.4672,321.851
0,399,4.06991e+07,44539.5,272902,9.69404e+06,5.92102e+07,13922.2,13982.8,1.23363e+07,2.09703e+06,517360,520884,2.6299e+06,70.8989,321.494,70.3368,321.494
0,400,4.0701e+07,44527.2,272601,9.6944e+06,5.92132e+07,13918.5,13967.3,1.23335e+07,2.09683e+06,517340,520767,2.62986e+06,70.8794,321.138,74.6229,321.138
0,401,4.07037e+07,44515.7,272307,9.69477e+06,5.9216e+07,13914.8,13952,1.23302e+07,2.09661e+06,517312,520619,2.62979e+06,70.8605,320.787,77.5458,320.787
0,402,4.07072e+07,44505,272025,9.69517e+06,5.92185e+07,13910.9,13937,1.23263e+07,2.09637e+06,517277,520445,2.62968e+06,70.8424,320.447,58.4142,320.447
0,403,4.07114e+07,44495.2,271759,9.69558e+06,5.92208e+07,13907.1,13922.6,1.23219e+07,2.09613e+06,517235,520246,2.62954e+06,70.8253,320.124,84.5534,320.124
0,404,4.07163e+07,44486.5,271512,9.69601e+06,5.92229e+07,13903.3,13909,1.23172e+07,2.09587e+06,517186,520026,2.62936e+06,70.8095,319.82,62.3962,319.82
0,405,4.07218e+07,44479,271288,9.69644e+06,5.92246e+07,13899.6,13896.4,1.23122e+07,2.0956e+06,517132,519789,2.62913e+06,70.7952,319.542,73.5367,319.542
0,406,4.07278e+07,44472.9,271091,9.69688e+06,5.92261e+07,13896.1,13884.9,1.23069e+07,2.09534e+06,517072,519538,2.62887e+06,70.7825,319.292,66.5593,319.292
0,407,4.07343e+07,44468.1,270922,9.69733e+06,5.92272e+07,13892.8,13874.7,1.23014e+07,2.09507e+06,517008,519277,2.62857e+06,70.7717,319.075,70.6628,319.075
0,408,4.07412e+07,44464.8,270785,9.69777e+06,5.9228e+07,13889.7,13866.1,1.22959e+07,2.09481e+06,516940,519010,2.62822e+06,70.7629,318.893,72.6734,318.893
0,409,4.07483e+07,44463.1,270682,9.6982e+06,5.92285e+07,13886.9,13859,1.22904e+07,2.09456e+06,516869,518742,2.62782e+06,70.7563,318.749,67.9461,318.749
0,410,4.07557e+07,44462.9,270613,9.69863e+06,5.92286e+07,13884.4,13853.6,1.2285e+07,2.09431e+06,516796,518476,2.62739e+06,70.7519,318.645,73.5939,318.645
0,411,4.07631e+07,44464.3,270580,9.69904e+06,5.92285e+07,13882.3,13850,1.22797e+07,2.09408e+06,516723,518216,2.6269e+06,70.7499,318.583,68.1108,318.583
0,412,4.07705e+07,44467.3,270584,9.69943e+06,5.92281e+07,13880.7,13848.3,1.22747e+07,2.09387e+06,516650,517967,2.62638e+06,70.7503,318.564,68.2661,318.564
0,413,4.07778e+07,44471.8,270625,9.6998e+06,5.92274e+07,13879.5,13848.4,1.227e+07,2.09367e+06,516578,517732,2.62581e+06,70.7531,318.588,79.6991,318.588
0,414,4.07849e+07,44477.9,270702,9.70015e+06,5.92265e+07,13878.7,13850.4,1.22657e+07,2.0935e+06,516509,517515,2.6252e+06,70.7583,318.656,72.4964,318.656
0,415,4.07917e+07,44485.4,270815,9.70046e+06,5.92253e+07,13878.4,13854.3,1.22619e+07,2.09336e+06,516442,517320,2.62455e+06,70.7659,318.766,65.4308,318.766
0,416,4.07981e+07,44494.2,270962,9.70074e+06,5.92239e+07,13878.6,13860,1.22586e+07,2.09324e+06,516380,517148,2.62386e+06,70.7758,318.916,61.411,318.916
0,417,4.0804e+07,44504.3,271141,9.70099e+06,5.92224e+07,13879.4,13867.5,1.22558e+07,2.09315e+06,516324,517004,2.62313e+06,70.7878,319.106,70.3799,319.106
0,418,4.08094e+07,44515.4,271350,9.70119e+06,5.92208e+07,13880.6,13876.6,1.22537e+07,2.09309e+06,516273,516890,2.62236e+06,70.8019,319.333,70.8019,319.333
0,419,4.08141e+07,44527.6,271586,9.70136e+06,5.9219e+07,13882.3,13887.2,1.22523e+07,2.09306e+06,516229,516807,2.62156e+06,70.8178,319.594,70.8178,319.594
0,420,4.08182e+07,44540.5,271846,9.70148e+06,5.92172e+07,13884.4,13899.3,1.22515e+07,2.09306e+06,516192,516756,2.62073e+06,70.8354,319.885,70.8354,319.885
0,421,4.08214e+07,44554.1,272127,9.70156e+06,5.92153e+07,13887,13912.6,1.22514e+07,2.0931e+06,516164,516740,2.61987e+06,70.8543,320.203,70.8543,320.203
0,422,4.08239e+07,44568.1,272425,9.7016e+06,5.92135e+07,13890,13926.9,1.22521e+07,2.09316e+06,516144,516759,2.61898e+06,70.8745,320.543,70.8745,320.543
0,423,4.08255e+07,44582.4,272736,9.70159e+06,5.92118e+07,13893.4,13942.2,1.22534e+07,2.09326e+06,516133,516812,2.61806e+06,70.8955,320.9,70.8955,320.9
0,424,4.08263e+07,44596.7,273054,9.70154e+06,5.92101e+07,13897.1,13958,1.22555e+07,2.09338e+06,516132,516899,2.61711e+06,70.9171,321.271,70.9171,321.271
0,425,4.08262e+07,44610.9,273377,9.70144e+06,5.92085e+07,13901,13974.3,1.22582e+07,2.09354e+06,516139,517019,2.61615e+06,70.9391,321.648,70.9391,321.648
0,426,4.08253e+07,44624.7,273698,9.7013e+06,5.92071e+07,13905.2,13990.8,1.22615e+07,2.09372e+06,516156,517172,2.61516e+06,70.961,322.027,70.961,322.027
0,427,4.08235e+07,44637.9,274014,9.70112e+06,5.92059e+07,13909.5,14007.2,1.22655e+07,2.09392e+06,516183,517354,2.61415e+06,70.9825,322.403,70.9825,322.403
0,428,4.08208e+07,44650.4,274320,9.7009e+06,5.9205e+07,13913.9,14023.3,1.227e+07,2.09414e+06,516218,517564,2.61313e+06,71.0035,322.771,71.0035,322.771
0,429,4.08174e+07,44662,274612,9.70065e+06,5.92042e+07,13918.4,14038.9,1.22749e+07,2.09438e+06,516261,517798,2.61209e+06,71.0235,323.123,71.0235,323.123
0,430,4.08133e+07,44672.5,274885,9.70036e+06,5.92038e+07,13922.8,14053.8,1.22803e+07,2.09464e+06,516313,518054,2.61103e+06,71.0423,323.457,71.0423,323.457
0,431,4.08085e+07,44681.8,275135,9.70004e+06,5.92036e+07,13927.2,14067.7,1.22861e+07,2.09491e+06,516371,518329,2.60996e+06,71.0597,323.766,71.0597,323.766
0,432,4.08032e+07,44689.7,275358,9.6997e+06,5.92037e+07,13931.4,14080.4,1.22921e+07,2.09518e+06,516437,518617,2.60888e+06,71.0754,324.047,71.0754,324.047
0,433,4.07973e+07,44696.2,275552,9.69933e+06,5.92042e+07,13935.5,14091.8,1.22983e+07,2.09545e+06,516508,518917,2.60778e+06,71.0892,324.294,69.2664,324.294
0,434,4.07909e+07,44701.2,275713,9.69895e+06,5.9205e+07,13939.3,14101.6,1.23046e+07,2.09573e+06,516584,519222,2.60666e+06,71.1009,324.505,71.0019,324.505
0,435,4.07843e+07,44704.6,275840,9.69855e+06,5.9206e+07,13942.8,14109.7,1.23109e+07,2.096e+06,516664,519529,2.60554e+06,71.1104,324.676,64.9375,324.676
0,436,4.07774e+07,44706.4,275929,9.69813e+06,5.92074e+07,13946,14116.1,1.23171e+07,2.09626e+06,516746,519833,2.6044e+06,71.1176,324.806,78.7402,324.806
0,437,4.07704e+07,44706.6,275981,9.69772e+06,5.92091e+07,13948.8,14120.5,1.23231e+07,2.09652e+06,516831,520131,2.60324e+06,71.1224,324.891,78.4207,324.891
0,438,4.07633e+07,44705.3,275994,9.6973e+06,5.92111e+07,13951.2,14123,1.2329e+07,2.09676e+06,516916,520417,2.60206e+06,71.1249,324.931,67.6318,324.931
0,439,4.07564e+07,44702.4,275969,9.69688e+06,5.92134e+07,13953.2,14123.5,1.23344e+07,2.09698e+06,517001,520689,2.60087e+06,71.125,324.926,66.6674,324.926
0,440,4.07496e+07,44698.1,275905,9.69647e+06,5.92159e+07,13954.8,14122.1,1.23395e+07,2.09718e+06,517085,520941,2.59966e+06,71.1228,324.875,75.4857,324.875
0,441,4.07431e+07,44692.4,275805,9.69607e+06,5.92186e+07,13955.9,14118.6,1.23441e+07,2.09736e+06,517166,521171,2.59843e+06,71.1184,324.781,47.3985,330.984
0,442,4.0737e+07,44685.6,275670,9.69568e+06,5.92215e+07,13956.6,14113.3,1.23482e+07,2.09751e+06,517245,521375,2.59717e+06,71.1119,324.644,68.1188,296.82
0,443,4.07313e+07,44677.6,275502,9.6953e+06,5.92245e+07,13956.8,14106.2,1.23516e+07,2.09764e+06,517319,521551,2.59589e+06,71.1035,324.467,75.6198,330.279
0,444,4.07262e+07,44668.7,275303,9.69495e+06,5.92277e+07,13956.6,14097.3,1.23545e+07,2.09774e+06,517388,521696,2.59459e+06,71.0932,324.252,63.9993,335.688
0,445,4.07216e+07,44659.1,275078,9.69461e+06,5.9231e+07,13956,14086.9,1.23566e+07,2.09781e+06,517452,521808,2.59326e+06,71.0815,324.004,82.4219,342.313
0,446,4.07178e+07,44648.8,274830,9.69429e+06,5.92343e+07,13954.9,14075.2,1.23581e+07,2.09786e+06,517510,521886,2.59192e+06,71.0684,323.726,74.0745,311.777
0,447,4.07147e+07,44638.1,274561,9.69399e+06,5.92376e+07,13953.5,14062.2,1.23588e+07,2.09788e+06,517561,521929,2.59056e+06,71.0541,323.423,69.1746,320.903
0,448,4.07123e+07,44627,274278,9.69372e+06,5.92409e+07,13951.8,14048.1,1.23589e+07,2.09787e+06,517604,521936,2.58918e+06,71.039,323.098,80.7143,321.907
0,449,4.07107e+07,44615.9,273982,9.69347e+06,5.92442e+07,13949.7,14033.3,1.23582e+07,2.09783e+06,517640,521907,2.58779e+06,71.0233,322.757,72.4853,334.482
0,450,4.071e+07,44604.9,273680,9.69324e+06,5.92473e+07,13947.4,14017.8,1.23568e+07,2.09777e+06,517669,521844,2.58639e+06,71.0071,322.405,57.6848,336.241
0,451,4.071e+07,44594.1,273375,9.69303e+06,5.92502e+07,13944.8,14002,1.23548e+07,2.09769e+06,517689,521746,2.58498e+06,70.9909,322.047,78.6458,312.505
0,452,4.07109e+07,44583.7,273072,9.69284e+06,5.9253e+07,13942,13986,1.23521e+07,2.09759e+06,517702,521617,2.58355e+06,70.9748,321.688,63.1423,324.494
0,453,4.07126e+07,44573.9,272774,9.69267e+06,5.92556e+07,13939.1,13970,1.23489e+07,2.09746e+06,517707,521457,2.58212e+06,70.9591,321.333,86.8084,307.007
0,454,4.0715e+07,44564.8,272487,9.69252e+06,5.9258e+07,13936.1,13954.4,1.23451e+07,2.09732e+06,517705,521269,2.58069e+06,70.944,320.988,74.0785,318.882
0,455,4.07182e+07,44556.6,272215,9.69239e+06,5.926e+07,13933.1,13939.2,1.23408e+07,2.09717e+06,517695,521056,2.57925e+06,70.9299,320.657,62.3312,321.205
0,456,4.0722e+07,44549.4,271960,9.69226e+06,5.92618e+07,13930,13924.8,1.23361e+07,2.097e+06,517678,520821,2.57781e+06,70.9168,320.345,59.7275,316.468
0,457,4.07265e+07,44543.3,271727,9.69215e+06,5.92633e+07,13927.1,13911.2,1.23311e+07,2.09683e+06,517655,520567,2.57637e+06,70.9051,320.056,71.4038,310.414
0,458,4.07315e+07,44538.5,271519,9.69204e+06,5.92645e+07,13924.2,13898.8,1.23258e+07,2.09666e+06,517627,520298,2.57494e+06,70.8949,319.794,67.2092,321.44
0,459,4.0737e+07,44534.9,271339,9.69193e+06,5.92654e+07,13921.6,13887.6,1.23203e+07,2.09648e+06,517594,520018,2.57351e+06,70.8865,319.563,56.9281,319.563
0,460,4.07429e+07,44532.8,271189,9.69183e+06,5.92659e+07,13919.1,13877.8,1.23147e+07,2.0963e+06,517557,519731,2.57208e+06,70.88,319.366,76.7487,319.366
0,461,4.0749e+07,44532.2,271071,9.69172e+06,5.9266e+07,13916.9,13869.6,1.23091e+07,2.09613e+06,517516,519441,2.57068e+06,70.8755,319.205,75.1984,319.205
0,462,4.07554e+07,44533.1,270987,9.6916e+06,5.92659e+07,13915,13863,1.23036e+07,2.09597e+06,517473,519152,2.56928e+06,70.8731,319.084,66.7205,319.084
0,463,4.07619e+07,44535.4,270939,9.69147e+06,5.92654e+07,13913.5,13858.1,1.22981e+07,2.09583e+06,517429,518868,2.5679e+06,70.873,319.003,70.7454,319.003
0,464,4.07684e+07,44539.3,270926,9.69133e+06,5.92647e+07,13912.4,13855.1,1.22929e+07,2.09569e+06,517384,518592,2.56655e+06,70.8752,318.965,68.3788,318.965
0,465,4.07748e+07,44544.7,270949,9.69117e+06,5.92636e+07,13911.6,13853.9,1.2288e+07,2.09558e+06,517340,518330,2.56522e+06,70.8797,318.968,58.405,318.968
0,466,4.07811e+07,44551.6,271008,9.69098e+06,5.92623e+07,13911.3,13854.5,1.22835e+07,2.09548e+06,517298,518084,2.56392e+06,70.8865,319.014,65.4593,319.014
0,467,4.0787e+07,44559.9,271102,9.69078e+06,5.92607e+07,13911.5,13857,1.22794e+07,2.09541e+06,517258,517857,2.56265e+06,70.8956,319.101,81.2786,319.101
0,468,4.07926e+07,44569.4,271230,9.69055e+06,5.92589e+07,13912.1,13861.2,1.22758e+07,2.09536e+06,517221,517654,2.56143e+06,70.9069,319.23,70.9511,319.23
0,469,4.07978e+07,44580.2,271390,9.69029e+06,5.92569e+07,13913.2,13867.2,1.22727e+07,2.09534e+06,517189,517476,2.56024e+06,70.9203,319.397,70.9203,319.397
0,470,4.08024e+07,44592,271580,9.69e+06,5.92548e+07,13914.8,13874.9,1.22702e+07,2.09535e+06,517163,517327,2.5591e+06,70.9356,319.6,70.9356,319.6
0,471,4.08064e+07,44604.7,271796,9.68968e+06,5.92525e+07,13916.8,13884.1,1.22683e+07,2.09539e+06,517142,517207,2.55801e+06,70.9526,319.838,70.9526,319.838
0,472,4.08098e+07,44618.2,272037,9.68933e+06,5.92502e+07,13919.2,13894.7,1.22671e+07,2.09546e+06,517128,517120,2.55698e+06,70.9713,320.105,70.9713,320.105
0,473,4.08124e+07,44632.3,272299,9.68894e+06,5.92478e+07,13922,13906.5,1.22666e+07,2.09555e+06,517121,517065,2.55601e+06,70.9912,320.4,70.9912,320.4
0,474,4.08143e+07,44646.8,272577,9.68852e+06,5.92454e+07,13925.3,13919.4,1.22668e+07,2.09568e+06,517122,517044,2.55511e+06,71.0122,320.716,71.0122,320.716
0,475,4.08153e+07,44661.5,272868,9.68807e+06,5.92431e+07,13928.8,13933.1,1.22676e+07,2.09584e+06,517132,517056,2.55427e+06,71.034,321.05,71.034,321.05
0,476,4.08155e+07,44676.1,273168,9.68759e+06,5.92408e+07,13932.7,13947.6,1.22692e+07,2.09602e+06,517149,517102,2.55351e+06,71.0563,321.397,71.0563,321.397
0,477,4.08149e+07,44690.6,273471,9.68708e+06,5.92386e+07,13936.7,13962.4,1.22713e+07,2.09623e+06,517175,517180,2.55283e+06,71.0788,321.752,71.0788,321.752
0,478,4.08135e+07,44704.6,273774,9.68654e+06,5.92366e+07,13941,13977.5,1.22741e+07,2.09646e+06,517209,517290,2.55222e+06,71.1011,322.109,71.1011,322.109
0,479,4.08113e+07,44718,274071,9.68598e+06,5.92347e+07,13945.4,13992.6,1.22775e+07,2.09671e+06,517252,517429,2.55171e+06,71.123,322.462,71.123,322.462
0,480,4.08082e+07,44730.6,274359,9.68539e+06,5.9233e+07,13949.8,14007.4,1.22814e+07,2.09698e+06,517302,517595,2.55128e+06,71.1441,322.807,71.1441,322.807
0,481,4.08044e+07,44742.1,274633,9.68478e+06,5.92316e+07,13954.3,14021.7,1.22858e+07,2.09727e+06,517360,517785,2.55095e+06,71.1642,323.138,71.1642,323.138
0,482,4.07999e+07,44752.5,274887,9.68416e+06,5.92304e+07,13958.6,14035.2,1.22906e+07,2.09756e+06,517425,517997,2.55072e+06,71.1829,323.45,71.1829,323.45
0,483,4.07948e+07,44761.6,275119,9.68353e+06,5.92295e+07,13962.9,14047.8,1.22957e+07,2.09787e+06,517496,518226,2.55058e+06,71.1999,323.738,71.1999,323.738
0,484,4.07891e+07,44769.2,275325,9.6829e+06,5.92289e+07,13967,14059.3,1.23011e+07,2.09818e+06,517572,518470,2.55055e+06,71.2151,323.997,71.2151,323.997
0,485,4.07829e+07,44775.3,275501,9.68226e+06,5.92286e+07,13970.8,14069.4,1.23066e+07,2.09849e+06,517653,518724,2.55062e+06,71.2282,324.223,71.2282,324.223
0,486,4.07764e+07,44779.7,275645,9.68162e+06,5.92286e+07,13974.3,14078,1.23123e+07,2.09879e+06,517738,518984,2.5508e+06,71.239,324.412,71.239,324.412
0,487,4.07695e+07,44782.4,275753,9.68099e+06,5.92288e+07,13977.5,14085,1.23179e+07,2.09909e+06,517825,519246,2.55109e+06,71.2474,324.562,71.2474,324.562
0,488,4.07624e+07,44783.4,275825,9.68038e+06,5.92294e+07,13980.3,14090.2,1.23235e+07,2.09938e+06,517914,519506,2.55149e+06,71.2533,324.67,71.2533,324.67
0,489,4.07552e+07,44782.6,275858,9.67978e+06,5.92303e+07,13982.7,14093.4,1.23288e+07,2.09966e+06,518003,519759,2.55199e+06,71.2566,324.734,71.2566,324.734
0,490,4.07481e+07,44780.1,275853,9.67921e+06,5.92315e+07,13984.7,14094.8,1.2334e+07,2.09991e+06,518091,520001,2.55261e+06,71.2573,324.752,71.2573,324.752
0,491,4.0741e+07,44776,275809,9.67866e+06,5.92329e+07,13986.1,14094.2,1.23388e+07,2.10015e+06,518178,520227,2.55334e+06,71.2553,324.725,71.2553,324.725
0,492,4.07342e+07,44770.3,275726,9.67815e+06,5.92345e+07,13987.1,14091.6,1.23431e+07,2.10036e+06,518262,520436,2.55419e+06,71.2508,324.652,71.2508,324.652
0,493,4.07277e+07,44763.1,275606,9.67767e+06,5.92364e+07,13987.5,14087.1,1.2347e+07,2.10054e+06,518342,520621,2.55514e+06,71.2438,324.535,74.9339,324.535
0,494,4.07216e+07,44754.4,275451,9.67724e+06,5.92385e+07,13987.4,14080.6,1.23503e+07,2.1007e+06,518418,520782,2.5562e+06,71.2344,324.374,66.1501,324.374
0,495,4.0716e+07,44744.5,275262,9.67685e+06,5.92407e+07,13986.8,14072.4,1.23531e+07,2.10082e+06,518487,520914,2.55738e+06,71.2227,324.173,68.4688,324.173
0,496,4.0711e+07,44733.5,275043,9.67651e+06,5.9243e+07,13985.7,14062.5,1.23552e+07,2.10091e+06,518550,521015,2.55865e+06,71.209,323.934,81.067,323.934
0,497,4.07066e+07,44721.6,274796,9.67622e+06,5.92454e+07,13984.1,14051,1.23566e+07,2.10097e+06,518606,521084,2.56002e+06,71.1934,323.661,63.7749,324.774
0,498,4.0703e+07,44708.9,274526,9.67598e+06,5.92479e+07,13982.1,14038.1,1.23573e+07,2.101e+06,518653,521118,2.56146e+06,71.1762,323.357,78.0013,300.743
0,499,4.07001e+07,44695.6,274235,9.67579e+06,5.92503e+07,13979.6,14024.1,1.23572e+07,2.101e+06,518692,521118,2.56298e+06,71.1577,323.028,66.8513,328.418
0,500,4.06981e+07,44681.9,273929,9.67566e+06,5.92528e+07,13976.7,14009,1.23565e+07,2.10096e+06,518721,521082,2.56456e+06,71.138,322.677,72.0697,324.933
0,501,4.06969e+07,44668,273612,9.67559e+06,5.92551e+07,13973.4,13993.1,1.2355e+07,2.10089e+06,518741,521011,2.56619e+06,71.1176,322.31,69.2846,343.525
0,502,4.06966e+07,44654.1,273287,9.67557e+06,5.92574e+07,13969.9,13976.7,1.23528e+07,2.10079e+06,518752,520906,2.56786e+06,71.0966,321.932,70.1889,325.595
0,503,4.06971e+07,44640.4,272961,9.6756e+06,5.92595e+07,13966,13960,1.235e+07,2.10066e+06,518753,520767,2.56957e+06,71.0754,321.549,69.7554,316.251
0,504,4.06985e+07,44627.1,272638,9.67569e+06,5.92615e+07,13962,13943.2,1.23465e+07,2.10051e+06,518744,520596,2.5713e+06,71.0542,321.166,82.0183,321.265
0,505,4.07007e+07,44614.4,272321,9.67583e+06,5.92632e+07,13957.8,13926.5,1.23424e+07,2.10033e+06,518725,520396,2.57305e+06,71.0333,320.788,70.9497,320.788
0,506,4.07038e+07,44602.3,272016,9.67601e+06,5.92647e+07,13953.4,13910.2,1.23378e+07,2.10013e+06,518698,520169,2.57481e+06,71.0131,320.421,72.5635,320.421
0,507,4.07076e+07,44591.1,271726,9.67624e+06,5.92659e+07,13949.1,13894.5,1.23326e+07,2.09991e+06,518661,519918,2.57657e+06,70.9937,320.069,69.7768,320.069
0,508,4.07121e+07,44581,271456,9.67651e+06,5.92669e+07,13944.7,13879.6,1.23271e+07,2.09968e+06,518617,519646,2.57833e+06,70.9754,319.738,70.9949,319.738
0,509,4.07173e+07,44571.9,271209,9.67682e+06,5.92675e+07,13940.3,13865.7,1.23213e+07,2.09944e+06,518564,519357,2.58007e+06,70.9585,319.432,71.454,319.432
0,510,4.07231e+07,44564.1,270988,9.67716e+06,5.92678e+07,13936.1,13853,1.23152e+07,2.09919e+06,518505,519054,2.5818e+06,70.9431,319.155,76.4462,319.155
0,511,4.07294e+07,44557.7,270797,9.67753e+06,5.92678e+07,13932,13841.7,1.23089e+07,2.09893e+06,518439,518742,2.5835e+06,70.9294,318.911,83.5232,318.911
0,512,4.07361e+07,44552.6,270638,9.67793e+06,5.92675e+07,13928.2,13831.9,1.23025e+07,2.09867e+06,518368,518425,2.58517e+06,70.9176,318.702,68.293,318.702
0,513,4.07431e+07,44549,270512,9.67834e+06,5.92669e+07,13924.6,13823.7,1.22962e+07,2.09842e+06,518293,518107,2.5868e+06,70.9079,318.532,76.3467,318.532
0,514,4.07503e+07,44547,270422,9.67877e+06,5.92659e+07,13921.3,13817.3,1.22899e+07,2.09817e+06,518214,517791,2.58839e+06,70.9003,318.403,66.3935,318.403
0,515,4.07577e+07,44546.4,270369,9.67921e+06,5.92646e+07,13918.4,13812.7,1.22838e+07,2.09793e+06,518132,517483,2.58994e+06,70.8949,318.317,66.5858,318.317
0,516,4.07651e+07,44547.4,270353,9.67966e+06,5.9263e+07,13915.8,13810,1.22779e+07,2.0977e+06,518050,517186,2.59144e+06,70.8918,318.274,71.5344,318.274
0,517,4.07724e+07,44549.9,270374,9.6801e+06,5.92611e+07,13913.7,13809.3,1.22723e+07,2.09749e+06,517967,516905,2.59288e+06,70.8911,318.275,69.1921,318.275
0,518,4.07795e+07,44553.8,270433,9.68055e+06,5.9259e+07,13912,13810.5,1.22672e+07,2.0973e+06,517884,516642,2.59428e+06,70.8926,318.32,70.8926,318.32
0,519,4.07864e+07,44559.2,270528,9.68098e+06,5.92566e+07,13910.7,13813.6,1.22625e+07,2.09713e+06,517804,516401,2.5956e+06,70.8965,318.409,70.8776,318.409
0,520,4.07929e+07,44565.9,270658,9.6814e+06,5.9254e+07,13910,13818.6,1.22583e+07,2.09698e+06,517726,516186,2.59687e+06,70.9026,318.54,70.9026,318.54
0,521,4.07989e+07,44573.8,270822,9.68181e+06,5.92512e+07,13909.7,13825.5,1.22547e+07,2.09685e+06,517652,516000,2.59808e+06,70.9109,318.711,70.9109,318.711
0,522,4.08044e+07,44582.9,271017,9.68219e+06,5.92483e+07,13909.9,13834.1,1.22518e+07,2.09676e+06,517582,515844,2.59922e+06,70.9211,318.921,70.9211,318.921
0,523,4.08093e+07,44592.9,271241,9.68256e+06,5.92453e+07,13910.6,13844.3,1.22495e+07,2.09669e+06,517518,515721,2.60029e+06,70.9332,319.166,70.9332,319.166
0,524,4.08135e+07,44603.7,271490,9.68289e+06,5.92422e+07,13911.7,13856,1.22479e+07,2.09665e+06,517461,515633,2.60128e+06,70.947,319.444,70.947,319.444
0,525,4.0817e+07,44615.2,271761,9.6832e+06,5.92391e+07,13913.3,13869,1.2247e+07,2.09663e+06,517410,515581,2.60221e+06,70.9622,319.749,70.9622,319.749
0,526,4.08196e+07,44627.2,272051,9.68348e+06,5.9236e+07,13915.3,13883.2,1.22469e+07,2.09665e+06,517367,515565,2.60307e+06,70.9786,320.079,70.9786,320.079
0,527,4.08215e+07,44639.5,272355,9.68373e+06,5.92329e+07,13917.6,13898.3,1.22475e+07,2.09669e+06,517333,515585,2.60385e+06,70.996,320.429,70.996,320.429
0,528,4.08224e+07,44651.8,272669,9.68395e+06,5.92299e+07,13920.3,13914.2,1.22488e+07,2.09676e+06,517306,515642,2.60455e+06,71.014,320.792,71.014,320.792
0,529,4.08226e+07,44664.1,272989,9.68413e+06,5.9227e+07,13923.3,13930.7,1.22508e+07,2.09686e+06,517288,515734,2.60518e+06,71.0324,321.166,71.0324,321.166
0,530,4.08218e+07,44676.1,273309,9.68428e+06,5.92243e+07,13926.6,13947.4,1.22535e+07,2.09698e+06,517279,515861,2.60572e+06,71.0509,321.544,76.8428,321.544
0,531,4.08202e+07,44687.6,273627,9.6844e+06,5.92218e+07,13930,13964.2,1.22568e+07,2.09712e+06,517278,516019,2.60619e+06,71.0692,321.92,73.1087,321.92
0,532,4.08177e+07,44698.4,273936,9.68449e+06,5.92195e+07,13933.5,13980.9,1.22607e+07,2.09728e+06,517286,516208,2.60658e+06,71.087,322.29,75.0566,322.29
0,533,4.08144e+07,44708.4,274232,9.68455e+06,5.92175e+07,13937.1,13997.1,1.22652e+07,2.09746e+06,517302,516425,2.60688e+06,71.104,322.648,68.6092,322.648
0,534,4.08104e+07,44717.4,274512,9.68458e+06,5.92157e+07,13940.8,14012.7,1.22701e+07,2.09765e+06,517325,516666,2.6071e+06,71.1199,322.989,74.2896,322.989
0,535,4.08057e+07,44725.2,274770,9.68459e+06,5.92142e+07,13944.3,14027.5,1.22753e+07,2.09785e+06,517356,516928,2.60723e+06,71.1344,323.307,72.1347,323.307
0,536,4.08003e+07,44731.8,275004,9.68457e+06,5.9213e+07,13947.8,14041.1,1.22809e+07,2.09806e+06,517393,517207,2.60727e+06,71.1474,323.599,71.7603,323.599
0,537,4.07944e+07,44736.9,275209,9.68453e+06,5.92121e+07,13951.1,14053.5,1.22868e+07,2.09827e+06,517436,517500,2.60723e+06,71.1587,323.86,65.6103,323.86
0,538,4.0788e+07,44740.6,275383,9.68447e+06,5.92116e+07,13954.2,14064.5,1.22927e+07,2.09848e+06,517484,517801,2.60708e+06,71.168,324.086,84.1964,324.086
0,539,4.07813e+07,44742.8,275524,9.6844e+06,5.92113e+07,13957.1,14073.9,1.22988e+07,2.09869e+06,517536,518108,2.60685e+06,71.1752,324.274,67.1354,324.274
0,540,4.07742e+07,44743.5,275629,9.68432e+06,5.92114e+07,13959.7,14081.5,1.23048e+07,2.09889e+06,517591,518415,2.60651e+06,71.1802,324.421,68.6866,324.421
0,541,4.0767e+07,44742.6,275697,9.68423e+06,5.92118e+07,13961.9,14087.3,1.23106e+07,2.09908e+06,517648,518718,2.60607e+06,71.183,324.525,76.1303,324.525
0,542,4.07597e+07,44740.2,275727,9.68413e+06,5.92125e+07,13963.8,14091.2,1.23163e+07,2.09925e+06,517706,519014,2.60552e+06,71.1835,324.586,70.3816,337.006
0,543,4.07524e+07,44736.3,275719,9.68403e+06,5.92135e+07,13965.3,14093.2,1.23217e+07,2.09941e+06,517765,519297,2.60487e+06,71.1817,324.601,74.5902,329.191
0,544,4.07452e+07,44731,275673,9.68393e+06,5.92148e+07,13966.4,14093.2,1.23268e+07,2.09955e+06,517823,519564,2.6041e+06,71.1777,324.572,77.4907,319.29
0,545,4.07383e+07,44724.4,275591,9.68383e+06,5.92162e+07,13967,14091.3,1.23314e+07,2.09967e+06,517879,519811,2.60322e+06,71.1715,324.5,65.6171,321.455
0,546,4.07316e+07,44716.6,275474,9.68373e+06,5.92179e+07,13967.3,14087.5,1.23355e+07,2.09976e+06,517932,520035,2.60221e+06,71.1634,324.384,75.7384,325.383
0,547,4.07254e+07,44707.8,275323,9.68364e+06,5.92198e+07,13967.2,14081.9,1.23391e+07,2.09983e+06,517983,520232,2.60108e+06,71.1534,324.229,93.2325,333.394
0,548,4.07197e+07,44698.1,275142,9.68356e+06,5.92218e+07,13966.6,14074.5,1.23421e+07,2.09987e+06,518028,520401,2.59982e+06,71.1417,324.036,66.8209,293.26
0,549,4.07145e+07,44687.6,274934,9.68349e+06,5.92239e+07,13965.7,14065.6,1.23444e+07,2.09988e+06,518070,520540,2.59846e+06,71.1285,323.809,68.3426,304.389
0,550,4.07099e+07,44676.5,274701,9.68342e+06,5.92261e+07,13964.4,14055.3,1.23461e+07,2.09987e+06,518105,520645,2.59697e+06,71.1141,323.55,65.6484,327.556
0,551,4.0706e+07,44665,274448,9.68337e+06,5.92283e+07,13962.7,14043.7,1.23471e+07,2.09983e+06,518135,520718,2.59538e+06,71.0985,323.266,80.9209,325.868
0,552,4.07028e+07,44653.2,274178,9.68332e+06,5.92305e+07,13960.7,14031,1.23473e+07,2.09977e+06,518158,520756,2.59369e+06,71.0822,322.959,67.8759,322.532
0,553,4.07004e+07,44641.3,273896,9.68328e+06,5.92326e+07,13958.5,14017.4,1.23469e+07,2.09968e+06,518174,520759,2.59189e+06,71.0653,322.634,66.5674,334.521
0,554,4.06987e+07,44629.5,273605,9.68326e+06,5.92347e+07,13955.9,14003.2,1.23459e+07,2.09956e+06,518184,520728,2.59e+06,71.048,322.297,72.3966,324.047
0,555,4.06979e+07,44618,273310,9.68323e+06,5.92366e+07,13953.2,13988.4,1.23441e+07,2.09943e+06,518186,520665,2.58802e+06,71.0306,321.953,63.57,325.218
0,556,4.06978e+07,44606.9,273015,9.68322e+06,5.92384e+07,13950.3,13973.5,1.23418e+07,2.09927e+06,518182,520569,2.58594e+06,71.0135,321.605,74.8929,324.218
0,557,4.06984e+07,44596.4,272725,9.6832e+06,5.924e+07,13947.3,13958.5,1.23388e+07,2.09909e+06,518170,520443,2.58378e+06,70.9967,321.261,70.8007,316.459
0,558,4.06998e+07,44586.6,272444,9.68319e+06,5.92413e+07,13944.2,13943.7,1.23353e+07,2.0989e+06,518152,520289,2.58153e+06,70.9806,320.924,73.3443,320.924
0,559,4.0702e+07,44577.7,272176,9.68318e+06,5.92424e+07,13941,13929.3,1.23313e+07,2.0987e+06,518127,520110,2.5792e+06,70.9655,320.599,61.6196,320.599
0,560,4.07047e+07,44569.8,271924,9.68316e+06,5.92433e+07,13937.9,13915.5,1.23269e+07,2.09848e+06,518096,519908,2.5768e+06,70.9516,320.292,78.2998,320.292
0,561,4.07081e+07,44563.1,271692,9.68313e+06,5.92438e+07,13934.9,13902.6,1.23222e+07,2.09826e+06,518060,519687,2.57433e+06,70.939,320.006,70.7223,320.006
0,562,4.0712e+07,44557.7,271484,9.68309e+06,5.9244e+07,13932,13890.6,1.23172e+07,2.09804e+06,518019,519450,2.57179e+06,70.9281,319.746,81.093,319.746
0,563,4.07164e+07,44553.6,271303,9.68304e+06,5.9244e+07,13929.4,13879.9,1.23119e+07,2.09781e+06,517973,519201,2.56918e+06,70.9189,319.515,71.081,319.515
0,564,4.07211e+07,44551,271151,9.68297e+06,5.92435e+07,13926.9,13870.4,1.23066e+07,2.09759e+06,517925,518944,2.56652e+06,70.9118,319.316,74.4834,319.316
0,565,4.07262e+07,44550,271031,9.68287e+06,5.92428e+07,13924.8,13862.5,1.23012e+07,2.09738e+06,517874,518682,2.56379e+06,70.9068,319.154,73.784,319.154
0,566,4.07314e+07,44550.5,270943,9.68275e+06,5.92417e+07,13922.9,13856.1,1.22958e+07,2.09718e+06,517821,518420,2.56102e+06,70.904,319.029,65.7893,319.029
0,567,4.07368e+07,44552.7,270891,9.6826e+06,5.92403e+07,13921.5,13851.4,1.22906e+07,2.09699e+06,517768,518161,2.55821e+06,70.9037,318.945,71.1614,318.945
0,568,4.07422e+07,44556.4,270874,9.68241e+06,5.92386e+07,13920.5,13848.5,1.22855e+07,2.09681e+06,517715,517910,2.55535e+06,70.9058,318.901,74.7216,318.901
0,569,4.07474e+07,44561.8,270892,9.68219e+06,5.92367e+07,13919.9,13847.3,1.22807e+07,2.09666e+06,517664,517671,2.55245e+06,70.9103,318.9,73.0028,318.9
0,570,4.07525e+07,44568.7,270947,9.68192e+06,5.92344e+07,13919.8,13848,1.22763e+07,2.09653e+06,517615,517446,2.54953e+06,70.9173,318.94,70.7172,318.94
0,571,4.07574e+07,44577.1,271036,9.68161e+06,5.92319e+07,13920.2,13850.5,1.22723e+07,2.09642e+06,517569,517240,2.54658e+06,70.9268,319.023,73.9785,319.023
0,572,4.07618e+07,44587,271160,9.68126e+06,5.92291e+07,13921,13854.7,1.22687e+07,2.09634e+06,517528,517055,2.54361e+06,70.9387,319.146,70.9387,319.146
0,573,4.07658e+07,44598.2,271316,9.68085e+06,5.92262e+07,13922.4,13860.7,1.22657e+07,2.09629e+06,517492,516895,2.54062e+06,70.9528,319.309,70.9528,319.309
0,574,4.07693e+07,44610.5,271503,9.6804e+06,5.92231e+07,13924.3,13868.4,1.22633e+07,2.09627e+06,517463,516762,2.53763e+06,70.9691,319.509,70.9691,319.509
0,575,4.07721e+07,44624,271717,9.67989e+06,5.92199e+07,13926.7,13877.6,1.22615e+07,2.09629e+06,517441,516658,2.53463e+06,70.9874,319.743,70.9874,319.743
0,576,4.07743e+07,44638.3,271956,9.67933e+06,5.92165e+07,13929.6,13888.2,1.22603e+07,2.09633e+06,517426,516585,2.53164e+06,71.0074,320.008,71.0074,320.008
0,577,4.07757e+07,44653.3,272217,9.67871e+06,5.92131e+07,13932.9,13900.1,1.22598e+07,2.09641e+06,517420,516543,2.52865e+06,71.029,320.301,71.029,320.301
0,578,4.07764e+07,44668.9,272496,9.67804e+06,5.92097e+07,13936.6,13913.1,1.226e+07,2.09652e+06,517422,516535,2.52568e+06,71.0519,320.618,71.0519,320.618
0,579,4.07762e+07,44684.8,272788,9.67731e+06,5.92063e+07,13940.8,13926.9,1.22609e+07,2.09666e+06,517434,516559,2.52273e+06,71.0758,320.953,71.0758,320.953
0,580,4.07751e+07,44700.9,273090,9.67653e+06,5.9203e+07,13945.2,13941.5,1.22624e+07,2.09684e+06,517456,516617,2.5198e+06,71.1004,321.302,71.1004,321.302
0,581,4.07732e+07,44716.8,273397,9.6757e+06,5.91997e+07,13950,13956.5,1.22647e+07,2.09704e+06,517487,516706,2.5169e+06,71.1254,321.66,71.1254,321.66
0,582,4.07704e+07,44732.5,273705,9.67481e+06,5.91966e+07,13954.9,13971.8,1.22675e+07,2.09727e+06,517528,516827,2.51404e+06,71.1504,322.022,71.1504,322.022
0,583,4.07668e+07,44747.7,274008,9.67388e+06,5.91936e+07,13960.1,13987.1,1.22709e+07,2.09753e+06,517578,516976,2.51122e+06,71.1753,322.381,71.1753,322.381
0,584,4.07624e+07,44762.2,274303,9.6729e+06,5.91909e+07,13965.3,14002.2,1.22749e+07,2.09781e+06,517638,517153,2.50844e+06,71.1996,322.734,71.1996,322.734
0,585,4.07571e+07,44775.7,274584,9.67189e+06,5.91883e+07,13970.6,14016.8,1.22793e+07,2.09811e+06,517706,517354,2.50572e+06,71.223,323.073,71.223,323.073
0,586,4.07511e+07,44788.3,274848,9.67083e+06,5.9186e+07,13975.9,14030.7,1.22842e+07,2.09842e+06,517783,517576,2.50304e+06,71.2453,323.395,71.2453,323.395
0,587,4.07444e+07,44799.6,275090,9.66974e+06,5.91839e+07,13981.1,14043.7,1.22895e+07,2.09875e+06,517867,517816,2.50043e+06,71.2662,323.694,71.2662,323.694
0,588,4.07371e+07,44809.6,275306,9.66862e+06,5.91821e+07,13986.2,14055.6,1.2295e+07,2.09909e+06,517959,518071,2.49787e+06,71.2853,323.964,71.2853,323.964
0,589,4.07293e+07,44818,275493,9.66747e+06,5.91805e+07,13991.1,14066.1,1.23007e+07,2.09943e+06,518056,518336,2.49538e+06,71.3026,324.203,71.3026,324.203
0,590,4.0721e+07,44825,275648,9.6663e+06,5.91793e+07,13995.7,14075.1,1.23065e+07,2.09977e+06,518158,518608,2.49296e+06,71.3177,324.406,71.3177,324.406
0,591,4.07123e+07,44830.3,275768,9.66512e+06,5.91784e+07,14000.1,14082.5,1.23123e+07,2.10011e+06,518265,518881,2.49061e+06,71.3306,324.57,71.1353,324.57
0,592,4.07034e+07,44834,275852,9.66393e+06,5.91777e+07,14004,14088.1,1.2318e+07,2.10044e+06,518375,519153,2.48832e+06,71.3411,324.692,71.3411,324.692
0,593,4.06943e+07,44836,275898,9.66274e+06,5.91773e+07,14007.7,14091.8,1.23236e+07,2.10076e+06,518486,519418,2.48612e+06,71.3491,324.77,69.2766,324.77
0,594,4.06852e+07,44836.3,275905,9.66154e+06,5.91772e+07,14010.8,14093.6,1.2329e+07,2.10107e+06,518599,519672,2.48398e+06,71.3546,324.802,82.5796,324.802
0,595,4.06761e+07,44835,275873,9.66035e+06,5.91774e+07,14013.6,14093.3,1.2334e+07,2.10136e+06,518711,519911,2.48193e+06,71.3576,324.789,74.0323,324.789
0,596,4.06672e+07,44832.2,275802,9.65917e+06,5.91778e+07,14015.8,14091.1,1.23387e+07,2.10163e+06,518822,520132,2.47995e+06,71.3582,324.729,75.5359,330.063
0,597,4.06586e+07,44827.9,275693,9.65801e+06,5.91783e+07,14017.6,14086.8,1.23428e+07,2.10188e+06,518930,520330,2.47804e+06,71.3563,324.625,66.4048,313.438
0,598,4.06503e+07,44822.2,275548,9.65686e+06,5.91791e+07,14018.9,14080.7,1.23465e+07,2.1021e+06,519035,520503,2.47622e+06,71.3521,324.477,58.768,321.5
0,599,4.06424e+07,44815.3,275368,9.65574e+06,5.918e+07,14019.7,14072.6,1.23495e+07,2.1023e+06,519136,520646,2.47447e+06,71.3457,324.287,75.1904,359.939
0,600,4.06351e+07,44807.3,275158,9.65464e+06,5.9181e+07,14020.1,14062.9,1.23519e+07,2.10247e+06,519231,520759,2.4728e+06,71.3374,324.058,60.2395,308.518
0,601,4.06284e+07,44798.4,274918,9.65357e+06,5.91821e+07,14019.9,14051.5,1.23536e+07,2.10261e+06,519320,520839,2.47119e+06,71.3272,323.794,75.7091,344.12
0,602,4.06223e+07,44788.6,274654,9.65254e+06,5.91832e+07,14019.3,14038.6,1.23546e+07,2.10272e+06,519403,520884,2.46966e+06,71.3154,323.498,62.4982,325.29
0,603,4.0617e+07,44778.3,274368,9.65153e+06,5.91843e+07,14018.3,14024.4,1.23549e+07,2.1028e+06,519478,520893,2.46818e+06,71.3023,323.174,84.2016,349.935
0,604,4.06125e+07,44767.6,274065,9.65057e+06,5.91854e+07,14016.9,14009.2,1.23544e+07,2.10285e+06,519545,520866,2.46676e+06,71.2881,322.827,78.1747,315.457
0,605,4.06087e+07,44756.7,273749,9.64964e+06,5.91864e+07,14015.1,13993.1,1.23532e+07,2.10287e+06,519604,520802,2.4654e+06,71.273,322.463,73.3939,341.477
0,606,4.06058e+07,44745.7,273424,9.64874e+06,5.91873e+07,14013,13976.3,1.23513e+07,2.10286e+06,519654,520703,2.46408e+06,71.2573,322.085,61.977,322.532
0,607,4.06038e+07,44734.9,273096,9.64788e+06,5.91881e+07,14010.6,13959.1,1.23487e+07,2.10283e+06,519695,520569,2.46282e+06,71.2413,321.7,74.7483,326.835
0,608,4.06025e+07,44724.3,272768,9.64706e+06,5.91886e+07,14008,13941.6,1.23454e+07,2.10277e+06,519727,520401,2.4616e+06,71.2253,321.313,73.0203,308.109
0,609,4.06021e+07,44714.3,272445,9.64627e+06,5.91889e+07,14005.2,13924.2,1.23415e+07,2.10269e+06,519751,520202,2.46041e+06,71.2095,320.928,65.1904,306.589
0,610,4.06025e+07,44704.9,272131,9.64552e+06,5.9189e+07,14002.2,13907,1.23371e+07,2.10259e+06,519766,519974,2.45927e+06,71.1942,320.552,69.9625,306.91
0,611,4.06037e+07,44696.3,271831,9.64479e+06,5.91888e+07,13999.2,13890.3,1.23321e+07,2.10248e+06,519773,519720,2.45816e+06,71.1796,320.189,83.0585,334.722
0,612,4.06056e+07,44688.6,271549,9.64409e+06,5.91883e+07,13996.2,13874.3,1.23267e+07,2.10235e+06,519772,519442,2.45708e+06,71.1661,319.844,80.2118,318.084
0,613,4.06081e+07,44681.9,271287,9.64342e+06,5.91875e+07,13993.2,13859.2,1.23209e+07,2.10221e+06,519763,519145,2.45603e+06,71.1537,319.521,75.198,288.867
0,614,4.06112e+07,44676.5,271050,9.64277e+06,5.91863e+07,13990.2,13845.2,1.23148e+07,2.10206e+06,519748,518832,2.45501e+06,71.1427,319.225,56.3953,308.196
0,615,4.06148e+07,44672.3,270840,9.64214e+06,5.91848e+07,13987.4,13832.4,1.23085e+07,2.10191e+06,519727,518507,2.45401e+06,71.1334,318.96,68.9553,332.396
0,616,4.06188e+07,44669.4,270660,9.64152e+06,5.91829e+07,13984.8,13821,1.23021e+07,2.10176e+06,519700,518173,2.45304e+06,71.1258,318.728,71.791,320.378
0,617,4.06232e+07,44667.9,270513,9.64092e+06,5.91807e+07,13982.4,13811.2,1.22956e+07,2.10161e+06,519669,517835,2.4521e+06,71.1201,318.532,56.2411,317.999
0,618,4.06279e+07,44667.9,270399,9.64032e+06,5.91782e+07,13980.2,13803,1.22891e+07,2.10147e+06,519635,517498,2.45117e+06,71.1164,318.376,62.5569,329.213
0,619,4.06326e+07,44669.4,270321,9.63972e+06,5.91753e+07,13978.4,13796.5,1.22828e+07,2.10133e+06,519598,517165,2.45027e+06,71.1149,318.26,81.2267,318.26
0,620,4.06375e+07,44672.4,270279,9.63913e+06,5.91721e+07,13977,13791.9,1.22766e+07,2.10121e+06,519559,516840,2.44938e+06,71.1156,318.187,73.3779,318.187
0,621,4.06423e+07,44676.8,270274,9.63853e+06,5.91685e+07,13975.9,13789.1,1.22707e+07,2.1011e+06,519520,516527,2.44852e+06,71.1186,318.156,59.4974,318.156
0,622,4.06469e+07,44682.7,270305,9.63793e+06,5.91647e+07,13975.2,13788.2,1.22652e+07,2.10101e+06,519481,516230,2.44768e+06,71.1238,318.168,72.7112,318.168
0,623,4.06514e+07,44689.9,270371,9.63732e+06,5.91606e+07,13975,13789.2,1.22601e+07,2.10094e+06,519443,515953,2.44687e+06,71.1312,318.223,67.2664,318.223
0,624,4.06555e+07,44698.5,270472,9.63669e+06,5.91562e+07,13975.2,13792.1,1.22555e+07,2.10089e+06,519408,515698,2.44607e+06,71.1408,318.319,75.4481,318.319
0,625,4.06591e+07,44708.2,270607,9.63604e+06,5.91517e+07,13975.9,13796.7,1.22514e+07,2.10087e+06,519376,515469,2.4453e+06,71.1524,318.456,68.1273,318.456
0,626,4.06623e+07,44719.1,270772,9.63538e+06,5.91469e+07,13977,13803.1,1.22479e+07,2.10087e+06,519348,515268,2.44456e+06,71.166,318.63,74.5568,318.63
0,627,4.06649e+07,44730.9,270966,9.6347e+06,5.9142e+07,13978.6,13811,1.2245e+07,2.1009e+06,519325,515098,2.44387e+06,71.1814,318.839,71.1814,318.839
0,628,4.06668e+07,44743.5,271185,9.63399e+06,5.9137e+07,13980.6,13820.4,1.22427e+07,2.10096e+06,519308,514960,2.44325e+06,71.1984,319.08,29.0858,350.704
0,629,4.0668e+07,44756.6,271426,9.63326e+06,5.9132e+07,13983,13831.2,1.22412e+07,2.10104e+06,519298,514855,2.4427e+06,71.2167,319.349,62.8795,293.482
0,630,4.06685e+07,44770.1,271685,9.63251e+06,5.91269e+07,13985.8,13843.1,1.22403e+07,2.10115e+06,519294,514784,2.44222e+06,71.236,319.642,63.1266,261.377
0,631,4.06682e+07,44783.9,271958,9.63174e+06,5.91218e+07,13988.9,13855.9,1.22402e+07,2.10129e+06,519298,514748,2.44181e+06,71.2562,319.955,58.0252,331.331
0,632,4.0667e+07,44797.6,272241,9.63094e+06,5.91167e+07,13992.3,13869.4,1.22407e+07,2.10146e+06,519309,514746,2.44147e+06,71.2768,320.281,62.0632,345.765
0,633,4.06651e+07,44811.2,272529,9.63012e+06,5.91118e+07,13995.9,13883.5,1.22419e+07,2.10164e+06,519328,514778,2.4412e+06,71.2976,320.617,74.7544,329.565
0,634,4.06623e+07,44824.4,272818,9.62929e+06,5.9107e+07,13999.7,13897.9,1.22437e+07,2.10186e+06,519354,514842,2.441e+06,71.3183,320.957,77.4635,308.147
0,635,4.06586e+07,44836.9,273104,9.62843e+06,5.91023e+07,14003.6,13912.4,1.22461e+07,2.10209e+06,519388,514937,2.44088e+06,71.3386,321.296,63.8414,320.276
0,636,4.06542e+07,44848.8,273382,9.62757e+06,5.90978e+07,14007.6,13926.7,1.22491e+07,2.10233e+06,519430,515061,2.44082e+06,71.3583,321.628,74.4721,333.976
0,637,4.0649e+07,44859.6,273647,9.62668e+06,5.90935e+07,14011.7,13940.6,1.22526e+07,2.1026e+06,519478,515210,2.44083e+06,71.377,321.948,78.9463,324.547
0,638,4.06431e+07,44869.4,273895,9.62579e+06,5.90895e+07,14015.7,13953.9,1.22565e+07,2.10287e+06,519534,515383,2.44092e+06,71.3944,322.251,72.2049,322.9
0,639,4.06365e+07,44878,274123,9.6249e+06,5.90857e+07,14019.6,13966.4,1.22608e+07,2.10315e+06,519595,515576,2.44108e+06,71.4104,322.533,66.0899,304.026
0,640,4.06294e+07,44885.1,274326,9.624e+06,5.90822e+07,14023.4,13977.8,1.22654e+07,2.10344e+06,519661,515785,2.44131e+06,71.4246,322.788,46.097,320.395
0,641,4.06217e+07,44890.8,274502,9.6231e+06,5.90789e+07,14027,13988,1.22702e+07,2.10372e+06,519732,516006,2.4416e+06,71.4368,323.012,64.6978,351.822
0,642,4.06136e+07,44895,274647,9.62221e+06,5.9076e+07,14030.3,13996.8,1.22751e+07,2.10401e+06,519806,516236,2.44197e+06,71.447,323.203,73.28,371.208
0,643,4.06051e+07,44897.5,274758,9.62133e+06,5.90734e+07,14033.3,14004.1,1.228e+07,2.10428e+06,519883,516471,2.4424e+06,71.4548,323.356,73.6871,303.666
0,644,4.05964e+07,44898.3,274835,9.62046e+06,5.9071e+07,14035.9,14009.7,1.2285e+07,2.10455e+06,519962,516706,2.4429e+06,71.4603,323.468,67.2883,281.461
0,645,4.05876e+07,44897.5,274875,9.61962e+06,5.9069e+07,14038.2,14013.5,1.22898e+07,2.1048e+06,520042,516936,2.44347e+06,71.4633,323.539,88.9073,296.048
0,646,4.05787e+07,44895,274877,9.61879e+06,5.90672e+07,14040,14015.5,1.22944e+07,2.10504e+06,520121,517159,2.44409e+06,71.4637,323.566,73.0104,323.314
0,647,4.05698e+07,44890.8,274841,9.618e+06,5.90657e+07,14041.4,14015.5,1.22987e+07,2.10525e+06,520199,517369,2.44478e+06,71.4617,323.548,78.4437,327.789
0,648,4.05611e+07,44885.1,274768,9.61723e+06,5.90644e+07,14042.3,14013.7,1.23026e+07,2.10544e+06,520275,517564,2.44552e+06,71.4571,323.486,74.9199,326.191
0,649,4.05527e+07,44877.9,274658,9.6165e+06,5.90634e+07,14042.7,14010,1.23061e+07,2.10561e+06,520347,517739,2.44632e+06,71.45,323.381,90.3958,319.975
0,650,4.05446e+07,44869.3,274513,9.61581e+06,5.90626e+07,14042.7,14004.4,1.23091e+07,2.10575e+06,520415,517891,2.44717e+06,71.4406,323.232,72.1091,328.913
0,651,4.0537e+07,44859.4,274335,9.61516e+06,5.90619e+07,14042.1,13997,1.23115e+07,2.10585e+06,520477,518017,2.44807e+06,71.429,323.044,89.045,301.555
0,652,4.05299e+07,44848.3,274125,9.61456e+06,5.90613e+07,14041,13987.9,1.23133e+07,2.10593e+06,520534,518115,2.44902e+06,71.4153,322.817,68.6558,325.804
0,653,4.05233e+07,44836.3,273887,9.614e+06,5.90609e+07,14039.5,13977.3,1.23145e+07,2.10597e+06,520583,518183,2.45001e+06,71.3996,322.555,66.8317,286.224
0,654,4.05175e+07,44823.4,273625,9.61349e+06,5.90605e+07,14037.5,13965.2,1.2315e+07,2.10599e+06,520625,518219,2.45103e+06,71.3823,322.262,66.8491,378.206
0,655,4.05124e+07,44809.8,273341,9.61303e+06,5.90601e+07,14035,13951.9,1.23148e+07,2.10597e+06,520659,518221,2.4521e+06,71.3636,321.941,79.8892,317.876
0,656,4.0508e+07,44795.8,273040,9.61261e+06,5.90597e+07,14032.1,13937.5,1.23139e+07,2.10591e+06,520684,518190,2.45319e+06,71.3436,321.597,74.1476,326.31
0,657,4.05045e+07,44781.4,272725,9.61225e+06,5.90593e+07,14028.9,13922.2,1.23123e+07,2.10583e+06,520699,518124,2.45432e+06,71.3226,321.236,90.8718,296.475
0,658,4.05017e+07,44766.9,272402,9.61194e+06,5.90588e+07,14025.3,13906.2,1.231e+07,2.10571e+06,520706,518025,2.45547e+06,71.301,320.86,76.0084,309.452
0,659,4.04999e+07,44752.5,272074,9.61168e+06,5.90581e+07,14021.4,13889.8,1.2307e+07,2.10557e+06,520702,517893,2.45664e+06,71.2789,320.477,77.3199,311.912
0,660,4.04988e+07,44738.3,271745,9.61146e+06,5.90573e+07,14017.2,13873.2,1.23034e+07,2.1054e+06,520690,517729,2.45784e+06,71.2566,320.09,78.6857,354.63
0,661,4.04986e+07,44724.5,271421,9.61129e+06,5.90563e+07,14012.9,13856.6,1.22992e+07,2.1052e+06,520667,517536,2.45905e+06,71.2344,319.706,64.8924,333.399
0,662,4.04992e+07,44711.3,271105,9.61117e+06,5.90551e+07,14008.4,13840.2,1.22945e+07,2.10498e+06,520635,517316,2.46027e+06,71.2126,319.329,68.0067,282.309
0,663,4.05005e+07,44698.8,270802,9.61109e+06,5.90536e+07,14003.7,13824.2,1.22892e+07,2.10474e+06,520595,517070,2.46151e+06,71.1915,318.964,38.1045,329.578
0,664,4.05026e+07,44687.1,270516,9.61104e+06,5.90519e+07,13999.1,13808.9,1.22835e+07,2.10448e+06,520545,516802,2.46275e+06,71.1712,318.616,81.5722,330.259
0,665,4.05054e+07,44676.5,270250,9.61103e+06,5.90499e+07,13994.5,13794.4,1.22774e+07,2.10421e+06,520488,516516,2.464e+06,71.1521,318.289,64.2084,304.99
0,666,4.05088e+07,44667,270007,9.61106e+06,5.90475e+07,13989.9,13781,1.22711e+07,2.10393e+06,520423,516214,2.46526e+06,71.1343,317.988,82.5756,312.628
0,667,4.05127e+07,44658.8,269791,9.61111e+06,5.90449e+07,13985.4,13768.7,1.22645e+07,2.10364e+06,520351,515901,2.46652e+06,71.1181,317.717,73.7643,352.665
0,668,4.0517e+07,44651.9,269604,9.61118e+06,5.90419e+07,13981.2,13757.9,1.22578e+07,2.10335e+06,520273,515581,2.46779e+06,71.1036,317.478,84.3607,338.908
0,669,4.05217e+07,44646.4,269449,9.61128e+06,5.90386e+07,13977.1,13748.6,1.2251e+07,2.10305e+06,520191,515256,2.46905e+06,71.091,317.275,80.7948,324.711
0,670,4.05267e+07,44642.3,269328,9.61139e+06,5.9035e+07,13973.4,13740.9,1.22443e+07,2.10276e+06,520104,514933,2.47032e+06,71.0805,317.111,57.8288,311.273
0,671,4.05319e+07,44639.8,269242,9.61151e+06,5.90311e+07,13969.9,13734.9,1.22376e+07,2.10248e+06,520014,514614,2.47159e+06,71.0721,316.987,65.6138,284.983
0,672,4.05372e+07,44638.8,269192,9.61164e+06,5.90269e+07,13966.8,13730.8,1.22312e+07,2.10221e+06,519922,514303,2.47286e+06,71.066,316.905,77.978,304.855
0,673,4.05424e+07,44639.2,269178,9.61177e+06,5.90223e+07,13964.1,13728.5,1.2225e+07,2.10195e+06,519828,514005,2.47413e+06,71.0621,316.865,63.8687,283.335
0,674,4.05476e+07,44641.2,269200,9.6119e+06,5.90176e+07,13961.8,13728.1,1.22192e+07,2.1017e+06,519735,513722,2.47541e+06,71.0605,316.868,65.4617,343.079
0,675,4.05525e+07,44644.5,269259,9.61203e+06,5.90125e+07,13960,13729.5,1.22138e+07,2.10148e+06,519643,513460,2.47668e+06,71.0613,316.915,60.7618,357.502
0,676,4.05571e+07,44649.3,269352,9.61214e+06,5.90073e+07,13958.6,13732.9,1.22089e+07,2.10127e+06,519553,513221,2.47796e+06,71.0642,317.003,74.8095,296.721
0,677,4.05613e+07,44655.3,269479,9.61225e+06,5.90018e+07,13957.7,13738,1.22045e+07,2.10109e+06,519466,513007,2.47924e+06,71.0694,317.131,75.9369,297.572
0,678,4.05651e+07,44662.4,269638,9.61234e+06,5.89962e+07,13957.3,13744.9,1.22006e+07,2.10093e+06,519383,512822,2.48053e+06,71.0765,317.298,62.4275,301.929
0,679,4.05683e+07,44670.5,269825,9.61242e+06,5.89905e+07,13957.3,13753.4,1.21974e+07,2.1008e+06,519305,512668,2.48183e+06,71.0856,317.5,74.1579,319.934
0,680,4.05709e+07,44679.6,270039,9.61248e+06,5.89847e+07,13957.8,13763.5,1.21949e+07,2.1007e+06,519232,512546,2.48314e+06,71.0963,317.736,62.3379,348.621
0,681,4.05728e+07,44689.3,270276,9.61252e+06,5.89789e+07,13958.7,13774.9,1.21931e+07,2.10062e+06,519166,512458,2.48446e+06,71.1085,318.001,62.6086,329.222
0,682,4.0574e+07,44699.5,270533,9.61254e+06,5.8973e+07,13960,13787.5,1.21919e+07,2.10058e+06,519107,512405,2.48579e+06,71.122,318.291,64.9323,330.557
0,683,4.05743e+07,44710.1,270805,9.61253e+06,5.89672e+07,13961.7,13801.1,1.21915e+07,2.10055e+06,519056,512387,2.48713e+06,71.1365,318.602,83.0988,336.644
0,684,4.05739e+07,44720.8,271088,9.6125e+06,5.89614e+07,13963.7,13815.6,1.21918e+07,2.10056e+06,519012,512405,2.48849e+06,71.1516,318.929,75.4871,286.959
0,685,4.05727e+07,44731.4,271379,9.61246e+06,5.89558e+07,13966,13830.6,1.21927e+07,2.10059e+06,518976,512457,2.48987e+06,71.1672,319.268,68.9829,333.852
0,686,4.05706e+07,44741.8,271672,9.61239e+06,5.89502e+07,13968.5,13846.1,1.21943e+07,2.10064e+06,518948,512542,2.49127e+06,71.1829,319.612,57.497,331.238
0,687,4.05677e+07,44751.7,271963,9.6123e+06,5.89449e+07,13971.2,13861.7,1.21966e+07,2.10072e+06,518928,512660,2.4927e+06,71.1983,319.957,80.3545,288.359
0,688,4.0564e+07,44760.9,272248,9.61219e+06,5.89397e+07,13974,13877.2,1.21994e+07,2.10081e+06,518917,512808,2.49414e+06,71.2132,320.298,90.3797,349.846
0,689,4.05595e+07,44769.2,272522,9.61207e+06,5.89348e+07,13976.9,13892.4,1.22027e+07,2.10092e+06,518913,512983,2.49561e+06,71.2273,320.628,75.4374,281.612
0,690,4.05543e+07,44776.5,272780,9.61193e+06,5.89302e+07,13979.7,13907.1,1.22065e+07,2.10104e+06,518916,513183,2.4971e+06,71.2403,320.943,55.3322,318.453
0,691,4.05484e+07,44782.6,273018,9.61178e+06,5.89258e+07,13982.5,13921,1.22108e+07,2.10118e+06,518925,513405,2.49862e+06,71.2518,321.237,75.0847,332.694
0,692,4.05419e+07,44787.4,273233,9.61163e+06,5.89217e+07,13985.1,13933.9,1.22153e+07,2.10131e+06,518941,513644,2.50017e+06,71.2617,321.507,81.0698,299.575
0,693,4.05348e+07,44790.7,273421,9.61147e+06,5.8918e+07,13987.6,13945.6,1.22201e+07,2.10145e+06,518961,513898,2.50175e+06,71.2698,321.746,76.7482,315.778
0,694,4.05273e+07,44792.5,273578,9.61132e+06,5.89145e+07,13989.8,13955.9,1.2225e+07,2.10159e+06,518986,514162,2.50335e+06,71.2757,321.952,74.817,321.681
0,695,4.05194e+07,44792.6,273703,9.61116e+06,5.89114e+07,13991.8,13964.7,1.223e+07,2.10173e+06,519015,514431,2.50498e+06,71.2794,322.121,77.9656,314.691
0,696,4.05113e+07,44791.1,273793,9.61102e+06,5.89086e+07,13993.4,13971.8,1.2235e+07,2.10185e+06,519045,514702,2.50663e+06,71.2807,322.251,63.3881,317.09
0,697,4.0503e+07,44787.9,273846,9.61089e+06,5.89062e+07,13994.6,13977.2,1.22399e+07,2.10197e+06,519078,514971,2.50832e+06,71.2796,322.338,92.6283,321.022
0,698,4.04946e+07,44783.1,273862,9.61077e+06,5.8904e+07,13995.4,13980.7,1.22447e+07,2.10206e+06,519110,515233,2.51002e+06,71.276,322.381,77.8996,328.214
0,699,4.04863e+07,44776.6,273839,9.61068e+06,5.89022e+07,13995.8,13982.2,1.22491e+07,2.10214e+06,519142,515484,2.51175e+06,71.2698,322.38,77.7728,315.768
0,700,4.04781e+07,44768.5,273779,9.61061e+06,5.89006e+07,13995.7,13981.9,1.22532e+07,2.1022e+06,519172,515720,2.51351e+06,71.2612,322.334,66.5594,303.671
0,701,4.04701e+07,44758.9,273681,9.61056e+06,5.88992e+07,13995.2,13979.6,1.22569e+07,2.10223e+06,519199,515937,2.51528e+06,71.2501,322.244,69.0747,307.717
0,702,4.04625e+07,44748,273547,9.61055e+06,5.88981e+07,13994.2,13975.4,1.22602e+07,2.10223e+06,519223,516132,2.51707e+06,71.2367,322.111,59.7811,348.686
0,703,4.04553e+07,44735.8,273380,9.61057e+06,5.88972e+07,13992.6,13969.4,1.22628e+07,2.10221e+06,519241,516302,2.51888e+06,71.2211,321.936,75.7806,298.584
0,704,4.04486e+07,44722.4,273181,9.61063e+06,5.88964e+07,13990.7,13961.7,1.22649e+07,2.10216e+06,519255,516444,2.5207e+06,71.2035,321.723,65.3764,291.553
0,705,4.04425e+07,44708.1,272953,9.61073e+06,5.88958e+07,13988.2,13952.3,1.22664e+07,2.10207e+06,519262,516556,2.52254e+06,71.184,321.474,68.6047,324.751
0,706,4.04371e+07,44693,272699,9.61086e+06,5.88953e+07,13985.3,13941.5,1.22672e+07,2.10196e+06,519262,516636,2.52438e+06,71.1629,321.193,82.3202,344.543
0,707,4.04324e+07,44677.3,272424,9.61104e+06,5.88948e+07,13982,13929.4,1.22672e+07,2.10181e+06,519254,516683,2.52623e+06,71.1404,320.883,69.5513,304.448
0,708,4.04284e+07,44661,272130,9.61126e+06,5.88943e+07,13978.3,13916.1,1.22666e+07,2.10163e+06,519239,516696,2.52808e+06,71.1167,320.55,84.1104,332.751
0,709,4.04252e+07,44644.6,271823,9.61152e+06,5.88938e+07,13974.2,13901.9,1.22653e+07,2.10142e+06,519215,516675,2.52993e+06,71.0922,320.197,67.0259,334.5
0,710,4.04229e+07,44628,271505,9.61182e+06,5.88933e+07,13969.8,13887,1.22633e+07,2.10118e+06,519182,516620,2.53178e+06,71.067,319.831,70.3267,332.708
0,711,4.04214e+07,44611.5,271183,9.61217e+06,5.88927e+07,13965.2,13871.7,1.22607e+07,2.10092e+06,519140,516532,2.53363e+06,71.0414,319.456,67.4812,311.006
0,712,4.04208e+07,44595.3,270860,9.61255e+06,5.88919e+07,13960.3,13856,1.22573e+07,2.10062e+06,519090,516412,2.53547e+06,71.0158,319.076,73.8126,337.702
0,713,4.04209e+07,44579.6,270541,9.61297e+06,5.88909e+07,13955.2,13840.3,1.22534e+07,2.10031e+06,519030,516261,2.53731e+06,70.9904,318.699,75.0678,310.651
0,714,4.04219e+07,44564.4,270229,9.61343e+06,5.88898e+07,13949.9,13824.8,1.22489e+07,2.09997e+06,518962,516083,2.53913e+06,70.9654,318.327,56.1334,331.253
0,715,4.04237e+07,44550.1,269929,9.61392e+06,5.88885e+07,13944.6,13809.6,1.2244e+07,2.09961e+06,518885,515879,2.54094e+06,70.9411,317.967,65.9661,321.723
0,716,4.04262e+07,44536.6,269646,9.61444e+06,5.88869e+07,13939.3,13795.1,1.22385e+07,2.09924e+06,518801,515652,2.54273e+06,70.9178,317.624,62.4386,306.294
0,717,4.04294e+07,44524.2,269382,9.61499e+06,5.8885e+07,13934,13781.4,1.22327e+07,2.09886e+06,518709,515406,2.54451e+06,70.8956,317.301,64.4463,323.984
0,718,4.04332e+07,44513,269142,9.61556e+06,5.88829e+07,13928.8,13768.7,1.22266e+07,2.09847e+06,518611,515144,2.54627e+06,70.8749,317.004,73.3809,304.568
0,719,4.04375e+07,44503.1,268928,9.61615e+06,5.88804e+07,13923.7,13757.1,1.22203e+07,2.09807e+06,518506,514869,2.54801e+06,70.8558,316.735,64.6074,304.224
0,720,4.04423e+07,44494.5,268742,9.61676e+06,5.88777e+07,13918.8,13747,1.22138e+07,2.09767e+06,518396,514586,2.54974e+06,70.8386,316.499,74.3895,297.456
0,721,4.04475e+07,44487.4,268589,9.61738e+06,5.88746e+07,13914.2,13738.3,1.22073e+07,2.09727e+06,518282,514299,2.55144e+06,70.8233,316.299,84.9389,330.349
0,722,4.0453e+07,44481.7,268468,9.618e+06,5.88713e+07,13909.8,13731.2,1.22008e+07,2.09687e+06,518164,514011,2.55313e+06,70.8101,316.136,84.2323,316.433
0,723,4.04587e+07,44477.7,268383,9.61863e+06,5.88677e+07,13905.8,13725.8,1.21944e+07,2.09649e+06,518043,513727,2.55479e+06,70.7991,316.014,43.1729,302.418
0,724,4.04644e+07,44475.1,268333,9.61926e+06,5.88637e+07,13902.1,13722.2,1.21881e+07,2.09611e+06,517922,513450,2.55644e+06,70.7904,315.933,74.0316,318.145
0,725,4.04702e+07,44474.1,268319,9.61988e+06,5.88595e+07,13898.9,13720.5,1.21821e+07,2.09575e+06,517799,513185,2.55807e+06,70.784,315.894,70.9305,321.82
0,726,4.04759e+07,44474.6,268342,9.6205e+06,5.88551e+07,13896.1,13720.6,1.21765e+07,2.09541e+06,517677,512936,2.55968e+06,70.7801,315.898,80.1251,305.867
0,727,4.04814e+07,44476.6,268401,9.6211e+06,5.88504e+07,13893.7,13722.6,1.21713e+07,2.09509e+06,517557,512705,2.56128e+06,70.7784,315.945,82.152,317.01
0,728,4.04866e+07,44480,268495,9.62168e+06,5.88455e+07,13891.8,13726.4,1.21665e+07,2.09479e+06,517440,512496,2.56286e+06,70.7791,316.034,73.0129,298.008
0,729,4.04914e+07,44484.7,268622,9.62225e+06,5.88404e+07,13890.4,13732.1,1.21623e+07,2.09452e+06,517326,512312,2.56443e+06,70.782,316.164,78.0188,311.92
0,730,4.04957e+07,44490.6,268782,9.6228e+06,5.88352e+07,13889.5,13739.5,1.21586e+07,2.09427e+06,517217,512157,2.56599e+06,70.7871,316.332,77.6606,322.886
0,731,4.04996e+07,44497.6,268970,9.62332e+06,5.88299e+07,13889,13748.5,1.21556e+07,2.09405e+06,517113,512031,2.56754e+06,70.7941,316.536,71.81,285.523
0,732,4.05028e+07,44505.5,269186,9.62381e+06,5.88245e+07,13889,13759.1,1.21532e+07,2.09386e+06,517015,511937,2.56908e+06,70.8028,316.774,74.2969,334.643
0,733,4.05053e+07,44514.2,269425,9.62427e+06,5.88191e+07,13889.5,13771,1.21515e+07,2.0937e+06,516925,511877,2.57062e+06,70.8132,317.041,70.2713,293.73
0,734,4.05071e+07,44523.4,269684,9.62471e+06,5.88136e+07,13890.4,13784.2,1.21505e+07,2.09356e+06,516841,511851,2.57215e+06,70.8249,317.334,60.7358,275.243
0,735,4.05081e+07,44533,269959,9.62511e+06,5.88082e+07,13891.7,13798.4,1.21502e+07,2.09346e+06,516766,511860,2.57369e+06,70.8376,317.649,61.979,314.677
0,736,4.05083e+07,44542.9,270246,9.62549e+06,5.88029e+07,13893.3,13813.4,1.21506e+07,2.09339e+06,516700,511904,2.57522e+06,70.8512,317.981,74.3532,309.562
0,737,4.05077e+07,44552.7,270541,9.62583e+06,5.87977e+07,13895.2,13829.1,1.21517e+07,2.09334e+06,516641,511982,2.57676e+06,70.8653,318.324,59.7778,290.181
0,738,4.05063e+07,44562.3,270839,9.62615e+06,5.87926e+07,13897.4,13845.2,1.21535e+07,2.09332e+06,516592,512094,2.57831e+06,70.8796,318.675,70.7905,320.576
0,739,4.05041e+07,44571.5,271136,9.62644e+06,5.87877e+07,13899.7,13861.5,1.21559e+07,2.09332e+06,516551,512237,2.57986e+06,70.8937,319.027,68.5266,311.864
0,740,4.0501e+07,44580.1,271427,9.6267e+06,5.87831e+07,13902.2,13877.7,1.21588e+07,2.09334e+06,516519,512411,2.58142e+06,70.9075,319.374,75.2751,325.723
0,741,4.04972e+07,44587.9,271707,9.62694e+06,5.87786e+07,13904.8,13893.6,1.21623e+07,2.09339e+06,516495,512612,2.58299e+06,70.9205,319.713,77.2701,334.695
0,742,4.04926e+07,44594.7,271973,9.62715e+06,5.87745e+07,13907.4,13909,1.21663e+07,2.09344e+06,516479,512838,2.58458e+06,70.9325,320.037,68.2418,305.595
0,743,4.04873e+07,44600.3,272220,9.62735e+06,5.87706e+07,13909.9,13923.6,1.21707e+07,2.09351e+06,516470,513086,2.58618e+06,70.9432,320.342,67.3324,319.748
0,744,4.04814e+07,44604.7,272444,9.62753e+06,5.87671e+07,13912.3,13937.3,1.21755e+07,2.09359e+06,516468,513351,2.5878e+06,70.9524,320.622,64.0767,340.53
0,745,4.0475e+07,44607.7,272642,9.6277e+06,5.87638e+07,13914.6,13949.8,1.21805e+07,2.09367e+06,516471,513632,2.58943e+06,70.9597,320.873,74.1282,350.267
0,746,4.04681e+07,44609.2,272810,9.62787e+06,5.87609e+07,13916.7,13960.9,1.21856e+07,2.09375e+06,516480,513922,2.59107e+06,70.9651,321.091,72.3402,323.291
0,747,4.04608e+07,44609.2,272946,9.62803e+06,5.87583e+07,13918.4,13970.6,1.21909e+07,2.09383e+06,516492,514219,2.59274e+06,70.9683,321.273,65.494,309.619
0,748,4.04533e+07,44607.5,273046,9.62819e+06,5.87561e+07,13919.9,13978.5,1.21962e+07,2.09391e+06,516508,514517,2.59441e+06,70.9692,321.415,72.6506,314.321
0,749,4.04455e+07,44604.1,273111,9.62835e+06,5.87542e+07,13921,13984.7,1.22013e+07,2.09397e+06,516526,514814,2.59611e+06,70.9677,321.516,73.9429,316.793
0,750,4.04377e+07,44599.1,273138,9.62853e+06,5.87526e+07,13921.7,13989.1,1.22064e+07,2.09402e+06,516545,515103,2.59782e+06,70.9638,321.573,75.569,325.246
0,751,4.04299e+07,44592.6,273127,9.62871e+06,5.87513e+07,13922,13991.5,1.22111e+07,2.09405e+06,516563,515382,2.59954e+06,70.9574,321.586,71.5288,297.878
0,752,4.04222e+07,44584.4,273078,9.62891e+06,5.87503e+07,13921.9,13991.9,1.22155e+07,2.09407e+06,516581,515646,2.60128e+06,70.9485,321.554,80.118,291.383
0,753,4.04147e+07,44574.8,272992,9.62914e+06,5.87496e+07,13921.3,13990.4,1.22196e+07,2.09406e+06,516597,515892,2.60303e+06,70.9373,321.478,66.584,329.275
0,754,4.04075e+07,44563.8,272870,9.62938e+06,5.87491e+07,13920.2,13987,1.22231e+07,2.09402e+06,516609,516115,2.60478e+06,70.9238,321.358,64.9785,311.107
0,755,4.04008e+07,44551.6,272713,9.62966e+06,5.87488e+07,13918.7,13981.8,1.22261e+07,2.09396e+06,516618,516313,2.60655e+06,70.9081,321.197,77.4959,309.509
0,756,4.03945e+07,44538.2,272524,9.62996e+06,5.87487e+07,13916.7,13974.7,1.22286e+07,2.09387e+06,516622,516484,2.60832e+06,70.8904,320.996,79.0885,319.124
0,757,4.03889e+07,44523.9,272306,9.63029e+06,5.87487e+07,13914.3,13966.1,1.22304e+07,2.09376e+06,516620,516624,2.61009e+06,70.8709,320.76,86.5417,339.147
0,758,4.03838e+07,44508.7,272063,9.63066e+06,5.87489e+07,13911.4,13955.9,1.22315e+07,2.09361e+06,516611,516732,2.61186e+06,70.8498,320.49,72.9496,287.015
0,759,4.03795e+07,44493,271796,9.63106e+06,5.87491e+07,13908.1,13944.4,1.2232e+07,2.09343e+06,516596,516807,2.61364e+06,70.8273,320.192,73.2554,322.902
0,760,4.0376e+07,44476.7,271511,9.6315e+06,5.87493e+07,13904.4,13931.7,1.22317e+07,2.09323e+06,516573,516847,2.61541e+06,70.8036,319.869,63.6694,333.608
0,761,4.03732e+07,44460.2,271211,9.63198e+06,5.87495e+07,13900.3,13918,1.22308e+07,2.09299e+06,516542,516853,2.61717e+06,70.7791,319.526,81.086,321.421
0,762,4.03712e+07,44443.7,270901,9.63249e+06,5.87497e+07,13896,13903.6,1.22292e+07,2.09273e+06,516503,516825,2.61892e+06,70.7539,319.168,65.7489,312.913
0,763,4.03701e+07,44427.2,270585,9.63303e+06,5.87498e+07,13891.3,13888.6,1.22269e+07,2.09244e+06,516456,516762,2.62066e+06,70.7284,318.801,58.3732,322.702
0,764,4.03699e+07,44411,270267,9.63361e+06,5.87498e+07,13886.5,13873.4,1.22239e+07,2.09212e+06,516400,516667,2.62239e+06,70.7028,318.429,76.6523,302.391
0,765,4.03704e+07,44395.2,269952,9.63423e+06,5.87496e+07,13881.4,13858,1.22203e+07,2.09179e+06,516336,516541,2.62411e+06,70.6774,318.057,85.6418,336.071
0,766,4.03718e+07,44380,269645,9.63487e+06,5.87493e+07,13876.3,13842.7,1.22162e+07,2.09143e+06,516264,516386,2.6258e+06,70.6524,317.691,64.8258,331.463
0,767,4.0374e+07,44365.6,269349,9.63554e+06,5.87487e+07,13871,13827.9,1.22116e+07,2.09106e+06,516183,516205,2.62748e+06,70.6282,317.335,69.4705,316.188
0,768,4.03769e+07,44352.2,269068,9.63624e+06,5.87479e+07,13865.8,13813.5,1.22065e+07,2.09067e+06,516096,516000,2.62914e+06,70.6049,316.996,68.9794,316.947
0,769,4.03805e+07,44339.8,268807,9.63696e+06,5.87469e+07,13860.5,13800,1.2201e+07,2.09027e+06,516001,515774,2.63077e+06,70.5828,316.676,71.8209,331.833
0,770,4.03847e+07,44328.5,268568,9.6377e+06,5.87456e+07,13855.4,13787.4,1.21952e+07,2.08986e+06,515899,515532,2.63238e+06,70.5621,316.381,78.0969,307.424
0,771,4.03895e+07,44318.6,268355,9.63845e+06,5.87439e+07,13850.3,13776,1.21891e+07,2.08944e+06,515792,515276,2.63397e+06,70.5431,316.114,61.7836,324.057
0,772,4.03947e+07,44310,268170,9.63922e+06,5.8742e+07,13845.5,13765.9,1.21829e+07,2.08903e+06,515680,515011,2.63554e+06,70.5259,315.879,76.1384,283.918
0,773,4.04003e+07,44302.9,268017,9.63999e+06,5.87398e+07,13840.9,13757.3,1.21767e+07,2.08862e+06,515564,514740,2.63707e+06,70.5107,315.679,66.1192,349.093
0,774,4.04063e+07,44297.3,267896,9.64077e+06,5.87373e+07,13836.6,13750.2,1.21704e+07,2.08821e+06,515445,514468,2.63859e+06,70.4976,315.517,76.9082,339.01
0,775,4.04124e+07,44293.2,267810,9.64154e+06,5.87345e+07,13832.6,13744.8,1.21642e+07,2.08781e+06,515323,514199,2.64008e+06,70.4867,315.394,73.5026,304.803
0,776,4.04187e+07,44290.7,267760,9.64231e+06,5.87315e+07,13829,13741.3,1.21582e+07,2.08743e+06,515200,513937,2.64154e+06,70.4781,315.313,74.3735,306.729
0,777,4.0425e+07,44289.8,267746,9.64307e+06,5.87281e+07,13825.8,13739.5,1.21525e+07,2.08706e+06,515077,513685,2.64298e+06,70.4719,315.274,60.8729,318.901
0,778,4.04312e+07,44290.4,267769,9.64382e+06,5.87245e+07,13823.1,13739.6,1.2147e+07,2.0867e+06,514955,513447,2.6444e+06,70.4681,315.278,79.1771,320.734
0,779,4.04372e+07,44292.5,267827,9.64455e+06,5.87207e+07,13820.8,13741.6,1.2142e+07,2.08637e+06,514834,513228,2.6458e+06,70.4666,315.324,69.5739,337.73
0,780,4.04429e+07,44296,267921,9.64527e+06,5.87167e+07,13818.9,13745.4,1.21374e+07,2.08607e+06,514717,513030,2.64718e+06,70.4675,315.413,71.7757,291.429
0,781,4.04483e+07,44300.8,268048,9.64596e+06,5.87124e+07,13817.6,13751.1,1.21333e+07,2.08579e+06,514603,512856,2.64854e+06,70.4707,315.542,77.7782,305.506
0,782,4.04533e+07,44306.9,268208,9.64662e+06,5.87081e+07,13816.7,13758.5,1.21298e+07,2.08553e+06,514494,512710,2.64988e+06,70.476,315.71,72.4289,314.648
0,783,4.04577e+07,44314.1,268397,9.64725e+06,5.87036e+07,13816.4,13767.6,1.21269e+07,2.08531e+06,514390,512593,2.65122e+06,70.4833,315.915,68.8573,315.234
0,784,4.04614e+07,44322.2,268614,9.64786e+06,5.86991e+07,13816.5,13778.2,1.21247e+07,2.08511e+06,514293,512508,2.65254e+06,70.4924,316.154,65.759,311.96
0,785,4.04646e+07,44331.2,268854,9.64843e+06,5.86945e+07,13817,13790.2,1.21231e+07,2.08495e+06,514203,512456,2.65385e+06,70.5032,316.423,71.8083,295.024
0,786,4.0467e+07,44340.7,269115,9.64897e+06,5.86899e+07,13818,13803.5,1.21223e+07,2.08481e+06,514121,512438,2.65515e+06,70.5153,316.718,62.3197,271.808
0,787,4.04686e+07,44350.7,269393,9.64947e+06,5.86853e+07,13819.4,13817.8,1.21221e+07,2.08471e+06,514047,512454,2.65645e+06,70.5286,317.036,53.1228,309.096
0,788,4.04695e+07,44360.9,269683,9.64994e+06,5.86808e+07,13821.1,13833,1.21227e+07,2.08463e+06,513982,512505,2.65774e+06,70.5427,317.371,68.9392,307.163
0,789,4.04695e+07,44371.1,269982,9.65038e+06,5.86764e+07,13823.1,13848.8,1.21239e+07,2.08459e+06,513925,512591,2.65904e+06,70.5574,317.719,70.0749,282.212
0,790,4.04687e+07,44381.2,270285,9.65078e+06,5.86722e+07,13825.4,13865.1,1.21258e+07,2.08457e+06,513878,512710,2.66034e+06,70.5724,318.074,72.3409,317.034
0,791,4.0467e+07,44390.9,270587,9.65115e+06,5.86681e+07,13827.9,13881.6,1.21283e+07,2.08457e+06,513839,512861,2.66164e+06,70.5873,318.432,75.9479,301.551
0,792,4.04646e+07,44400.1,270884,9.6515e+06,5.86643e+07,13830.5,13898.1,1.21315e+07,2.0846e+06,513809,513042,2.66295e+06,70.6019,318.786,61.049,293.026
0,793,4.04614e+07,44408.4,271172,9.65181e+06,5.86607e+07,13833.3,13914.3,1.21352e+07,2.08465e+06,513787,513251,2.66426e+06,70.6158,319.132,79.9168,356.8
0,794,4.04574e+07,44415.9,271445,9.6521e+06,5.86574e+07,13836,13930.1,1.21393e+07,2.08471e+06,513774,513485,2.66559e+06,70.6287,319.465,81.4629,284.808
0,795,4.04527e+07,44422.2,271700,9.65236e+06,5.86543e+07,13838.8,13945.1,1.21439e+07,2.08479e+06,513768,513740,2.66693e+06,70.6404,319.778,83.8133,303.282
0,796,4.04474e+07,44427.3,271933,9.65261e+06,5.86516e+07,13841.4,13959.1,1.21488e+07,2.08487e+06,513769,514015,2.66827e+06,70.6506,320.068,70.2264,316.048
0,797,4.04416e+07,44431,272140,9.65284e+06,5.86491e+07,13843.9,13972,1.2154e+07,2.08497e+06,513776,514304,2.66963e+06,70.6591,320.33,66.652,350.75
0,798,4.04352e+07,44433.2,272317,9.65306e+06,5.86471e+07,13846.2,13983.6,1.21594e+07,2.08506e+06,513788,514604,2.67101e+06,70.6656,320.559,62.3494,365.264
0,799,4.04285e+07,44433.9,272463,9.65327e+06,5.86453e+07,13848.2,13993.6,1.21649e+07,2.08515e+06,513805,514911,2.67239e+06,70.67,320.752,71.6111,304.047
0,800,4.04214e+07,44433,272574,9.65348e+06,5.86439e+07,13849.9,14002.1,1.21704e+07,2.08524e+06,513825,515220,2.67379e+06,70.6721,320.906,66.523,318.31
0,801,4.04142e+07,44430.5,272649,9.65369e+06,5.86428e+07,13851.3,14008.7,1.21758e+07,2.08532e+06,513848,515527,2.67521e+06,70.6719,321.019,48.091,293.114
0,802,4.04068e+07,44426.3,272687,9.65391e+06,5.8642e+07,13852.3,14013.5,1.21811e+07,2.08539e+06,513872,515828,2.67663e+06,70.6692,321.089,63.0716,321.087
0,803,4.03995e+07,44420.5,272687,9.65413e+06,5.86416e+07,13852.8,14016.3,1.21862e+07,2.08544e+06,513896,516118,2.67807e+06,70.6642,321.114,66.3296,295.337
0,804,4.03923e+07,44413.2,272648,9.65437e+06,5.86414e+07,13853,14017.2,1.21909e+07,2.08547e+06,513920,516394,2.67952e+06,70.6567,321.095,54.2624,326.203
0,805,4.03852e+07,44404.4,272573,9.65462e+06,5.86415e+07,13852.7,14016.1,1.21952e+07,2.08548e+06,513942,516652,2.68098e+06,70.6468,321.031,74.6744,347.519
0,806,4.03785e+07,44394.2,272461,9.6549e+06,5.86419e+07,13851.9,14013.1,1.21991e+07,2.08547e+06,513961,516888,2.68244e+06,70.6346,320.923,90.4952,329.57
0,807,4.03722e+07,44382.8,272314,9.65519e+06,5.86425e+07,13850.7,14008.3,1.22024e+07,2.08543e+06,513976,517098,2.68391e+06,70.6203,320.774,74.1371,317.042
0,808,4.03663e+07,44370.2,272135,9.65552e+06,5.86432e+07,13849,14001.6,1.22052e+07,2.08537e+06,513987,517282,2.68539e+06,70.604,320.585,61.0588,314.106
0,809,4.0361e+07,44356.7,271926,9.65587e+06,5.86441e+07,13846.9,13993.3,1.22073e+07,2.08527e+06,513993,517434,2.68686e+06,70.5858,320.359,78.6982,318.136
0,810,4.03564e+07,44342.4,271691,9.65626e+06,5.86451e+07,13844.3,13983.4,1.22088e+07,2.08515e+06,513992,517555,2.68834e+06,70.5661,320.099,76.4827,292.303
0,811,4.03524e+07,44327.4,271432,9.65667e+06,5.86462e+07,13841.3,13972.1,1.22096e+07,2.085e+06,513985,517643,2.68981e+06,70.5449,319.811,55.5463,307.632
0,812,4.03492e+07,44311.9,271154,9.65712e+06,5.86474e+07,13838,13959.7,1.22097e+07,2.08482e+06,513971,517695,2.69128e+06,70.5225,319.497,61.6453,330.024
0,813,4.03468e+07,44296.1,270861,9.65761e+06,5.86485e+07,13834.2,13946.2,1.22091e+07,2.08461e+06,513948,517713,2.69274e+06,70.4993,319.162,59.4779,325.987
0,814,4.03452e+07,44280.3,270557,9.65812e+06,5.86496e+07,13830.2,13931.9,1.22078e+07,2.08438e+06,513918,517696,2.69419e+06,70.4754,318.812,71.6401,278.416
0,815,4.03444e+07,44264.5,270246,9.65867e+06,5.86506e+07,13825.9,13917.1,1.22058e+07,2.08411e+06,513880,517645,2.69562e+06,70.4511,318.451,71.4288,317.207
0,816,4.03445e+07,44249,269933,9.65926e+06,5.86515e+07,13821.3,13901.9,1.22032e+07,2.08383e+06,513834,517561,2.69704e+06,70.4268,318.084,67.7859,285.605
0,817,4.03454e+07,44233.9,269623,9.65987e+06,5.86522e+07,13816.6,13886.6,1.21999e+07,2.08352e+06,513779,517445,2.69845e+06,70.4026,317.717,55.1258,295.489
0,818,4.03471e+07,44219.4,269318,9.66052e+06,5.86528e+07,13811.8,13871.3,1.21961e+07,2.08319e+06,513716,517299,2.69984e+06,70.3788,317.355,74.999,319.061
0,819,4.03496e+07,44205.6,269025,9.66119e+06,5.86531e+07,13806.8,13856.4,1.21918e+07,2.08284e+06,513646,517127,2.7012e+06,70.3557,317.003,59.7382,330.628
0,820,4.03529e+07,44192.8,268746,9.66188e+06,5.86533e+07,13801.9,13842,1.21869e+07,2.08248e+06,513568,516930,2.70255e+06,70.3336,316.666,76.397,311.666
0,821,4.03568e+07,44181,268486,9.6626e+06,5.86531e+07,13796.9,13828.4,1.21817e+07,2.08211e+06,513483,516712,2.70387e+06,70.3126,316.348,71.4278,317.992
0,822,4.03614e+07,44170.3,268248,9.66333e+06,5.86527e+07,13792.1,13815.7,1.21762e+07,2.08173e+06,513391,516477,2.70516e+06,70.293,316.054,68.8588,311.821
0,823,4.03665e+07,44161,268036,9.66408e+06,5.86521e+07,13787.3,13804.1,1.21704e+07,2.08135e+06,513295,516227,2.70643e+06,70.2751,315.788,69.8668,307.352
0,824,4.03721e+07,44153,267851,9.66483e+06,5.86511e+07,13782.8,13793.8,1.21645e+07,2.08096e+06,513193,515967,2.70768e+06,70.2589,315.553,68.6239,317.061
0,825,4.03782e+07,44146.4,267697,9.6656e+06,5.86498e+07,13778.5,13785,1.21584e+07,2.08058e+06,513087,515701,2.7089e+06,70.2447,315.353,78.4313,296.734
0,826,4.03845e+07,44141.4,267576,9.66636e+06,5.86483e+07,13774.4,13777.7,1.21524e+07,2.0802e+06,512978,515433,2.71009e+06,70.2326,315.19,76.1471,334.246
0,827,4.03911e+07,44137.9,267490,9.66713e+06,5.86464e+07,13770.7,13772.1,1.21464e+07,2.07983e+06,512866,515167,2.71126e+06,70.2227,315.066,56.6449,310.635
0,828,4.03978e+07,44136,267438,9.66789e+06,5.86442e+07,13767.4,13768.3,1.21406e+07,2.07948e+06,512753,514906,2.7124e+06,70.2151,314.983,72.5659,324.163
0,829,4.04045e+07,44135.6,267423,9.66863e+06,5.86418e+07,13764.4,13766.3,1.2135e+07,2.07913e+06,512640,514656,2.71352e+06,70.2099,314.943,72.2487,322.255
0,830,4.04112e+07,44136.7,267445,9.66937e+06,5.86391e+07,13761.9,13766.2,1.21297e+07,2.07881e+06,512528,514419,2.71461e+06,70.2071,314.945,60.3517,284.133
0,831,4.04177e+07,44139.4,267502,9.67008e+06,5.86362e+07,13759.8,13768,1.21248e+07,2.07851e+06,512418,514200,2.71569e+06,70.2066,314.991,69.3014,299.768
0,832,4.04239e+07,44143.5,267595,9.67078e+06,5.86331e+07,13758.3,13771.6,1.21204e+07,2.07823e+06,512310,514002,2.71674e+06,70.2085,315.078,70.7328,311.452
0,833,4.04298e+07,44148.9,267722,9.67145e+06,5.86298e+07,13757.1,13777,1.21164e+07,2.07798e+06,512206,513828,2.71777e+06,70.2127,315.206,64.3355,301.63
0,834,4.04352e+07,44155.6,267881,9.6721e+06,5.86263e+07,13756.5,13784.3,1.21131e+07,2.07775e+06,512107,513680,2.71879e+06,70.219,315.374,79.3373,329.883
0,835,4.04401e+07,44163.4,268071,9.67271e+06,5.86228e+07,13756.4,13793.1,1.21103e+07,2.07756e+06,512013,513562,2.71979e+06,70.2273,315.578,57.3701,300.502
0,836,4.04445e+07,44172.2,268287,9.67329e+06,5.86191e+07,13756.7,13803.6,1.21082e+07,2.07739e+06,511926,513475,2.72078e+06,70.2375,315.817,68.0511,310.773
0,837,4.04481e+07,44181.8,268529,9.67384e+06,5.86154e+07,13757.5,13815.5,1.21067e+07,2.07726e+06,511846,513421,2.72175e+06,70.2494,316.086,64.9102,281.231
0,838,4.04511e+07,44192.1,268791,9.67436e+06,5.86117e+07,13758.7,13828.6,1.2106e+07,2.07715e+06,511773,513400,2.72272e+06,70.2627,316.383,72.0956,313.28
0,839,4.04533e+07,44202.8,269071,9.67484e+06,5.8608e+07,13760.4,13842.9,1.21059e+07,2.07708e+06,511709,513415,2.72369e+06,70.2771,316.702,80.3303,331.75
0,840,4.04547e+07,44213.7,269364,9.67528e+06,5.86043e+07,13762.3,13858.1,1.21066e+07,2.07703e+06,511653,513464,2.72465e+06,70.2924,317.04,65.4035,317.43
0,841,4.04552e+07,44224.8,269667,9.67569e+06,5.86008e+07,13764.6,13873.9,1.21079e+07,2.07702e+06,511606,513547,2.72561e+06,70.3084,317.391,59.0771,306.247
0,842,4.0455e+07,44235.6,269973,9.67606e+06,5.85974e+07,13767.2,13890.2,1.211e+07,2.07703e+06,511568,513664,2.72657e+06,70.3246,317.751,70.2176,294.251
0,843,4.04539e+07,44246.2,270280,9.6764e+06,5.85942e+07,13769.9,13906.8,1.21126e+07,2.07707e+06,511539,513813,2.72753e+06,70.3409,318.113,70.3834,333.026
0,844,4.0452e+07,44256.2,270583,9.67671e+06,5.85912e+07,13772.9,13923.3,1.21159e+07,2.07712e+06,511519,513993,2.7285e+06,70.3568,318.474,67.6376,324.683
0,845,4.04493e+07,44265.5,270876,9.67699e+06,5.85884e+07,13775.9,13939.7,1.21197e+07,2.0772e+06,511507,514201,2.72947e+06,70.3721,318.826,78.5165,334.525
0,846,4.04458e+07,44273.8,271156,9.67724e+06,5.85859e+07,13778.9,13955.6,1.2124e+07,2.0773e+06,511504,514434,2.73046e+06,70.3865,319.166,68.7677,298.992
0,847,4.04417e+07,44281.1,271419,9.67747e+06,5.85837e+07,13782,13970.7,1.21287e+07,2.07741e+06,511508,514690,2.73145e+06,70.3997,319.487,69.0953,342.571
0,848,4.04369e+07,44287.2,271659,9.67768e+06,5.85818e+07,13784.9,13985,1.21338e+07,2.07753e+06,511519,514965,2.73246e+06,70.4115,319.786,60.6482,294.652
0,849,4.04315e+07,44291.9,271874,9.67787e+06,5.85802e+07,13787.7,13998.1,1.21392e+07,2.07766e+06,511536,515255,2.73348e+06,70.4215,320.057,77.288,324.049
0,850,4.04257e+07,44295.1,272061,9.67804e+06,5.85789e+07,13790.3,14010,1.21447e+07,2.07779e+06,511559,515556,2.73451e+06,70.4296,320.296,75.2861,298.62
0,851,4.04194e+07,44296.8,272215,9.67821e+06,5.85779e+07,13792.7,14020.3,1.21504e+07,2.07792e+06,511586,515865,2.73555e+06,70.4357,320.499,86.8039,270.002
0,852,4.04128e+07,44297,272336,9.67837e+06,5.85773e+07,13794.8,14029,1.21561e+07,2.07804e+06,511617,516176,2.73661e+06,70.4395,320.664,71.7226,308.717
0,853,4.0406e+07,44295.5,272421,9.67853e+06,5.8577e+07,13796.5,14035.9,1.21618e+07,2.07816e+06,511651,516486,2.73768e+06,70.4409,320.788,60.9085,342.437
0,854,4.0399e+07,44292.3,272468,9.6787e+06,5.85771e+07,13797.9,14041,1.21673e+07,2.07827e+06,511686,516791,2.73876e+06,70.44,320.869,73.9212,319.173
0,855,4.03921e+07,44287.6,272478,9.67887e+06,5.85774e+07,13798.8,14044.1,1.21726e+07,2.07836e+06,511721,517085,2.73985e+06,70.4367,320.906,72.8622,325.809
0,856,4.03852e+07,44281.3,272449,9.67905e+06,5.85781e+07,13799.3,14045.3,1.21776e+07,2.07843e+06,511757,517366,2.74096e+06,70.4309,320.898,82.7708,333.2
0,857,4.03786e+07,44273.6,272383,9.67925e+06,5.8579e+07,13799.4,14044.5,1.21821e+07,2.07848e+06,511790,517628,2.74207e+06,70.4227,320.845,62.8954,318.251
0,858,4.03722e+07,44264.5,272280,9.67947e+06,5.85802e+07,13799,14041.8,1.21863e+07,2.07851e+06,511821,517869,2.74319e+06,70.4123,320.748,70.455,338.134
0,859,4.03662e+07,44254,272143,9.67971e+06,5.85816e+07,13798.2,14037.2,1.21899e+07,2.07851e+06,511848,518086,2.74432e+06,70.3997,320.609,64.9261,317.548
0,860,4.03606e+07,44242.5,271972,9.67997e+06,5.85831e+07,13796.9,14030.7,1.21929e+07,2.07849e+06,511871,518275,2.74545e+06,70.3851,320.43,84.9376,276.141
0,861,4.03557e+07,44229.9,271772,9.68027e+06,5.85849e+07,13795.2,14022.6,1.21954e+07,2.07844e+06,511889,518434,2.74658e+06,70.3686,320.214,82.0196,344.651
0,862,4.03513e+07,44216.6,271544,9.68059e+06,5.85867e+07,13793,14012.9,1.21971e+07,2.07836e+06,511901,518561,2.74771e+06,70.3505,319.964,74.2792,316.418
0,863,4.03476e+07,44202.5,271292,9.68095e+06,5.85886e+07,13790.4,14001.8,1.21982e+07,2.07825e+06,511907,518654,2.74884e+06,70.3309,319.683,66.3801,308.709
0,864,4.03447e+07,44188,271021,9.68133e+06,5.85906e+07,13787.4,13989.4,1.21986e+07,2.07811e+06,511905,518713,2.74996e+06,70.3102,319.377,67.7859,355.329
0,865,4.03425e+07,44173.1,270734,9.68175e+06,5.85925e+07,13784.1,13976,1.21983e+07,2.07795e+06,511896,518736,2.75108e+06,70.2885,319.05,79.6389,308.546
0,866,4.03412e+07,44158.1,270435,9.68221e+06,5.85945e+07,13780.4,13961.8,1.21973e+07,2.07775e+06,511879,518725,2.75219e+06,70.2662,318.705,58.8687,316.602
0,867,4.03407e+07,44143.2,270129,9.68269e+06,5.85963e+07,13776.5,13947,1.21956e+07,2.07754e+06,511853,518679,2.75328e+06,70.2434,318.35,82.742,314.847
0,868,4.0341e+07,44128.5,269820,9.68321e+06,5.85981e+07,13772.3,13931.7,1.21933e+07,2.07729e+06,511820,518600,2.75436e+06,70.2205,317.988,61.3752,298.362
0,869,4.03422e+07,44114.2,269512,9.68376e+06,5.85996e+07,13768,13916.3,1.21903e+07,2.07703e+06,511778,518488,2.75542e+06,70.1978,317.625,70.4076,297.618
0,870,4.03442e+07,44100.5,269210,9.68434e+06,5.86011e+07,13763.5,13901,1.21868e+07,2.07674e+06,511729,518347,2.75647e+06,70.1754,317.266,69.3987,321.452
0,871,4.03469e+07,44087.5,268919,9.68494e+06,5.86023e+07,13758.9,13886,1.21827e+07,2.07643e+06,511672,518178,2.75749e+06,70.1537,316.916,65.8298,316.286
0,872,4.03505e+07,44075.4,268641,9.68557e+06,5.86033e+07,13754.3,13871.4,1.21781e+07,2.07612e+06,511607,517984,2.7585e+06,70.1329,316.581,69.5112,295.619
0,873,4.03547e+07,44064.4,268382,9.68622e+06,5.8604e+07,13749.7,13857.6,1.21732e+07,2.07579e+06,511535,517769,2.75948e+06,70.1133,316.264,61.7802,298.794
0,874,4.03595e+07,44054.4,268144,9.68689e+06,5.86045e+07,13745.1,13844.7,1.21679e+07,2.07545e+06,511457,517535,2.76043e+06,70.095,315.97,97.6523,320.971
0,875,4.0365e+07,44045.8,267931,9.68757e+06,5.86046e+07,13740.7,13832.9,1.21623e+07,2.0751e+06,511373,517286,2.76136e+06,70.0783,315.704,68.7613,307.911
0,876,4.03709e+07,44038.5,267746,9.68826e+06,5.86045e+07,13736.5,13822.3,1.21566e+07,2.07476e+06,511285,517027,2.76227e+06,70.0633,315.468,67.2743,302.8
0,877,4.03773e+07,44032.6,267591,9.68896e+06,5.86041e+07,13732.5,13813.2,1.21507e+07,2.07442e+06,511192,516761,2.76315e+06,70.0503,315.266,68.7385,341.928
0,878,4.03839e+07,44028.2,267469,9.68966e+06,5.86034e+07,13728.8,13805.7,1.21448e+07,2.07408e+06,511095,516491,2.764e+06,70.0394,315.102,68.7589,283.097
0,879,4.03908e+07,44025.3,267381,9.69035e+06,5.86023e+07,13725.4,13799.8,1.2139e+07,2.07375e+06,510997,516224,2.76483e+06,70.0307,314.976,66.0237,296.517
0,880,4.03979e+07,44024,267328,9.69105e+06,5.8601e+07,13722.3,13795.6,1.21334e+07,2.07343e+06,510897,515961,2.76563e+06,70.0242,314.891,76.8773,312.554
0,881,4.0405e+07,44024.3,267311,9.69173e+06,5.85994e+07,13719.6,13793.3,1.21279e+07,2.07313e+06,510796,515708,2.7664e+06,70.0201,314.849,78.0201,337.697
0,882,4.0412e+07,44026.1,267331,9.6924e+06,5.85976e+07,13717.4,13792.9,1.21228e+07,2.07284e+06,510696,515468,2.76716e+06,70.0184,314.849,87.112,299.647
0,883,4.04189e+07,44029.4,267387,9.69305e+06,5.85955e+07,13715.6,13794.4,1.2118e+07,2.07258e+06,510598,515245,2.76789e+06,70.0191,314.892,74.7343,321.26
0,884,4.04255e+07,44034.2,267478,9.69368e+06,5.85932e+07,13714.3,13797.7,1.21137e+07,2.07234e+06,510503,515043,2.7686e+06,70.0221,314.977,81.5341,324.095
0,885,4.04318e+07,44040.3,267604,9.69428e+06,5.85907e+07,13713.4,13802.9,1.21098e+07,2.07212e+06,510411,514864,2.76929e+06,70.0273,315.103,71.806,326.313
0,886,4.04377e+07,44047.6,267762,9.69486e+06,5.85881e+07,13713.1,13809.8,1.21065e+07,2.07194e+06,510324,514711,2.76997e+06,70.0348,315.269,76.5634,324.934
0,887,4.04431e+07,44056.1,267951,9.69541e+06,5.85853e+07,13713.2,13818.4,1.21039e+07,2.07178e+06,510242,514587,2.77063e+06,70.0443,315.473,65.45,328.972
0,888,4.04478e+07,44065.6,268168,9.69593e+06,5.85824e+07,13713.8,13828.7,1.21018e+07,2.07165e+06,510166,514495,2.77127e+06,70.0556,315.711,76.3603,306.952
0,889,4.04519e+07,44075.9,268409,9.69641e+06,5.85795e+07,13714.8,13840.3,1.21004e+07,2.07155e+06,510097,514435,2.77191e+06,70.0686,315.98,80.8952,320.606
0,890,4.04553e+07,44086.9,268673,9.69686e+06,5.85765e+07,13716.3,13853.3,1.20998e+07,2.07148e+06,510036,514408,2.77254e+06,70.0831,316.277,74.2034,280.094
0,891,4.0458e+07,44098.4,268954,9.69727e+06,5.85736e+07,13718.2,13867.4,1.20998e+07,2.07144e+06,509983,514417,2.77316e+06,70.0988,316.597,83.105,293.399
0,892,4.04598e+07,44110.1,269249,9.69765e+06,5.85707e+07,13720.4,13882.5,1.21005e+07,2.07144e+06,509939,514460,2.77378e+06,70.1154,316.937,60.1135,329.302
0,893,4.04609e+07,44122,269554,9.69798e+06,5.85679e+07,13723,13898.2,1.21019e+07,2.07146e+06,509903,514538,2.7744e+06,70.1326,317.291,71.6825,342.905
0,894,4.04611e+07,44133.7,269864,9.69829e+06,5.85653e+07,13725.8,13914.5,1.2104e+07,2.07151e+06,509876,514649,2.77501e+06,70.1502,317.653,63.0701,323.236
0,895,4.04604e+07,44145.1,270175,9.69856e+06,5.85628e+07,13728.9,13931,1.21068e+07,2.07158e+06,509858,514793,2.77564e+06,70.1678,318.02,68.356,314.512
0,896,4.0459e+07,44156,270482,9.6988e+06,5.85605e+07,13732.1,13947.6,1.21101e+07,2.07168e+06,509849,514968,2.77626e+06,70.1852,318.385,63.3145,302.378
0,897,4.04567e+07,44166.2,270781,9.699e+06,5.85585e+07,13735.4,13964,1.2114e+07,2.07179e+06,509848,515171,2.7769e+06,70.2019,318.743,68.2938,301.735
0,898,4.04537e+07,44175.5,271066,9.69918e+06,5.85567e+07,13738.8,13979.9,1.21184e+07,2.07193e+06,509856,515401,2.77754e+06,70.2178,319.089,64.8792,349.455
0,899,4.045e+07,44183.7,271335,9.69934e+06,5.85552e+07,13742.2,13995.2,1.21233e+07,2.07208e+06,509871,515653,2.77819e+06,70.2326,319.418,55.3703,327.963
0,900,4.04456e+07,44190.8,271583,9.69947e+06,5.85539e+07,13745.4,14009.6,1.21285e+07,2.07224e+06,509893,515925,2.77886e+06,70.2459,319.724,68.6707,299.341
0,901,4.04407e+07,44196.5,271805,9.69958e+06,5.8553e+07,13748.6,14022.9,1.2134e+07,2.0724e+06,509922,516213,2.77953e+06,70.2575,320.003,77.9554,331.822
0,902,4.04352e+07,44200.7,272000,9.69968e+06,5.85524e+07,13751.5,14034.9,1.21397e+07,2.07257e+06,509956,516512,2.78022e+06,70.2673,320.251,70.5128,303.647
0,903,4.04293e+07,44203.5,272163,9.69977e+06,5.85522e+07,13754.2,14045.5,1.21455e+07,2.07274e+06,509994,516820,2.78093e+06,70.275,320.464,84.8887,286.903
0,904,4.04231e+07,44204.6,272292,9.69986e+06,5.85523e+07,13756.6,14054.4,1.21514e+07,2.07291e+06,510037,517130,2.78165e+06,70.2804,320.639,74.3242,306.785
0,905,4.04166e+07,44204.2,272385,9.69994e+06,5.85527e+07,13758.7,14061.5,1.21573e+07,2.07307e+06,510082,517441,2.78238e+06,70.2836,320.772,82.3071,319.839
0,906,4.041e+07,44202.1,272442,9.70002e+06,5.85534e+07,13760.5,14066.8,1.2163e+07,2.07321e+06,510129,517745,2.78312e+06,70.2844,320.863,71.4981,284.05
0,907,4.04033e+07,44198.4,272460,9.70011e+06,5.85545e+07,13761.8,14070.2,1.21684e+07,2.07335e+06,510177,518041,2.78387e+06,70.2827,320.91,59.4125,334.254
0,908,4.03968e+07,44193.2,272440,9.70021e+06,5.85558e+07,13762.7,14071.6,1.21736e+07,2.07346e+06,510224,518323,2.78464e+06,70.2787,320.912,69.5296,348.071
0,909,4.03904e+07,44186.4,272383,9.70033e+06,5.85574e+07,13763.1,14071.1,1.21785e+07,2.07356e+06,510269,518588,2.78542e+06,70.2722,320.87,64.2938,328.52
0,910,4.03842e+07,44178.3,272289,9.70046e+06,5.85593e+07,13763.1,14068.6,1.21828e+07,2.07363e+06,510313,518832,2.7862e+06,70.2635,320.783,81.1051,317.526
0,911,4.03785e+07,44168.9,272159,9.70062e+06,5.85613e+07,13762.7,14064.1,1.21867e+07,2.07368e+06,510353,519051,2.78699e+06,70.2526,320.653,59.1825,298.807
0,912,4.03732e+07,44158.3,271997,9.7008e+06,5.85636e+07,13761.8,14057.9,1.219e+07,2.0737e+06,510388,519243,2.78779e+06,70.2396,320.484,83.7011,318.051
0,913,4.03684e+07,44146.7,271803,9.70101e+06,5.8566e+07,13760.4,14049.9,1.21927e+07,2.07369e+06,510419,519405,2.78858e+06,70.2248,320.276,74.4089,302.368
0,914,4.03643e+07,44134.3,271582,9.70124e+06,5.85686e+07,13758.6,14040.3,1.21947e+07,2.07365e+06,510444,519536,2.78938e+06,70.2083,320.034,72.7719,337.814
0,915,4.03608e+07,44121.2,271337,9.70151e+06,5.85712e+07,13756.4,14029.3,1.21961e+07,2.07359e+06,510462,519633,2.79018e+06,70.1903,319.761,68.7813,333.845
0,916,4.0358e+07,44107.5,271071,9.70181e+06,5.85738e+07,13753.8,14017.1,1.21967e+07,2.0735e+06,510473,519695,2.79097e+06,70.1711,319.461,72.4318,343.824
0,917,4.03561e+07,44093.5,270789,9.70214e+06,5.85765e+07,13750.8,14003.7,1.21967e+07,2.07337e+06,510477,519722,2.79175e+06,70.151,319.14,66.903,343.572
0,918,4.03549e+07,44079.4,270495,9.70251e+06,5.85791e+07,13747.6,13989.5,1.21959e+07,2.07322e+06,510473,519714,2.79253e+06,70.1301,318.801,70.0338,313.734
0,919,4.03546e+07,44065.3,270192,9.70291e+06,5.85817e+07,13744,13974.6,1.21945e+07,2.07305e+06,510461,519671,2.79329e+06,70.1088,318.45,50.3659,330.929
0,920,4.03551e+07,44051.4,269886,9.70334e+06,5.85842e+07,13740.2,13959.3,1.21924e+07,2.07285e+06,510441,519595,2.79404e+06,70.0873,318.092,94.2362,325.67
0,921,4.03564e+07,44037.9,269581,9.7038e+06,5.85865e+07,13736.2,13943.9,1.21897e+07,2.07262e+06,510412,519486,2.79478e+06,70.0659,317.732,58.7777,332.282
0,922,4.03586e+07,44024.9,269281,9.70429e+06,5.85886e+07,13732,13928.4,1.21863e+07,2.07238e+06,510376,519347,2.79549e+06,70.0449,317.375,55.3179,322.413
0,923,4.03615e+07,44012.6,268990,9.70481e+06,5.85905e+07,13727.8,13913.2,1.21825e+07,2.07212e+06,510332,519179,2.79619e+06,70.0245,317.027,65.9296,315.589
0,924,4.03652e+07,44001.2,268713,9.70535e+06,5.85922e+07,13723.5,13898.4,1.21781e+07,2.07184e+06,510280,518987,2.79687e+06,70.005,316.692,72.6396,329.416
0,925,4.03696e+07,43990.8,268454,9.70591e+06,5.85937e+07,13719.2,13884.4,1.21734e+07,2.07155e+06,510222,518771,2.79752e+06,69.9865,316.375,60.0616,311.115
0,926,4.03747e+07,43981.6,268216,9.70649e+06,5.85949e+07,13715,13871.3,1.21683e+07,2.07126e+06,510157,518538,2.79815e+06,69.9695,316.081,70.806,329.485
0,927,4.03803e+07,43973.5,268002,9.70708e+06,5.85958e+07,13710.9,13859.2,1.21629e+07,2.07095e+06,510086,518288,2.79876e+06,69.9539,315.813,62.8845,340.189
0,928,4.03865e+07,43966.9,267815,9.70769e+06,5.85964e+07,13706.9,13848.4,1.21573e+07,2.07065e+06,510010,518028,2.79934e+06,69.9401,315.576,63.8126,307.26
0,929,4.03931e+07,43961.6,267659,9.7083e+06,5.85967e+07,13703.2,13838.9,1.21516e+07,2.07035e+06,509929,517759,2.79989e+06,69.9282,315.372,61.836,326.77
0,930,4.04e+07,43957.8,267534,9.70892e+06,5.85966e+07,13699.8,13831.1,1.21459e+07,2.07005e+06,509846,517488,2.80042e+06,69.9183,315.205,59.4225,328.505
0,931,4.04071e+07,43955.5,267444,9.70953e+06,5.85963e+07,13696.6,13824.9,1.21402e+07,2.06976e+06,509759,517217,2.80092e+06,69.9107,315.077,65.088,295.935
0,932,4.04145e+07,43954.8,267389,9.71014e+06,5.85957e+07,13693.8,13820.4,1.21346e+07,2.06948e+06,509672,516950,2.8014e+06,69.9053,314.989,63.2694,257.869
0,933,4.04218e+07,43955.7,267370,9.71074e+06,5.85948e+07,13691.4,13817.8,1.21293e+07,2.06921e+06,509583,516693,2.80186e+06,69.9022,314.943,82.9076,337.291
0,934,4.04292e+07,43958.1,267387,9.71133e+06,5.85937e+07,13689.4,13817,1.21242e+07,2.06896e+06,509495,516448,2.80229e+06,69.9015,314.941,83.7428,310.545
0,935,4.04363e+07,43961.9,267441,9.71189e+06,5.85923e+07,13687.9,13818.1,1.21195e+07,2.06874e+06,509409,516220,2.8027e+06,69.9031,314.98,68.356,328.542
0,936,4.04433e+07,43967.3,267530,9.71244e+06,5.85906e+07,13686.8,13821.1,1.21153e+07,2.06853e+06,509325,516012,2.80309e+06,69.9072,315.063,72.4495,286.425
0,937,4.04499e+07,43974,267654,9.71297e+06,5.85888e+07,13686.2,13825.9,1.21115e+07,2.06835e+06,509244,515827,2.80346e+06,69.9134,315.187,60.3249,317.021
0,938,4.04561e+07,43981.9,267810,9.71346e+06,5.85868e+07,13686.1,13832.6,1.21083e+07,2.0682e+06,509168,515668,2.80381e+06,69.9219,315.35,65.1041,274.155
0,939,4.04618e+07,43991,267998,9.71393e+06,5.85847e+07,13686.5,13840.9,1.21057e+07,2.06808e+06,509098,515537,2.80415e+06,69.9324,315.552,85.824,304.276
0,940,4.04669e+07,44001.1,268214,9.71437e+06,5.85825e+07,13687.3,13850.9,1.21037e+07,2.06798e+06,509033,515438,2.80447e+06,69.9448,315.788,64.5354,306.978
0,941,4.04714e+07,44012.1,268455,9.71477e+06,5.85802e+07,13688.6,13862.3,1.21023e+07,2.06792e+06,508975,515370,2.80479e+06,69.9589,316.056,71.5421,368.943
0,942,4.04751e+07,44023.8,268719,9.71513e+06,5.85778e+07,13690.3,13875.1,1.21017e+07,2.06788e+06,508925,515337,2.8051e+06,69.9744,316.353,71.6913,318.945
0,943,4.04782e+07,44035.9,269000,9.71546e+06,5.85755e+07,13692.4,13889,1.21018e+07,2.06788e+06,508882,515338,2.8054e+06,69.9912,316.674,78.0285,315.202
0,944,4.04804e+07,44048.4,269297,9.71576e+06,5.85733e+07,13694.9,13903.9,1.21025e+07,2.06791e+06,508848,515374,2.8057e+06,70.009,317.014,63.5903,339.193
0,945,4.04818e+07,44061,269604,9.71602e+06,5.85711e+07,13697.7,13919.5,1.2104e+07,2.06796e+06,508823,515445,2.806e+06,70.0274,317.369,71.9005,321.14
0,946,4.04824e+07,44073.5,269916,9.71624e+06,5.8569e+07,13700.8,13935.7,1.21061e+07,2.06805e+06,508806,515549,2.80629e+06,70.0462,317.734,75.4758,309.813
0,947,4.04821e+07,44085.7,270230,9.71643e+06,5.85672e+07,13704.1,13952.2,1.21089e+07,2.06816e+06,508798,515687,2.8066e+06,70.0651,318.104,79.1093,279.998
0,948,4.0481e+07,44097.4,270541,9.71658e+06,5.85655e+07,13707.6,13968.7,1.21123e+07,2.06829e+06,508799,515855,2.8069e+06,70.0837,318.473,69.0723,321.335
0,949,4.04791e+07,44108.4,270844,9.7167e+06,5.8564e+07,13711.2,13985.1,1.21163e+07,2.06844e+06,508809,516053,2.80722e+06,70.1018,318.836,63.7751,307.017
0,950,4.04764e+07,44118.6,271135,9.7168e+06,5.85627e+07,13714.8,14001.1,1.21207e+07,2.06861e+06,508827,516277,2.80754e+06,70.1191,319.187,79.4786,321.215
0,951,4.0473e+07,44127.7,271410,9.71687e+06,5.85618e+07,13718.5,14016.5,1.21257e+07,2.06879e+06,508852,516524,2.80788e+06,70.1352,319.522,50.5496,345.999
0,952,4.0469e+07,44135.7,271663,9.71691e+06,5.85611e+07,13722,14031,1.2131e+07,2.06899e+06,508885,516792,2.80823e+06,70.15,319.835,66.3615,338.577
0,953,4.04643e+07,44142.3,271893,9.71694e+06,5.85608e+07,13725.5,14044.4,1.21366e+07,2.06919e+06,508924,517076,2.80858e+06,70.1631,320.121,62.1327,329.649
0,954,4.04592e+07,44147.5,272094,9.71695e+06,5.85607e+07,13728.8,14056.5,1.21424e+07,2.0694e+06,508969,517372,2.80896e+06,70.1744,320.377,61.3476,295.177
0,955,4.04535e+07,44151.2,272264,9.71696e+06,5.8561e+07,13731.8,14067.2,1.21484e+07,2.06961e+06,509018,517677,2.80934e+06,70.1836,320.598,73.3254,314.922
0,956,4.04476e+07,44153.3,272401,9.71695e+06,5.85616e+07,13734.5,14076.3,1.21544e+07,2.06981e+06,509071,517986,2.80975e+06,70.1906,320.781,63.2941,306.39
0,957,4.04413e+07,44153.8,272503,9.71694e+06,5.85626e+07,13737,14083.7,1.21604e+07,2.07001e+06,509127,518295,2.81016e+06,70.1953,320.924,83.0606,311.751
0,958,4.0435e+07,44152.7,272567,9.71694e+06,5.85639e+07,13739,14089.2,1.21662e+07,2.0702e+06,509185,518599,2.81059e+06,70.1977,321.024,63.6334,349.938
0,959,4.04286e+07,44150,272594,9.71694e+06,5.85654e+07,13740.7,14092.8,1.21719e+07,2.07037e+06,509243,518894,2.81103e+06,70.1976,321.08,82.2487,303.877
0,960,4.04222e+07,44145.7,272582,9.71694e+06,5.85673e+07,13741.9,14094.4,1.21772e+07,2.07052e+06,509302,519176,2.81148e+06,70.1951,321.092,72.4036,308.789
0,961,4.0416e+07,44139.9,272532,9.71697e+06,5.85695e+07,13742.7,14094.1,1.21822e+07,2.07066e+06,509359,519442,2.81195e+06,70.1902,321.058,76.6415,324.102
0,962,4.041e+07,44132.7,272446,9.71701e+06,5.85719e+07,13743.1,14091.8,1.21868e+07,2.07077e+06,509413,519687,2.81242e+06,70.183,320.98,63.6336,328.97
0,963,4.04044e+07,44124.1,272323,9.71707e+06,5.85745e+07,13743,14087.5,1.21909e+07,2.07086e+06,509465,519908,2.8129e+06,70.1736,320.859,67.3417,342.074
0,964,4.03993e+07,44114.5,272168,9.71716e+06,5.85773e+07,13742.4,14081.4,1.21944e+07,2.07092e+06,509512,520102,2.81339e+06,70.1622,320.698,81.7528,342.16
0,965,4.03946e+07,44103.7,271981,9.71727e+06,5.85803e+07,13741.4,14073.6,1.21973e+07,2.07095e+06,509554,520266,2.81387e+06,70.1488,320.498,78.6959,323.839
0,966,4.03906e+07,44092.1,271766,9.71741e+06,5.85833e+07,13740,14064.1,1.21995e+07,2.07095e+06,509591,520399,2.81436e+06,70.1338,320.263,64.5574,314.045
0,967,4.03872e+07,44079.8,271526,9.71758e+06,5.85865e+07,13738.1,14053.2,1.22011e+07,2.07093e+06,509621,520498,2.81485e+06,70.1173,319.996,84.2956,313.792
0,968,4.03846e+07,44067,271265,9.71779e+06,5.85897e+07,13735.8,14041,1.2202e+07,2.07088e+06,509644,520563,2.81534e+06,70.0995,319.703,73.9619,320.934
0,969,4.03827e+07,44053.8,270987,9.71803e+06,5.85929e+07,13733.2,14027.7,1.22022e+07,2.07079e+06,509660,520593,2.81582e+06,70.0807,319.386,69.3364,330.299
0,970,4.03816e+07,44040.4,270696,9.7183e+06,5.85961e+07,13730.2,14013.5,1.22017e+07,2.07069e+06,509668,520587,2.81629e+06,70.0612,319.052,66.3859,298.264
0,971,4.03814e+07,44027,270396,9.7186e+06,5.85992e+07,13727,13998.6,1.22004e+07,2.07055e+06,509668,520546,2.81675e+06,70.0411,318.704,82.2783,314.067
0,972,4.03819e+07,44013.8,270093,9.71894e+06,5.86023e+07,13723.5,13983.2,1.21986e+07,2.07039e+06,509660,520472,2.81719e+06,70.0209,318.349,70.4074,355.043
0,973,4.03834e+07,44000.9,269789,9.7193e+06,5.86051e+07,13719.8,13967.7,1.2196e+07,2.0702e+06,509643,520365,2.81763e+06,70.0007,317.991,60.3325,293.053
0,974,4.03856e+07,43988.6,269490,9.7197e+06,5.86078e+07,13716,13952.1,1.21929e+07,2.07e+06,509619,520227,2.81804e+06,69.9809,317.635,72.6088,330.728
0,975,4.03886e+07,43976.9,269200,9.72012e+06,5.86103e+07,13712,13936.7,1.21892e+07,2.06978e+06,509587,520060,2.81844e+06,69.9616,317.288,72.3322,364.042
0,976,4.03924e+07,43966.1,268923,9.72057e+06,5.86126e+07,13708,13921.8,1.21851e+07,2.06954e+06,509547,519868,2.81882e+06,69.9432,316.953,67.883,320.862
0,977,4.03969e+07,43956.3,268663,9.72104e+06,5.86146e+07,13704,13907.5,1.21805e+07,2.06929e+06,509500,519652,2.81917e+06,69.9258,316.635,83.6834,307.876
0,978,4.04021e+07,43947.6,268423,9.72152e+06,5.86164e+07,13700.1,13894.1,1.21755e+07,2.06903e+06,509447,519418,2.8195e+06,69.9097,316.339,59.8812,303.145
0,979,4.04079e+07,43940.1,268207,9.72203e+06,5.86178e+07,13696.2,13881.8,1.21703e+07,2.06876e+06,509388,519167,2.81981e+06,69.8952,316.07,62.7232,302.298
0,980,4.04141e+07,43934,268019,9.72254e+06,5.8619e+07,13692.6,13870.7,1.21648e+07,2.06849e+06,509323,518904,2.82009e+06,69.8823,315.83,80.0554,305.228
0,981,4.04208e+07,43929.2,267860,9.72306e+06,5.86198e+07,13689.1,13860.9,1.21592e+07,2.06822e+06,509254,518634,2.82035e+06,69.8713,315.624,64.0385,286.03
0,982,4.04279e+07,43925.9,267733,9.72359e+06,5.86204e+07,13685.9,13852.7,1.21536e+07,2.06796e+06,509182,518359,2.82059e+06,69.8624,315.453,68.6217,329.211
0,983,4.04352e+07,43924.1,267640,9.72411e+06,5.86206e+07,13683,13846.2,1.2148e+07,2.0677e+06,509106,518084,2.8208e+06,69.8556,315.322,71.7907,308.495
0,984,4.04427e+07,43923.9,267582,9.72463e+06,5.86205e+07,13680.4,13841.4,1.21426e+07,2.06745e+06,509030,517814,2.82098e+06,69.8511,315.23,63.5389,311.431
0,985,4.04503e+07,43925.2,267560,9.72514e+06,5.86202e+07,13678.2,13838.4,1.21373e+07,2.06722e+06,508952,517552,2.82114e+06,69.8488,315.181,74.3335,325.678
0,986,4.04578e+07,43928.1,267574,9.72564e+06,5.86195e+07,13676.5,13837.3,1.21323e+07,2.06701e+06,508875,517302,2.82128e+06,69.849,315.174,76.1427,298.109
0,987,4.04652e+07,43932.5,267625,9.72612e+06,5.86187e+07,13675.1,13838.1,1.21276e+07,2.06681e+06,508799,517068,2.82139e+06,69.8515,315.21,53.6671,348.017
0,988,4.04723e+07,43938.3,267711,9.72658e+06,5.86176e+07,13674.2,13840.7,1.21234e+07,2.06664e+06,508725,516853,2.82149e+06,69.8563,315.289,79.0405,308.225
0,989,4.04792e+07,43945.5,267832,9.72701e+06,5.86162e+07,13673.8,13845.2,1.21197e+07,2.06649e+06,508654,516661,2.82157e+06,69.8634,315.41,53.6644,318.741
0,990,4.04856e+07,43953.9,267986,9.72742e+06,5.86147e+07,13673.9,13851.5,1.21165e+07,2.06637e+06,508588,516495,2.82163e+06,69.8727,315.57,72.0863,338.814
0,991,4.04916e+07,43963.5,268172,9.7278e+06,5.86131e+07,13674.5,13859.6,1.21139e+07,2.06628e+06,508527,516357,2.82168e+06,69.8841,315.769,84.0777,345.912
0,992,4.04969e+07,43974.2,268386,9.72815e+06,5.86114e+07,13675.5,13869.3,1.21119e+07,2.06621e+06,508472,516250,2.82171e+06,69.8974,316.003,82.0426,300.572
0,993,4.05017e+07,43985.7,268626,9.72847e+06,5.86096e+07,13677,13880.4,1.21105e+07,2.06618e+06,508423,516175,2.82173e+06,69.9123,316.269,82.2559,322.846
0,994,4.05057e+07,43997.9,268889,9.72875e+06,5.86077e+07,13678.9,13893,1.21099e+07,2.06617e+06,508382,516134,2.82175e+06,69.9288,316.564,64.4154,319.194
0,995,4.0509e+07,44010.7,269171,9.72899e+06,5.86059e+07,13681.2,13906.7,1.211e+07,2.0662e+06,508349,516127,2.82176e+06,69.9466,316.884,53.4396,335.102
0,996,4.05115e+07,44023.8,269468,9.7292e+06,5.86041e+07,13683.9,13921.4,1.21107e+07,2.06626e+06,508324,516155,2.82177e+06,69.9653,317.225,77.8113,327.181
0,997,4.05132e+07,44037,269776,9.72937e+06,5.86023e+07,13686.9,13936.8,1.21122e+07,2.06634e+06,508308,516218,2.82178e+06,69.9847,317.581,62.6216,322.38
0,998,4.0514e+07,44050.2,270090,9.72951e+06,5.86007e+07,13690.3,13952.9,1.21143e+07,2.06646e+06,508300,516316,2.82178e+06,70.0046,317.947,58.5446,331.143
0,999,4.0514e+07,44063.1,270407,9.72961e+06,5.85993e+07,13693.8,13969.3,1.21171e+07,2.06659e+06,508301,516446,2.8218e+06,70.0246,318.319,78.594,295.062
0,1000,4.05132e+07,44075.5,270720,9.72968e+06,5.8598e+07,13697.5,13985.8,1.21206e+07,2.06676e+06,508311,516607,2.82181e+06,70.0443,318.691,67.7474,295.973
