index,time,SS:Japan__all,IS:Japan__all,SI:Japan__all,RS:Japan__all,SR:Japan__all,IR:Japan__all,RI:Japan__all,SQ:Japan__all,QS:Japan__all,QR:Japan__all,RQ:Japan__all,RR:Japan__all,obs_mean:EV71_JAP__IASR__inc,obs_mean:CA16_JAP__IASR__inc,obs_real:EV71_JAP__IASR__inc,obs_real:CA16_JAP__IASR__inc
0,0,1.45173e+06,4160.66,4940.37,3.28867e+06,4.2438e+06,10939.7,11527.1,428197,360781,948685,999167,1.14956e+08,0,0,0,0
0,1,1.45419e+06,4206.33,4992.19,3.28875e+06,4.24392e+06,10995.9,11576.4,428258,360830,948707,999191,1.14953e+08,15.2553,6.95895,13.4011,7.68513
0,2,1.45654e+06,4227.91,5014.42,3.28881e+06,4.244e+06,11034.2,11609.2,428404,360957,948852,999321,1.14958e+08,15.3343,6.99052,14.6312,5.20348
0,3,1.45881e+06,4242.83,5029.38,3.28885e+06,4.24405e+06,11058.3,11628.8,428592,361126,949070,999512,1.14964e+08,15.3827,7.00879,13.0514,11.6964
0,4,1.46102e+06,4254.85,5041.58,3.28888e+06,4.2441e+06,11075.3,11642.6,428808,361324,949334,999740,1.14969e+08,15.4164,7.0213,19.0795,8.53425
0,5,1.46318e+06,4265.46,5052.57,3.28891e+06,4.24413e+06,11089,11653.9,429048,361545,949629,999993,1.14975e+08,15.4429,7.03136,15.2859,7.46954
0,6,1.46528e+06,4275.39,5063.02,3.28894e+06,4.24416e+06,11101.3,11664.4,429308,361786,949948,1.00027e+06,1.1498e+08,15.4662,7.04041,18.7935,9.59255
0,7,1.46733e+06,4284.97,5073.22,3.28896e+06,4.24419e+06,11112.9,11674.6,429587,362045,950289,1.00056e+06,1.14986e+08,15.488,7.04908,15.2303,7.7625
0,8,1.46933e+06,4294.36,5083.28,3.28899e+06,4.24421e+06,11124.4,11684.7,429884,362320,950649,1.00087e+06,1.14991e+08,15.5091,7.05762,14.0352,7.03403
0,9,1.47127e+06,4303.64,5093.24,3.28901e+06,4.24423e+06,11135.9,11695,430198,362612,951028,1.00119e+06,1.14996e+08,15.5301,7.06614,21.6273,1.36801
0,10,1.47317e+06,4312.83,5103.11,3.28904e+06,4.24425e+06,11147.5,11705.4,430528,362918,951425,1.00154e+06,1.15002e+08,15.551,7.07466,20.7436,10.2949
0,11,1.47502e+06,4321.94,5112.88,3.28906e+06,4.24427e+06,11159.1,11715.8,430873,363239,951841,1.0019e+06,1.15007e+08,15.5719,7.08319,16.0091,10.2765
0,12,1.47682e+06,4330.94,5122.55,3.28908e+06,4.24428e+06,11170.8,11726.4,431233,363574,952274,1.00227e+06,1.15012e+08,15.5927,7.0917,17.4176,5.99201
0,13,1.47857e+06,4339.83,5132.08,3.28911e+06,4.24429e+06,11182.5,11736.9,431608,363922,952724,1.00266e+06,1.15018e+08,15.6135,7.10018,17.4458,4.6499
0,14,1.48027e+06,4348.58,5141.45,3.28914e+06,4.24431e+06,11194.1,11747.3,431995,364282,953191,1.00307e+06,1.15023e+08,15.6341,7.10858,17.3192,12.4178
0,15,1.48193e+06,4357.18,5150.65,3.28916e+06,4.24432e+06,11205.6,11757.7,432395,364654,953674,1.00349e+06,1.15028e+08,15.6545,7.11687,12.6991,5.19526
0,16,1.48354e+06,4365.6,5159.64,3.28919e+06,4.24433e+06,11216.9,11767.9,432806,365036,954172,1.00393e+06,1.15033e+08,15.6745,7.12503,17.7346,9.96517
0,17,1.4851e+06,4373.81,5168.41,3.28923e+06,4.24434e+06,11228,11777.8,433228,365429,954684,1.00438e+06,1.15039e+08,15.6942,7.13301,9.39749,8.03736
0,18,1.48662e+06,4381.79,5176.93,3.28926e+06,4.24436e+06,11238.7,11787.5,433660,365831,955208,1.00484e+06,1.15044e+08,15.7133,7.14078,14.1341,11.4796
0,19,1.4881e+06,4389.53,5185.18,3.2893e+06,4.24437e+06,11249.1,11796.8,434100,366241,955745,1.00531e+06,1.15049e+08,15.7319,7.14831,13.6117,12.0804
0,20,1.48954e+06,4396.99,5193.14,3.28935e+06,4.24439e+06,11259,11805.7,434549,366659,956291,1.00579e+06,1.15055e+08,15.7497,7.15556,11.4365,3.84197
0,21,1.49093e+06,4404.17,5200.79,3.2894e+06,4.24442e+06,11268.5,11814.1,435004,367083,956847,1.00628e+06,1.1506e+08,15.7669,7.16251,10.0779,5.48959
0,22,1.49229e+06,4411.03,5208.1,3.28945e+06,4.24444e+06,11277.4,11822.1,435464,367512,957409,1.00678e+06,1.15065e+08,15.7832,7.16912,19.3078,8.33878
0,23,1.49361e+06,4417.58,5215.08,3.28952e+06,4.24448e+06,11285.7,11829.5,435930,367946,957977,1.00728e+06,1.1507e+08,15.7986,7.17538,11.4445,3.49739
0,24,1.4949e+06,4423.79,5221.71,3.28958e+06,4.24451e+06,11293.4,11836.4,436399,368384,958548,1.00778e+06,1.15076e+08,15.8131,7.18125,12.3812,6.03134
0,25,1.49616e+06,4429.66,5227.97,3.28966e+06,4.24456e+06,11300.4,11842.7,436871,368824,959122,1.00829e+06,1.15081e+08,15.8266,7.18673,18.0507,7.32069
0,26,1.49738e+06,4435.18,5233.87,3.28975e+06,4.24461e+06,11306.8,11848.3,437344,369265,959696,1.00879e+06,1.15086e+08,15.839,7.19181,13.6506,6.71669
0,27,1.49857e+06,4440.34,5239.39,3.28984e+06,4.24467e+06,11312.4,11853.4,437818,369708,960268,1.0093e+06,1.15092e+08,15.8505,7.19646,18.6353,7.53277
0,28,1.49973e+06,4445.16,5244.55,3.28994e+06,4.24474e+06,11317.3,11857.7,438292,370149,960836,1.0098e+06,1.15097e+08,15.8608,7.20069,13.8266,11.2078
0,29,1.50087e+06,4449.62,5249.35,3.29005e+06,4.24482e+06,11321.6,11861.5,438764,370590,961400,1.0103e+06,1.15102e+08,15.8701,7.2045,16.7318,5.56928
0,30,1.50198e+06,4453.75,5253.8,3.29018e+06,4.24491e+06,11325.1,11864.6,439234,371029,961956,1.01079e+06,1.15108e+08,15.8783,7.2079,14.6565,6.76079
0,31,1.50307e+06,4457.54,5257.91,3.29031e+06,4.24502e+06,11328,11867.1,439701,371464,962504,1.01127e+06,1.15113e+08,15.8855,7.21088,15.2839,6.66806
0,32,1.50413e+06,4461.02,5261.69,3.29045e+06,4.24513e+06,11330.1,11869.1,440165,371897,963043,1.01175e+06,1.15119e+08,15.8917,7.21348,18.4842,5.69492
0,33,1.50518e+06,4464.19,5265.16,3.29061e+06,4.24526e+06,11331.7,11870.5,440624,372324,963570,1.01221e+06,1.15124e+08,15.8969,7.21571,12.8356,3.04864
0,34,1.5062e+06,4467.09,5268.34,3.29078e+06,4.24539e+06,11332.7,11871.4,441078,372747,964085,1.01267e+06,1.1513e+08,15.9013,7.21759,22.2506,9.75679
0,35,1.50721e+06,4469.73,5271.26,3.29096e+06,4.24555e+06,11333.2,11871.8,441526,373165,964586,1.01311e+06,1.15135e+08,15.9048,7.21914,16.1277,6.72322
0,36,1.5082e+06,4472.13,5273.94,3.29115e+06,4.24571e+06,11333.2,11871.8,441968,373576,965073,1.01354e+06,1.1514e+08,15.9076,7.22041,14.5269,3.80146
0,37,1.50918e+06,4474.33,5276.42,3.29135e+06,4.24589e+06,11332.8,11871.4,442403,373981,965545,1.01396e+06,1.15146e+08,15.9097,7.22142,20.9959,6.67663
0,38,1.51013e+06,4476.35,5278.71,3.29157e+06,4.24608e+06,11332.1,11870.8,442832,374380,966001,1.01436e+06,1.15151e+08,15.9112,7.22221,20.3263,5.53459
0,39,1.51108e+06,4478.22,5280.85,3.2918e+06,4.24629e+06,11331,11869.9,443254,374771,966442,1.01475e+06,1.15157e+08,15.9123,7.22282,18.2338,5.10148
0,40,1.51201e+06,4479.96,5282.87,3.29204e+06,4.2465e+06,11329.8,11868.8,443668,375156,966866,1.01513e+06,1.15162e+08,15.913,7.22328,19.3439,8.52522
0,41,1.51293e+06,4481.62,5284.81,3.2923e+06,4.24674e+06,11328.5,11867.7,444075,375533,967275,1.01549e+06,1.15168e+08,15.9134,7.22365,12.8527,6.70726
0,42,1.51383e+06,4483.23,5286.68,3.29256e+06,4.24698e+06,11327.1,11866.5,444475,375904,967667,1.01583e+06,1.15173e+08,15.9136,7.22395,11.9454,9.61107
0,43,1.51472e+06,4484.8,5288.53,3.29284e+06,4.24724e+06,11325.7,11865.3,444868,376267,968045,1.01617e+06,1.15179e+08,15.9138,7.22424,19.5623,3.79409
0,44,1.5156e+06,4486.37,5290.38,3.29313e+06,4.24752e+06,11324.4,11864.3,445254,376624,968407,1.01649e+06,1.15184e+08,15.914,7.22455,18.9056,4.03892
0,45,1.51647e+06,4487.97,5292.26,3.29343e+06,4.2478e+06,11323.3,11863.4,445633,376974,968756,1.0168e+06,1.1519e+08,15.9144,7.22492,14.8334,5.97633
0,46,1.51732e+06,4489.63,5294.2,3.29374e+06,4.2481e+06,11322.4,11862.7,446006,377318,969092,1.01709e+06,1.15195e+08,15.915,7.22539,19.3051,12.7528
0,47,1.51816e+06,4491.37,5296.21,3.29406e+06,4.24841e+06,11321.8,11862.3,446372,377656,969416,1.01738e+06,1.152e+08,15.916,7.22599,16.7285,10.7036
0,48,1.51898e+06,4493.2,5298.34,3.29439e+06,4.24873e+06,11321.5,11862.2,446734,377989,969728,1.01766e+06,1.15206e+08,15.9173,7.22675,15.2445,10.6575
0,49,1.51979e+06,4495.16,5300.58,3.29473e+06,4.24906e+06,11321.6,11862.5,447089,378316,970032,1.01793e+06,1.15211e+08,15.9192,7.22771,15.6001,8.53475
0,50,1.52059e+06,4497.25,5302.96,3.29508e+06,4.2494e+06,11322.2,11863.2,447441,378639,970327,1.01819e+06,1.15216e+08,15.9216,7.22889,18.2204,5.49736
0,51,1.52137e+06,4499.5,5305.49,3.29544e+06,4.24975e+06,11323.3,11864.3,447788,378958,970616,1.01845e+06,1.15221e+08,15.9246,7.2303,15.5215,4.55891
0,52,1.52213e+06,4501.9,5308.18,3.2958e+06,4.2501e+06,11324.9,11865.9,448132,379274,970899,1.0187e+06,1.15227e+08,15.9282,7.23198,16.842,9.15301
0,53,1.52287e+06,4504.47,5311.04,3.29618e+06,4.25047e+06,11327,11868,448472,379586,971179,1.01895e+06,1.15232e+08,15.9326,7.23392,13.0465,5.50479
0,54,1.5236e+06,4507.22,5314.07,3.29655e+06,4.25084e+06,11329.6,11870.6,448810,379896,971456,1.0192e+06,1.15237e+08,15.9377,7.23614,22.3388,10.1525
0,55,1.52431e+06,4510.13,5317.27,3.29694e+06,4.25122e+06,11332.8,11873.6,449146,380204,971733,1.01945e+06,1.15242e+08,15.9435,7.23864,10.4962,7.86362
0,56,1.525e+06,4513.22,5320.64,3.29733e+06,4.2516e+06,11336.5,11877.2,449480,380511,972010,1.0197e+06,1.15247e+08,15.95,7.24142,12.8695,6.12167
0,57,1.52567e+06,4516.47,5324.16,3.29772e+06,4.25199e+06,11340.8,11881.2,449813,380817,972290,1.01995e+06,1.15251e+08,15.9572,7.24447,14.2806,2.8025
0,58,1.52632e+06,4519.87,5327.83,3.29812e+06,4.25238e+06,11345.6,11885.7,450146,381122,972572,1.02021e+06,1.15256e+08,15.9651,7.24779,15.8559,9.24211
0,59,1.52695e+06,4523.41,5331.64,3.29852e+06,4.25278e+06,11350.9,11890.6,450478,381427,972860,1.02047e+06,1.15261e+08,15.9736,7.25134,17.933,5.80875
0,60,1.52755e+06,4527.07,5335.56,3.29893e+06,4.25318e+06,11356.6,11896,450811,381732,973152,1.02074e+06,1.15265e+08,15.9828,7.25513,19.8658,4.10204
0,61,1.52814e+06,4530.84,5339.58,3.29934e+06,4.25358e+06,11362.7,11901.6,451144,382037,973452,1.02101e+06,1.1527e+08,15.9925,7.25912,10.9475,4.32396
0,62,1.5287e+06,4534.69,5343.67,3.29975e+06,4.25398e+06,11369.1,11907.6,451477,382344,973758,1.02129e+06,1.15274e+08,16.0026,7.26328,13.3812,7.55966
0,63,1.52924e+06,4538.6,5347.81,3.30017e+06,4.25439e+06,11375.8,11913.8,451811,382651,974073,1.02157e+06,1.15279e+08,16.0132,7.26758,10.1279,9.0579
0,64,1.52975e+06,4542.55,5351.98,3.30058e+06,4.2548e+06,11382.8,11920.3,452145,382959,974395,1.02187e+06,1.15283e+08,16.024,7.272,13.243,5.63133
0,65,1.53025e+06,4546.51,5356.15,3.30101e+06,4.25521e+06,11390,11926.8,452481,383268,974727,1.02217e+06,1.15287e+08,16.0351,7.2765,16.5145,5.57799
0,66,1.53072e+06,4550.46,5360.29,3.30143e+06,4.25562e+06,11397.2,11933.5,452817,383579,975067,1.02248e+06,1.15291e+08,16.0463,7.28103,16.9673,2.32347
0,67,1.53116e+06,4554.36,5364.37,3.30185e+06,4.25604e+06,11404.4,11940.1,453154,383890,975415,1.0228e+06,1.15295e+08,16.0576,7.28557,13.4983,10.3294
0,68,1.53159e+06,4558.18,5368.37,3.30228e+06,4.25645e+06,11411.7,11946.7,453491,384202,975772,1.02312e+06,1.15298e+08,16.0688,7.29007,15.8083,7.59812
0,69,1.53199e+06,4561.91,5372.26,3.30271e+06,4.25687e+06,11418.8,11953.2,453828,384514,976137,1.02346e+06,1.15302e+08,16.0798,7.29449,11.5693,7.2874
0,70,1.53237e+06,4565.52,5376.01,3.30315e+06,4.25729e+06,11425.7,11959.6,454165,384826,976508,1.0238e+06,1.15306e+08,16.0906,7.2988,16.4476,3.34137
0,71,1.53274e+06,4568.97,5379.59,3.30358e+06,4.25771e+06,11432.3,11965.6,454502,385138,976887,1.02414e+06,1.15309e+08,16.1009,7.30296,14.3488,7.62968
0,72,1.53308e+06,4572.25,5382.98,3.30402e+06,4.25813e+06,11438.7,11971.4,454837,385450,977270,1.02449e+06,1.15312e+08,16.1109,7.30693,14.1134,5.7439
0,73,1.5334e+06,4575.32,5386.17,3.30446e+06,4.25856e+06,11444.7,11976.8,455171,385760,977658,1.02485e+06,1.15316e+08,16.1203,7.31067,19.5506,8.52988
0,74,1.53371e+06,4578.18,5389.12,3.30491e+06,4.25899e+06,11450.2,11981.9,455503,386069,978050,1.0252e+06,1.15319e+08,16.1291,7.31417,23.4579,7.76837
0,75,1.534e+06,4580.81,5391.82,3.30536e+06,4.25943e+06,11455.2,11986.4,455832,386376,978443,1.02556e+06,1.15322e+08,16.1371,7.31738,15.5175,7.66959
0,76,1.53427e+06,4583.18,5394.27,3.30581e+06,4.25986e+06,11459.7,11990.5,456158,386680,978837,1.02592e+06,1.15325e+08,16.1445,7.3203,18.1302,5.67718
0,77,1.53453e+06,4585.29,5396.44,3.30627e+06,4.26031e+06,11463.7,11994.1,456480,386980,979230,1.02628e+06,1.15327e+08,16.151,7.32289,19.5577,6.91412
0,78,1.53477e+06,4587.13,5398.33,3.30674e+06,4.26075e+06,11467,11997.2,456798,387277,979621,1.02664e+06,1.1533e+08,16.1566,7.32514,17.0261,7.77154
0,79,1.53501e+06,4588.7,5399.94,3.30721e+06,4.26121e+06,11469.8,11999.7,457111,387570,980007,1.02699e+06,1.15332e+08,16.1614,7.32704,12.4242,8.50899
0,80,1.53523e+06,4589.99,5401.26,3.30768e+06,4.26167e+06,11471.9,12001.6,457419,387857,980389,1.02734e+06,1.15335e+08,16.1653,7.32859,24.6429,7.33811
0,81,1.53544e+06,4591,5402.31,3.30817e+06,4.26213e+06,11473.4,12002.9,457720,388139,980764,1.02768e+06,1.15337e+08,16.1683,7.32978,7.82373,2.70649
0,82,1.53565e+06,4591.74,5403.08,3.30865e+06,4.2626e+06,11474.2,12003.7,458015,388414,981130,1.02801e+06,1.15339e+08,16.1703,7.33061,16.8123,4.95944
0,83,1.53585e+06,4592.23,5403.58,3.30915e+06,4.26308e+06,11474.5,12004,458302,388683,981487,1.02834e+06,1.15341e+08,16.1715,7.3311,20.6412,7.86528
0,84,1.53604e+06,4592.46,5403.83,3.30965e+06,4.26357e+06,11474.2,12003.7,458582,388945,981834,1.02865e+06,1.15343e+08,16.1718,7.33126,15.839,5.21717
0,85,1.53623e+06,4592.46,5403.84,3.31016e+06,4.26407e+06,11473.3,12003,458854,389199,982168,1.02896e+06,1.15345e+08,16.1714,7.3311,11.9109,7.6845
0,86,1.53641e+06,4592.24,5403.64,3.31068e+06,4.26457e+06,11471.9,12001.8,459117,389446,982490,1.02925e+06,1.15347e+08,16.1701,7.33065,16.3975,0.256892
0,87,1.53659e+06,4591.83,5403.25,3.3112e+06,4.26509e+06,11470,12000.2,459372,389684,982797,1.02953e+06,1.15349e+08,16.1681,7.32992,14.8598,9.64252
0,88,1.53677e+06,4591.25,5402.68,3.31173e+06,4.26561e+06,11467.8,11998.2,459618,389914,983091,1.0298e+06,1.1535e+08,16.1656,7.32896,14.3624,8.43582
0,89,1.53695e+06,4590.52,5401.97,3.31227e+06,4.26614e+06,11465.2,11995.9,459855,390135,983369,1.03006e+06,1.15352e+08,16.1624,7.32778,14.2604,6.19039
0,90,1.53712e+06,4589.67,5401.14,3.31282e+06,4.26668e+06,11462.2,11993.3,460083,390348,983631,1.0303e+06,1.15354e+08,16.1588,7.32644,17.8957,7.34943
0,91,1.5373e+06,4588.72,5400.22,3.31337e+06,4.26723e+06,11459.1,11990.6,460302,390552,983878,1.03052e+06,1.15355e+08,16.1549,7.32495,12.0118,6.45498
0,92,1.53747e+06,4587.72,5399.24,3.31393e+06,4.26779e+06,11455.8,11987.7,460511,390747,984110,1.03074e+06,1.15356e+08,16.1507,7.32337,9.68569,7.07357
0,93,1.53764e+06,4586.68,5398.24,3.3145e+06,4.26835e+06,11452.5,11984.8,460712,390934,984325,1.03094e+06,1.15358e+08,16.1463,7.32173,15.8198,6.69343
0,94,1.53782e+06,4585.63,5397.23,3.31508e+06,4.26893e+06,11449.1,11981.9,460905,391112,984526,1.03112e+06,1.15359e+08,16.1419,7.32008,11.3582,6.90272
0,95,1.53799e+06,4584.61,5396.26,3.31566e+06,4.26951e+06,11445.8,11979,461089,391283,984712,1.03129e+06,1.1536e+08,16.1374,7.31844,12.105,9.64959
0,96,1.53816e+06,4583.64,5395.34,3.31625e+06,4.2701e+06,11442.6,11976.3,461265,391446,984884,1.03145e+06,1.15362e+08,16.1332,7.31687,14.6846,9.05431
0,97,1.53833e+06,4582.75,5394.5,3.31684e+06,4.2707e+06,11439.7,11973.8,461434,391602,985043,1.0316e+06,1.15363e+08,16.1292,7.31539,18.9199,7.27559
0,98,1.53849e+06,4581.97,5393.78,3.31744e+06,4.2713e+06,11437,11971.5,461595,391750,985190,1.03174e+06,1.15364e+08,16.1255,7.31405,14.2146,10.9925
0,99,1.53866e+06,4581.31,5393.18,3.31804e+06,4.27191e+06,11434.6,11969.6,461750,391893,985326,1.03187e+06,1.15365e+08,16.1222,7.31288,13.0458,4.8076
0,100,1.53882e+06,4580.79,5392.74,3.31865e+06,4.27252e+06,11432.7,11968,461899,392030,985452,1.03199e+06,1.15366e+08,16.1194,7.31191,20.2594,8.56723
0,101,1.53898e+06,4580.45,5392.47,3.31926e+06,4.27314e+06,11431.1,11966.8,462043,392161,985570,1.0321e+06,1.15367e+08,16.1172,7.31117,16.9423,8.35041
0,102,1.53913e+06,4580.28,5392.38,3.31987e+06,4.27377e+06,11430.1,11966,462182,392288,985681,1.03221e+06,1.15368e+08,16.1157,7.31068,20.4742,5.8695
0,103,1.53928e+06,4580.31,5392.49,3.32049e+06,4.27439e+06,11429.6,11965.7,462317,392411,985787,1.03231e+06,1.15369e+08,16.1148,7.31046,9.29353,1.21209
0,104,1.53942e+06,4580.53,5392.81,3.32111e+06,4.27502e+06,11429.6,11965.9,462448,392531,985889,1.03241e+06,1.1537e+08,16.1147,7.31053,13.2297,7.60328
0,105,1.53955e+06,4580.97,5393.33,3.32173e+06,4.27565e+06,11430.2,11966.6,462576,392648,985989,1.0325e+06,1.15371e+08,16.1153,7.3109,16.1153,5.8974
0,106,1.53967e+06,4581.62,5394.07,3.32235e+06,4.27629e+06,11431.3,11967.9,462703,392762,986087,1.0326e+06,1.15372e+08,16.1167,7.31158,16.1167,9.229
0,107,1.53979e+06,4582.47,5395.01,3.32297e+06,4.27692e+06,11433.1,11969.6,462827,392876,986187,1.0327e+06,1.15373e+08,16.1189,7.31256,14.5576,4.04771
0,108,1.53989e+06,4583.53,5396.16,3.32359e+06,4.27755e+06,11435.4,11971.9,462951,392988,986289,1.0328e+06,1.15374e+08,16.1219,7.31385,18.3694,10.095
0,109,1.53998e+06,4584.78,5397.5,3.32421e+06,4.27818e+06,11438.3,11974.7,463074,393100,986394,1.0329e+06,1.15375e+08,16.1257,7.31544,15.084,12.1658
0,110,1.54006e+06,4586.22,5399.02,3.32483e+06,4.27881e+06,11441.7,11977.9,463197,393212,986505,1.03301e+06,1.15376e+08,16.1302,7.31731,16.6685,5.85862
0,111,1.54013e+06,4587.83,5400.7,3.32545e+06,4.27944e+06,11445.6,11981.6,463320,393325,986621,1.03312e+06,1.15377e+08,16.1355,7.31946,15.1341,6.71099
0,112,1.54018e+06,4589.59,5402.53,3.32606e+06,4.28007e+06,11449.9,11985.8,463445,393439,986745,1.03324e+06,1.15378e+08,16.1413,7.32185,15.2483,8.1123
0,113,1.54022e+06,4591.48,5404.49,3.32668e+06,4.28069e+06,11454.7,11990.3,463570,393553,986876,1.03337e+06,1.15379e+08,16.1478,7.32446,13.8006,11.2597
0,114,1.54024e+06,4593.48,5406.55,3.32729e+06,4.28131e+06,11459.9,11995.1,463697,393670,987017,1.0335e+06,1.15379e+08,16.1548,7.32727,14.5266,10.9619
0,115,1.54025e+06,4595.56,5408.69,3.3279e+06,4.28193e+06,11465.4,12000.2,463826,393788,987167,1.03365e+06,1.1538e+08,16.1622,7.33024,16.1928,6.25802
0,116,1.54024e+06,4597.71,5410.88,3.3285e+06,4.28254e+06,11471.1,12005.5,463956,393909,987327,1.0338e+06,1.15381e+08,16.17,7.33334,15.6628,3.95963
0,117,1.54021e+06,4599.88,5413.09,3.3291e+06,4.28315e+06,11477,12010.9,464088,394031,987497,1.03397e+06,1.15382e+08,16.178,7.33653,17.3391,5.31985
0,118,1.54017e+06,4602.06,5415.29,3.3297e+06,4.28376e+06,11483,12016.4,464222,394155,987678,1.03414e+06,1.15383e+08,16.1862,7.33978,16.2286,5.17919
0,119,1.54011e+06,4604.21,5417.45,3.3303e+06,4.28436e+06,11489.1,12022,464357,394281,987868,1.03432e+06,1.15384e+08,16.1944,7.34304,17.367,10.4155
0,120,1.54004e+06,4606.3,5419.55,3.33089e+06,4.28496e+06,11495.1,12027.5,464494,394409,988069,1.03451e+06,1.15385e+08,16.2027,7.34627,20.7884,5.9035
0,121,1.53995e+06,4608.31,5421.54,3.33148e+06,4.28555e+06,11501,12032.9,464632,394538,988279,1.03471e+06,1.15386e+08,16.2107,7.34943,20.0273,8.83721
0,122,1.53985e+06,4610.2,5423.42,3.33207e+06,4.28614e+06,11506.7,12038.1,464771,394668,988497,1.03491e+06,1.15387e+08,16.2185,7.35249,11.5529,7.58576
0,123,1.53973e+06,4611.95,5425.14,3.33266e+06,4.28673e+06,11512.2,12043.1,464911,394799,988723,1.03513e+06,1.15388e+08,16.226,7.3554,15.7586,6.32925
0,124,1.5396e+06,4613.54,5426.68,3.33324e+06,4.28731e+06,11517.3,12047.8,465050,394931,988957,1.03535e+06,1.15389e+08,16.233,7.35813,14.088,3.83503
0,125,1.53945e+06,4614.93,5428.02,3.33383e+06,4.28789e+06,11522,12052.2,465189,395062,989196,1.03557e+06,1.1539e+08,16.2395,7.36064,10.7227,7.77343
0,126,1.5393e+06,4616.12,5429.14,3.33441e+06,4.28847e+06,11526.3,12056.1,465327,395193,989439,1.0358e+06,1.15392e+08,16.2454,7.36289,16.9007,6.46321
0,127,1.53913e+06,4617.07,5430.02,3.33499e+06,4.28905e+06,11530.1,12059.5,465463,395323,989686,1.03603e+06,1.15393e+08,16.2505,7.36487,17.9898,9.94404
0,128,1.53895e+06,4617.78,5430.64,3.33557e+06,4.28963e+06,11533.4,12062.5,465597,395451,989934,1.03626e+06,1.15394e+08,16.2549,7.36655,18.7036,5.2481
0,129,1.53876e+06,4618.22,5431,3.33615e+06,4.29021e+06,11536.1,12065,465729,395576,990182,1.03649e+06,1.15396e+08,16.2585,7.3679,13.8848,8.44315
0,130,1.53857e+06,4618.4,5431.08,3.33673e+06,4.29079e+06,11538.1,12066.9,465857,395699,990430,1.03672e+06,1.15398e+08,16.2612,7.3689,13.9804,12.9439
0,131,1.53837e+06,4618.3,5430.87,3.33731e+06,4.29137e+06,11539.6,12068.2,465981,395818,990674,1.03695e+06,1.15399e+08,16.263,7.36956,18.2898,3.95208
0,132,1.53816e+06,4617.93,5430.39,3.3379e+06,4.29195e+06,11540.4,12068.9,466101,395933,990914,1.03718e+06,1.15401e+08,16.2639,7.36985,17.1409,6.55254
0,133,1.53795e+06,4617.28,5429.62,3.33848e+06,4.29253e+06,11540.5,12069.1,466215,396043,991148,1.03739e+06,1.15403e+08,16.2638,7.36977,20.9086,7.26623
0,134,1.53774e+06,4616.36,5428.58,3.33907e+06,4.29311e+06,11540,12068.7,466323,396148,991374,1.03761e+06,1.15405e+08,16.2628,7.36933,19.8482,7.90264
0,135,1.53752e+06,4615.18,5427.28,3.33966e+06,4.2937e+06,11538.8,12067.7,466426,396246,991591,1.03781e+06,1.15407e+08,16.2609,7.36854,18.4415,0.549135
0,136,1.53731e+06,4613.75,5425.73,3.34025e+06,4.29429e+06,11537.1,12066.1,466521,396339,991798,1.038e+06,1.15409e+08,16.2582,7.36741,16.8109,6.69897
0,137,1.53709e+06,4612.09,5423.94,3.34084e+06,4.29489e+06,11534.8,12064.1,466609,396425,991994,1.03819e+06,1.15411e+08,16.2546,7.36596,18.7457,7.9522
0,138,1.53687e+06,4610.21,5421.94,3.34144e+06,4.29548e+06,11531.9,12061.6,466690,396504,992177,1.03836e+06,1.15413e+08,16.2502,7.3642,20.8821,3.22314
0,139,1.53666e+06,4608.14,5419.75,3.34204e+06,4.29609e+06,11528.6,12058.7,466763,396575,992346,1.03852e+06,1.15416e+08,16.245,7.36217,21.1296,8.54695
0,140,1.53645e+06,4605.89,5417.39,3.34265e+06,4.2967e+06,11524.8,12055.3,466828,396638,992501,1.03867e+06,1.15418e+08,16.2393,7.35989,12.7512,4.74667
0,141,1.53624e+06,4603.5,5414.89,3.34326e+06,4.29731e+06,11520.6,12051.7,466885,396694,992642,1.0388e+06,1.15421e+08,16.2329,7.3574,14.8314,7.39955
0,142,1.53603e+06,4601,5412.27,3.34387e+06,4.29793e+06,11516.2,12047.8,466933,396741,992766,1.03892e+06,1.15423e+08,16.2261,7.35473,17.1778,6.17448
0,143,1.53583e+06,4598.4,5409.57,3.34448e+06,4.29855e+06,11511.5,12043.7,466973,396781,992876,1.03902e+06,1.15426e+08,16.219,7.35191,21.4122,8.03331
0,144,1.53563e+06,4595.75,5406.82,3.3451e+06,4.29918e+06,11506.6,12039.4,467005,396812,992969,1.03912e+06,1.15429e+08,16.2115,7.349,16.5976,10.6408
0,145,1.53544e+06,4593.07,5404.04,3.34573e+06,4.29981e+06,11501.6,12035.1,467028,396836,993047,1.03919e+06,1.15432e+08,16.2038,7.34602,20.7228,7.40448
0,146,1.53525e+06,4590.38,5401.27,3.34635e+06,4.30045e+06,11496.6,12030.7,467044,396852,993110,1.03926e+06,1.15434e+08,16.1961,7.34302,19.0621,4.83843
0,147,1.53506e+06,4587.73,5398.53,3.34698e+06,4.30109e+06,11491.7,12026.5,467052,396861,993158,1.03931e+06,1.15437e+08,16.1884,7.34004,17.3636,9.82219
0,148,1.53488e+06,4585.13,5395.86,3.34761e+06,4.30174e+06,11486.9,12022.3,467053,396863,993192,1.03935e+06,1.1544e+08,16.1809,7.33712,10.535,7.55357
0,149,1.5347e+06,4582.62,5393.28,3.34824e+06,4.30239e+06,11482.3,12018.3,467047,396858,993213,1.03937e+06,1.15443e+08,16.1736,7.3343,19.9478,7.96376
0,150,1.53452e+06,4580.22,5390.82,3.34888e+06,4.30304e+06,11478,12014.6,467034,396846,993222,1.03939e+06,1.15447e+08,16.1666,7.33161,12.2371,10.1827
0,151,1.53435e+06,4577.95,5388.49,3.34952e+06,4.3037e+06,11473.9,12011.2,467016,396829,993219,1.0394e+06,1.1545e+08,16.16,7.3291,16.6293,4.58699
0,152,1.53417e+06,4575.84,5386.33,3.35015e+06,4.30435e+06,11470.3,12008.1,466993,396807,993207,1.0394e+06,1.15453e+08,16.154,7.32678,17.6355,10.5898
0,153,1.534e+06,4573.9,5384.35,3.35079e+06,4.30501e+06,11467.1,12005.4,466965,396781,993186,1.03939e+06,1.15456e+08,16.1485,7.3247,11.3389,5.66767
0,154,1.53383e+06,4572.15,5382.56,3.35143e+06,4.30567e+06,11464.4,12003.2,466933,396750,993158,1.03937e+06,1.15459e+08,16.1436,7.32287,15.0822,10.1112
0,155,1.53365e+06,4570.6,5380.99,3.35206e+06,4.30633e+06,11462.2,12001.4,466897,396716,993124,1.03935e+06,1.15463e+08,16.1395,7.32132,11.3291,7.63443
0,156,1.53347e+06,4569.27,5379.62,3.3527e+06,4.30699e+06,11460.5,12000.2,466859,396679,993087,1.03933e+06,1.15466e+08,16.1361,7.32006,15.155,6.28651
0,157,1.53329e+06,4568.15,5378.48,3.35333e+06,4.30764e+06,11459.4,11999.4,466818,396640,993047,1.0393e+06,1.15469e+08,16.1335,7.3191,13.8299,6.21225
0,158,1.5331e+06,4567.25,5377.56,3.35396e+06,4.3083e+06,11458.9,11999.2,466776,396600,993005,1.03927e+06,1.15473e+08,16.1317,7.31846,18.8431,9.7495
0,159,1.53291e+06,4566.58,5376.86,3.35459e+06,4.30895e+06,11459,11999.5,466733,396559,992965,1.03925e+06,1.15476e+08,16.1306,7.31814,13.4732,9.50598
0,160,1.53271e+06,4566.12,5376.38,3.35521e+06,4.3096e+06,11459.7,12000.3,466690,396517,992927,1.03922e+06,1.15479e+08,16.1305,7.31813,18.4581,6.31176
0,161,1.5325e+06,4565.87,5376.11,3.35583e+06,4.31024e+06,11460.9,12001.6,466648,396476,992892,1.0392e+06,1.15483e+08,16.1311,7.31842,16.0526,3.69195
0,162,1.53228e+06,4565.82,5376.04,3.35645e+06,4.31088e+06,11462.7,12003.5,466606,396436,992862,1.03919e+06,1.15486e+08,16.1324,7.31902,15.0849,11.063
0,163,1.53206e+06,4565.95,5376.14,3.35706e+06,4.31152e+06,11465,12005.7,466565,396397,992838,1.03918e+06,1.1549e+08,16.1345,7.31989,16.4986,8.12073
0,164,1.53182e+06,4566.25,5376.41,3.35766e+06,4.31215e+06,11467.7,12008.5,466526,396359,992822,1.03918e+06,1.15493e+08,16.1373,7.32102,17.8817,9.04879
0,165,1.53158e+06,4566.7,5376.83,3.35826e+06,4.31277e+06,11471,12011.5,466489,396324,992813,1.03918e+06,1.15496e+08,16.1407,7.32239,17.6715,4.32575
0,166,1.53132e+06,4567.27,5377.36,3.35886e+06,4.31339e+06,11474.6,12015,466454,396291,992814,1.03919e+06,1.155e+08,16.1446,7.32397,16.6953,5.08012
0,167,1.53105e+06,4567.95,5377.99,3.35945e+06,4.314e+06,11478.5,12018.7,466422,396261,992824,1.03921e+06,1.15503e+08,16.1491,7.32573,12.5579,5.06987
0,168,1.53077e+06,4568.7,5378.69,3.36003e+06,4.31461e+06,11482.7,12022.7,466392,396233,992844,1.03924e+06,1.15506e+08,16.1539,7.32763,18.5206,8.37801
0,169,1.53048e+06,4569.51,5379.43,3.36061e+06,4.3152e+06,11487.1,12026.8,466366,396208,992875,1.03928e+06,1.15509e+08,16.159,7.32963,18.1154,9.23019
0,170,1.53017e+06,4570.33,5380.19,3.36118e+06,4.31579e+06,11491.6,12031,466341,396186,992916,1.03933e+06,1.15512e+08,16.1643,7.33171,16.018,11.0744
0,171,1.52985e+06,4571.15,5380.93,3.36175e+06,4.31638e+06,11496.2,12035.3,466320,396167,992968,1.03939e+06,1.15516e+08,16.1697,7.33382,19.3026,7.90492
0,172,1.52953e+06,4571.93,5381.62,3.3623e+06,4.31695e+06,11500.8,12039.5,466301,396150,993030,1.03946e+06,1.15519e+08,16.1752,7.33592,15.9226,11.9837
0,173,1.52918e+06,4572.65,5382.25,3.36286e+06,4.31752e+06,11505.3,12043.7,466284,396136,993102,1.03954e+06,1.15522e+08,16.1805,7.33798,22.5777,10.7308
0,174,1.52883e+06,4573.28,5382.77,3.36341e+06,4.31808e+06,11509.6,12047.7,466269,396124,993183,1.03962e+06,1.15525e+08,16.1856,7.33994,17.1975,5.71586
0,175,1.52847e+06,4573.8,5383.17,3.36395e+06,4.31864e+06,11513.7,12051.5,466256,396114,993272,1.03972e+06,1.15528e+08,16.1905,7.34178,15.3951,5.03017
0,176,1.52809e+06,4574.17,5383.41,3.36449e+06,4.31919e+06,11517.5,12055,466244,396105,993369,1.03982e+06,1.15531e+08,16.1949,7.34346,13.681,4.54231
0,177,1.52771e+06,4574.37,5383.48,3.36502e+06,4.31974e+06,11521,12058.2,466233,396097,993472,1.03992e+06,1.15534e+08,16.1989,7.34494,17.1931,4.82104
0,178,1.52732e+06,4574.39,5383.35,3.36555e+06,4.32028e+06,11524,12061,466221,396090,993581,1.04003e+06,1.15537e+08,16.2022,7.34619,9.28272,5.32981
0,179,1.52692e+06,4574.21,5383.01,3.36608e+06,4.32081e+06,11526.6,12063.4,466210,396082,993693,1.04014e+06,1.1554e+08,16.205,7.34718,19.7418,12.0761
0,180,1.52651e+06,4573.8,5382.44,3.3666e+06,4.32135e+06,11528.6,12065.3,466198,396074,993808,1.04026e+06,1.15542e+08,16.207,7.34789,15.6834,8.30468
0,181,1.5261e+06,4573.16,5381.64,3.36712e+06,4.32188e+06,11530.1,12066.7,466184,396065,993924,1.04037e+06,1.15545e+08,16.2083,7.3483,18.8159,12.8867
0,182,1.52568e+06,4572.28,5380.58,3.36764e+06,4.3224e+06,11531.1,12067.6,466168,396054,994040,1.04049e+06,1.15548e+08,16.2088,7.34839,20.2407,7.11403
0,183,1.52527e+06,4571.15,5379.27,3.36815e+06,4.32293e+06,11531.4,12067.9,466150,396041,994154,1.0406e+06,1.15551e+08,16.2084,7.34814,19.6612,10.8584
0,184,1.52484e+06,4569.78,5377.71,3.36866e+06,4.32345e+06,11531.1,12067.7,466129,396025,994264,1.04071e+06,1.15553e+08,16.2071,7.34756,11.7189,8.60714
0,185,1.52442e+06,4568.15,5375.9,3.36918e+06,4.32397e+06,11530.2,12066.9,466103,396006,994369,1.04082e+06,1.15556e+08,16.205,7.34663,21.7519,4.15667
0,186,1.524e+06,4566.29,5373.84,3.36969e+06,4.32449e+06,11528.6,12065.5,466074,395983,994469,1.04092e+06,1.15558e+08,16.202,7.34536,17.9766,4.57128
0,187,1.52358e+06,4564.18,5371.55,3.3702e+06,4.32502e+06,11526.5,12063.6,466040,395955,994560,1.04101e+06,1.15561e+08,16.1982,7.34376,16.0734,5.12673
0,188,1.52316e+06,4561.86,5369.03,3.37071e+06,4.32554e+06,11523.8,12061.2,466000,395922,994642,1.04109e+06,1.15563e+08,16.1935,7.34184,10.9243,1.57196
0,189,1.52275e+06,4559.32,5366.3,3.37122e+06,4.32606e+06,11520.5,12058.3,465955,395884,994714,1.04117e+06,1.15566e+08,16.188,7.33962,10.4302,5.16447
0,190,1.52234e+06,4556.6,5363.38,3.37173e+06,4.32658e+06,11516.7,12055,465904,395840,994775,1.04123e+06,1.15568e+08,16.1818,7.33711,16.3212,6.82534
0,191,1.52193e+06,4553.7,5360.3,3.37225e+06,4.32711e+06,11512.5,12051.2,465846,395791,994823,1.04128e+06,1.15571e+08,16.1749,7.33435,15.8335,0.845622
0,192,1.52153e+06,4550.66,5357.07,3.37276e+06,4.32764e+06,11507.8,12047.1,465783,395735,994859,1.04132e+06,1.15573e+08,16.1675,7.33135,13.6907,5.65247
0,193,1.52114e+06,4547.49,5353.72,3.37327e+06,4.32817e+06,11502.8,12042.6,465712,395673,994881,1.04135e+06,1.15575e+08,16.1595,7.32815,22.3786,7.85917
0,194,1.52075e+06,4544.22,5350.28,3.37379e+06,4.3287e+06,11497.5,12037.9,465635,395604,994889,1.04137e+06,1.15578e+08,16.151,7.32479,14.0504,12.607
0,195,1.52037e+06,4540.89,5346.78,3.37431e+06,4.32924e+06,11492,12033,465551,395529,994882,1.04137e+06,1.1558e+08,16.1423,7.32131,13.9074,5.03862
0,196,1.52e+06,4537.51,5343.24,3.37482e+06,4.32977e+06,11486.3,12028,465461,395447,994861,1.04136e+06,1.15582e+08,16.1332,7.31773,13.2132,8.04763
0,197,1.51963e+06,4534.13,5339.69,3.37534e+06,4.33031e+06,11480.6,12022.9,465364,395359,994826,1.04134e+06,1.15584e+08,16.1241,7.31411,17.4882,8.57839
0,198,1.51927e+06,4530.76,5336.17,3.37586e+06,4.33085e+06,11474.8,12017.8,465261,395265,994777,1.0413e+06,1.15586e+08,16.1148,7.31047,9.89099,11.7651
0,199,1.51892e+06,4527.43,5332.71,3.37638e+06,4.3314e+06,11469.1,12012.8,465152,395165,994715,1.04125e+06,1.15588e+08,16.1057,7.30687,17.9159,3.97814
0,200,1.51857e+06,4524.18,5329.32,3.3769e+06,4.33194e+06,11463.5,12007.9,465037,395059,994640,1.04119e+06,1.1559e+08,16.0967,7.30334,19.7139,10.4321
0,201,1.51823e+06,4521.03,5326.04,3.37742e+06,4.33249e+06,11458.2,12003.2,464917,394949,994553,1.04112e+06,1.15592e+08,16.088,7.29991,21.4076,6.57248
0,202,1.5179e+06,4518,5322.9,3.37794e+06,4.33303e+06,11453.1,11998.8,464792,394833,994455,1.04105e+06,1.15594e+08,16.0796,7.29663,11.103,5.75492
0,203,1.51757e+06,4515.12,5319.91,3.37845e+06,4.33358e+06,11448.3,11994.6,464663,394714,994347,1.04096e+06,1.15596e+08,16.0717,7.29354,13.0313,9.13093
0,204,1.51724e+06,4512.41,5317.09,3.37897e+06,4.33413e+06,11444,11990.9,464531,394591,994231,1.04086e+06,1.15598e+08,16.0643,7.29065,13.837,9.60176
0,205,1.51692e+06,4509.89,5314.47,3.37948e+06,4.33467e+06,11440.1,11987.5,464395,394464,994107,1.04076e+06,1.156e+08,16.0575,7.288,15.6337,9.82801
0,206,1.5166e+06,4507.57,5312.06,3.38e+06,4.33521e+06,11436.7,11984.6,464257,394335,993978,1.04065e+06,1.15602e+08,16.0514,7.28562,14.3683,5.77637
0,207,1.51628e+06,4505.46,5309.87,3.3805e+06,4.33575e+06,11433.8,11982.2,464117,394205,993844,1.04054e+06,1.15603e+08,16.046,7.28352,15.5663,8.1266
0,208,1.51596e+06,4503.58,5307.91,3.38101e+06,4.33629e+06,11431.5,11980.2,463975,394073,993708,1.04043e+06,1.15605e+08,16.0413,7.28173,14.164,8.47439
0,209,1.51564e+06,4501.93,5306.18,3.38151e+06,4.33682e+06,11429.7,11978.8,463834,393940,993570,1.04031e+06,1.15607e+08,16.0375,7.28025,19.4703,8.56775
0,210,1.51532e+06,4500.51,5304.69,3.38201e+06,4.33735e+06,11428.6,11978,463692,393807,993432,1.0402e+06,1.15608e+08,16.0345,7.2791,18.8435,8.46113
0,211,1.515e+06,4499.32,5303.44,3.3825e+06,4.33788e+06,11428,11977.7,463551,393675,993297,1.04009e+06,1.1561e+08,16.0323,7.27827,18.1436,10.1746
0,212,1.51467e+06,4498.37,5302.42,3.38299e+06,4.3384e+06,11428,11977.9,463411,393544,993164,1.03998e+06,1.15611e+08,16.031,7.27777,13.5556,11.6576
0,213,1.51434e+06,4497.63,5301.62,3.38347e+06,4.33891e+06,11428.7,11978.6,463273,393415,993037,1.03987e+06,1.15612e+08,16.0305,7.27758,14.0462,6.93587
0,214,1.51401e+06,4497.11,5301.03,3.38394e+06,4.33942e+06,11429.9,11979.8,463137,393288,992915,1.03977e+06,1.15614e+08,16.0308,7.27771,12.5029,3.40715
0,215,1.51366e+06,4496.78,5300.64,3.38441e+06,4.33992e+06,11431.6,11981.5,463004,393164,992801,1.03968e+06,1.15615e+08,16.0318,7.27812,15.8132,8.9603
0,216,1.51331e+06,4496.64,5300.42,3.38487e+06,4.34041e+06,11433.8,11983.7,462874,393042,992695,1.0396e+06,1.15616e+08,16.0336,7.27881,15.4021,4.87634
0,217,1.51295e+06,4496.65,5300.37,3.38532e+06,4.34089e+06,11436.5,11986.2,462748,392924,992599,1.03952e+06,1.15617e+08,16.036,7.27975,14.998,8.38354
0,218,1.51258e+06,4496.81,5300.45,3.38577e+06,4.34137e+06,11439.5,11989.2,462625,392810,992512,1.03945e+06,1.15618e+08,16.0389,7.2809,16.0389,7.96591
0,219,1.51221e+06,4497.08,5300.64,3.38621e+06,4.34184e+06,11443,11992.4,462506,392700,992437,1.03939e+06,1.15619e+08,16.0424,7.28225,16.0424,9.72804
0,220,1.51182e+06,4497.44,5300.92,3.38664e+06,4.34229e+06,11446.7,11995.8,462392,392594,992373,1.03935e+06,1.1562e+08,16.0464,7.28376,16.0464,9.47395
0,221,1.51143e+06,4497.87,5301.26,3.38706e+06,4.34274e+06,11450.6,11999.5,462282,392492,992321,1.03931e+06,1.1562e+08,16.0506,7.28539,15.7568,5.62126
0,222,1.51102e+06,4498.34,5301.63,3.38748e+06,4.34318e+06,11454.7,12003.2,462175,392394,992281,1.03929e+06,1.15621e+08,16.0551,7.28711,16.0551,5.57181
0,223,1.5106e+06,4498.82,5302,3.38789e+06,4.34361e+06,11458.9,12007.1,462073,392300,992252,1.03927e+06,1.15622e+08,16.0597,7.28887,16.405,7.19567
0,224,1.51018e+06,4499.27,5302.34,3.38829e+06,4.34404e+06,11463,12010.9,461975,392210,992235,1.03927e+06,1.15622e+08,16.0644,7.29063,16.7349,7.78412
0,225,1.50974e+06,4499.68,5302.62,3.38868e+06,4.34445e+06,11467.2,12014.7,461881,392124,992229,1.03927e+06,1.15623e+08,16.069,7.29237,13.0202,7.46686
0,226,1.5093e+06,4500.02,5302.82,3.38907e+06,4.34486e+06,11471.1,12018.3,461790,392042,992234,1.03928e+06,1.15623e+08,16.0735,7.29403,13.9231,8.07262
0,227,1.50885e+06,4500.25,5302.91,3.38945e+06,4.34526e+06,11474.9,12021.7,461702,391963,992248,1.03931e+06,1.15623e+08,16.0777,7.29558,18.2567,9.1808
0,228,1.50839e+06,4500.36,5302.87,3.38982e+06,4.34565e+06,11478.4,12024.9,461616,391886,992271,1.03934e+06,1.15624e+08,16.0815,7.29698,12.4465,4.31633
0,229,1.50792e+06,4500.31,5302.67,3.39019e+06,4.34603e+06,11481.5,12027.7,461533,391812,992302,1.03937e+06,1.15624e+08,16.0849,7.2982,21.4407,5.54468
0,230,1.50744e+06,4500.1,5302.28,3.39055e+06,4.34641e+06,11484.3,12030.2,461452,391739,992340,1.03942e+06,1.15624e+08,16.0877,7.2992,17.906,6.2979
0,231,1.50696e+06,4499.69,5301.7,3.3909e+06,4.34678e+06,11486.6,12032.3,461372,391668,992383,1.03946e+06,1.15624e+08,16.09,7.29996,11.0227,5.80136
0,232,1.50647e+06,4499.08,5300.91,3.39125e+06,4.34714e+06,11488.4,12033.9,461292,391598,992430,1.03952e+06,1.15624e+08,16.0915,7.30045,16.6522,8.51
0,233,1.50598e+06,4498.26,5299.89,3.3916e+06,4.3475e+06,11489.7,12035,461212,391528,992480,1.03957e+06,1.15624e+08,16.0924,7.30064,22.872,7.09926
0,234,1.50549e+06,4497.2,5298.63,3.39194e+06,4.34786e+06,11490.4,12035.6,461132,391458,992530,1.03962e+06,1.15624e+08,16.0924,7.30053,19.1163,4.99869
0,235,1.505e+06,4495.91,5297.14,3.39228e+06,4.34821e+06,11490.5,12035.7,461050,391386,992580,1.03967e+06,1.15623e+08,16.0916,7.30009,14.2229,3.90231
0,236,1.5045e+06,4494.38,5295.4,3.39262e+06,4.34856e+06,11490,12035.2,460967,391313,992628,1.03972e+06,1.15623e+08,16.09,7.29933,19.191,17.1967
0,237,1.504e+06,4492.61,5293.42,3.39295e+06,4.3489e+06,11488.9,12034.2,460881,391238,992672,1.03977e+06,1.15623e+08,16.0876,7.29823,24.9604,6.17383
0,238,1.50351e+06,4490.61,5291.21,3.39329e+06,4.34925e+06,11487.2,12032.6,460793,391161,992711,1.03981e+06,1.15622e+08,16.0843,7.29679,14.0477,6.83891
0,239,1.50302e+06,4488.38,5288.76,3.39362e+06,4.34959e+06,11484.9,12030.5,460701,391080,992744,1.03985e+06,1.15622e+08,16.0801,7.29503,25.5961,4.93358
0,240,1.50253e+06,4485.93,5286.1,3.39395e+06,4.34993e+06,11482,12027.9,460605,390995,992769,1.03988e+06,1.15622e+08,16.0751,7.29295,17.5628,7.65636
0,241,1.50205e+06,4483.28,5283.24,3.39427e+06,4.35028e+06,11478.5,12024.7,460505,390907,992786,1.0399e+06,1.15621e+08,16.0694,7.29057,20.4553,3.66233
0,242,1.50157e+06,4480.45,5280.19,3.3946e+06,4.35062e+06,11474.6,12021.2,460400,390814,992791,1.03991e+06,1.15621e+08,16.0629,7.28791,17.978,5.13436
0,243,1.50109e+06,4477.45,5276.98,3.39493e+06,4.35096e+06,11470.2,12017.1,460291,390716,992786,1.03991e+06,1.1562e+08,16.0557,7.28499,16.1232,8.58405
0,244,1.50063e+06,4474.3,5273.62,3.39526e+06,4.3513e+06,11465.3,12012.8,460176,390613,992769,1.0399e+06,1.1562e+08,16.048,7.28184,18.7948,5.01047
0,245,1.50017e+06,4471.03,5270.15,3.39559e+06,4.35165e+06,11460.1,12008.1,460055,390505,992740,1.03988e+06,1.15619e+08,16.0397,7.27849,7.43746,9.34925
0,246,1.49971e+06,4467.66,5266.58,3.39591e+06,4.35199e+06,11454.6,12003.1,459929,390391,992698,1.03984e+06,1.15619e+08,16.031,7.27498,17.542,7.30023
0,247,1.49927e+06,4464.22,5262.95,3.39624e+06,4.35234e+06,11448.9,11998,459798,390272,992642,1.0398e+06,1.15618e+08,16.0219,7.27133,22.5999,8.81301
0,248,1.49883e+06,4460.74,5259.28,3.39657e+06,4.35269e+06,11443,11992.7,459661,390148,992573,1.03974e+06,1.15618e+08,16.0125,7.26759,8.78812,12.4157
0,249,1.49841e+06,4457.25,5255.6,3.3969e+06,4.35304e+06,11437,11987.3,459518,390018,992490,1.03967e+06,1.15617e+08,16.003,7.26379,15.7466,2.41974
0,250,1.49798e+06,4453.77,5251.95,3.39723e+06,4.35339e+06,11431,11981.9,459370,389883,992394,1.03959e+06,1.15617e+08,15.9935,7.25998,16.3278,6.47694
0,251,1.49757e+06,4450.33,5248.34,3.39755e+06,4.35374e+06,11425.1,11976.6,459218,389744,992286,1.03949e+06,1.15616e+08,15.984,7.25619,15.1818,6.52443
0,252,1.49717e+06,4446.95,5244.81,3.39788e+06,4.35409e+06,11419.2,11971.4,459060,389599,992166,1.03939e+06,1.15615e+08,15.9746,7.25246,14.071,10.3343
0,253,1.49677e+06,4443.68,5241.38,3.39821e+06,4.35444e+06,11413.6,11966.4,458898,389450,992034,1.03927e+06,1.15615e+08,15.9655,7.24884,23.3904,10.34
0,254,1.49638e+06,4440.52,5238.08,3.39853e+06,4.35479e+06,11408.2,11961.6,458733,389298,991892,1.03915e+06,1.15615e+08,15.9567,7.24536,24.9,5.39296
0,255,1.49599e+06,4437.5,5234.93,3.39886e+06,4.35514e+06,11403.1,11957.1,458564,389142,991740,1.03902e+06,1.15614e+08,15.9483,7.24204,16.1511,10.3202
0,256,1.49562e+06,4434.64,5231.95,3.39918e+06,4.35549e+06,11398.4,11952.9,458392,388983,991581,1.03888e+06,1.15614e+08,15.9404,7.23893,16.4783,1.70536
0,257,1.49524e+06,4431.97,5229.16,3.3995e+06,4.35584e+06,11394.2,11949.2,458217,388821,991414,1.03873e+06,1.15613e+08,15.9331,7.23605,13.4551,5.28149
0,258,1.49487e+06,4429.49,5226.57,3.39981e+06,4.35619e+06,11390.4,11945.9,458041,388658,991242,1.03858e+06,1.15613e+08,15.9265,7.23343,19.3178,6.29958
0,259,1.4945e+06,4427.22,5224.19,3.40013e+06,4.35653e+06,11387.1,11943,457864,388493,991066,1.03843e+06,1.15612e+08,15.9205,7.23109,11.0772,2.315
0,260,1.49414e+06,4425.17,5222.04,3.40044e+06,4.35687e+06,11384.4,11940.7,457686,388328,990888,1.03827e+06,1.15612e+08,15.9153,7.22904,22.1519,5.84257
0,261,1.49377e+06,4423.34,5220.12,3.40074e+06,4.35721e+06,11382.2,11938.9,457508,388162,990708,1.03812e+06,1.15612e+08,15.9109,7.2273,7.87047,5.67364
0,262,1.49341e+06,4421.74,5218.43,3.40104e+06,4.35754e+06,11380.7,11937.6,457331,387998,990529,1.03796e+06,1.15611e+08,15.9073,7.22588,12.485,10.505
0,263,1.49304e+06,4420.37,5216.98,3.40134e+06,4.35786e+06,11379.7,11936.8,457155,387834,990352,1.0378e+06,1.15611e+08,15.9045,7.22478,16.6768,7.21647
0,264,1.49268e+06,4419.22,5215.75,3.40163e+06,4.35818e+06,11379.3,11936.5,456980,387671,990178,1.03765e+06,1.15611e+08,15.9026,7.224,14.9178,8.15367
0,265,1.49231e+06,4418.29,5214.74,3.40191e+06,4.3585e+06,11379.4,11936.8,456808,387511,990009,1.03751e+06,1.15611e+08,15.9014,7.22353,15.206,8.47233
0,266,1.49194e+06,4417.57,5213.94,3.40219e+06,4.3588e+06,11380.2,11937.6,456639,387354,989846,1.03737e+06,1.1561e+08,15.901,7.22337,17.1813,10.8172
0,267,1.49156e+06,4417.05,5213.34,3.40246e+06,4.3591e+06,11381.4,11938.8,456473,387199,989690,1.03723e+06,1.1561e+08,15.9014,7.2235,14.3564,5.3847
0,268,1.49118e+06,4416.7,5212.91,3.40273e+06,4.3594e+06,11383.1,11940.5,456310,387048,989543,1.0371e+06,1.1561e+08,15.9025,7.2239,17.1177,7.30833
0,269,1.49079e+06,4416.51,5212.64,3.40298e+06,4.35968e+06,11385.3,11942.6,456152,386901,989406,1.03699e+06,1.1561e+08,15.9042,7.22455,13.9047,9.84684
0,270,1.4904e+06,4416.47,5212.52,3.40323e+06,4.35995e+06,11387.9,11945,455997,386758,989278,1.03688e+06,1.1561e+08,15.9065,7.22541,14.8718,7.74942
0,271,1.49e+06,4416.55,5212.51,3.40347e+06,4.36022e+06,11390.9,11947.7,455847,386619,989161,1.03678e+06,1.1561e+08,15.9093,7.22648,14.3415,7.27249
0,272,1.4896e+06,4416.72,5212.58,3.40371e+06,4.36048e+06,11394.1,11950.7,455702,386484,989056,1.03669e+06,1.1561e+08,15.9125,7.2277,19.9144,5.78056
0,273,1.48918e+06,4416.95,5212.72,3.40393e+06,4.36073e+06,11397.5,11953.9,455561,386354,988962,1.03661e+06,1.1561e+08,15.9161,7.22905,14.5598,8.2045
0,274,1.48876e+06,4417.23,5212.9,3.40415e+06,4.36097e+06,11401.1,11957.2,455425,386229,988881,1.03654e+06,1.1561e+08,15.9199,7.23048,20.4012,3.23936
0,275,1.48834e+06,4417.53,5213.09,3.40436e+06,4.3612e+06,11404.8,11960.6,455293,386108,988810,1.03648e+06,1.15611e+08,15.9239,7.23197,20.3512,9.66121
0,276,1.48791e+06,4417.81,5213.25,3.40456e+06,4.36142e+06,11408.5,11963.9,455166,385991,988752,1.03644e+06,1.15611e+08,15.9279,7.23347,17.6898,7.87559
0,277,1.48747e+06,4418.06,5213.37,3.40476e+06,4.36163e+06,11412.2,11967.3,455042,385879,988705,1.0364e+06,1.15611e+08,15.9318,7.23494,15.476,8.45896
0,278,1.48702e+06,4418.23,5213.41,3.40495e+06,4.36184e+06,11415.7,11970.4,454923,385770,988668,1.03637e+06,1.15612e+08,15.9357,7.23634,19.0527,7.08442
0,279,1.48657e+06,4418.31,5213.35,3.40513e+06,4.36204e+06,11419,11973.4,454807,385665,988641,1.03635e+06,1.15612e+08,15.9392,7.23764,10.4898,5.33553
0,280,1.48612e+06,4418.28,5213.17,3.40531e+06,4.36223e+06,11422,11976.2,454694,385563,988623,1.03634e+06,1.15613e+08,15.9425,7.2388,17.3839,9.74286
0,281,1.48566e+06,4418.11,5212.84,3.40548e+06,4.36241e+06,11424.7,11978.6,454584,385464,988613,1.03634e+06,1.15613e+08,15.9453,7.23978,13.8434,14.4236
0,282,1.4852e+06,4417.77,5212.34,3.40564e+06,4.36259e+06,11427.1,11980.7,454476,385367,988609,1.03634e+06,1.15614e+08,15.9475,7.24056,20.0665,4.49436
0,283,1.48474e+06,4417.26,5211.65,3.4058e+06,4.36276e+06,11428.9,11982.3,454369,385272,988611,1.03635e+06,1.15615e+08,15.9492,7.2411,11.7235,1.74575
0,284,1.48427e+06,4416.55,5210.76,3.40596e+06,4.36292e+06,11430.3,11983.6,454264,385178,988617,1.03636e+06,1.15616e+08,15.9503,7.24138,19.7221,9.17569
0,285,1.48381e+06,4415.63,5209.66,3.40611e+06,4.36308e+06,11431.2,11984.3,454160,385085,988626,1.03637e+06,1.15617e+08,15.9506,7.24137,15.6388,5.52373
0,286,1.48334e+06,4414.5,5208.34,3.40625e+06,4.36324e+06,11431.5,11984.5,454055,384992,988636,1.03638e+06,1.15618e+08,15.9501,7.24106,19.1513,10.8018
0,287,1.48288e+06,4413.14,5206.79,3.4064e+06,4.36339e+06,11431.2,11984.2,453949,384898,988645,1.0364e+06,1.15619e+08,15.9489,7.24044,18.4331,5.97867
0,288,1.48243e+06,4411.56,5205.01,3.40654e+06,4.36354e+06,11430.3,11983.4,453843,384803,988653,1.03641e+06,1.15621e+08,15.9468,7.23949,13.2035,7.78182
0,289,1.48197e+06,4409.75,5203,3.40668e+06,4.36369e+06,11428.8,11982,453735,384707,988657,1.03641e+06,1.15622e+08,15.9439,7.23822,15.869,8.76074
0,290,1.48153e+06,4407.72,5200.76,3.40682e+06,4.36383e+06,11426.7,11980,453624,384609,988656,1.03642e+06,1.15624e+08,15.9401,7.23662,17.1065,2.46684
0,291,1.48109e+06,4405.48,5198.31,3.40695e+06,4.36398e+06,11424,11977.5,453511,384508,988649,1.03641e+06,1.15626e+08,15.9356,7.2347,15.6011,9.12832
0,292,1.48065e+06,4403.03,5195.66,3.40709e+06,4.36412e+06,11420.7,11974.5,453394,384404,988635,1.0364e+06,1.15627e+08,15.9302,7.23248,14.7262,6.22087
0,293,1.48023e+06,4400.39,5192.82,3.40722e+06,4.36427e+06,11416.9,11971.1,453274,384297,988612,1.03638e+06,1.15629e+08,15.924,7.22996,14.5935,6.55092
0,294,1.47982e+06,4397.58,5189.81,3.40736e+06,4.36441e+06,11412.5,11967.1,453150,384185,988578,1.03636e+06,1.15631e+08,15.9172,7.22716,18.0744,9.95928
0,295,1.47942e+06,4394.62,5186.64,3.40749e+06,4.36456e+06,11407.8,11962.8,453021,384070,988534,1.03632e+06,1.15634e+08,15.9097,7.22411,12.6725,6.51981
0,296,1.47902e+06,4391.52,5183.35,3.40763e+06,4.36471e+06,11402.5,11958.1,452888,383950,988479,1.03627e+06,1.15636e+08,15.9016,7.22085,7.28749,3.46481
0,297,1.47865e+06,4388.31,5179.95,3.40776e+06,4.36486e+06,11397,11953,452750,383825,988411,1.03621e+06,1.15638e+08,15.893,7.21738,16.8999,7.16214
0,298,1.47828e+06,4385.01,5176.48,3.4079e+06,4.36501e+06,11391.1,11947.8,452608,383696,988330,1.03614e+06,1.15641e+08,15.884,7.21376,22.4842,5.054
0,299,1.47793e+06,4381.66,5172.95,3.40804e+06,4.36516e+06,11385,11942.3,452460,383562,988236,1.03606e+06,1.15643e+08,15.8746,7.21002,17.2044,4.94311
0,300,1.47758e+06,4378.28,5169.4,3.40817e+06,4.36531e+06,11378.8,11936.7,452308,383424,988129,1.03596e+06,1.15646e+08,15.865,7.20618,12.364,6.66223
0,301,1.47726e+06,4374.9,5165.85,3.40831e+06,4.36547e+06,11372.4,11931,452151,383280,988009,1.03586e+06,1.15649e+08,15.8553,7.2023,21.3923,7.55452
0,302,1.47694e+06,4371.54,5162.34,3.40845e+06,4.36563e+06,11366.1,11925.3,451990,383132,987876,1.03574e+06,1.15652e+08,15.8455,7.19842,14.2923,11.6872
0,303,1.47664e+06,4368.23,5158.89,3.40859e+06,4.36579e+06,11359.8,11919.6,451825,382981,987731,1.03561e+06,1.15655e+08,15.8357,7.19456,13.2114,7.32579
0,304,1.47635e+06,4365,5155.53,3.40873e+06,4.36595e+06,11353.6,11914.1,451655,382825,987573,1.03547e+06,1.15658e+08,15.8261,7.19077,16.3205,13.1638
0,305,1.47608e+06,4361.88,5152.29,3.40887e+06,4.36611e+06,11347.6,11908.8,451483,382665,987405,1.03532e+06,1.15661e+08,15.8168,7.18709,10.3965,13.2529
0,306,1.47581e+06,4358.89,5149.18,3.40901e+06,4.36627e+06,11341.9,11903.7,451307,382503,987226,1.03516e+06,1.15664e+08,15.8078,7.18356,15.1549,7.64541
0,307,1.47556e+06,4356.06,5146.24,3.40915e+06,4.36644e+06,11336.5,11898.9,451128,382337,987039,1.03499e+06,1.15667e+08,15.7993,7.18021,11.655,6.02636
0,308,1.47532e+06,4353.39,5143.49,3.40929e+06,4.3666e+06,11331.5,11894.5,450948,382170,986843,1.03482e+06,1.1567e+08,15.7913,7.17706,12.8421,13.7064
0,309,1.47509e+06,4350.92,5140.93,3.40942e+06,4.36676e+06,11326.9,11890.4,450766,382001,986641,1.03464e+06,1.15674e+08,15.7839,7.17416,16.6521,4.86981
0,310,1.47487e+06,4348.66,5138.59,3.40956e+06,4.36692e+06,11322.8,11886.9,450583,381830,986434,1.03446e+06,1.15677e+08,15.7771,7.17152,14.4318,12.0166
0,311,1.47465e+06,4346.62,5136.49,3.40969e+06,4.36708e+06,11319.2,11883.7,450400,381660,986223,1.03427e+06,1.15681e+08,15.7711,7.16918,14.6653,3.44129
0,312,1.47445e+06,4344.81,5134.62,3.40982e+06,4.36723e+06,11316.2,11881.1,450217,381489,986009,1.03408e+06,1.15684e+08,15.7658,7.16713,16.0036,6.77035
0,313,1.47425e+06,4343.24,5133,3.40994e+06,4.36739e+06,11313.8,11879,450035,381319,985795,1.03389e+06,1.15688e+08,15.7614,7.16541,12.356,7.13258
0,314,1.47405e+06,4341.92,5131.63,3.41006e+06,4.36754e+06,11311.9,11877.5,449854,381151,985582,1.0337e+06,1.15691e+08,15.7578,7.16402,16.3446,8.48252
0,315,1.47386e+06,4340.83,5130.51,3.41018e+06,4.36768e+06,11310.7,11876.5,449676,380984,985371,1.03351e+06,1.15695e+08,15.755,7.16296,17.4347,2.52484
0,316,1.47367e+06,4339.99,5129.63,3.41029e+06,4.36782e+06,11310,11876.1,449500,380820,985163,1.03333e+06,1.15698e+08,15.7531,7.16223,14.5224,5.79037
0,317,1.47349e+06,4339.38,5129,3.4104e+06,4.36796e+06,11310,11876.1,449328,380658,984961,1.03315e+06,1.15702e+08,15.752,7.16183,16.7485,6.3228
0,318,1.4733e+06,4339,5128.59,3.4105e+06,4.36808e+06,11310.5,11876.7,449159,380501,984766,1.03298e+06,1.15706e+08,15.7517,7.16176,17.7602,7.7302
0,319,1.47312e+06,4338.83,5128.4,3.4106e+06,4.36821e+06,11311.6,11877.8,448995,380347,984578,1.03282e+06,1.1571e+08,15.7523,7.16199,20.9976,7.42802
0,320,1.47294e+06,4338.86,5128.41,3.41069e+06,4.36832e+06,11313.1,11879.4,448835,380197,984400,1.03266e+06,1.15713e+08,15.7535,7.16251,15.6424,7.65652
0,321,1.47276e+06,4339.07,5128.6,3.41077e+06,4.36843e+06,11315.2,11881.3,448680,380053,984231,1.03251e+06,1.15717e+08,15.7555,7.1633,16.6892,7.8835
0,322,1.47257e+06,4339.45,5128.96,3.41084e+06,4.36853e+06,11317.7,11883.7,448531,379913,984073,1.03237e+06,1.15721e+08,15.7581,7.16433,17.3407,7.03339
0,323,1.47238e+06,4339.96,5129.45,3.41091e+06,4.36862e+06,11320.6,11886.4,448387,379779,983927,1.03225e+06,1.15724e+08,15.7612,7.16557,11.0242,3.41724
0,324,1.4722e+06,4340.6,5130.06,3.41098e+06,4.36871e+06,11323.8,11889.4,448249,379650,983793,1.03213e+06,1.15728e+08,15.7649,7.167,12.7393,6.45288
0,325,1.472e+06,4341.32,5130.76,3.41103e+06,4.36879e+06,11327.2,11892.5,448117,379527,983671,1.03203e+06,1.15732e+08,15.7689,7.16857,13.2776,7.12119
0,326,1.47181e+06,4342.12,5131.52,3.41108e+06,4.36886e+06,11330.8,11895.9,447990,379409,983562,1.03193e+06,1.15736e+08,15.7732,7.17026,14.4784,9.86774
0,327,1.47161e+06,4342.95,5132.32,3.41113e+06,4.36892e+06,11334.6,11899.3,447869,379297,983466,1.03185e+06,1.15739e+08,15.7778,7.17202,16.1154,8.78333
0,328,1.47141e+06,4343.8,5133.13,3.41116e+06,4.36897e+06,11338.4,11902.8,447754,379191,983382,1.03178e+06,1.15743e+08,15.7824,7.17382,10.9242,0.557819
0,329,1.47121e+06,4344.63,5133.91,3.41119e+06,4.36902e+06,11342.2,11906.3,447644,379089,983311,1.03172e+06,1.15747e+08,15.7871,7.17562,12.1486,6.91979
0,330,1.471e+06,4345.43,5134.65,3.41122e+06,4.36905e+06,11345.8,11909.6,447540,378993,983251,1.03167e+06,1.1575e+08,15.7917,7.17738,20.405,9.82062
0,331,1.4708e+06,4346.16,5135.32,3.41123e+06,4.36908e+06,11349.4,11912.8,447440,378902,983202,1.03164e+06,1.15754e+08,15.7961,7.17906,15.8894,5.97223
0,332,1.47059e+06,4346.8,5135.89,3.41125e+06,4.36911e+06,11352.7,11915.8,447345,378815,983164,1.03161e+06,1.15757e+08,15.8002,7.18063,22.8467,11.6221
0,333,1.47038e+06,4347.32,5136.34,3.41125e+06,4.36913e+06,11355.7,11918.5,447254,378732,983135,1.03158e+06,1.15761e+08,15.804,7.18205,14.03,6.49993
0,334,1.47017e+06,4347.72,5136.66,3.41126e+06,4.36914e+06,11358.4,11920.9,447167,378653,983114,1.03157e+06,1.15765e+08,15.8073,7.18329,18.4684,4.15103
0,335,1.46996e+06,4347.96,5136.81,3.41125e+06,4.36915e+06,11360.6,11923,447083,378577,983099,1.03156e+06,1.15768e+08,15.8101,7.18432,9.17751,5.37944
0,336,1.46975e+06,4348.03,5136.79,3.41125e+06,4.36915e+06,11362.4,11924.6,447002,378504,983091,1.03156e+06,1.15772e+08,15.8124,7.18511,15.9463,10.0775
0,337,1.46954e+06,4347.93,5136.58,3.41124e+06,4.36915e+06,11363.8,11925.7,446922,378433,983087,1.03156e+06,1.15775e+08,15.8139,7.18564,16.8485,4.23601
0,338,1.46934e+06,4347.63,5136.18,3.41123e+06,4.36915e+06,11364.6,11926.4,446844,378363,983085,1.03156e+06,1.15779e+08,15.8148,7.1859,12.374,9.34026
0,339,1.46914e+06,4347.13,5135.57,3.41121e+06,4.36914e+06,11364.8,11926.6,446768,378295,983085,1.03157e+06,1.15782e+08,15.8149,7.18587,10.7294,7.02156
0,340,1.46894e+06,4346.43,5134.76,3.4112e+06,4.36913e+06,11364.5,11926.2,446691,378226,983085,1.03157e+06,1.15786e+08,15.8143,7.18554,15.8126,6.8615
0,341,1.46876e+06,4345.52,5133.74,3.41118e+06,4.36912e+06,11363.6,11925.4,446615,378158,983083,1.03157e+06,1.15789e+08,15.8129,7.18491,16.2034,2.34349
0,342,1.46857e+06,4344.42,5132.52,3.41116e+06,4.36911e+06,11362.2,11924,446538,378090,983078,1.03157e+06,1.15792e+08,15.8107,7.18397,20.0223,10.1993
0,343,1.4684e+06,4343.12,5131.1,3.41115e+06,4.3691e+06,11360.2,11922.1,446460,378020,983069,1.03156e+06,1.15796e+08,15.8077,7.18273,18.5453,6.4795
0,344,1.46824e+06,4341.63,5129.49,3.41113e+06,4.36909e+06,11357.6,11919.8,446380,377948,983054,1.03155e+06,1.15799e+08,15.804,7.18119,8.98573,5.53744
0,345,1.46808e+06,4339.97,5127.71,3.41111e+06,4.36908e+06,11354.5,11916.9,446298,377875,983032,1.03153e+06,1.15802e+08,15.7996,7.17938,22.8479,8.46816
0,346,1.46794e+06,4338.14,5125.78,3.41109e+06,4.36907e+06,11351,11913.7,446214,377799,983003,1.03151e+06,1.15806e+08,15.7945,7.17731,16.9273,8.67208
0,347,1.4678e+06,4336.18,5123.7,3.41108e+06,4.36906e+06,11346.9,11910,446127,377721,982964,1.03148e+06,1.15809e+08,15.7888,7.175,18.6661,5.19055
0,348,1.46768e+06,4334.09,5121.5,3.41107e+06,4.36906e+06,11342.5,11906,446037,377640,982915,1.03143e+06,1.15812e+08,15.7825,7.17247,24.35,10.0427
0,349,1.46757e+06,4331.9,5119.21,3.41105e+06,4.36906e+06,11337.8,11901.6,445944,377555,982856,1.03138e+06,1.15816e+08,15.7757,7.16976,8.298,8.35352
0,350,1.46747e+06,4329.63,5116.85,3.41104e+06,4.36906e+06,11332.7,11897,445848,377468,982787,1.03132e+06,1.15819e+08,15.7685,7.1669,15.5321,7.39431
0,351,1.46739e+06,4327.31,5114.44,3.41103e+06,4.36906e+06,11327.5,11892.3,445748,377377,982705,1.03125e+06,1.15822e+08,15.761,7.16392,11.8892,4.61954
0,352,1.46732e+06,4324.96,5112.01,3.41103e+06,4.36907e+06,11322,11887.3,445645,377282,982613,1.03116e+06,1.15825e+08,15.7533,7.16086,13.138,4.81817
0,353,1.46726e+06,4322.61,5109.58,3.41102e+06,4.36908e+06,11316.5,11882.4,445539,377185,982509,1.03107e+06,1.15829e+08,15.7454,7.15775,16.8267,5.68811
0,354,1.46721e+06,4320.29,5107.2,3.41102e+06,4.36909e+06,11311,11877.4,445430,377084,982394,1.03097e+06,1.15832e+08,15.7375,7.15464,15.6954,13.1424
0,355,1.46718e+06,4318.02,5104.87,3.41102e+06,4.3691e+06,11305.5,11872.5,445318,376981,982268,1.03086e+06,1.15835e+08,15.7297,7.15156,13.872,4.17495
0,356,1.46716e+06,4315.83,5102.63,3.41101e+06,4.36912e+06,11300.2,11867.7,445203,376874,982131,1.03073e+06,1.15838e+08,15.722,7.14854,14.9963,7.5054
0,357,1.46715e+06,4313.75,5100.51,3.41102e+06,4.36914e+06,11295,11863,445087,376766,981986,1.0306e+06,1.15842e+08,15.7145,7.14564,25.2414,8.51952
0,358,1.46715e+06,4311.79,5098.53,3.41102e+06,4.36916e+06,11290.2,11858.7,444968,376655,981831,1.03046e+06,1.15845e+08,15.7074,7.14287,20.5959,7.57873
0,359,1.46716e+06,4309.98,5096.7,3.41102e+06,4.36918e+06,11285.6,11854.6,444848,376543,981669,1.03032e+06,1.15848e+08,15.7008,7.14029,18.7334,8.64816
0,360,1.46718e+06,4308.34,5095.06,3.41102e+06,4.36921e+06,11281.4,11850.8,444727,376429,981501,1.03017e+06,1.15851e+08,15.6946,7.13791,15.3478,12.4383
0,361,1.46721e+06,4306.89,5093.61,3.41102e+06,4.36923e+06,11277.6,11847.5,444606,376315,981327,1.03001e+06,1.15854e+08,15.6891,7.13577,12.1599,1.88886
0,362,1.46725e+06,4305.65,5092.37,3.41102e+06,4.36925e+06,11274.4,11844.6,444484,376201,981149,1.02985e+06,1.15857e+08,15.6842,7.13389,16.861,6.45372
0,363,1.4673e+06,4304.62,5091.37,3.41102e+06,4.36927e+06,11271.6,11842.2,444364,376087,980968,1.02969e+06,1.1586e+08,15.68,7.1323,21.2066,7.5528
0,364,1.46735e+06,4303.82,5090.59,3.41102e+06,4.3693e+06,11269.4,11840.3,444244,375975,980787,1.02953e+06,1.15863e+08,15.6765,7.13101,11.6519,6.89343
0,365,1.46741e+06,4303.25,5090.06,3.41102e+06,4.36932e+06,11267.8,11838.9,444127,375864,980606,1.02937e+06,1.15866e+08,15.6739,7.13004,18.9997,8.34308
0,366,1.46747e+06,4302.92,5089.78,3.41101e+06,4.36933e+06,11266.7,11838,444012,375755,980427,1.02921e+06,1.15869e+08,15.6721,7.12939,16.4616,10.1594
0,367,1.46753e+06,4302.83,5089.74,3.411e+06,4.36935e+06,11266.3,11837.7,443900,375649,980251,1.02905e+06,1.15872e+08,15.6712,7.12907,16.1818,7.32486
0,368,1.4676e+06,4302.98,5089.94,3.41099e+06,4.36936e+06,11266.4,11837.9,443792,375546,980080,1.0289e+06,1.15875e+08,15.671,7.12909,11.5674,8.96002
0,369,1.46766e+06,4303.36,5090.37,3.41097e+06,4.36937e+06,11267.2,11838.7,443687,375446,979915,1.02875e+06,1.15878e+08,15.6718,7.12943,12.1078,10.5554
0,370,1.46773e+06,4303.95,5091.04,3.41095e+06,4.36937e+06,11268.5,11840,443587,375351,979758,1.02861e+06,1.15881e+08,15.6733,7.1301,15.191,9.28022
0,371,1.4678e+06,4304.76,5091.91,3.41093e+06,4.36937e+06,11270.4,11841.8,443492,375261,979609,1.02848e+06,1.15884e+08,15.6756,7.13106,17.2639,9.74163
0,372,1.46786e+06,4305.77,5092.98,3.4109e+06,4.36936e+06,11272.8,11844,443402,375175,979471,1.02836e+06,1.15887e+08,15.6787,7.13232,15.7083,5.52446
0,373,1.46792e+06,4306.95,5094.23,3.41087e+06,4.36934e+06,11275.6,11846.7,443318,375095,979343,1.02825e+06,1.15889e+08,15.6824,7.13384,14.6676,4.22515
0,374,1.46798e+06,4308.29,5095.64,3.41083e+06,4.36932e+06,11278.9,11849.7,443240,375021,979227,1.02815e+06,1.15892e+08,15.6868,7.13561,14.9738,10.6244
0,375,1.46803e+06,4309.77,5097.18,3.41078e+06,4.3693e+06,11282.6,11853.1,443168,374952,979124,1.02805e+06,1.15895e+08,15.6918,7.13759,19.6937,8.61433
0,376,1.46808e+06,4311.37,5098.84,3.41074e+06,4.36927e+06,11286.6,11856.8,443102,374889,979033,1.02798e+06,1.15897e+08,15.6972,7.13976,14.7813,5.69022
0,377,1.46812e+06,4313.06,5100.58,3.41068e+06,4.36923e+06,11290.9,11860.7,443043,374833,978956,1.02791e+06,1.159e+08,15.703,7.14207,15.2651,5.11422
0,378,1.46816e+06,4314.81,5102.38,3.41062e+06,4.36918e+06,11295.4,11864.7,442990,374782,978892,1.02785e+06,1.15902e+08,15.7091,7.1445,17.5431,6.23349
0,379,1.46819e+06,4316.59,5104.22,3.41056e+06,4.36913e+06,11300,11868.9,442943,374738,978842,1.02781e+06,1.15905e+08,15.7155,7.147,14.6644,9.16649
0,380,1.46821e+06,4318.39,5106.05,3.41049e+06,4.36907e+06,11304.6,11873.1,442902,374699,978805,1.02778e+06,1.15907e+08,15.722,7.14954,13.9097,4.70871
0,381,1.46824e+06,4320.17,5107.87,3.41041e+06,4.36901e+06,11309.2,11877.3,442867,374667,978781,1.02776e+06,1.1591e+08,15.7284,7.15208,18.4464,6.09981
0,382,1.46825e+06,4321.9,5109.63,3.41033e+06,4.36894e+06,11313.8,11881.4,442838,374640,978770,1.02776e+06,1.15912e+08,15.7348,7.15459,12.6645,7.99424
0,383,1.46826e+06,4323.57,5111.31,3.41025e+06,4.36886e+06,11318.2,11885.4,442814,374617,978770,1.02776e+06,1.15915e+08,15.7411,7.15701,18.8185,3.30634
0,384,1.46827e+06,4325.14,5112.89,3.41016e+06,4.36878e+06,11322.4,11889.1,442795,374600,978782,1.02777e+06,1.15917e+08,15.747,7.15932,22.4082,5.54865
0,385,1.46827e+06,4326.59,5114.35,3.41007e+06,4.36869e+06,11326.2,11892.6,442781,374587,978803,1.02779e+06,1.15919e+08,15.7526,7.16148,13.0056,10.0466
0,386,1.46827e+06,4327.9,5115.65,3.40998e+06,4.3686e+06,11329.8,11895.7,442770,374578,978834,1.02782e+06,1.15921e+08,15.7577,7.16345,18.0394,5.67342
0,387,1.46826e+06,4329.05,5116.79,3.40988e+06,4.36851e+06,11332.9,11898.5,442763,374573,978872,1.02786e+06,1.15923e+08,15.7623,7.16522,15.1585,3.56149
0,388,1.46826e+06,4330.03,5117.75,3.40978e+06,4.36841e+06,11335.6,11900.9,442759,374570,978916,1.0279e+06,1.15926e+08,15.7663,7.16674,15.2272,10.3557
0,389,1.46825e+06,4330.81,5118.51,3.40968e+06,4.36831e+06,11337.8,11902.8,442757,374570,978966,1.02795e+06,1.15928e+08,15.7697,7.16801,17.0871,11.374
0,390,1.46824e+06,4331.4,5119.06,3.40958e+06,4.36821e+06,11339.5,11904.2,442756,374571,979018,1.028e+06,1.1593e+08,15.7723,7.16899,14.6813,9.36704
0,391,1.46823e+06,4331.77,5119.39,3.40947e+06,4.36811e+06,11340.6,11905.1,442757,374574,979073,1.02805e+06,1.15932e+08,15.7742,7.16967,13.1745,11.0454
0,392,1.46823e+06,4331.93,5119.5,3.40937e+06,4.36801e+06,11341.2,11905.5,442759,374577,979128,1.0281e+06,1.15934e+08,15.7753,7.17004,16.7362,7.31765
0,393,1.46822e+06,4331.87,5119.4,3.40927e+06,4.36791e+06,11341.1,11905.4,442760,374581,979183,1.02815e+06,1.15936e+08,15.7756,7.1701,14.6068,13.1749
0,394,1.46822e+06,4331.6,5119.07,3.40917e+06,4.3678e+06,11340.5,11904.8,442761,374583,979234,1.0282e+06,1.15938e+08,15.7751,7.16985,15.2359,11.1091
0,395,1.46823e+06,4331.11,5118.53,3.40907e+06,4.3677e+06,11339.3,11903.6,442760,374585,979282,1.02824e+06,1.1594e+08,15.7739,7.16928,6.61102,4.03863
0,396,1.46823e+06,4330.43,5117.79,3.40897e+06,4.36761e+06,11337.6,11901.9,442758,374585,979324,1.02828e+06,1.15942e+08,15.7718,7.16841,19.7855,6.78002
0,397,1.46825e+06,4329.55,5116.86,3.40887e+06,4.36751e+06,11335.3,11899.7,442754,374583,979360,1.02831e+06,1.15944e+08,15.7689,7.16725,15.7038,6.45517
0,398,1.46827e+06,4328.5,5115.75,3.40878e+06,4.36742e+06,11332.5,11897.1,442747,374578,979389,1.02833e+06,1.15946e+08,15.7654,7.16581,13.8093,8.58743
0,399,1.4683e+06,4327.28,5114.48,3.40869e+06,4.36733e+06,11329.2,11894.1,442738,374571,979408,1.02835e+06,1.15948e+08,15.7612,7.16413,11.5907,9.11265
0,400,1.46833e+06,4325.93,5113.08,3.4086e+06,4.36724e+06,11325.5,11890.7,442725,374561,979418,1.02836e+06,1.1595e+08,15.7564,7.16221,19.4397,9.62674
0,401,1.46837e+06,4324.45,5111.56,3.40851e+06,4.36716e+06,11321.5,11887,442708,374547,979418,1.02836e+06,1.15952e+08,15.7511,7.16009,17.1027,7.29978
0,402,1.46843e+06,4322.88,5109.94,3.40843e+06,4.36708e+06,11317.1,11883,442689,374529,979406,1.02834e+06,1.15954e+08,15.7453,7.1578,19.9077,11.1898
0,403,1.46849e+06,4321.24,5108.26,3.40835e+06,4.36701e+06,11312.5,11878.8,442665,374508,979384,1.02832e+06,1.15956e+08,15.7392,7.15538,13.7559,8.45795
0,404,1.46856e+06,4319.55,5106.54,3.40828e+06,4.36694e+06,11307.8,11874.4,442638,374484,979350,1.02829e+06,1.15958e+08,15.7328,7.15286,12.9568,6.35525
0,405,1.46863e+06,4317.84,5104.81,3.4082e+06,4.36687e+06,11302.9,11870,442607,374455,979304,1.02825e+06,1.15959e+08,15.7262,7.15027,11.7716,13.5985
0,406,1.46872e+06,4316.13,5103.09,3.40814e+06,4.36681e+06,11298,11865.5,442572,374424,979247,1.02819e+06,1.15961e+08,15.7196,7.14766,18.1129,2.98369
0,407,1.46882e+06,4314.46,5101.41,3.40807e+06,4.36676e+06,11293.1,11861.1,442535,374388,979179,1.02813e+06,1.15963e+08,15.7129,7.14507,18.379,6.47452
0,408,1.46892e+06,4312.85,5099.79,3.40801e+06,4.36671e+06,11288.3,11856.7,442493,374350,979101,1.02806e+06,1.15965e+08,15.7064,7.14252,19.0276,8.01592
0,409,1.46903e+06,4311.33,5098.27,3.40795e+06,4.36666e+06,11283.7,11852.6,442450,374308,979013,1.02798e+06,1.15966e+08,15.7001,7.14007,12.5304,4.97179
0,410,1.46915e+06,4309.91,5096.87,3.40789e+06,4.36661e+06,11279.3,11848.6,442403,374264,978915,1.02789e+06,1.15968e+08,15.6941,7.13774,14.3045,9.90028
0,411,1.46928e+06,4308.63,5095.61,3.40784e+06,4.36657e+06,11275.2,11845,442355,374218,978810,1.02779e+06,1.1597e+08,15.6884,7.13557,16.6009,7.63986
0,412,1.46941e+06,4307.49,5094.51,3.40778e+06,4.36653e+06,11271.5,11841.6,442305,374170,978697,1.02769e+06,1.15971e+08,15.6833,7.1336,19.1135,8.79503
0,413,1.46954e+06,4306.53,5093.59,3.40773e+06,4.3665e+06,11268.2,11838.7,442253,374120,978579,1.02758e+06,1.15973e+08,15.6787,7.13184,19.0822,5.54872
0,414,1.46968e+06,4305.75,5092.86,3.40768e+06,4.36646e+06,11265.3,11836.1,442202,374070,978456,1.02747e+06,1.15974e+08,15.6747,7.13034,13.4034,9.07166
0,415,1.46982e+06,4305.17,5092.34,3.40763e+06,4.36643e+06,11263,11834,442150,374020,978331,1.02735e+06,1.15976e+08,15.6714,7.1291,15.2355,7.6419
0,416,1.46997e+06,4304.81,5092.03,3.40758e+06,4.36639e+06,11261.1,11832.4,442098,373970,978203,1.02724e+06,1.15977e+08,15.6688,7.12815,18.4265,7.04759
0,417,1.47011e+06,4304.66,5091.96,3.40753e+06,4.36636e+06,11259.9,11831.4,442048,373920,978075,1.02712e+06,1.15979e+08,15.667,7.12751,23.4041,2.6879
0,418,1.47026e+06,4304.73,5092.11,3.40748e+06,4.36632e+06,11259.2,11830.8,441999,373872,977949,1.027e+06,1.1598e+08,15.666,7.12717,10.0397,7.14433
0,419,1.4704e+06,4305.03,5092.49,3.40742e+06,4.36628e+06,11259.1,11830.8,441952,373826,977825,1.02689e+06,1.15981e+08,15.6658,7.12716,17.0502,7.97335
0,420,1.47055e+06,4305.55,5093.09,3.40737e+06,4.36625e+06,11259.6,11831.3,441908,373783,977705,1.02678e+06,1.15982e+08,15.6664,7.12747,15.2455,5.16446
0,421,1.47068e+06,4306.29,5093.92,3.40731e+06,4.36621e+06,11260.6,11832.3,441867,373742,977591,1.02668e+06,1.15984e+08,15.6678,7.1281,20.5969,12.7457
0,422,1.47082e+06,4307.23,5094.95,3.40725e+06,4.36616e+06,11262.3,11833.8,441829,373704,977484,1.02658e+06,1.15985e+08,15.67,7.12903,20.0082,6.19678
0,423,1.47095e+06,4308.38,5096.19,3.40719e+06,4.36611e+06,11264.5,11835.9,441796,373671,977384,1.02649e+06,1.15986e+08,15.673,7.13026,13.1681,3.91968
0,424,1.47107e+06,4309.71,5097.61,3.40712e+06,4.36606e+06,11267.1,11838.4,441767,373641,977294,1.02641e+06,1.15987e+08,15.6767,7.13178,18.0825,7.57917
0,425,1.47118e+06,4311.2,5099.2,3.40706e+06,4.36601e+06,11270.3,11841.3,441743,373616,977214,1.02634e+06,1.15987e+08,15.6811,7.13355,10.9173,11.8888
0,426,1.47129e+06,4312.84,5100.93,3.40698e+06,4.36595e+06,11273.9,11844.6,441723,373596,977145,1.02628e+06,1.15988e+08,15.686,7.13556,13.386,4.54826
0,427,1.47139e+06,4314.62,5102.78,3.40691e+06,4.36588e+06,11277.9,11848.2,441709,373581,977088,1.02623e+06,1.15989e+08,15.6916,7.13777,14.5565,6.27905
0,428,1.47148e+06,4316.49,5104.74,3.40683e+06,4.36581e+06,11282.2,11852.1,441701,373571,977044,1.02619e+06,1.15989e+08,15.6976,7.14017,16.7537,7.85292
0,429,1.47156e+06,4318.44,5106.77,3.40674e+06,4.36573e+06,11286.7,11856.3,441697,373566,977012,1.02616e+06,1.1599e+08,15.704,7.14271,20.3828,7.42223
0,430,1.47164e+06,4320.45,5108.85,3.40665e+06,4.36565e+06,11291.5,11860.6,441699,373566,976992,1.02614e+06,1.1599e+08,15.7107,7.14535,15.3338,8.24809
0,431,1.4717e+06,4322.49,5110.95,3.40656e+06,4.36557e+06,11296.4,11865,441706,373572,976986,1.02614e+06,1.15991e+08,15.7175,7.14807,15.4993,5.59594
0,432,1.47175e+06,4324.52,5113.04,3.40646e+06,4.36548e+06,11301.3,11869.4,441719,373583,976993,1.02615e+06,1.15991e+08,15.7245,7.15082,15.7982,6.76951
0,433,1.47179e+06,4326.53,5115.09,3.40636e+06,4.36538e+06,11306.2,11873.9,441736,373598,977012,1.02616e+06,1.15991e+08,15.7315,7.15357,12.246,6.23954
0,434,1.47182e+06,4328.48,5117.08,3.40626e+06,4.36528e+06,11311.1,11878.2,441758,373618,977043,1.02619e+06,1.15991e+08,15.7385,7.15627,16.2091,6.20213
0,435,1.47184e+06,4330.36,5118.99,3.40615e+06,4.36517e+06,11315.7,11882.4,441785,373643,977085,1.02623e+06,1.15992e+08,15.7452,7.15889,18.0459,5.85004
0,436,1.47186e+06,4332.13,5120.78,3.40604e+06,4.36506e+06,11320.2,11886.4,441815,373671,977138,1.02628e+06,1.15991e+08,15.7516,7.16138,18.1678,5.82145
0,437,1.47186e+06,4333.77,5122.43,3.40593e+06,4.36495e+06,11324.4,11890.1,441849,373703,977200,1.02634e+06,1.15991e+08,15.7577,7.16373,16.8603,9.28141
0,438,1.47186e+06,4335.25,5123.92,3.40582e+06,4.36483e+06,11328.2,11893.4,441886,373738,977271,1.0264e+06,1.15991e+08,15.7633,7.16589,14.9598,2.58263
0,439,1.47185e+06,4336.57,5125.23,3.4057e+06,4.36471e+06,11331.6,11896.4,441925,373776,977349,1.02647e+06,1.15991e+08,15.7684,7.16782,15.0921,4.75769
0,440,1.47183e+06,4337.7,5126.34,3.40558e+06,4.36459e+06,11334.6,11899,441966,373815,977432,1.02654e+06,1.15991e+08,15.7728,7.16952,18.3047,7.95791
0,441,1.47181e+06,4338.63,5127.25,3.40546e+06,4.36447e+06,11337.1,11901.2,442009,373856,977520,1.02662e+06,1.1599e+08,15.7766,7.17094,19.5633,10.0573
0,442,1.47179e+06,4339.35,5127.93,3.40534e+06,4.36434e+06,11339,11902.8,442052,373898,977612,1.0267e+06,1.1599e+08,15.7797,7.17207,23.3998,7.05188
0,443,1.47175e+06,4339.84,5128.38,3.40523e+06,4.36422e+06,11340.4,11904,442096,373940,977704,1.02679e+06,1.15989e+08,15.7819,7.1729,16.5173,7.8518
0,444,1.47172e+06,4340.1,5128.6,3.40511e+06,4.3641e+06,11341.2,11904.6,442139,373982,977797,1.02687e+06,1.15988e+08,15.7834,7.17341,15.934,6.65964
0,445,1.47168e+06,4340.13,5128.58,3.40499e+06,4.36397e+06,11341.4,11904.7,442181,374023,977888,1.02695e+06,1.15988e+08,15.7841,7.1736,9.85783,5.05167
0,446,1.47165e+06,4339.94,5128.33,3.40488e+06,4.36385e+06,11341.1,11904.2,442221,374062,977976,1.02703e+06,1.15987e+08,15.7839,7.17346,11.572,8.46822
0,447,1.47161e+06,4339.52,5127.84,3.40476e+06,4.36373e+06,11340.1,11903.2,442259,374100,978060,1.0271e+06,1.15986e+08,15.7829,7.173,16.3573,5.48235
0,448,1.47157e+06,4338.88,5127.14,3.40465e+06,4.36361e+06,11338.5,11901.7,442294,374135,978138,1.02717e+06,1.15985e+08,15.7811,7.17222,24.2238,6.60786
0,449,1.47154e+06,4338.03,5126.23,3.40454e+06,4.3635e+06,11336.5,11899.7,442327,374167,978209,1.02723e+06,1.15984e+08,15.7786,7.17114,16.2706,3.66641
0,450,1.47151e+06,4336.99,5125.12,3.40444e+06,4.36339e+06,11333.8,11897.2,442355,374195,978272,1.02728e+06,1.15983e+08,15.7752,7.16977,18.3636,5.65132
0,451,1.47148e+06,4335.77,5123.84,3.40434e+06,4.36328e+06,11330.7,11894.3,442380,374220,978325,1.02733e+06,1.15982e+08,15.7712,7.16813,9.96425,11.0131
0,452,1.47145e+06,4334.39,5122.39,3.40424e+06,4.36318e+06,11327.2,11891,442401,374241,978368,1.02736e+06,1.15981e+08,15.7666,7.16625,17.2994,9.81978
0,453,1.47143e+06,4332.87,5120.82,3.40415e+06,4.36308e+06,11323.3,11887.4,442416,374257,978400,1.02739e+06,1.1598e+08,15.7614,7.16415,14.8915,4.3507
0,454,1.47141e+06,4331.24,5119.12,3.40406e+06,4.36299e+06,11319,11883.5,442428,374269,978421,1.0274e+06,1.15979e+08,15.7556,7.16187,13.8529,6.60698
0,455,1.4714e+06,4329.51,5117.35,3.40397e+06,4.3629e+06,11314.5,11879.3,442434,374276,978429,1.02741e+06,1.15978e+08,15.7495,7.15943,22.1075,6.76578
0,456,1.47139e+06,4327.73,5115.51,3.40389e+06,4.36282e+06,11309.8,11875,442435,374278,978425,1.0274e+06,1.15977e+08,15.7431,7.15688,21.9348,4.51554
0,457,1.47139e+06,4325.9,5113.63,3.40381e+06,4.36274e+06,11304.9,11870.5,442432,374275,978409,1.02738e+06,1.15976e+08,15.7365,7.15424,18.9945,4.36712
0,458,1.47139e+06,4324.06,5111.75,3.40374e+06,4.36267e+06,11300,11866,442424,374268,978381,1.02735e+06,1.15974e+08,15.7297,7.15156,22.5817,2.98781
0,459,1.4714e+06,4322.23,5109.89,3.40366e+06,4.3626e+06,11295.1,11861.5,442411,374256,978341,1.02731e+06,1.15973e+08,15.7229,7.14888,17.3833,11.8971
0,460,1.47142e+06,4320.44,5108.08,3.4036e+06,4.36254e+06,11290.2,11857.1,442394,374240,978289,1.02726e+06,1.15972e+08,15.7161,7.14623,17.9407,3.88898
0,461,1.47143e+06,4318.72,5106.34,3.40353e+06,4.36248e+06,11285.5,11852.9,442372,374220,978227,1.0272e+06,1.15971e+08,15.7096,7.14365,11.084,9.71772
0,462,1.47146e+06,4317.09,5104.69,3.40347e+06,4.36243e+06,11281.1,11848.8,442347,374196,978154,1.02713e+06,1.1597e+08,15.7032,7.14118,18.9427,6.15025
0,463,1.47148e+06,4315.57,5103.17,3.40341e+06,4.36238e+06,11276.8,11845,442319,374169,978072,1.02705e+06,1.15969e+08,15.6973,7.13886,24.0912,8.15108
0,464,1.47151e+06,4314.19,5101.79,3.40336e+06,4.36233e+06,11273,11841.5,442287,374139,977983,1.02697e+06,1.15968e+08,15.6917,7.1367,16.1538,11.0622
0,465,1.47154e+06,4312.96,5100.57,3.4033e+06,4.36228e+06,11269.5,11838.3,442254,374106,977886,1.02688e+06,1.15967e+08,15.6867,7.13475,15.8104,4.56334
0,466,1.47157e+06,4311.89,5099.52,3.40325e+06,4.36224e+06,11266.4,11835.6,442218,374071,977783,1.02678e+06,1.15965e+08,15.6822,7.13303,19.9066,6.70413
0,467,1.4716e+06,4311.01,5098.67,3.4032e+06,4.3622e+06,11263.8,11833.3,442181,374035,977677,1.02668e+06,1.15964e+08,15.6784,7.13157,15.9192,6.20246
0,468,1.47163e+06,4310.33,5098.01,3.40315e+06,4.36216e+06,11261.7,11831.4,442142,373998,977567,1.02658e+06,1.15963e+08,15.6753,7.13037,23.2272,9.82693
0,469,1.47166e+06,4309.85,5097.56,3.4031e+06,4.36211e+06,11260.2,11830.1,442104,373960,977456,1.02648e+06,1.15962e+08,15.6729,7.12947,17.1324,5.56226
0,470,1.47169e+06,4309.57,5097.33,3.40305e+06,4.36207e+06,11259.2,11829.3,442066,373922,977345,1.02638e+06,1.15961e+08,15.6712,7.12886,9.89789,9.51308
0,471,1.47171e+06,4309.5,5097.3,3.40299e+06,4.36203e+06,11258.8,11828.9,442028,373885,977235,1.02627e+06,1.1596e+08,15.6703,7.12856,18.0599,6.85285
0,472,1.47173e+06,4309.64,5097.49,3.40294e+06,4.36199e+06,11258.9,11829.1,441992,373850,977129,1.02617e+06,1.15959e+08,15.6702,7.12857,16.7474,7.39407
0,473,1.47174e+06,4309.98,5097.88,3.40288e+06,4.36194e+06,11259.7,11829.8,441958,373816,977026,1.02608e+06,1.15958e+08,15.6709,7.12888,11.5978,4.68019
0,474,1.47175e+06,4310.52,5098.47,3.40282e+06,4.36189e+06,11260.9,11831,441926,373784,976929,1.02599e+06,1.15957e+08,15.6723,7.12949,16.8363,7.77796
0,475,1.47175e+06,4311.24,5099.24,3.40276e+06,4.36184e+06,11262.7,11832.7,441897,373754,976839,1.02591e+06,1.15957e+08,15.6745,7.13038,17.5435,3.67245
0,476,1.47174e+06,4312.14,5100.19,3.4027e+06,4.36179e+06,11265,11834.8,441870,373728,976756,1.02583e+06,1.15956e+08,15.6774,7.13154,13.5012,10.0177
0,477,1.47173e+06,4313.19,5101.29,3.40263e+06,4.36173e+06,11267.8,11837.3,441847,373705,976683,1.02576e+06,1.15955e+08,15.6809,7.13296,14.0939,6.47831
0,478,1.4717e+06,4314.37,5102.52,3.40256e+06,4.36166e+06,11270.9,11840.2,441828,373685,976619,1.0257e+06,1.15954e+08,15.685,7.13459,13.6882,6.94488
0,479,1.47167e+06,4315.67,5103.86,3.40249e+06,4.36159e+06,11274.5,11843.5,441813,373669,976566,1.02566e+06,1.15953e+08,15.6897,7.13643,17.8574,10.9604
0,480,1.47162e+06,4317.07,5105.29,3.40241e+06,4.36152e+06,11278.3,11847,441801,373657,976524,1.02562e+06,1.15953e+08,15.6947,7.13843,16.3497,3.3276
0,481,1.47156e+06,4318.53,5106.79,3.40233e+06,4.36144e+06,11282.4,11850.7,441794,373649,976493,1.02559e+06,1.15952e+08,15.7002,7.14057,14.8141,5.62066
0,482,1.4715e+06,4320.03,5108.32,3.40224e+06,4.36136e+06,11286.7,11854.6,441791,373645,976474,1.02557e+06,1.15951e+08,15.7059,7.14281,15.2967,8.50363
0,483,1.47142e+06,4321.56,5109.86,3.40215e+06,4.36127e+06,11291,11858.5,441791,373645,976466,1.02556e+06,1.15951e+08,15.7118,7.14511,14.8351,5.81243
0,484,1.47133e+06,4323.07,5111.38,3.40206e+06,4.36118e+06,11295.5,11862.5,441796,373649,976470,1.02556e+06,1.1595e+08,15.7177,7.14744,18.2144,6.69997
0,485,1.47123e+06,4324.55,5112.86,3.40196e+06,4.36108e+06,11299.9,11866.5,441805,373657,976486,1.02558e+06,1.1595e+08,15.7237,7.14975,19.2279,5.79048
0,486,1.47113e+06,4325.96,5114.26,3.40186e+06,4.36098e+06,11304.2,11870.4,441816,373668,976512,1.0256e+06,1.15949e+08,15.7295,7.15201,14.2133,3.99422
0,487,1.47101e+06,4327.28,5115.56,3.40176e+06,4.36087e+06,11308.3,11874.1,441831,373683,976548,1.02563e+06,1.15949e+08,15.7352,7.15418,15.6021,6.977
0,488,1.47088e+06,4328.49,5116.74,3.40165e+06,4.36076e+06,11312.2,11877.6,441849,373700,976593,1.02567e+06,1.15949e+08,15.7405,7.15623,16.4889,5.15138
0,489,1.47075e+06,4329.56,5117.78,3.40155e+06,4.36065e+06,11315.9,11880.8,441869,373719,976646,1.02572e+06,1.15949e+08,15.7455,7.15811,16.8376,7.1092
0,490,1.4706e+06,4330.47,5118.64,3.40143e+06,4.36053e+06,11319.1,11883.7,441891,373741,976707,1.02577e+06,1.15949e+08,15.7499,7.15979,13.5268,6.53184
0,491,1.47045e+06,4331.2,5119.32,3.40132e+06,4.36041e+06,11321.9,11886.2,441914,373764,976774,1.02583e+06,1.15949e+08,15.7538,7.16125,13.6045,8.47751
0,492,1.47029e+06,4331.73,5119.79,3.40121e+06,4.36029e+06,11324.3,11888.2,441937,373787,976845,1.0259e+06,1.15949e+08,15.7571,7.16246,21.6777,6.05962
0,493,1.47013e+06,4332.06,5120.04,3.40109e+06,4.36016e+06,11326.2,11889.9,441961,373812,976920,1.02596e+06,1.15949e+08,15.7596,7.16338,14.2642,6.54097
0,494,1.46997e+06,4332.16,5120.05,3.40098e+06,4.36004e+06,11327.5,11891,441985,373836,976996,1.02603e+06,1.1595e+08,15.7614,7.16401,7.68923,4.59083
0,495,1.4698e+06,4332.03,5119.83,3.40086e+06,4.35991e+06,11328.2,11891.5,442008,373859,977073,1.0261e+06,1.1595e+08,15.7625,7.16433,21.2314,3.84097
0,496,1.46963e+06,4331.66,5119.37,3.40075e+06,4.35979e+06,11328.4,11891.6,442029,373881,977148,1.02616e+06,1.15951e+08,15.7626,7.16431,21.9391,3.93732
0,497,1.46946e+06,4331.05,5118.66,3.40064e+06,4.35967e+06,11327.9,11891.1,442047,373901,977221,1.02622e+06,1.15951e+08,15.762,7.16397,10.194,3.81587
0,498,1.46928e+06,4330.21,5117.71,3.40052e+06,4.35954e+06,11326.8,11890,442063,373918,977289,1.02628e+06,1.15952e+08,15.7605,7.16329,17.6726,7.54193
0,499,1.46911e+06,4329.13,5116.53,3.40041e+06,4.35942e+06,11325.1,11888.4,442076,373932,977352,1.02634e+06,1.15953e+08,15.7581,7.16228,14.5412,5.00084
0,500,1.46895e+06,4327.84,5115.12,3.40031e+06,4.35931e+06,11322.9,11886.3,442085,373943,977407,1.02639e+06,1.15954e+08,15.755,7.16095,18.2945,9.77825
0,501,1.46878e+06,4326.33,5113.5,3.4002e+06,4.35919e+06,11320,11883.7,442090,373950,977455,1.02643e+06,1.15955e+08,15.751,7.15931,14.1849,6.77664
0,502,1.46862e+06,4324.62,5111.68,3.4001e+06,4.35908e+06,11316.7,11880.5,442090,373952,977492,1.02646e+06,1.15956e+08,15.7462,7.15737,20.267,2.92252
0,503,1.46846e+06,4322.73,5109.68,3.4e+06,4.35898e+06,11312.8,11877,442085,373950,977520,1.02648e+06,1.15957e+08,15.7408,7.15516,10.5431,5.65632
0,504,1.46831e+06,4320.69,5107.52,3.3999e+06,4.35887e+06,11308.5,11873,442075,373943,977535,1.02649e+06,1.15959e+08,15.7347,7.1527,21.325,5.58802
0,505,1.46817e+06,4318.5,5105.22,3.39981e+06,4.35878e+06,11303.8,11868.7,442060,373930,977539,1.02649e+06,1.1596e+08,15.728,7.15002,9.77167,4.63107
0,506,1.46803e+06,4316.2,5102.81,3.39972e+06,4.35868e+06,11298.7,11864.1,442039,373912,977530,1.02648e+06,1.15962e+08,15.7208,7.14715,12.7075,6.16856
0,507,1.4679e+06,4313.81,5100.32,3.39964e+06,4.3586e+06,11293.4,11859.3,442012,373889,977507,1.02645e+06,1.15963e+08,15.7132,7.14412,13.3516,5.65206
0,508,1.46778e+06,4311.35,5097.77,3.39956e+06,4.35851e+06,11287.9,11854.2,441979,373859,977471,1.02642e+06,1.15965e+08,15.7053,7.14098,16.3854,4.33207
0,509,1.46766e+06,4308.86,5095.18,3.39948e+06,4.35844e+06,11282.2,11849.1,441941,373825,977422,1.02637e+06,1.15966e+08,15.6972,7.13775,21.4519,11.1759
0,510,1.46755e+06,4306.36,5092.6,3.39941e+06,4.35836e+06,11276.4,11843.9,441897,373784,977359,1.02631e+06,1.15968e+08,15.6889,7.13448,9.4893,4.49739
0,511,1.46745e+06,4303.87,5090.03,3.39934e+06,4.3583e+06,11270.7,11838.7,441847,373739,977283,1.02624e+06,1.1597e+08,15.6806,7.1312,22.958,5.54892
0,512,1.46736e+06,4301.43,5087.52,3.39927e+06,4.35823e+06,11265,11833.6,441793,373689,977195,1.02616e+06,1.15971e+08,15.6723,7.12796,12.2746,9.06067
0,513,1.46728e+06,4299.06,5085.09,3.39921e+06,4.35817e+06,11259.5,11828.6,441734,373633,977095,1.02606e+06,1.15973e+08,15.6643,7.12479,14.7336,6.84983
0,514,1.4672e+06,4296.79,5082.76,3.39915e+06,4.35812e+06,11254.1,11823.8,441670,373574,976983,1.02596e+06,1.15975e+08,15.6565,7.12173,17.0313,6.82578
0,515,1.46712e+06,4294.64,5080.56,3.39909e+06,4.35806e+06,11249.1,11819.3,441602,373510,976862,1.02585e+06,1.15977e+08,15.649,7.11882,17.7423,3.15413
0,516,1.46706e+06,4292.62,5078.51,3.39904e+06,4.35801e+06,11244.4,11815.1,441531,373443,976731,1.02573e+06,1.15979e+08,15.642,7.11608,13.6114,8.84853
0,517,1.46699e+06,4290.77,5076.63,3.39898e+06,4.35797e+06,11240.1,11811.3,441457,373373,976592,1.0256e+06,1.1598e+08,15.6355,7.11355,18.0284,6.23388
0,518,1.46693e+06,4289.1,5074.94,3.39893e+06,4.35792e+06,11236.2,11807.8,441380,373300,976447,1.02547e+06,1.15982e+08,15.6296,7.11126,12.745,7.05528
0,519,1.46688e+06,4287.62,5073.44,3.39887e+06,4.35788e+06,11232.8,11804.8,441302,373226,976297,1.02533e+06,1.15984e+08,15.6243,7.10923,11.78,3.83869
0,520,1.46682e+06,4286.34,5072.16,3.39882e+06,4.35783e+06,11229.9,11802.3,441222,373150,976143,1.02519e+06,1.15986e+08,15.6198,7.10748,7.55988,5.44679
0,521,1.46677e+06,4285.28,5071.1,3.39876e+06,4.35779e+06,11227.5,11800.3,441142,373073,975987,1.02504e+06,1.15987e+08,15.616,7.10603,19.9184,6.91
0,522,1.46672e+06,4284.44,5070.26,3.39871e+06,4.35774e+06,11225.8,11798.7,441061,372996,975830,1.0249e+06,1.15989e+08,15.6129,7.10488,17.6144,9.83867
0,523,1.46666e+06,4283.82,5069.65,3.39865e+06,4.3577e+06,11224.6,11797.8,440981,372920,975673,1.02476e+06,1.15991e+08,15.6107,7.10406,14.6901,5.53305
0,524,1.46661e+06,4283.42,5069.27,3.3986e+06,4.35765e+06,11224,11797.3,440902,372844,975519,1.02462e+06,1.15992e+08,15.6093,7.10355,16.7152,5.21233
0,525,1.46655e+06,4283.24,5069.11,3.39853e+06,4.3576e+06,11224,11797.4,440825,372770,975369,1.02448e+06,1.15994e+08,15.6087,7.10336,13.6804,10.4659
0,526,1.46649e+06,4283.27,5069.17,3.39847e+06,4.35755e+06,11224.5,11798,440749,372698,975224,1.02435e+06,1.15995e+08,15.6089,7.10348,15.1159,8.33512
0,527,1.46642e+06,4283.51,5069.42,3.3984e+06,4.35749e+06,11225.6,11799.1,440677,372628,975085,1.02423e+06,1.15997e+08,15.6099,7.1039,14.3646,5.3999
0,528,1.46635e+06,4283.93,5069.87,3.39833e+06,4.35743e+06,11227.3,11800.6,440607,372561,974954,1.02411e+06,1.15998e+08,15.6116,7.1046,19.2042,7.50149
0,529,1.46627e+06,4284.53,5070.49,3.39826e+06,4.35736e+06,11229.4,11802.6,440541,372498,974831,1.024e+06,1.15999e+08,15.614,7.10558,21.7763,7.15177
0,530,1.46619e+06,4285.28,5071.27,3.39818e+06,4.35729e+06,11231.9,11805,440478,372438,974718,1.0239e+06,1.16e+08,15.617,7.1068,11.5956,11.1438
0,531,1.46609e+06,4286.17,5072.18,3.3981e+06,4.35721e+06,11234.9,11807.8,440420,372381,974615,1.02381e+06,1.16001e+08,15.6206,7.10823,12.1771,6.67331
0,532,1.46599e+06,4287.17,5073.2,3.39801e+06,4.35713e+06,11238.2,11810.8,440366,372329,974524,1.02372e+06,1.16002e+08,15.6247,7.10986,13.8751,9.32151
0,533,1.46589e+06,4288.26,5074.31,3.39792e+06,4.35705e+06,11241.8,11814.1,440316,372282,974443,1.02365e+06,1.16003e+08,15.6292,7.11164,20.5651,6.15208
0,534,1.46577e+06,4289.42,5075.48,3.39782e+06,4.35695e+06,11245.6,11817.6,440270,372238,974375,1.02359e+06,1.16003e+08,15.6341,7.11355,22.818,6.52752
0,535,1.46564e+06,4290.63,5076.68,3.39772e+06,4.35685e+06,11249.5,11821.2,440229,372199,974319,1.02354e+06,1.16004e+08,15.6392,7.11554,14.4862,6.78681
0,536,1.46551e+06,4291.84,5077.89,3.39761e+06,4.35675e+06,11253.5,11824.8,440192,372164,974274,1.0235e+06,1.16004e+08,15.6444,7.11758,17.0683,7.01108
0,537,1.46536e+06,4293.05,5079.08,3.3975e+06,4.35664e+06,11257.6,11828.5,440159,372133,974241,1.02347e+06,1.16004e+08,15.6497,7.11964,18.7321,7.70067
0,538,1.46521e+06,4294.21,5080.23,3.39739e+06,4.35652e+06,11261.6,11832.1,440130,372106,974220,1.02346e+06,1.16004e+08,15.655,7.12167,13.2052,5.64958
0,539,1.46505e+06,4295.31,5081.3,3.39727e+06,4.3564e+06,11265.5,11835.6,440105,372083,974209,1.02345e+06,1.16004e+08,15.6601,7.12363,15.2897,5.31333
0,540,1.46488e+06,4296.33,5082.28,3.39715e+06,4.35627e+06,11269.2,11838.9,440083,372063,974208,1.02345e+06,1.16004e+08,15.665,7.12549,16.0151,2.04973
0,541,1.46471e+06,4297.23,5083.14,3.39702e+06,4.35614e+06,11272.6,11842,440064,372046,974216,1.02346e+06,1.16004e+08,15.6695,7.12722,12.3868,10.3886
0,542,1.46452e+06,4298,5083.85,3.39689e+06,4.356e+06,11275.7,11844.7,440048,372032,974232,1.02347e+06,1.16003e+08,15.6737,7.12879,14.8778,5.68514
0,543,1.46434e+06,4298.62,5084.41,3.39676e+06,4.35587e+06,11278.4,11847.1,440034,372020,974255,1.02349e+06,1.16002e+08,15.6773,7.13015,15.9293,8.98376
0,544,1.46414e+06,4299.06,5084.79,3.39662e+06,4.35572e+06,11280.8,11849.2,440021,372010,974284,1.02352e+06,1.16001e+08,15.6804,7.13128,20.1556,8.951
0,545,1.46394e+06,4299.33,5084.97,3.39649e+06,4.35558e+06,11282.6,11850.8,440009,372001,974317,1.02355e+06,1.16e+08,15.6829,7.13217,9.57958,8.3659
0,546,1.46374e+06,4299.4,5084.95,3.39635e+06,4.35543e+06,11284,11851.9,439998,371992,974354,1.02358e+06,1.15999e+08,15.6847,7.13278,19.6298,5.78484
0,547,1.46354e+06,4299.26,5084.73,3.39621e+06,4.35528e+06,11284.8,11852.6,439987,371984,974392,1.02362e+06,1.15998e+08,15.6858,7.13311,16.5602,3.75258
0,548,1.46333e+06,4298.91,5084.28,3.39607e+06,4.35513e+06,11285.1,11852.7,439975,371975,974430,1.02365e+06,1.15996e+08,15.6861,7.13314,15.3693,4.81497
0,549,1.46313e+06,4298.35,5083.61,3.39593e+06,4.35498e+06,11284.8,11852.4,439963,371965,974467,1.02368e+06,1.15994e+08,15.6856,7.13286,23.339,9.43169
0,550,1.46292e+06,4297.58,5082.73,3.39579e+06,4.35483e+06,11284,11851.5,439948,371954,974501,1.02371e+06,1.15992e+08,15.6844,7.13228,18.1767,5.58221
0,551,1.46271e+06,4296.59,5081.64,3.39565e+06,4.35468e+06,11282.6,11850.1,439931,371941,974531,1.02374e+06,1.1599e+08,15.6823,7.13138,13.9448,10.9178
0,552,1.46251e+06,4295.4,5080.34,3.39551e+06,4.35453e+06,11280.6,11848.2,439912,371925,974556,1.02376e+06,1.15988e+08,15.6795,7.13018,14.2168,9.03037
0,553,1.46231e+06,4294.02,5078.84,3.39537e+06,4.35438e+06,11278.1,11845.8,439889,371906,974574,1.02377e+06,1.15986e+08,15.676,7.12869,13.1699,5.87202
0,554,1.46211e+06,4292.46,5077.16,3.39523e+06,4.35423e+06,11275.1,11843,439863,371885,974584,1.02378e+06,1.15983e+08,15.6717,7.12692,9.0519,3.97623
0,555,1.46192e+06,4290.73,5075.32,3.3951e+06,4.35409e+06,11271.6,11839.7,439834,371859,974585,1.02378e+06,1.1598e+08,15.6668,7.12489,18.9613,7.78528
0,556,1.46174e+06,4288.86,5073.33,3.39497e+06,4.35395e+06,11267.7,11836.1,439800,371830,974577,1.02377e+06,1.15978e+08,15.6612,7.12263,19.0553,7.46784
0,557,1.46155e+06,4286.85,5071.21,3.39484e+06,4.35381e+06,11263.4,11832.1,439761,371796,974558,1.02375e+06,1.15975e+08,15.6551,7.12015,10.9315,5.39169
0,558,1.46138e+06,4284.74,5068.99,3.39471e+06,4.35368e+06,11258.7,11827.8,439719,371758,974528,1.02372e+06,1.15972e+08,15.6486,7.1175,13.8447,1.01732
0,559,1.46121e+06,4282.55,5066.7,3.39459e+06,4.35355e+06,11253.9,11823.3,439671,371715,974487,1.02368e+06,1.15968e+08,15.6416,7.1147,19.7907,6.42206
0,560,1.46105e+06,4280.3,5064.35,3.39447e+06,4.35342e+06,11248.8,11818.6,439619,371668,974434,1.02363e+06,1.15965e+08,15.6344,7.11178,20.9081,7.86234
0,561,1.46089e+06,4278.02,5061.97,3.39435e+06,4.3533e+06,11243.6,11813.8,439563,371617,974369,1.02356e+06,1.15962e+08,15.6269,7.10879,21.5369,10.1924
0,562,1.46075e+06,4275.74,5059.6,3.39423e+06,4.35318e+06,11238.3,11809,439502,371561,974292,1.02349e+06,1.15958e+08,15.6193,7.10576,16.2677,5.93622
0,563,1.4606e+06,4273.47,5057.25,3.39412e+06,4.35306e+06,11233,11804.1,439436,371501,974204,1.02341e+06,1.15954e+08,15.6117,7.10272,18.9273,10.2796
0,564,1.46047e+06,4271.26,5054.96,3.394e+06,4.35295e+06,11227.8,11799.4,439367,371437,974105,1.02331e+06,1.15951e+08,15.6042,7.09972,15.8447,5.35182
0,565,1.46034e+06,4269.11,5052.75,3.39389e+06,4.35283e+06,11222.7,11794.8,439293,371369,973995,1.02321e+06,1.15947e+08,15.5968,7.09679,16.5645,4.26155
0,566,1.46022e+06,4267.06,5050.64,3.39378e+06,4.35272e+06,11217.9,11790.3,439216,371297,973875,1.0231e+06,1.15943e+08,15.5897,7.09398,14.3494,5.63252
0,567,1.4601e+06,4265.13,5048.66,3.39368e+06,4.35262e+06,11213.3,11786.2,439137,371223,973747,1.02298e+06,1.15939e+08,15.5829,7.0913,17.4191,6.80434
0,568,1.45999e+06,4263.34,5046.83,3.39357e+06,4.35251e+06,11209,11782.3,439054,371146,973611,1.02285e+06,1.15935e+08,15.5766,7.0888,11.6044,9.20316
0,569,1.45988e+06,4261.71,5045.16,3.39346e+06,4.35241e+06,11205.1,11778.8,438970,371067,973469,1.02272e+06,1.1593e+08,15.5708,7.08651,15.9668,6.26652
0,570,1.45977e+06,4260.25,5043.68,3.39336e+06,4.3523e+06,11201.7,11775.7,438883,370986,973321,1.02258e+06,1.15926e+08,15.5655,7.08445,9.99409,10.7684
0,571,1.45967e+06,4258.99,5042.4,3.39325e+06,4.3522e+06,11198.8,11773,438796,370904,973170,1.02244e+06,1.15922e+08,15.5609,7.08265,13.1303,7.17029
0,572,1.45957e+06,4257.92,5041.32,3.39314e+06,4.35209e+06,11196.3,11770.8,438708,370821,973015,1.0223e+06,1.15917e+08,15.557,7.08112,16.9362,7.59487
0,573,1.45946e+06,4257.07,5040.46,3.39303e+06,4.35199e+06,11194.4,11769.1,438621,370738,972860,1.02216e+06,1.15912e+08,15.5539,7.07989,14.0281,6.72243
0,574,1.45936e+06,4256.43,5039.83,3.39292e+06,4.35188e+06,11193.1,11767.9,438534,370656,972705,1.02201e+06,1.15908e+08,15.5515,7.07896,20.3556,8.21321
0,575,1.45926e+06,4256.01,5039.42,3.39281e+06,4.35177e+06,11192.3,11767.2,438448,370575,972551,1.02187e+06,1.15903e+08,15.5499,7.07835,15.6407,3.63733
0,576,1.45915e+06,4255.8,5039.23,3.39269e+06,4.35166e+06,11192.1,11767.1,438364,370495,972401,1.02173e+06,1.15898e+08,15.5491,7.07805,13.3476,6.44076
0,577,1.45904e+06,4255.82,5039.25,3.39257e+06,4.35154e+06,11192.5,11767.4,438282,370418,972255,1.0216e+06,1.15893e+08,15.5491,7.07806,18.764,6.48566
0,578,1.45892e+06,4256.03,5039.49,3.39245e+06,4.35142e+06,11193.5,11768.3,438203,370343,972116,1.02147e+06,1.15888e+08,15.5499,7.07838,16.4661,9.16558
0,579,1.4588e+06,4256.45,5039.93,3.39232e+06,4.35129e+06,11195,11769.7,438127,370270,971983,1.02135e+06,1.15883e+08,15.5515,7.079,14.1252,8.9541
0,580,1.45868e+06,4257.05,5040.55,3.39219e+06,4.35116e+06,11197,11771.5,438054,370202,971859,1.02123e+06,1.15878e+08,15.5538,7.0799,10.6683,9.84375
0,581,1.45854e+06,4257.82,5041.34,3.39206e+06,4.35103e+06,11199.5,11773.8,437986,370137,971745,1.02112e+06,1.15873e+08,15.5567,7.08107,13.1803,8.69887
0,582,1.4584e+06,4258.74,5042.28,3.39192e+06,4.35088e+06,11202.4,11776.5,437921,370076,971640,1.02103e+06,1.15867e+08,15.5603,7.08247,11.7873,7.59477
0,583,1.45825e+06,4259.79,5043.35,3.39177e+06,4.35074e+06,11205.8,11779.5,437862,370020,971547,1.02094e+06,1.15862e+08,15.5645,7.08409,12.5831,5.75003
0,584,1.4581e+06,4260.96,5044.53,3.39162e+06,4.35058e+06,11209.4,11782.8,437806,369968,971465,1.02086e+06,1.15856e+08,15.5691,7.0859,15.3584,6.65901
0,585,1.45793e+06,4262.21,5045.79,3.39146e+06,4.35042e+06,11213.4,11786.3,437756,369920,971396,1.0208e+06,1.15851e+08,15.5742,7.08786,17.9365,10.452
0,586,1.45775e+06,4263.52,5047.1,3.3913e+06,4.35025e+06,11217.5,11790.1,437710,369878,971339,1.02075e+06,1.15845e+08,15.5796,7.08994,16.2991,5.10336
0,587,1.45757e+06,4264.86,5048.44,3.39113e+06,4.35008e+06,11221.8,11793.9,437669,369840,971294,1.0207e+06,1.1584e+08,15.5852,7.0921,17.6255,6.03342
0,588,1.45737e+06,4266.22,5049.79,3.39096e+06,4.34989e+06,11226.2,11797.9,437633,369806,971262,1.02067e+06,1.15834e+08,15.5909,7.09431,18.9834,5.51439
0,589,1.45717e+06,4267.56,5051.11,3.39079e+06,4.34971e+06,11230.6,11801.8,437601,369777,971242,1.02065e+06,1.15828e+08,15.5967,7.09653,15.6235,2.22739
0,590,1.45696e+06,4268.85,5052.38,3.3906e+06,4.34951e+06,11235,11805.7,437573,369752,971234,1.02064e+06,1.15822e+08,15.6024,7.09872,15.0569,7.24792
0,591,1.45674e+06,4270.08,5053.57,3.39042e+06,4.34931e+06,11239.2,11809.4,437549,369731,971236,1.02064e+06,1.15817e+08,15.608,7.10084,21.1159,8.35476
0,592,1.45651e+06,4271.21,5054.66,3.39023e+06,4.3491e+06,11243.2,11812.9,437529,369714,971250,1.02065e+06,1.15811e+08,15.6133,7.10285,20.3656,6.94064
0,593,1.45627e+06,4272.22,5055.62,3.39003e+06,4.34889e+06,11247,11816.2,437512,369700,971272,1.02067e+06,1.15805e+08,15.6183,7.10472,15.1101,5.26542
0,594,1.45602e+06,4273.09,5056.42,3.38983e+06,4.34868e+06,11250.4,11819.2,437498,369689,971303,1.02069e+06,1.15799e+08,15.6229,7.10642,12.9936,6.90309
0,595,1.45577e+06,4273.8,5057.06,3.38963e+06,4.34846e+06,11253.4,11821.8,437486,369680,971342,1.02072e+06,1.15793e+08,15.627,7.10791,26.015,4.42629
0,596,1.45552e+06,4274.33,5057.52,3.38943e+06,4.34823e+06,11256,11824.1,437476,369672,971386,1.02076e+06,1.15787e+08,15.6304,7.10917,24.2105,7.54869
0,597,1.45525e+06,4274.67,5057.77,3.38922e+06,4.348e+06,11258.2,11825.9,437466,369667,971435,1.0208e+06,1.15781e+08,15.6333,7.11017,15.499,6.32904
0,598,1.45499e+06,4274.8,5057.8,3.38901e+06,4.34777e+06,11259.8,11827.2,437458,369661,971487,1.02084e+06,1.15775e+08,15.6354,7.11089,19.3466,8.51066
0,599,1.45472e+06,4274.71,5057.61,3.3888e+06,4.34754e+06,11260.8,11828,437449,369656,971541,1.02089e+06,1.15769e+08,15.6368,7.11131,16.1816,5.98849
0,600,1.45445e+06,4274.4,5057.2,3.38859e+06,4.34731e+06,11261.3,11828.3,437440,369651,971596,1.02093e+06,1.15764e+08,15.6373,7.11142,15.3274,8.21748
0,601,1.45418e+06,4273.87,5056.55,3.38838e+06,4.34707e+06,11261.2,11828.1,437430,369645,971649,1.02098e+06,1.15758e+08,15.6371,7.11121,17.687,4.59188
0,602,1.45391e+06,4273.11,5055.67,3.38817e+06,4.34684e+06,11260.5,11827.3,437418,369637,971699,1.02102e+06,1.15752e+08,15.6361,7.11068,15.9752,4.24711
0,603,1.45364e+06,4272.13,5054.57,3.38796e+06,4.3466e+06,11259.3,11826,437403,369627,971745,1.02105e+06,1.15746e+08,15.6342,7.10982,15.3232,13.316
0,604,1.45338e+06,4270.94,5053.25,3.38775e+06,4.34637e+06,11257.4,11824.2,437386,369614,971786,1.02108e+06,1.1574e+08,15.6315,7.10866,8.88376,9.22664
0,605,1.45311e+06,4269.54,5051.72,3.38754e+06,4.34613e+06,11255,11821.9,437366,369599,971819,1.02111e+06,1.15734e+08,15.6281,7.10718,18.8019,5.42856
0,606,1.45285e+06,4267.95,5050,3.38733e+06,4.3459e+06,11252.1,11819.1,437342,369580,971845,1.02112e+06,1.15728e+08,15.6239,7.10541,15.5839,10.8194
0,607,1.4526e+06,4266.18,5048.1,3.38713e+06,4.34568e+06,11248.6,11815.8,437314,369557,971861,1.02113e+06,1.15722e+08,15.619,7.10338,10.444,7.67212
0,608,1.45235e+06,4264.25,5046.04,3.38692e+06,4.34545e+06,11244.7,11812.2,437281,369530,971868,1.02113e+06,1.15717e+08,15.6134,7.10109,20.0303,5.47499
0,609,1.45211e+06,4262.18,5043.84,3.38672e+06,4.34523e+06,11240.4,11808.2,437244,369498,971863,1.02112e+06,1.15711e+08,15.6073,7.09858,13.6538,9.27045
0,610,1.45187e+06,4260,5041.53,3.38652e+06,4.34501e+06,11235.8,11803.9,437203,369462,971847,1.0211e+06,1.15705e+08,15.6006,7.09588,18.1657,4.66935
0,611,1.45164e+06,4257.72,5039.13,3.38633e+06,4.34479e+06,11230.9,11799.3,437156,369421,971819,1.02107e+06,1.15699e+08,15.5936,7.09301,9.45781,9.14428
0,612,1.45142e+06,4255.37,5036.67,3.38614e+06,4.34458e+06,11225.7,11794.5,437104,369376,971778,1.02102e+06,1.15694e+08,15.5862,7.09002,19.7982,5.95161
0,613,1.4512e+06,4252.98,5034.17,3.38594e+06,4.34437e+06,11220.4,11789.6,437048,369325,971726,1.02097e+06,1.15688e+08,15.5785,7.08694,15.8877,8.11862
0,614,1.45099e+06,4250.57,5031.66,3.38576e+06,4.34416e+06,11215,11784.7,436986,369270,971660,1.0209e+06,1.15682e+08,15.5707,7.0838,19.5088,7.13594
0,615,1.45079e+06,4248.18,5029.17,3.38557e+06,4.34396e+06,11209.6,11779.7,436920,369211,971583,1.02083e+06,1.15677e+08,15.5628,7.08065,15.9621,4.63504
0,616,1.4506e+06,4245.82,5026.72,3.38539e+06,4.34376e+06,11204.2,11774.8,436850,369146,971493,1.02074e+06,1.15671e+08,15.555,7.07752,18.5126,4.69654
0,617,1.45042e+06,4243.52,5024.34,3.38521e+06,4.34357e+06,11198.9,11769.9,436775,369078,971393,1.02064e+06,1.15665e+08,15.5473,7.07445,13.5283,7.73759
0,618,1.45024e+06,4241.31,5022.05,3.38503e+06,4.34337e+06,11193.8,11765.3,436697,369006,971282,1.02053e+06,1.1566e+08,15.5398,7.07148,13.2746,0.60966
0,619,1.45006e+06,4239.21,5019.89,3.38485e+06,4.34318e+06,11189,11760.9,436615,368930,971161,1.02042e+06,1.15654e+08,15.5326,7.06864,13.0843,8.28376
0,620,1.44989e+06,4237.24,5017.86,3.38467e+06,4.34299e+06,11184.5,11756.8,436529,368852,971032,1.02029e+06,1.15649e+08,15.5259,7.06597,17.5532,5.02208
0,621,1.44973e+06,4235.42,5015.99,3.3845e+06,4.3428e+06,11180.4,11753.1,436442,368771,970896,1.02016e+06,1.15643e+08,15.5196,7.06349,23.6088,6.75287
0,622,1.44957e+06,4233.77,5014.3,3.38432e+06,4.34262e+06,11176.6,11749.7,436352,368687,970753,1.02003e+06,1.15637e+08,15.5139,7.06123,20.5896,3.67189
0,623,1.44942e+06,4232.3,5012.8,3.38415e+06,4.34243e+06,11173.4,11746.7,436261,368602,970605,1.01989e+06,1.15632e+08,15.5088,7.05922,16.8717,10.2396
0,624,1.44926e+06,4231.03,5011.5,3.38397e+06,4.34224e+06,11170.6,11744.2,436169,368516,970454,1.01975e+06,1.15626e+08,15.5044,7.05748,10.9189,8.38959
0,625,1.44911e+06,4229.96,5010.41,3.38379e+06,4.34205e+06,11168.3,11742.2,436076,368430,970300,1.0196e+06,1.15621e+08,15.5006,7.05603,18.9595,6.78517
0,626,1.44896e+06,4229.1,5009.54,3.38361e+06,4.34186e+06,11166.6,11740.7,435984,368343,970146,1.01946e+06,1.15615e+08,15.4977,7.05487,21.2437,7.52588
0,627,1.44881e+06,4228.46,5008.89,3.38343e+06,4.34167e+06,11165.5,11739.7,435892,368257,969993,1.01931e+06,1.1561e+08,15.4955,7.05402,13.4716,5.4164
0,628,1.44865e+06,4228.02,5008.45,3.38325e+06,4.34148e+06,11165,11739.2,435802,368173,969842,1.01917e+06,1.15604e+08,15.4941,7.05348,24.2524,6.18215
0,629,1.4485e+06,4227.8,5008.23,3.38306e+06,4.34128e+06,11165,11739.2,435713,368089,969694,1.01903e+06,1.15599e+08,15.4935,7.05324,24.5426,3.78383
0,630,1.44834e+06,4227.77,5008.21,3.38287e+06,4.34108e+06,11165.5,11739.8,435627,368008,969552,1.0189e+06,1.15593e+08,15.4937,7.05331,20.5812,7.14466
0,631,1.44817e+06,4227.94,5008.39,3.38267e+06,4.34087e+06,11166.6,11740.8,435543,367930,969416,1.01877e+06,1.15588e+08,15.4946,7.05367,8.65636,3.54574
0,632,1.44801e+06,4228.29,5008.75,3.38248e+06,4.34066e+06,11168.2,11742.3,435463,367854,969287,1.01865e+06,1.15583e+08,15.4962,7.05431,12.5653,7.14958
0,633,1.44783e+06,4228.81,5009.27,3.38227e+06,4.34044e+06,11170.3,11744.2,435386,367782,969167,1.01854e+06,1.15577e+08,15.4985,7.05521,7.68074,6.60447
0,634,1.44765e+06,4229.48,5009.95,3.38207e+06,4.34022e+06,11172.8,11746.4,435313,367714,969056,1.01843e+06,1.15572e+08,15.5014,7.05635,21.5888,3.33608
0,635,1.44747e+06,4230.28,5010.76,3.38186e+06,4.33999e+06,11175.7,11749.1,435244,367649,968955,1.01834e+06,1.15567e+08,15.5048,7.0577,10.7395,7.86773
0,636,1.44727e+06,4231.19,5011.67,3.38164e+06,4.33976e+06,11178.9,11752,435179,367588,968865,1.01825e+06,1.15562e+08,15.5088,7.05924,22.5684,1.98967
0,637,1.44707e+06,4232.19,5012.67,3.38142e+06,4.33952e+06,11182.4,11755.2,435118,367532,968786,1.01818e+06,1.15557e+08,15.5132,7.06093,22.0774,3.83933
0,638,1.44686e+06,4233.25,5013.72,3.38119e+06,4.33927e+06,11186.2,11758.6,435062,367480,968719,1.01811e+06,1.15551e+08,15.5179,7.06275,21.2826,7.80605
0,639,1.44664e+06,4234.35,5014.81,3.38096e+06,4.33902e+06,11190.1,11762.1,435010,367432,968663,1.01806e+06,1.15546e+08,15.5228,7.06465,12.1523,11.7147
0,640,1.44642e+06,4235.46,5015.9,3.38072e+06,4.33876e+06,11194,11765.7,434963,367389,968620,1.01801e+06,1.15541e+08,15.5279,7.0666,17.844,6.41126
0,641,1.44619e+06,4236.56,5016.97,3.38048e+06,4.3385e+06,11198,11769.2,434919,367349,968587,1.01798e+06,1.15536e+08,15.533,7.06857,13.8875,6.82533
0,642,1.44594e+06,4237.62,5018,3.38024e+06,4.33823e+06,11201.9,11772.7,434880,367314,968566,1.01796e+06,1.15531e+08,15.5381,7.07051,9.15875,7.48705
0,643,1.4457e+06,4238.61,5018.95,3.37999e+06,4.33795e+06,11205.8,11776.1,434844,367282,968555,1.01795e+06,1.15526e+08,15.543,7.07238,10.3857,3.75348
0,644,1.44544e+06,4239.52,5019.81,3.37973e+06,4.33767e+06,11209.4,11779.4,434812,367253,968554,1.01794e+06,1.15521e+08,15.5477,7.07416,16.91,7.09137
0,645,1.44518e+06,4240.31,5020.54,3.37948e+06,4.33738e+06,11212.7,11782.3,434782,367228,968562,1.01794e+06,1.15516e+08,15.5521,7.0758,16.7176,7.02496
0,646,1.44491e+06,4240.96,5021.13,3.37921e+06,4.33709e+06,11215.8,11785,434755,367205,968578,1.01796e+06,1.15511e+08,15.5561,7.07727,19.8154,8.42654
0,647,1.44464e+06,4241.47,5021.56,3.37895e+06,4.33679e+06,11218.5,11787.4,434730,367184,968600,1.01797e+06,1.15506e+08,15.5595,7.07855,9.67945,6.28206
0,648,1.44437e+06,4241.8,5021.8,3.37868e+06,4.33649e+06,11220.7,11789.3,434707,367165,968628,1.01799e+06,1.15502e+08,15.5624,7.07959,14.7465,5.19279
0,649,1.44409e+06,4241.94,5021.85,3.37841e+06,4.33619e+06,11222.5,11790.8,434685,367147,968661,1.01802e+06,1.15497e+08,15.5647,7.08038,17.5665,10.6893
0,650,1.44381e+06,4241.89,5021.7,3.37814e+06,4.33589e+06,11223.8,11791.9,434663,367129,968696,1.01805e+06,1.15492e+08,15.5663,7.0809,17.8872,7.09965
0,651,1.44352e+06,4241.62,5021.33,3.37787e+06,4.33558e+06,11224.5,11792.4,434641,367112,968733,1.01807e+06,1.15487e+08,15.5672,7.08113,11.364,8.27634
0,652,1.44324e+06,4241.14,5020.73,3.3776e+06,4.33528e+06,11224.7,11792.5,434619,367094,968770,1.0181e+06,1.15483e+08,15.5672,7.08106,10.7103,4.44428
0,653,1.44296e+06,4240.44,5019.91,3.37732e+06,4.33497e+06,11224.3,11792,434595,367075,968805,1.01813e+06,1.15478e+08,15.5665,7.08067,15.5577,9.92922
0,654,1.44268e+06,4239.52,5018.87,3.37705e+06,4.33466e+06,11223.3,11791,434569,367055,968837,1.01815e+06,1.15474e+08,15.565,7.07996,9.40724,7.63366
0,655,1.4424e+06,4238.39,5017.61,3.37678e+06,4.33435e+06,11221.7,11789.4,434542,367032,968865,1.01817e+06,1.15469e+08,15.5627,7.07894,19.4987,8.7008
0,656,1.44212e+06,4237.04,5016.13,3.37651e+06,4.33405e+06,11219.6,11787.4,434511,367007,968887,1.01819e+06,1.15465e+08,15.5596,7.07761,21.1734,8.35949
0,657,1.44185e+06,4235.5,5014.46,3.37624e+06,4.33374e+06,11216.9,11784.8,434477,366979,968902,1.0182e+06,1.1546e+08,15.5557,7.07597,21.1628,7.15107
0,658,1.44159e+06,4233.76,5012.59,3.37597e+06,4.33344e+06,11213.7,11781.8,434440,366947,968908,1.0182e+06,1.15456e+08,15.551,7.07404,19.3718,5.60178
0,659,1.44133e+06,4231.86,5010.55,3.37571e+06,4.33314e+06,11209.9,11778.3,434399,366912,968906,1.01819e+06,1.15451e+08,15.5457,7.07185,22.6921,2.03426
0,660,1.44107e+06,4229.79,5008.35,3.37544e+06,4.33284e+06,11205.8,11774.4,434353,366873,968893,1.01817e+06,1.15447e+08,15.5397,7.06941,15.2263,6.72355
0,661,1.44083e+06,4227.59,5006.02,3.37518e+06,4.33255e+06,11201.2,11770.2,434303,366829,968869,1.01814e+06,1.15443e+08,15.5332,7.06674,19.2278,7.55764
0,662,1.44059e+06,4225.28,5003.58,3.37492e+06,4.33226e+06,11196.2,11765.7,434248,366780,968834,1.01811e+06,1.15439e+08,15.5261,7.06388,13.1933,9.40647
0,663,1.44036e+06,4222.87,5001.05,3.37467e+06,4.33197e+06,11191,11760.9,434188,366727,968786,1.01806e+06,1.15435e+08,15.5186,7.06086,17.0443,6.59137
0,664,1.44014e+06,4220.39,4998.46,3.37442e+06,4.33169e+06,11185.6,11755.8,434124,366669,968726,1.018e+06,1.15431e+08,15.5107,7.05772,10.6512,5.91535
0,665,1.43993e+06,4217.88,4995.83,3.37417e+06,4.33141e+06,11179.9,11750.7,434054,366607,968653,1.01792e+06,1.15427e+08,15.5027,7.05448,14.3767,5.4301
0,666,1.43973e+06,4215.35,4993.19,3.37392e+06,4.33114e+06,11174.2,11745.5,433980,366539,968568,1.01784e+06,1.15423e+08,15.4944,7.05118,14.1607,8.16525
0,667,1.43953e+06,4212.83,4990.57,3.37367e+06,4.33087e+06,11168.5,11740.2,433901,366467,968470,1.01775e+06,1.15419e+08,15.4861,7.04787,12.0167,3.6065
0,668,1.43935e+06,4210.34,4987.99,3.37343e+06,4.3306e+06,11162.8,11735.1,433818,366391,968360,1.01764e+06,1.15415e+08,15.4778,7.04457,18.246,6.36727
0,669,1.43917e+06,4207.92,4985.48,3.37319e+06,4.33034e+06,11157.2,11730,433731,366311,968239,1.01753e+06,1.15411e+08,15.4696,7.04134,12.5563,8.32857
0,670,1.439e+06,4205.58,4983.07,3.37296e+06,4.33008e+06,11151.8,11725.1,433640,366227,968108,1.0174e+06,1.15408e+08,15.4617,7.03819,19.7142,7.63151
0,671,1.43884e+06,4203.35,4980.77,3.37272e+06,4.32982e+06,11146.6,11720.4,433545,366139,967966,1.01727e+06,1.15404e+08,15.4541,7.03518,18.5299,7.17639
0,672,1.43869e+06,4201.26,4978.62,3.37249e+06,4.32956e+06,11141.7,11716,433448,366049,967816,1.01713e+06,1.154e+08,15.4468,7.03233,21.0595,11.5542
0,673,1.43854e+06,4199.31,4976.62,3.37225e+06,4.32931e+06,11137.2,11711.9,433348,365956,967658,1.01698e+06,1.15397e+08,15.4401,7.02967,16.5832,1.50159
0,674,1.4384e+06,4197.53,4974.8,3.37202e+06,4.32906e+06,11133.1,11708.2,433246,365860,967493,1.01682e+06,1.15393e+08,15.4339,7.02724,14.6817,7.37599
0,675,1.43826e+06,4195.93,4973.17,3.37179e+06,4.32881e+06,11129.5,11705,433142,365764,967323,1.01667e+06,1.1539e+08,15.4283,7.02504,22.2051,1.35382
0,676,1.43813e+06,4194.53,4971.75,3.37156e+06,4.32855e+06,11126.3,11702.2,433038,365666,967150,1.0165e+06,1.15387e+08,15.4233,7.02312,8.06269,3.46431
0,677,1.43799e+06,4193.33,4970.53,3.37132e+06,4.3283e+06,11123.7,11699.8,432933,365568,966974,1.01634e+06,1.15383e+08,15.4191,7.02148,16.0269,6.83922
0,678,1.43787e+06,4192.35,4969.53,3.37109e+06,4.32805e+06,11121.6,11698,432829,365470,966797,1.01618e+06,1.1538e+08,15.4156,7.02013,15.0208,4.2455
0,679,1.43774e+06,4191.58,4968.76,3.37085e+06,4.32779e+06,11120.1,11696.7,432725,365372,966620,1.01601e+06,1.15376e+08,15.4129,7.0191,30.873,8.65939
0,680,1.43761e+06,4191.02,4968.21,3.37061e+06,4.32754e+06,11119.2,11695.9,432623,365276,966446,1.01585e+06,1.15373e+08,15.411,7.01837,23.9805,4.07243
0,681,1.43748e+06,4190.68,4967.87,3.37037e+06,4.32728e+06,11118.8,11695.6,432522,365181,966275,1.01569e+06,1.1537e+08,15.4099,7.01795,17.2662,4.27328
0,682,1.43735e+06,4190.54,4967.74,3.37013e+06,4.32701e+06,11118.9,11695.8,432424,365089,966109,1.01554e+06,1.15367e+08,15.4096,7.01784,21.3299,5.36736
0,683,1.43722e+06,4190.61,4967.82,3.36988e+06,4.32675e+06,11119.7,11696.5,432329,364999,965949,1.01539e+06,1.15363e+08,15.41,7.01803,12.0126,5.31681
0,684,1.43708e+06,4190.86,4968.09,3.36963e+06,4.32648e+06,11120.9,11697.7,432237,364912,965796,1.01525e+06,1.1536e+08,15.4111,7.0185,17.6478,6.28854
0,685,1.43694e+06,4191.28,4968.53,3.36938e+06,4.3262e+06,11122.6,11699.3,432148,364829,965651,1.01512e+06,1.15357e+08,15.4129,7.01924,16.055,7.57613
0,686,1.4368e+06,4191.86,4969.12,3.36912e+06,4.32592e+06,11124.8,11701.3,432064,364749,965515,1.01499e+06,1.15354e+08,15.4154,7.02022,9.36427,8.09689
0,687,1.43665e+06,4192.58,4969.86,3.36885e+06,4.32563e+06,11127.3,11703.7,431983,364673,965390,1.01488e+06,1.15351e+08,15.4185,7.02143,15.4675,6.49848
0,688,1.43649e+06,4193.41,4970.71,3.36859e+06,4.32534e+06,11130.3,11706.4,431908,364602,965275,1.01477e+06,1.15348e+08,15.422,7.02283,15.3324,10.7994
0,689,1.43633e+06,4194.35,4971.65,3.36831e+06,4.32504e+06,11133.5,11709.3,431836,364535,965172,1.01467e+06,1.15345e+08,15.426,7.02439,15.378,10.428
0,690,1.43616e+06,4195.35,4972.66,3.36804e+06,4.32474e+06,11136.9,11712.4,431769,364473,965080,1.01459e+06,1.15342e+08,15.4303,7.02608,14.6056,10.8494
0,691,1.43598e+06,4196.4,4973.71,3.36776e+06,4.32443e+06,11140.5,11715.7,431707,364415,965000,1.01452e+06,1.15339e+08,15.4349,7.02787,16.3845,6.30784
0,692,1.4358e+06,4197.47,4974.77,3.36747e+06,4.32412e+06,11144.2,11719.1,431650,364361,964931,1.01445e+06,1.15336e+08,15.4396,7.02972,17.9379,3.53869
0,693,1.43561e+06,4198.54,4975.83,3.36718e+06,4.3238e+06,11148,11722.5,431597,364312,964874,1.0144e+06,1.15333e+08,15.4445,7.03159,9.06508,3.9747
0,694,1.43541e+06,4199.57,4976.84,3.36688e+06,4.32347e+06,11151.7,11725.8,431548,364266,964829,1.01436e+06,1.1533e+08,15.4493,7.03344,19.1835,8.85264
0,695,1.43521e+06,4200.55,4977.8,3.36658e+06,4.32314e+06,11155.3,11729,431503,364225,964794,1.01432e+06,1.15327e+08,15.454,7.03525,16.571,12.0165
0,696,1.435e+06,4201.45,4978.66,3.36628e+06,4.3228e+06,11158.7,11732.1,431461,364188,964769,1.0143e+06,1.15324e+08,15.4585,7.03696,13.5578,8.24765
0,697,1.43479e+06,4202.25,4979.42,3.36597e+06,4.32246e+06,11161.9,11735,431423,364153,964753,1.01428e+06,1.15321e+08,15.4626,7.03855,14.8896,1.75299
0,698,1.43457e+06,4202.92,4980.04,3.36566e+06,4.32212e+06,11164.7,11737.5,431388,364122,964746,1.01428e+06,1.15318e+08,15.4664,7.03998,20.1853,6.2178
0,699,1.43435e+06,4203.45,4980.5,3.36535e+06,4.32177e+06,11167.3,11739.8,431355,364093,964745,1.01427e+06,1.15315e+08,15.4698,7.04122,10.4791,4.11715
0,700,1.43412e+06,4203.81,4980.8,3.36504e+06,4.32142e+06,11169.4,11741.6,431325,364066,964751,1.01428e+06,1.15313e+08,15.4726,7.04224,12.0444,9.76977
0,701,1.43389e+06,4203.99,4980.91,3.36472e+06,4.32106e+06,11171.1,11743.1,431295,364040,964761,1.01428e+06,1.1531e+08,15.4748,7.04303,15.4551,7.67395
0,702,1.43366e+06,4203.99,4980.82,3.3644e+06,4.32071e+06,11172.2,11744,431267,364016,964775,1.01429e+06,1.15307e+08,15.4763,7.04354,12.3548,8.40472
0,703,1.43343e+06,4203.78,4980.52,3.36408e+06,4.32035e+06,11172.9,11744.5,431238,363992,964790,1.01431e+06,1.15304e+08,15.4771,7.04378,14.8865,6.52512
0,704,1.4332e+06,4203.37,4980.01,3.36376e+06,4.31999e+06,11173,11744.5,431210,363968,964806,1.01432e+06,1.15302e+08,15.4772,7.04371,16.6687,4.24568
0,705,1.43297e+06,4202.74,4979.28,3.36344e+06,4.31963e+06,11172.5,11744,431181,363943,964820,1.01433e+06,1.15299e+08,15.4765,7.04334,14.2465,2.1946
0,706,1.43274e+06,4201.9,4978.33,3.36312e+06,4.31927e+06,11171.5,11743,431150,363917,964833,1.01434e+06,1.15296e+08,15.475,7.04266,19.2383,6.42996
0,707,1.43252e+06,4200.85,4977.17,3.3628e+06,4.31892e+06,11169.9,11741.4,431118,363889,964841,1.01434e+06,1.15294e+08,15.4727,7.04167,12.9003,7.43461
0,708,1.4323e+06,4199.59,4975.8,3.36249e+06,4.31856e+06,11167.7,11739.4,431083,363859,964844,1.01434e+06,1.15291e+08,15.4696,7.04038,18.0584,11.0947
0,709,1.43208e+06,4198.14,4974.23,3.36217e+06,4.31821e+06,11164.9,11736.8,431045,363826,964841,1.01434e+06,1.15289e+08,15.4658,7.03878,11.7016,7.81809
0,710,1.43187e+06,4196.5,4972.47,3.36186e+06,4.31785e+06,11161.7,11733.8,431004,363791,964830,1.01432e+06,1.15287e+08,15.4612,7.0369,13.9856,3.32463
0,711,1.43167e+06,4194.7,4970.55,3.36155e+06,4.31751e+06,11157.9,11730.3,430960,363752,964810,1.0143e+06,1.15284e+08,15.4559,7.03475,13.7889,7.29213
0,712,1.43147e+06,4192.74,4968.47,3.36124e+06,4.31716e+06,11153.8,11726.4,430912,363709,964780,1.01427e+06,1.15282e+08,15.45,7.03236,13.0913,5.08092
0,713,1.43128e+06,4190.64,4966.26,3.36093e+06,4.31682e+06,11149.2,11722.2,430860,363662,964740,1.01423e+06,1.1528e+08,15.4436,7.02975,14.9453,3.63552
0,714,1.4311e+06,4188.43,4963.94,3.36063e+06,4.31648e+06,11144.2,11717.6,430803,363611,964689,1.01418e+06,1.15277e+08,15.4366,7.02694,12.9778,1.59484
0,715,1.43093e+06,4186.13,4961.53,3.36033e+06,4.31615e+06,11139,11712.8,430742,363556,964626,1.01412e+06,1.15275e+08,15.4292,7.02397,16.6864,14.3221
0,716,1.43077e+06,4183.77,4959.06,3.36004e+06,4.31582e+06,11133.5,11707.8,430676,363497,964551,1.01405e+06,1.15273e+08,15.4214,7.02087,10.2724,11.6516
0,717,1.43062e+06,4181.36,4956.55,3.35974e+06,4.31549e+06,11127.8,11702.7,430606,363432,964464,1.01396e+06,1.15271e+08,15.4134,7.01768,26.2783,10.5838
0,718,1.43047e+06,4178.93,4954.03,3.35945e+06,4.31517e+06,11122.1,11697.4,430532,363364,964364,1.01387e+06,1.15269e+08,15.4052,7.01443,13.1558,7.11175
0,719,1.43034e+06,4176.51,4951.53,3.35917e+06,4.31486e+06,11116.3,11692.2,430453,363291,964253,1.01377e+06,1.15267e+08,15.397,7.01115,15.1625,8.41987
0,720,1.43021e+06,4174.13,4949.07,3.35888e+06,4.31455e+06,11110.5,11686.9,430370,363215,964130,1.01365e+06,1.15265e+08,15.3888,7.0079,12.8249,12.2924
0,721,1.43009e+06,4171.81,4946.67,3.3586e+06,4.31424e+06,11104.9,11681.8,430283,363134,963996,1.01352e+06,1.15263e+08,15.3806,7.0047,20.7589,7.89251
0,722,1.42998e+06,4169.57,4944.37,3.35832e+06,4.31393e+06,11099.4,11676.9,430193,363050,963851,1.01339e+06,1.15261e+08,15.3728,7.00159,15.3346,11.1033
0,723,1.42988e+06,4167.44,4942.19,3.35805e+06,4.31363e+06,11094.2,11672.1,430100,362963,963697,1.01325e+06,1.15259e+08,15.3652,6.9986,13.9657,3.70158
0,724,1.42979e+06,4165.44,4940.14,3.35777e+06,4.31333e+06,11089.3,11667.7,430004,362873,963534,1.0131e+06,1.15258e+08,15.358,6.99578,18.7916,9.38559
0,725,1.4297e+06,4163.59,4938.25,3.3575e+06,4.31303e+06,11084.7,11663.6,429905,362781,963364,1.01294e+06,1.15256e+08,15.3512,6.99314,18.5835,8.42019
0,726,1.42962e+06,4161.9,4936.53,3.35723e+06,4.31274e+06,11080.5,11659.8,429805,362687,963188,1.01278e+06,1.15254e+08,15.345,6.99072,13.3733,2.36408
0,727,1.42954e+06,4160.39,4935.01,3.35696e+06,4.31244e+06,11076.7,11656.5,429704,362592,963006,1.01261e+06,1.15253e+08,15.3394,6.98854,13.0807,1.92058
0,728,1.42947e+06,4159.07,4933.68,3.35668e+06,4.31215e+06,11073.5,11653.6,429602,362495,962821,1.01244e+06,1.15251e+08,15.3345,6.98662,11.3695,10.3665
0,729,1.4294e+06,4157.96,4932.57,3.35641e+06,4.31186e+06,11070.8,11651.2,429500,362399,962634,1.01227e+06,1.15249e+08,15.3302,6.98499,14.1944,6.79239
0,730,1.42934e+06,4157.06,4931.67,3.35614e+06,4.31157e+06,11068.6,11649.2,429398,362303,962445,1.01209e+06,1.15248e+08,15.3267,6.98365,11.3775,5.54009
0,731,1.42927e+06,4156.37,4930.99,3.35587e+06,4.31127e+06,11066.9,11647.8,429298,362207,962258,1.01192e+06,1.15246e+08,15.324,6.98262,15.3464,9.22315
0,732,1.42921e+06,4155.89,4930.54,3.35559e+06,4.31098e+06,11065.9,11646.9,429198,362113,962072,1.01175e+06,1.15245e+08,15.322,6.98189,16.8248,3.82462
0,733,1.42914e+06,4155.63,4930.3,3.35531e+06,4.31068e+06,11065.4,11646.5,429101,362021,961890,1.01159e+06,1.15243e+08,15.3209,6.98148,18.4252,4.59525
0,734,1.42908e+06,4155.58,4930.27,3.35503e+06,4.31038e+06,11065.4,11646.7,429007,361931,961713,1.01142e+06,1.15242e+08,15.3205,6.98137,18.529,11.089
0,735,1.42901e+06,4155.72,4930.45,3.35475e+06,4.31007e+06,11066,11647.3,428915,361844,961542,1.01127e+06,1.1524e+08,15.3209,6.98156,19.0665,9.75485
0,736,1.42894e+06,4156.05,4930.81,3.35447e+06,4.30977e+06,11067.1,11648.4,428827,361760,961378,1.01112e+06,1.15239e+08,15.322,6.98203,18.099,14.1696
0,737,1.42887e+06,4156.56,4931.36,3.35418e+06,4.30945e+06,11068.7,11649.9,428743,361679,961222,1.01098e+06,1.15238e+08,15.3238,6.98278,16.9661,7.35154
0,738,1.42879e+06,4157.23,4932.06,3.35388e+06,4.30914e+06,11070.8,11651.8,428662,361603,961076,1.01084e+06,1.15236e+08,15.3262,6.98377,11.4914,8.2516
0,739,1.4287e+06,4158.04,4932.91,3.35359e+06,4.30882e+06,11073.3,11654.1,428586,361530,960940,1.01072e+06,1.15235e+08,15.3293,6.98499,16.1559,5.10972
0,740,1.42861e+06,4158.97,4933.87,3.35329e+06,4.30849e+06,11076.1,11656.8,428515,361462,960814,1.01061e+06,1.15233e+08,15.3328,6.98641,14.5952,7.23869
0,741,1.42852e+06,4160,4934.93,3.35298e+06,4.30816e+06,11079.2,11659.6,428448,361399,960701,1.0105e+06,1.15232e+08,15.3368,6.98799,11.484,12.5195
0,742,1.42842e+06,4161.1,4936.06,3.35267e+06,4.30783e+06,11082.6,11662.7,428387,361340,960598,1.01041e+06,1.15231e+08,15.3411,6.98971,18.0771,6.3179
0,743,1.42831e+06,4162.26,4937.24,3.35236e+06,4.30749e+06,11086.1,11666,428330,361286,960508,1.01033e+06,1.15229e+08,15.3458,6.99154,13.1805,7.51516
0,744,1.42819e+06,4163.44,4938.44,3.35204e+06,4.30714e+06,11089.8,11669.3,428277,361237,960430,1.01026e+06,1.15228e+08,15.3506,6.99342,15.6523,4.96414
0,745,1.42807e+06,4164.62,4939.63,3.35172e+06,4.30679e+06,11093.5,11672.7,428230,361192,960363,1.0102e+06,1.15227e+08,15.3555,6.99534,14.6046,11.6904
0,746,1.42795e+06,4165.78,4940.79,3.35139e+06,4.30643e+06,11097.1,11676,428186,361151,960308,1.01015e+06,1.15226e+08,15.3604,6.99725,19.2591,7.02319
0,747,1.42781e+06,4166.89,4941.9,3.35107e+06,4.30607e+06,11100.7,11679.2,428147,361114,960264,1.01011e+06,1.15224e+08,15.3651,6.99912,18.3789,1.97242
0,748,1.42767e+06,4167.92,4942.92,3.35073e+06,4.30571e+06,11104.1,11682.3,428112,361082,960230,1.01008e+06,1.15223e+08,15.3698,7.0009,20.0919,7.98265
0,749,1.42753e+06,4168.86,4943.83,3.3504e+06,4.30534e+06,11107.3,11685.2,428081,361052,960206,1.01006e+06,1.15222e+08,15.3741,7.00256,9.33937,11.9254
0,750,1.42738e+06,4169.68,4944.62,3.35006e+06,4.30496e+06,11110.3,11687.8,428052,361026,960190,1.01004e+06,1.15221e+08,15.3781,7.00408,13.3873,13.148
0,751,1.42722e+06,4170.35,4945.26,3.34972e+06,4.30459e+06,11112.8,11690.1,428026,361003,960182,1.01004e+06,1.15219e+08,15.3816,7.00541,14.7112,10.4612
0,752,1.42707e+06,4170.87,4945.74,3.34938e+06,4.30421e+06,11115,11692,428003,360982,960180,1.01003e+06,1.15218e+08,15.3846,7.00654,23.2826,7.04992
0,753,1.42691e+06,4171.22,4946.03,3.34903e+06,4.30383e+06,11116.7,11693.5,427981,360962,960183,1.01004e+06,1.15217e+08,15.387,7.00742,12.8757,8.54312
0,754,1.42674e+06,4171.38,4946.13,3.34869e+06,4.30344e+06,11118,11694.6,427960,360944,960190,1.01004e+06,1.15216e+08,15.3887,7.00805,8.88698,7.67804
0,755,1.42658e+06,4171.35,4946.02,3.34834e+06,4.30306e+06,11118.7,11695.2,427940,360927,960199,1.01005e+06,1.15215e+08,15.3898,7.0084,15.4315,4.65071
0,756,1.42642e+06,4171.11,4945.71,3.348e+06,4.30268e+06,11118.9,11695.3,427920,360909,960209,1.01006e+06,1.15214e+08,15.3901,7.00846,12.4651,9.59497
0,757,1.42626e+06,4170.66,4945.18,3.34765e+06,4.30229e+06,11118.6,11694.9,427899,360892,960218,1.01007e+06,1.15213e+08,15.3897,7.00822,18.7487,7.53823
0,758,1.4261e+06,4170,4944.44,3.34731e+06,4.30191e+06,11117.6,11694,427877,360873,960226,1.01007e+06,1.15212e+08,15.3885,7.00768,14.9774,10.6922
0,759,1.42594e+06,4169.14,4943.48,3.34697e+06,4.30153e+06,11116.1,11692.5,427854,360853,960230,1.01007e+06,1.15211e+08,15.3865,7.00682,9.74378,8.87887
0,760,1.42579e+06,4168.07,4942.32,3.34663e+06,4.30115e+06,11114.1,11690.6,427829,360831,960229,1.01007e+06,1.1521e+08,15.3838,7.00567,11.8283,6.27692
0,761,1.42564e+06,4166.81,4940.96,3.34629e+06,4.30077e+06,11111.5,11688.2,427801,360806,960223,1.01007e+06,1.15209e+08,15.3802,7.00421,12.3577,6.86757
0,762,1.4255e+06,4165.36,4939.41,3.34595e+06,4.3004e+06,11108.4,11685.3,427770,360779,960209,1.01005e+06,1.15208e+08,15.376,7.00247,21.5143,4.11703
0,763,1.42536e+06,4163.75,4937.7,3.34562e+06,4.30003e+06,11104.8,11681.9,427736,360749,960187,1.01003e+06,1.15207e+08,15.3711,7.00047,12.3761,10.8056
0,764,1.42524e+06,4161.98,4935.83,3.34529e+06,4.29966e+06,11100.7,11678.2,427698,360715,960155,1.01e+06,1.15207e+08,15.3655,6.99822,9.80865,4.9545
0,765,1.42511e+06,4160.08,4933.83,3.34496e+06,4.2993e+06,11096.2,11674.1,427657,360678,960114,1.00996e+06,1.15206e+08,15.3594,6.99575,19.1706,5.23092
0,766,1.425e+06,4158.06,4931.72,3.34463e+06,4.29894e+06,11091.4,11669.6,427611,360636,960061,1.00991e+06,1.15205e+08,15.3527,6.99308,14.3838,3.96247
0,767,1.4249e+06,4155.94,4929.51,3.34431e+06,4.29859e+06,11086.3,11664.9,427561,360591,959997,1.00985e+06,1.15205e+08,15.3456,6.99024,12.5577,9.03821
0,768,1.4248e+06,4153.76,4927.24,3.344e+06,4.29824e+06,11080.9,11660,427507,360541,959922,1.00978e+06,1.15204e+08,15.3382,6.98728,12.5951,13.001
0,769,1.42471e+06,4151.54,4924.93,3.34368e+06,4.29789e+06,11075.4,11655,427448,360487,959835,1.0097e+06,1.15203e+08,15.3305,6.98422,15.9475,6.53628
0,770,1.42464e+06,4149.29,4922.61,3.34337e+06,4.29756e+06,11069.7,11649.8,427386,360429,959736,1.0096e+06,1.15203e+08,15.3226,6.98109,10.0049,5.8557
0,771,1.42457e+06,4147.05,4920.3,3.34307e+06,4.29722e+06,11064.1,11644.7,427319,360367,959625,1.0095e+06,1.15202e+08,15.3146,6.97794,11.8149,8.02664
0,772,1.42451e+06,4144.84,4918.03,3.34277e+06,4.29689e+06,11058.4,11639.5,427248,360300,959503,1.00939e+06,1.15202e+08,15.3067,6.9748,18.3771,9.49739
0,773,1.42446e+06,4142.69,4915.82,3.34247e+06,4.29657e+06,11052.8,11634.5,427173,360231,959370,1.00927e+06,1.15201e+08,15.2988,6.97171,17.2126,10.11
0,774,1.42441e+06,4140.62,4913.7,3.34217e+06,4.29624e+06,11047.5,11629.6,427096,360157,959227,1.00913e+06,1.15201e+08,15.2912,6.96871,18.4034,10.052
0,775,1.42438e+06,4138.65,4911.7,3.34188e+06,4.29593e+06,11042.3,11624.9,427015,360081,959074,1.00899e+06,1.15201e+08,15.2838,6.96583,15.37,2.84473
0,776,1.42435e+06,4136.8,4909.82,3.34159e+06,4.29561e+06,11037.4,11620.5,426931,360002,958913,1.00884e+06,1.152e+08,15.2768,6.9631,19.5702,3.61102
0,777,1.42433e+06,4135.1,4908.1,3.3413e+06,4.2953e+06,11032.9,11616.4,426845,359921,958745,1.00869e+06,1.152e+08,15.2703,6.96055,11.9025,9.67241
0,778,1.42431e+06,4133.56,4906.55,3.34101e+06,4.29499e+06,11028.7,11612.7,426758,359838,958570,1.00853e+06,1.152e+08,15.2643,6.95822,14.4637,6.00528
0,779,1.4243e+06,4132.2,4905.18,3.34072e+06,4.29469e+06,11025,11609.4,426670,359754,958391,1.00837e+06,1.152e+08,15.2588,6.95612,15.0554,5.59996
0,780,1.4243e+06,4131.03,4904.02,3.34044e+06,4.29438e+06,11021.8,11606.5,426581,359669,958207,1.0082e+06,1.152e+08,15.2541,6.95428,13.0425,12.8029
0,781,1.4243e+06,4130.05,4903.06,3.34015e+06,4.29407e+06,11019,11604.1,426491,359584,958022,1.00803e+06,1.15199e+08,15.25,6.95272,19.0146,4.58489
0,782,1.4243e+06,4129.29,4902.31,3.33986e+06,4.29377e+06,11016.9,11602.2,426403,359499,957836,1.00786e+06,1.15199e+08,15.2466,6.95145,15.1056,9.74825
0,783,1.4243e+06,4128.73,4901.79,3.33958e+06,4.29346e+06,11015.2,11600.8,426315,359415,957650,1.00769e+06,1.15199e+08,15.2441,6.95049,8.42178,5.12558
0,784,1.4243e+06,4128.39,4901.48,3.33929e+06,4.29316e+06,11014.1,11599.9,426229,359332,957467,1.00752e+06,1.15199e+08,15.2422,6.94983,13.7325,6.57058
0,785,1.4243e+06,4128.26,4901.39,3.339e+06,4.29285e+06,11013.6,11599.5,426144,359252,957286,1.00736e+06,1.15199e+08,15.2412,6.94948,12.8763,9.38845
0,786,1.4243e+06,4128.34,4901.52,3.33871e+06,4.29254e+06,11013.7,11599.7,426063,359173,957111,1.0072e+06,1.15199e+08,15.241,6.94943,18.6901,3.43132
0,787,1.4243e+06,4128.61,4901.84,3.33842e+06,4.29223e+06,11014.3,11600.3,425984,359097,956941,1.00705e+06,1.15199e+08,15.2415,6.94968,9.59447,0.999961
0,788,1.4243e+06,4129.08,4902.36,3.33812e+06,4.29192e+06,11015.4,11601.4,425909,359025,956779,1.0069e+06,1.15199e+08,15.2427,6.95022,18.703,3.22415
0,789,1.42429e+06,4129.72,4903.06,3.33782e+06,4.2916e+06,11017,11602.9,425838,358956,956626,1.00676e+06,1.15199e+08,15.2446,6.95103,9.61776,13.4636
0,790,1.42428e+06,4130.52,4903.91,3.33752e+06,4.29128e+06,11019.1,11604.9,425770,358891,956481,1.00663e+06,1.15199e+08,15.2472,6.95209,16.085,9.2672
0,791,1.42426e+06,4131.46,4904.91,3.33722e+06,4.29095e+06,11021.5,11607.2,425707,358830,956347,1.00651e+06,1.15199e+08,15.2504,6.95338,16.9998,9.74976
0,792,1.42424e+06,4132.53,4906.03,3.33691e+06,4.29062e+06,11024.4,11609.8,425649,358774,956223,1.0064e+06,1.15199e+08,15.2541,6.95487,19.0582,8.1453
0,793,1.42421e+06,4133.7,4907.25,3.3366e+06,4.29029e+06,11027.5,11612.7,425596,358722,956111,1.0063e+06,1.15199e+08,15.2582,6.95653,14.4774,9.21992
0,794,1.42417e+06,4134.95,4908.55,3.33628e+06,4.28995e+06,11030.9,11615.8,425547,358674,956011,1.00621e+06,1.15199e+08,15.2627,6.95834,19.3091,5.33311
0,795,1.42413e+06,4136.25,4909.89,3.33596e+06,4.2896e+06,11034.5,11619.1,425503,358632,955922,1.00613e+06,1.15199e+08,15.2675,6.96025,17.5225,8.87812
0,796,1.42408e+06,4137.58,4911.26,3.33564e+06,4.28925e+06,11038.2,11622.5,425464,358594,955846,1.00606e+06,1.15199e+08,15.2725,6.96223,13.2427,6.62919
0,797,1.42403e+06,4138.92,4912.63,3.33531e+06,4.2889e+06,11041.9,11625.9,425430,358561,955781,1.006e+06,1.15199e+08,15.2776,6.96424,14.8319,4.47478
0,798,1.42396e+06,4140.24,4913.97,3.33498e+06,4.28854e+06,11045.7,11629.3,425400,358532,955729,1.00596e+06,1.15199e+08,15.2827,6.96626,15.2501,7.34464
0,799,1.4239e+06,4141.51,4915.26,3.33465e+06,4.28818e+06,11049.4,11632.7,425374,358507,955687,1.00592e+06,1.15199e+08,15.2878,6.96823,21.4178,9.88193
0,800,1.42382e+06,4142.71,4916.47,3.33431e+06,4.28782e+06,11052.9,11635.9,425353,358486,955656,1.00589e+06,1.15199e+08,15.2926,6.97013,11.3332,7.37925
0,801,1.42374e+06,4143.82,4917.58,3.33398e+06,4.28745e+06,11056.2,11638.8,425335,358469,955634,1.00588e+06,1.15199e+08,15.2972,6.97192,21.518,7.66617
0,802,1.42366e+06,4144.81,4918.57,3.33364e+06,4.28708e+06,11059.2,11641.6,425320,358455,955621,1.00586e+06,1.15199e+08,15.3015,6.97356,11.1129,8.71507
0,803,1.42357e+06,4145.67,4919.41,3.33329e+06,4.2867e+06,11061.9,11644,425308,358444,955616,1.00586e+06,1.15199e+08,15.3053,6.97503,12.4595,10.0628
0,804,1.42348e+06,4146.37,4920.09,3.33295e+06,4.28632e+06,11064.2,11646,425299,358435,955618,1.00586e+06,1.15199e+08,15.3086,6.9763,13.3094,7.82638
0,805,1.42338e+06,4146.91,4920.59,3.3326e+06,4.28595e+06,11066.1,11647.7,425291,358428,955625,1.00587e+06,1.152e+08,15.3114,6.97733,8.97017,8.66258
0,806,1.42329e+06,4147.26,4920.91,3.33226e+06,4.28557e+06,11067.5,11648.9,425284,358423,955636,1.00588e+06,1.152e+08,15.3135,6.97812,7.85062,10.3002
0,807,1.42319e+06,4147.42,4921.02,3.33191e+06,4.28519e+06,11068.4,11649.7,425279,358418,955650,1.00589e+06,1.152e+08,15.3149,6.97863,18.652,4.79761
0,808,1.42309e+06,4147.38,4920.92,3.33157e+06,4.28481e+06,11068.8,11650,425273,358414,955664,1.00591e+06,1.152e+08,15.3156,6.97885,13.6803,6.08209
0,809,1.42299e+06,4147.13,4920.61,3.33122e+06,4.28443e+06,11068.6,11649.7,425267,358409,955679,1.00592e+06,1.152e+08,15.3156,6.97878,19.232,8.62497
0,810,1.4229e+06,4146.68,4920.09,3.33088e+06,4.28405e+06,11067.9,11649,425260,358403,955692,1.00593e+06,1.15201e+08,15.3148,6.9784,14.849,7.45946
0,811,1.4228e+06,4146.02,4919.36,3.33054e+06,4.28367e+06,11066.6,11647.8,425252,358397,955702,1.00594e+06,1.15201e+08,15.3132,6.97772,16.5208,7.34764
0,812,1.42271e+06,4145.16,4918.42,3.3302e+06,4.2833e+06,11064.8,11646,425242,358388,955708,1.00595e+06,1.15201e+08,15.3109,6.97673,24.2196,3.99759
0,813,1.42263e+06,4144.1,4917.29,3.32986e+06,4.28293e+06,11062.4,11643.8,425229,358377,955708,1.00595e+06,1.15201e+08,15.3078,6.97545,21.1137,10.1198
0,814,1.42255e+06,4142.86,4915.96,3.32953e+06,4.28256e+06,11059.5,11641,425214,358364,955702,1.00594e+06,1.15202e+08,15.3039,6.97389,17.7055,9.87893
0,815,1.42247e+06,4141.45,4914.47,3.3292e+06,4.2822e+06,11056.1,11637.9,425195,358348,955687,1.00592e+06,1.15202e+08,15.2994,6.97206,16.2363,7.90741
0,816,1.4224e+06,4139.88,4912.82,3.32887e+06,4.28184e+06,11052.2,11634.3,425173,358328,955663,1.0059e+06,1.15203e+08,15.2943,6.96998,25.1227,5.32205
0,817,1.42234e+06,4138.18,4911.04,3.32855e+06,4.28148e+06,11048,11630.4,425148,358304,955630,1.00587e+06,1.15203e+08,15.2885,6.96768,21.5757,8.18393
0,818,1.42229e+06,4136.36,4909.14,3.32823e+06,4.28113e+06,11043.3,11626.1,425118,358277,955586,1.00583e+06,1.15204e+08,15.2823,6.96518,13.1489,9.00466
0,819,1.42225e+06,4134.45,4907.15,3.32791e+06,4.28079e+06,11038.4,11621.6,425084,358246,955531,1.00578e+06,1.15204e+08,15.2756,6.96251,18.3343,4.35191
0,820,1.42221e+06,4132.46,4905.09,3.3276e+06,4.28045e+06,11033.2,11616.9,425046,358210,955465,1.00572e+06,1.15205e+08,15.2685,6.95971,19.9314,6.74649
0,821,1.42218e+06,4130.42,4902.98,3.32729e+06,4.28011e+06,11027.9,11612,425003,358171,955387,1.00564e+06,1.15205e+08,15.2612,6.9568,16.4307,5.60201
0,822,1.42216e+06,4128.36,4900.86,3.32699e+06,4.27979e+06,11022.4,11607,424957,358127,955297,1.00556e+06,1.15206e+08,15.2537,6.95383,18.1738,16.1215
0,823,1.42215e+06,4126.31,4898.75,3.32669e+06,4.27946e+06,11016.9,11602,424906,358080,955196,1.00547e+06,1.15207e+08,15.2461,6.95083,20.0209,8.90037
0,824,1.42215e+06,4124.28,4896.67,3.32639e+06,4.27914e+06,11011.4,11597,424851,358028,955084,1.00536e+06,1.15207e+08,15.2385,6.94783,13.8431,3.08086
0,825,1.42216e+06,4122.3,4894.65,3.3261e+06,4.27883e+06,11006,11592.1,424793,357973,954961,1.00525e+06,1.15208e+08,15.231,6.94488,17.8034,3.51893
0,826,1.42218e+06,4120.39,4892.72,3.32581e+06,4.27852e+06,11000.7,11587.3,424732,357914,954828,1.00513e+06,1.15209e+08,15.2236,6.942,12.0388,8.10248
0,827,1.4222e+06,4118.59,4890.89,3.32553e+06,4.27822e+06,10995.7,11582.8,424667,357853,954685,1.005e+06,1.1521e+08,15.2166,6.93925,16.2354,7.21947
0,828,1.42223e+06,4116.91,4889.19,3.32524e+06,4.27791e+06,10990.9,11578.5,424600,357789,954534,1.00486e+06,1.1521e+08,15.2099,6.93663,15.7606,6.80598
0,829,1.42227e+06,4115.36,4887.64,3.32496e+06,4.27762e+06,10986.5,11574.5,424530,357722,954376,1.00471e+06,1.15211e+08,15.2036,6.9342,14.5743,7.60994
0,830,1.42231e+06,4113.98,4886.25,3.32469e+06,4.27732e+06,10982.4,11570.8,424459,357654,954212,1.00456e+06,1.15212e+08,15.1979,6.93198,13.33,8.47937
0,831,1.42236e+06,4112.76,4885.05,3.32441e+06,4.27703e+06,10978.8,11567.6,424387,357584,954042,1.00441e+06,1.15213e+08,15.1927,6.92999,21.3909,8.07892
0,832,1.42241e+06,4111.74,4884.05,3.32413e+06,4.27674e+06,10975.7,11564.8,424314,357514,953869,1.00425e+06,1.15214e+08,15.1882,6.92825,14.5032,2.24149
0,833,1.42246e+06,4110.91,4883.24,3.32386e+06,4.27645e+06,10973,11562.5,424241,357443,953694,1.00409e+06,1.15215e+08,15.1843,6.92678,17.7936,10.7635
0,834,1.42252e+06,4110.28,4882.66,3.32359e+06,4.27616e+06,10970.9,11560.6,424168,357373,953517,1.00393e+06,1.15216e+08,15.1812,6.92561,20.2674,3.59714
0,835,1.42258e+06,4109.86,4882.28,3.32331e+06,4.27587e+06,10969.3,11559.3,424096,357303,953342,1.00377e+06,1.15217e+08,15.1788,6.92473,20.2051,8.43911
0,836,1.42264e+06,4109.66,4882.13,3.32304e+06,4.27559e+06,10968.3,11558.4,424026,357235,953168,1.00361e+06,1.15218e+08,15.1772,6.92416,12.2136,5.47201
0,837,1.4227e+06,4109.66,4882.19,3.32276e+06,4.2753e+06,10967.9,11558.1,423957,357168,952997,1.00346e+06,1.15219e+08,15.1763,6.92389,14.1111,8.29089
0,838,1.42276e+06,4109.87,4882.46,3.32248e+06,4.27501e+06,10968,11558.3,423891,357104,952831,1.00331e+06,1.1522e+08,15.1763,6.92393,7.53333,2.3146
0,839,1.42281e+06,4110.28,4882.94,3.3222e+06,4.27471e+06,10968.6,11559,423828,357042,952671,1.00316e+06,1.15221e+08,15.177,6.92427,9.98919,6.3663
0,840,1.42287e+06,4110.88,4883.61,3.32192e+06,4.27442e+06,10969.8,11560.1,423769,356984,952518,1.00303e+06,1.15222e+08,15.1784,6.9249,11.1351,10.6167
0,841,1.42292e+06,4111.66,4884.45,3.32164e+06,4.27412e+06,10971.5,11561.7,423713,356929,952374,1.0029e+06,1.15223e+08,15.1805,6.92579,14.8364,3.96119
0,842,1.42296e+06,4112.59,4885.46,3.32135e+06,4.27382e+06,10973.6,11563.7,423661,356878,952238,1.00277e+06,1.15224e+08,15.1833,6.92694,13.7785,8.26507
0,843,1.423e+06,4113.67,4886.61,3.32107e+06,4.27352e+06,10976.1,11566.1,423613,356831,952113,1.00266e+06,1.15225e+08,15.1867,6.92832,11.8228,7.71436
0,844,1.42303e+06,4114.88,4887.89,3.32077e+06,4.27321e+06,10979,11568.8,423570,356788,951998,1.00256e+06,1.15226e+08,15.1906,6.9299,14.56,7.92446
0,845,1.42306e+06,4116.19,4889.27,3.32048e+06,4.2729e+06,10982.3,11571.8,423532,356750,951895,1.00247e+06,1.15227e+08,15.1949,6.93166,14.7028,5.33546
0,846,1.42308e+06,4117.58,4890.73,3.32018e+06,4.27258e+06,10985.7,11575,423499,356716,951804,1.00239e+06,1.15228e+08,15.1997,6.93357,18.2174,4.07777
0,847,1.4231e+06,4119.03,4892.24,3.31988e+06,4.27226e+06,10989.4,11578.3,423470,356688,951724,1.00231e+06,1.15229e+08,15.2047,6.93559,15.6678,5.1195
0,848,1.4231e+06,4120.52,4893.78,3.31958e+06,4.27194e+06,10993.2,11581.8,423446,356664,951657,1.00226e+06,1.1523e+08,15.2099,6.93768,10.0611,9.91829
0,849,1.4231e+06,4122.01,4895.32,3.31927e+06,4.27161e+06,10997.1,11585.4,423427,356644,951601,1.00221e+06,1.15231e+08,15.2153,6.93981,10.1174,6.55926
0,850,1.4231e+06,4123.48,4896.84,3.31896e+06,4.27128e+06,11001,11588.9,423413,356629,951557,1.00217e+06,1.15232e+08,15.2207,6.94195,14.0847,4.89466
0,851,1.42309e+06,4124.92,4898.31,3.31865e+06,4.27094e+06,11004.8,11592.4,423402,356618,951525,1.00214e+06,1.15233e+08,15.226,6.94405,6.80929,11.2735
0,852,1.42307e+06,4126.28,4899.7,3.31833e+06,4.2706e+06,11008.4,11595.7,423396,356611,951503,1.00212e+06,1.15234e+08,15.2312,6.94608,13.5941,7.18504
0,853,1.42304e+06,4127.56,4901,3.31801e+06,4.27026e+06,11011.9,11598.8,423393,356607,951490,1.00211e+06,1.15235e+08,15.2361,6.94801,14.5139,11.1013
0,854,1.42301e+06,4128.73,4902.18,3.31769e+06,4.26991e+06,11015.1,11601.7,423394,356607,951487,1.00211e+06,1.15236e+08,15.2407,6.9498,18.4929,1.99467
0,855,1.42298e+06,4129.76,4903.21,3.31737e+06,4.26956e+06,11018,11604.3,423398,356610,951492,1.00212e+06,1.15237e+08,15.2449,6.95142,13.2986,8.27263
0,856,1.42294e+06,4130.65,4904.09,3.31705e+06,4.26921e+06,11020.5,11606.5,423404,356615,951504,1.00213e+06,1.15238e+08,15.2486,6.95285,17.4405,5.66519
0,857,1.4229e+06,4131.37,4904.8,3.31673e+06,4.26886e+06,11022.6,11608.4,423411,356622,951521,1.00215e+06,1.1524e+08,15.2517,6.95404,20.3904,3.34729
0,858,1.42286e+06,4131.9,4905.31,3.3164e+06,4.26851e+06,11024.2,11609.8,423420,356631,951542,1.00217e+06,1.15241e+08,15.2542,6.95499,15.8551,5.96963
0,859,1.42281e+06,4132.25,4905.63,3.31608e+06,4.26816e+06,11025.4,11610.8,423430,356640,951567,1.00219e+06,1.15242e+08,15.2561,6.95567,14.9984,9.01838
0,860,1.42277e+06,4132.4,4905.74,3.31576e+06,4.26781e+06,11026,11611.3,423440,356650,951593,1.00221e+06,1.15243e+08,15.2572,6.95607,12.673,3.73193
0,861,1.42272e+06,4132.35,4905.64,3.31544e+06,4.26746e+06,11026,11611.3,423450,356659,951619,1.00224e+06,1.15244e+08,15.2576,6.95617,11.9448,7.25324
0,862,1.42268e+06,4132.09,4905.33,3.31512e+06,4.26711e+06,11025.5,11610.7,423459,356668,951643,1.00226e+06,1.15245e+08,15.2572,6.95598,9.04347,8.34392
0,863,1.42263e+06,4131.62,4904.81,3.3148e+06,4.26677e+06,11024.5,11609.7,423467,356676,951665,1.00228e+06,1.15246e+08,15.2561,6.95547,13.0821,8.91343
0,864,1.42259e+06,4130.95,4904.08,3.31449e+06,4.26642e+06,11022.9,11608.2,423473,356682,951683,1.0023e+06,1.15248e+08,15.2542,6.95467,16.1661,1.74341
0,865,1.42256e+06,4130.09,4903.15,3.31417e+06,4.26608e+06,11020.7,11606.2,423476,356685,951696,1.00231e+06,1.15249e+08,15.2515,6.95357,14.3413,4.18169
0,866,1.42253e+06,4129.04,4902.04,3.31386e+06,4.26575e+06,11018.1,11603.7,423477,356687,951702,1.00231e+06,1.1525e+08,15.2481,6.95219,18.2219,7.4175
0,867,1.4225e+06,4127.82,4900.75,3.31356e+06,4.26541e+06,11014.9,11600.7,423475,356685,951700,1.00231e+06,1.15251e+08,15.2441,6.95054,17.4702,6.73366
0,868,1.42249e+06,4126.44,4899.3,3.31326e+06,4.26509e+06,11011.3,11597.4,423469,356680,951690,1.0023e+06,1.15253e+08,15.2394,6.94864,19.8078,11.3793
0,869,1.42248e+06,4124.93,4897.72,3.31296e+06,4.26476e+06,11007.3,11593.7,423460,356671,951670,1.00228e+06,1.15254e+08,15.2341,6.94652,12.1648,6.85907
0,870,1.42247e+06,4123.29,4896.02,3.31267e+06,4.26445e+06,11002.9,11589.6,423446,356659,951640,1.00225e+06,1.15255e+08,15.2282,6.94419,15.3848,13.0483
0,871,1.42248e+06,4121.56,4894.22,3.31238e+06,4.26413e+06,10998.2,11585.3,423429,356643,951599,1.00222e+06,1.15257e+08,15.222,6.94169,17.9388,5.26928
0,872,1.42249e+06,4119.75,4892.35,3.31209e+06,4.26383e+06,10993.3,11580.8,423407,356622,951547,1.00217e+06,1.15258e+08,15.2153,6.93905,13.0306,5.85502
0,873,1.42251e+06,4117.88,4890.43,3.31181e+06,4.26353e+06,10988.1,11576.1,423381,356598,951484,1.00211e+06,1.1526e+08,15.2084,6.93631,21.4736,12.2906
0,874,1.42254e+06,4115.99,4888.49,3.31154e+06,4.26323e+06,10982.9,11571.3,423351,356569,951409,1.00204e+06,1.15261e+08,15.2013,6.93349,18.3681,7.24475
0,875,1.42258e+06,4114.1,4886.55,3.31126e+06,4.26294e+06,10977.6,11566.4,423317,356536,951322,1.00196e+06,1.15263e+08,15.194,6.93064,12.4917,4.13153
0,876,1.42262e+06,4112.23,4884.64,3.311e+06,4.26266e+06,10972.3,11561.6,423278,356500,951225,1.00187e+06,1.15264e+08,15.1868,6.92779,8.50368,6.75001
0,877,1.42268e+06,4110.41,4882.79,3.31073e+06,4.26238e+06,10967,11556.9,423236,356459,951117,1.00177e+06,1.15266e+08,15.1796,6.92498,17.093,9.61313
0,878,1.42274e+06,4108.66,4881.02,3.31047e+06,4.2621e+06,10961.9,11552.2,423191,356416,950998,1.00166e+06,1.15267e+08,15.1726,6.92224,14.6357,5.46684
0,879,1.42281e+06,4107,4879.35,3.31022e+06,4.26183e+06,10957.1,11547.8,423143,356369,950871,1.00154e+06,1.15269e+08,15.1659,6.91961,18.5125,11.1244
0,880,1.42288e+06,4105.46,4877.81,3.30996e+06,4.26157e+06,10952.4,11543.7,423092,356320,950735,1.00142e+06,1.15271e+08,15.1595,6.91712,17.1549,7.4415
0,881,1.42297e+06,4104.06,4876.41,3.30971e+06,4.26131e+06,10948.1,11539.8,423038,356268,950591,1.00129e+06,1.15272e+08,15.1535,6.9148,15.0772,4.14967
0,882,1.42306e+06,4102.81,4875.17,3.30946e+06,4.26105e+06,10944.2,11536.3,422983,356214,950442,1.00115e+06,1.15274e+08,15.148,6.91269,13.7205,4.22045
0,883,1.42315e+06,4101.73,4874.11,3.30922e+06,4.26079e+06,10940.7,11533.1,422927,356159,950287,1.00101e+06,1.15276e+08,15.1431,6.91081,15.6756,6.81704
0,884,1.42325e+06,4100.83,4873.25,3.30897e+06,4.26054e+06,10937.7,11530.4,422869,356103,950128,1.00086e+06,1.15277e+08,15.1388,6.90917,18.6275,0
0,885,1.42335e+06,4100.13,4872.58,3.30873e+06,4.26029e+06,10935.2,11528.2,422812,356047,949967,1.00072e+06,1.15279e+08,15.1352,6.90781,13.8008,6.7156
0,886,1.42345e+06,4099.63,4872.13,3.30849e+06,4.26004e+06,10933.1,11526.4,422755,355991,949805,1.00057e+06,1.15281e+08,15.1323,6.90673,8.37959,3.92228
0,887,1.42356e+06,4099.33,4871.89,3.30825e+06,4.25979e+06,10931.7,11525.2,422698,355935,949643,1.00042e+06,1.15283e+08,15.1302,6.90594,18.6883,6.24923
0,888,1.42366e+06,4099.25,4871.87,3.30801e+06,4.25954e+06,10930.7,11524.4,422643,355881,949483,1.00028e+06,1.15284e+08,15.1288,6.90546,22.2051,5.58584
0,889,1.42377e+06,4099.37,4872.06,3.30776e+06,4.25929e+06,10930.4,11524.2,422590,355828,949327,1.00014e+06,1.15286e+08,15.1281,6.90529,15.6385,8.67596
0,890,1.42387e+06,4099.7,4872.47,3.30752e+06,4.25904e+06,10930.6,11524.4,422539,355778,949174,999998,1.15288e+08,15.1283,6.90542,7.76293,4.90685
0,891,1.42397e+06,4100.23,4873.07,3.30727e+06,4.25879e+06,10931.3,11525.2,422491,355730,949028,999866,1.1529e+08,15.1292,6.90584,12.4211,3.38372
0,892,1.42407e+06,4100.95,4873.87,3.30703e+06,4.25854e+06,10932.6,11526.4,422447,355685,948888,999740,1.15291e+08,15.1308,6.90656,10.5711,10.497
0,893,1.42416e+06,4101.85,4874.85,3.30678e+06,4.25828e+06,10934.3,11528.1,422405,355644,948757,999622,1.15293e+08,15.1332,6.90754,17.0415,8.73251
0,894,1.42425e+06,4102.91,4876,3.30653e+06,4.25802e+06,10936.6,11530.2,422368,355606,948634,999512,1.15295e+08,15.1362,6.90878,13.9911,6.79053
0,895,1.42433e+06,4104.11,4877.29,3.30627e+06,4.25776e+06,10939.2,11532.6,422336,355572,948522,999411,1.15297e+08,15.1397,6.91026,12.6344,6.81314
0,896,1.42441e+06,4105.44,4878.71,3.30602e+06,4.25749e+06,10942.2,11535.4,422307,355543,948420,999320,1.15299e+08,15.1439,6.91194,15.2004,10.7221
0,897,1.42448e+06,4106.88,4880.23,3.30576e+06,4.25722e+06,10945.5,11538.5,422284,355518,948330,999240,1.153e+08,15.1485,6.9138,13.3947,5.89863
0,898,1.42455e+06,4108.4,4881.83,3.3055e+06,4.25695e+06,10949.1,11541.8,422265,355498,948251,999170,1.15302e+08,15.1535,6.91581,20.0545,3.65259
0,899,1.42461e+06,4109.99,4883.49,3.30523e+06,4.25667e+06,10952.9,11545.3,422250,355482,948184,999111,1.15304e+08,15.1587,6.91794,15.19,7.90929
0,900,1.42466e+06,4111.61,4885.18,3.30497e+06,4.25639e+06,10956.9,11549,422241,355471,948129,999063,1.15306e+08,15.1643,6.92015,15.3912,7.28503
0,901,1.4247e+06,4113.24,4886.87,3.3047e+06,4.25611e+06,10960.9,11552.6,422236,355465,948086,999026,1.15307e+08,15.1699,6.9224,21.4424,6.6549
0,902,1.42474e+06,4114.86,4888.55,3.30442e+06,4.25582e+06,10964.9,11556.3,422236,355463,948055,999000,1.15309e+08,15.1756,6.92466,15.2365,7.29474
0,903,1.42477e+06,4116.44,4890.18,3.30415e+06,4.25553e+06,10968.9,11559.9,422240,355465,948035,998984,1.15311e+08,15.1813,6.9269,16.5636,3.78199
0,904,1.42479e+06,4117.95,4891.74,3.30387e+06,4.25524e+06,10972.8,11563.4,422248,355471,948026,998977,1.15312e+08,15.1868,6.92907,14.6891,4.43019
0,905,1.42481e+06,4119.39,4893.21,3.30359e+06,4.25494e+06,10976.4,11566.7,422260,355481,948027,998980,1.15314e+08,15.192,6.93114,18.872,11.9424
0,906,1.42482e+06,4120.71,4894.56,3.30331e+06,4.25464e+06,10979.8,11569.8,422275,355494,948036,998990,1.15316e+08,15.197,6.93308,10.2844,7.16221
0,907,1.42483e+06,4121.9,4895.77,3.30303e+06,4.25434e+06,10982.9,11572.6,422293,355509,948054,999008,1.15318e+08,15.2015,6.93485,17.359,5.12754
0,908,1.42483e+06,4122.95,4896.82,3.30275e+06,4.25403e+06,10985.6,11575,422313,355528,948079,999032,1.15319e+08,15.2056,6.93643,13.3178,8.91664
0,909,1.42483e+06,4123.84,4897.71,3.30246e+06,4.25373e+06,10988,11577.1,422335,355548,948110,999062,1.15321e+08,15.2091,6.93779,17.5185,11.549
0,910,1.42483e+06,4124.54,4898.4,3.30218e+06,4.25343e+06,10989.8,11578.7,422359,355570,948146,999095,1.15323e+08,15.212,6.9389,7.01648,9.74288
0,911,1.42483e+06,4125.06,4898.9,3.3019e+06,4.25312e+06,10991.2,11579.9,422383,355592,948184,999131,1.15325e+08,15.2143,6.93975,20.1356,10.5484
0,912,1.42482e+06,4125.38,4899.2,3.30161e+06,4.25282e+06,10992.1,11580.6,422408,355615,948224,999168,1.15326e+08,15.2158,6.94032,20.2499,11.9338
0,913,1.42481e+06,4125.5,4899.28,3.30133e+06,4.25251e+06,10992.4,11580.8,422433,355638,948265,999206,1.15328e+08,15.2166,6.9406,13.7771,2.34806
0,914,1.42481e+06,4125.41,4899.15,3.30105e+06,4.25221e+06,10992.2,11580.6,422456,355661,948304,999242,1.1533e+08,15.2167,6.94058,15.2459,6.61556
0,915,1.4248e+06,4125.11,4898.81,3.30078e+06,4.25192e+06,10991.4,11579.8,422479,355682,948341,999276,1.15332e+08,15.216,6.94025,12.1804,6.32174
0,916,1.4248e+06,4124.62,4898.27,3.3005e+06,4.25162e+06,10990,11578.5,422500,355701,948375,999306,1.15334e+08,15.2145,6.93963,19.8091,0
0,917,1.42481e+06,4123.92,4897.52,3.30023e+06,4.25133e+06,10988.2,11576.7,422518,355719,948403,999331,1.15335e+08,15.2123,6.93871,16.6047,0.425995
0,918,1.42481e+06,4123.05,4896.59,3.29996e+06,4.25104e+06,10985.8,11574.5,422534,355734,948425,999351,1.15337e+08,15.2094,6.9375,15.3131,6.50749
0,919,1.42483e+06,4121.99,4895.48,3.2997e+06,4.25076e+06,10982.9,11571.8,422546,355745,948439,999363,1.15339e+08,15.2057,6.93603,20.2139,9.77257
0,920,1.42485e+06,4120.78,4894.21,3.29944e+06,4.25048e+06,10979.5,11568.6,422555,355754,948445,999368,1.15341e+08,15.2014,6.9343,14.6509,8.92315
0,921,1.42487e+06,4119.43,4892.79,3.29918e+06,4.2502e+06,10975.8,11565.2,422561,355759,948441,999364,1.15343e+08,15.1966,6.93235,18.3357,4.82596
0,922,1.4249e+06,4117.95,4891.26,3.29893e+06,4.24993e+06,10971.6,11561.3,422562,355761,948428,999351,1.15345e+08,15.1911,6.93019,13.4878,6.21651
0,923,1.42494e+06,4116.37,4889.63,3.29868e+06,4.24967e+06,10967.2,11557.2,422560,355758,948404,999328,1.15347e+08,15.1853,6.92785,19.9924,10.4212
0,924,1.42499e+06,4114.71,4887.92,3.29844e+06,4.24941e+06,10962.5,11552.9,422553,355751,948369,999294,1.15349e+08,15.179,6.92537,19.5555,5.02257
0,925,1.42505e+06,4112.99,4886.15,3.2982e+06,4.24916e+06,10957.6,11548.4,422542,355740,948322,999251,1.15351e+08,15.1725,6.92277,14.2126,11.7779
0,926,1.42511e+06,4111.25,4884.37,3.29797e+06,4.24892e+06,10952.5,11543.8,422526,355725,948264,999197,1.15353e+08,15.1657,6.9201,7.49964,12.33
0,927,1.42518e+06,4109.49,4882.58,3.29774e+06,4.24868e+06,10947.4,11539.1,422507,355706,948195,999132,1.15355e+08,15.1589,6.91739,17.2854,3.40885
0,928,1.42526e+06,4107.76,4880.81,3.29752e+06,4.24844e+06,10942.3,11534.5,422483,355683,948114,999058,1.15357e+08,15.1519,6.91468,21.0011,10.496
0,929,1.42535e+06,4106.07,4879.1,3.2973e+06,4.24821e+06,10937.2,11529.9,422456,355656,948023,998974,1.15359e+08,15.1451,6.912,15.6139,10.165
0,930,1.42545e+06,4104.44,4877.46,3.29708e+06,4.24799e+06,10932.3,11525.4,422425,355626,947922,998881,1.15361e+08,15.1384,6.90938,16.5203,5.41093
0,931,1.42555e+06,4102.91,4875.92,3.29687e+06,4.24777e+06,10927.6,11521.1,422391,355593,947812,998779,1.15364e+08,15.132,6.90687,19.4722,3.92084
0,932,1.42566e+06,4101.49,4874.5,3.29666e+06,4.24756e+06,10923.2,11517.1,422354,355557,947693,998670,1.15366e+08,15.1259,6.9045,15.2523,2.75632
0,933,1.42578e+06,4100.2,4873.23,3.29645e+06,4.24735e+06,10919,11513.4,422315,355518,947566,998554,1.15368e+08,15.1202,6.90229,11.8364,6.2112
0,934,1.4259e+06,4099.06,4872.11,3.29625e+06,4.24714e+06,10915.2,11510,422274,355478,947433,998432,1.1537e+08,15.1149,6.90028,15.9259,7.74586
0,935,1.42603e+06,4098.09,4871.17,3.29605e+06,4.24694e+06,10911.9,11507,422232,355435,947295,998306,1.15372e+08,15.1103,6.8985,14.4551,12.1655
0,936,1.42616e+06,4097.29,4870.41,3.29585e+06,4.24673e+06,10909,11504.4,422189,355392,947153,998176,1.15375e+08,15.1062,6.89696,2.22553,6.59638
0,937,1.42629e+06,4096.69,4869.86,3.29565e+06,4.24654e+06,10906.5,11502.2,422145,355349,947008,998044,1.15377e+08,15.1028,6.89568,8.59456,1.33312
0,938,1.42643e+06,4096.29,4869.52,3.29545e+06,4.24634e+06,10904.6,11500.6,422101,355305,946862,997911,1.15379e+08,15.1002,6.89469,15.4731,8.11473
0,939,1.42657e+06,4096.1,4869.39,3.29526e+06,4.24614e+06,10903.3,11499.4,422058,355262,946717,997778,1.15381e+08,15.0982,6.894,18.5867,8.14943
0,940,1.4267e+06,4096.11,4869.47,3.29506e+06,4.24595e+06,10902.5,11498.7,422017,355220,946572,997648,1.15384e+08,15.097,6.8936,16.819,8.01764
0,941,1.42684e+06,4096.34,4869.77,3.29486e+06,4.24575e+06,10902.2,11498.6,421977,355180,946431,997519,1.15386e+08,15.0966,6.89351,15.6212,8.16206
0,942,1.42698e+06,4096.76,4870.28,3.29467e+06,4.24555e+06,10902.5,11498.9,421939,355142,946294,997396,1.15388e+08,15.097,6.89372,17.1922,7.76523
0,943,1.42711e+06,4097.39,4870.99,3.29447e+06,4.24536e+06,10903.3,11499.8,421905,355106,946163,997277,1.1539e+08,15.0981,6.89423,13.8414,6.22373
0,944,1.42724e+06,4098.21,4871.9,3.29427e+06,4.24516e+06,10904.7,11501.1,421873,355073,946039,997165,1.15393e+08,15.0999,6.89502,14.0275,6.70034
0,945,1.42737e+06,4099.2,4872.99,3.29407e+06,4.24495e+06,10906.6,11502.9,421845,355044,945922,997060,1.15395e+08,15.1025,6.8961,21.5954,3.50471
0,946,1.42749e+06,4100.36,4874.25,3.29387e+06,4.24475e+06,10908.9,11505,421820,355018,945814,996963,1.15397e+08,15.1056,6.89742,18.4461,8.19186
0,947,1.4276e+06,4101.67,4875.65,3.29366e+06,4.24454e+06,10911.7,11507.6,421800,354996,945717,996876,1.15399e+08,15.1095,6.89899,18.9627,5.57858
0,948,1.42771e+06,4103.11,4877.18,3.29345e+06,4.24433e+06,10914.8,11510.5,421785,354978,945629,996798,1.15401e+08,15.1138,6.90076,11.6332,6.91347
0,949,1.42782e+06,4104.65,4878.82,3.29324e+06,4.24412e+06,10918.2,11513.7,421773,354965,945553,996730,1.15404e+08,15.1186,6.90272,15.4672,9.31106
0,950,1.42791e+06,4106.29,4880.54,3.29303e+06,4.2439e+06,10922,11517.2,421767,354957,945489,996673,1.15406e+08,15.1239,6.90483,12.9954,5.20288
0,951,1.428e+06,4107.98,4882.32,3.29281e+06,4.24368e+06,10925.9,11520.8,421765,354952,945436,996627,1.15408e+08,15.1294,6.90706,16.6629,11.4733
0,952,1.42808e+06,4109.72,4884.14,3.29259e+06,4.24346e+06,10930,11524.6,421768,354953,945395,996592,1.1541e+08,15.1352,6.90938,7.10937,5.55066
0,953,1.42816e+06,4111.47,4885.97,3.29237e+06,4.24323e+06,10934.2,11528.4,421776,354958,945367,996568,1.15412e+08,15.1411,6.91175,14.4491,9.30192
0,954,1.42823e+06,4113.21,4887.77,3.29215e+06,4.243e+06,10938.4,11532.2,421788,354967,945350,996554,1.15414e+08,15.1471,6.91413,9.38945,5.82698
0,955,1.42829e+06,4114.92,4889.54,3.29192e+06,4.24276e+06,10942.6,11536,421804,354980,945344,996551,1.15417e+08,15.153,6.91649,14.3764,1.74454
0,956,1.42834e+06,4116.56,4891.24,3.2917e+06,4.24253e+06,10946.6,11539.7,421825,354998,945349,996558,1.15419e+08,15.1589,6.91879,14.0115,9.85201
0,957,1.42839e+06,4118.13,4892.85,3.29147e+06,4.24229e+06,10950.4,11543.2,421849,355019,945364,996573,1.15421e+08,15.1644,6.92099,14.4325,2.22199
0,958,1.42843e+06,4119.59,4894.34,3.29124e+06,4.24204e+06,10954.1,11546.4,421876,355043,945389,996597,1.15423e+08,15.1697,6.92307,10.5468,7.41858
0,959,1.42847e+06,4120.92,4895.7,3.291e+06,4.2418e+06,10957.4,11549.4,421906,355070,945421,996628,1.15425e+08,15.1746,6.92499,17.2559,8.98417
0,960,1.4285e+06,4122.11,4896.91,3.29077e+06,4.24155e+06,10960.3,11552.1,421939,355100,945461,996666,1.15427e+08,15.1791,6.92672,16.8293,0
0,961,1.42852e+06,4123.13,4897.94,3.29054e+06,4.24131e+06,10962.9,11554.3,421974,355132,945507,996709,1.15429e+08,15.183,6.92823,21.2271,8.04888
0,962,1.42855e+06,4123.98,4898.79,3.2903e+06,4.24106e+06,10965,11556.2,422010,355165,945557,996756,1.15431e+08,15.1863,6.9295,17.778,5.50786
0,963,1.42857e+06,4124.65,4899.45,3.29007e+06,4.24081e+06,10966.6,11557.6,422046,355199,945611,996805,1.15434e+08,15.1889,6.93051,10.6511,7.45348
0,964,1.42859e+06,4125.11,4899.9,3.28984e+06,4.24057e+06,10967.7,11558.6,422084,355234,945667,996857,1.15436e+08,15.1909,6.93124,11.5094,8.33804
0,965,1.42861e+06,4125.37,4900.14,3.28961e+06,4.24032e+06,10968.3,11559,422121,355268,945724,996909,1.15438e+08,15.1921,6.93168,10.2811,9.93338
0,966,1.42863e+06,4125.43,4900.16,3.28938e+06,4.24008e+06,10968.4,11559,422157,355302,945779,996960,1.1544e+08,15.1926,6.93182,16.4952,6.00196
0,967,1.42866e+06,4125.28,4899.98,3.28915e+06,4.23984e+06,10967.8,11558.4,422192,355335,945832,997008,1.15442e+08,15.1923,6.93167,18.4501,9.72306
0,968,1.42868e+06,4124.93,4899.59,3.28893e+06,4.2396e+06,10966.8,11557.4,422225,355366,945882,997053,1.15444e+08,15.1912,6.93121,16.965,5.55048
0,969,1.42871e+06,4124.38,4898.99,3.28871e+06,4.23936e+06,10965.2,11555.8,422256,355395,945927,997094,1.15446e+08,15.1894,6.93045,8.96873,9.41581
0,970,1.42874e+06,4123.64,4898.2,3.28849e+06,4.23913e+06,10963,11553.8,422285,355422,945965,997128,1.15449e+08,15.1869,6.92941,16.3589,6.07197
0,971,1.42878e+06,4122.73,4897.24,3.28828e+06,4.23891e+06,10960.4,11551.3,422310,355445,945997,997156,1.15451e+08,15.1836,6.9281,9.35319,5.32203
0,972,1.42882e+06,4121.65,4896.11,3.28807e+06,4.23869e+06,10957.3,11548.5,422332,355466,946020,997176,1.15453e+08,15.1798,6.92653,19.1169,10.7211
0,973,1.42887e+06,4120.43,4894.84,3.28786e+06,4.23847e+06,10953.8,11545.2,422350,355483,946034,997188,1.15455e+08,15.1753,6.92472,13.0881,6.06271
0,974,1.42893e+06,4119.08,4893.44,3.28766e+06,4.23826e+06,10949.9,11541.6,422364,355496,946038,997191,1.15458e+08,15.1702,6.92271,15.1805,2.05449
0,975,1.42899e+06,4117.63,4891.94,3.28747e+06,4.23805e+06,10945.7,11537.7,422374,355505,946031,997184,1.1546e+08,15.1647,6.92052,15.2159,7.49945
0,976,1.42906e+06,4116.09,4890.36,3.28728e+06,4.23786e+06,10941.2,11533.6,422379,355510,946014,997166,1.15462e+08,15.1589,6.91819,11.4606,4.20665
0,977,1.42914e+06,4114.49,4888.72,3.28709e+06,4.23766e+06,10936.5,11529.3,422381,355511,945985,997139,1.15465e+08,15.1527,6.91573,13.8563,5.07574
0,978,1.42923e+06,4112.86,4887.05,3.28691e+06,4.23748e+06,10931.7,11524.8,422378,355507,945945,997101,1.15467e+08,15.1462,6.91319,10.7134,6.1449
0,979,1.42932e+06,4111.22,4885.38,3.28673e+06,4.23729e+06,10926.8,11520.4,422371,355500,945893,997052,1.15469e+08,15.1397,6.91061,17.6856,8.4924
0,980,1.42942e+06,4109.59,4883.72,3.28656e+06,4.23712e+06,10921.9,11515.9,422360,355488,945831,996994,1.15472e+08,15.1331,6.90801,16.3461,8.80797
0,981,1.42953e+06,4108,4882.12,3.28639e+06,4.23695e+06,10917,11511.4,422344,355473,945758,996926,1.15474e+08,15.1265,6.90544,12.633,8.58737
0,982,1.42965e+06,4106.47,4880.58,3.28622e+06,4.23678e+06,10912.3,11507.1,422326,355454,945674,996849,1.15476e+08,15.1201,6.90294,14.0434,8.23146
0,983,1.42978e+06,4105.03,4879.14,3.28606e+06,4.23662e+06,10907.7,11503,422304,355432,945581,996763,1.15479e+08,15.1139,6.90053,14.7814,6.06822
0,984,1.42991e+06,4103.7,4877.81,3.28591e+06,4.23647e+06,10903.4,11499.1,422279,355407,945480,996669,1.15481e+08,15.1081,6.89825,12.3068,5.09385
0,985,1.43005e+06,4102.49,4876.63,3.28575e+06,4.23632e+06,10899.4,11495.5,422252,355379,945371,996569,1.15484e+08,15.1026,6.89614,17.4902,2.78132
0,986,1.43019e+06,4101.44,4875.6,3.2856e+06,4.23617e+06,10895.8,11492.2,422223,355350,945255,996462,1.15486e+08,15.0976,6.89422,13.8096,3.49601
0,987,1.43034e+06,4100.55,4874.74,3.28545e+06,4.23603e+06,10892.5,11489.3,422192,355319,945134,996351,1.15489e+08,15.0932,6.89252,13.1275,9.45077
0,988,1.43049e+06,4099.83,4874.07,3.28531e+06,4.23588e+06,10889.7,11486.8,422160,355286,945008,996237,1.15491e+08,15.0893,6.89106,19.843,6.23129
0,989,1.43064e+06,4099.31,4873.6,3.28516e+06,4.23574e+06,10887.4,11484.8,422127,355253,944880,996120,1.15494e+08,15.0861,6.88986,17.1882,1.12163
0,990,1.4308e+06,4098.98,4873.33,3.28502e+06,4.23561e+06,10885.6,11483.2,422095,355220,944751,996001,1.15496e+08,15.0837,6.88895,14.3041,6.95293
0,991,1.43096e+06,4098.86,4873.28,3.28488e+06,4.23547e+06,10884.4,11482.1,422063,355188,944622,995883,1.15498e+08,15.0819,6.88832,17.9463,7.5229
0,992,1.43112e+06,4098.94,4873.44,3.28473e+06,4.23534e+06,10883.7,11481.5,422033,355156,944493,995767,1.15501e+08,15.0809,6.88799,17.5019,6.54504
0,993,1.43127e+06,4099.24,4873.81,3.28459e+06,4.2352e+06,10883.5,11481.5,422004,355126,944368,995653,1.15503e+08,15.0806,6.88797,13.0278,9.01388
0,994,1.43143e+06,4099.74,4874.4,3.28445e+06,4.23506e+06,10883.9,11481.9,421977,355097,944247,995543,1.15506e+08,15.0812,6.88825,20.1539,9.50297
0,995,1.43158e+06,4100.44,4875.19,3.2843e+06,4.23493e+06,10884.9,11482.8,421952,355072,944131,995438,1.15508e+08,15.0824,6.88883,19.3741,6.84454
0,996,1.43173e+06,4101.33,4876.18,3.28416e+06,4.23479e+06,10886.3,11484.2,421931,355049,944022,995340,1.15511e+08,15.0844,6.8897,16.1776,9.85285
0,997,1.43188e+06,4102.39,4877.35,3.28401e+06,4.23465e+06,10888.3,11486.1,421913,355029,943920,995248,1.15513e+08,15.0872,6.89084,14.73,10.9339
0,998,1.43202e+06,4103.63,4878.68,3.28386e+06,4.2345e+06,10890.7,11488.4,421899,355012,943828,995165,1.15516e+08,15.0905,6.89224,20.2254,5.6596
0,999,1.43216e+06,4105.02,4880.17,3.28371e+06,4.23436e+06,10893.6,11491.1,421889,355000,943745,995090,1.15518e+08,15.0945,6.89388,7.07426,8.19205
0,1000,1.43228e+06,4106.53,4881.79,3.28355e+06,4.23421e+06,10896.8,11494.1,421884,354992,943672,995026,1.1552e+08,15.0991,6.89574,18.1856,6.74596
